# wavelength (angstroms), extinction coefficient
3.351800000000000182e+03 7.473492209867175218e-01
3.355300000000000182e+03 7.361631734426488105e-01
3.358800000000000182e+03 7.348742631758961030e-01
3.362300000000000182e+03 7.136168496090850022e-01
3.365800000000000182e+03 7.266988770936192443e-01
3.369300000000000182e+03 7.267236238111028923e-01
3.372800000000000182e+03 7.228686814928185767e-01
3.376300000000000182e+03 7.212684521099456125e-01
3.379800000000000182e+03 7.064292731699632899e-01
3.383300000000000182e+03 6.782739784930482685e-01
3.386800000000000182e+03 7.013166640936857599e-01
3.390300000000000182e+03 7.018459033690094273e-01
3.393800000000000182e+03 6.936546022701353120e-01
3.397300000000000182e+03 6.725010274930651732e-01
3.400800000000000182e+03 6.878498810144340059e-01
3.404300000000000182e+03 6.885909407840954399e-01
3.407800000000000182e+03 6.567068347178257604e-01
3.411300000000000182e+03 6.744968991240949396e-01
3.414800000000000182e+03 6.555205733017381853e-01
3.418300000000000182e+03 6.674722663112034882e-01
3.421800000000000182e+03 6.661237623961697718e-01
3.425300000000000182e+03 6.503079235724452678e-01
3.428800000000000182e+03 6.593117820346254820e-01
3.432300000000000182e+03 6.586689242723651194e-01
3.435800000000000182e+03 6.512481399224010481e-01
3.439300000000000182e+03 6.313146833677839576e-01
3.442800000000000182e+03 6.494742782273125181e-01
3.446300000000000182e+03 6.379869670355954314e-01
3.449800000000000182e+03 6.186478223692050138e-01
3.453300000000000182e+03 6.364632714166567062e-01
3.456800000000000182e+03 6.131326841322720655e-01
3.460300000000000182e+03 6.346520091032661348e-01
3.463800000000000182e+03 6.299657926685973131e-01
3.467300000000000182e+03 6.264344239631748357e-01
3.470800000000000182e+03 6.263299513389519735e-01
3.474300000000000182e+03 6.082440464172278460e-01
3.477800000000000182e+03 6.172887793841274062e-01
3.481300000000000182e+03 6.153735662905235326e-01
3.484800000000000182e+03 6.133908896614930217e-01
3.488300000000000182e+03 5.968268517336947632e-01
3.491800000000000182e+03 6.058556158776849943e-01
3.495300000000000182e+03 5.942252733053656755e-01
3.498800000000000182e+03 6.021989275993604451e-01
3.502300000000000182e+03 5.817136346715922057e-01
3.505800000000000182e+03 5.884007093212855199e-01
3.509300000000000182e+03 6.011077976266548939e-01
3.512800000000000182e+03 5.966601410259095850e-01
3.516300000000000182e+03 5.800707257472864642e-01
3.519800000000000182e+03 5.815221007283944976e-01
3.523300000000000182e+03 5.776647130323259161e-01
3.526800000000000182e+03 5.737399377668287448e-01
3.530300000000000182e+03 5.679002561099789625e-01
3.533800000000000182e+03 5.772070143678368348e-01
3.537300000000000182e+03 5.767252438051395647e-01
3.540800000000000182e+03 5.746909010315955912e-01
3.544300000000000182e+03 5.645098111960651366e-01
3.547800000000000182e+03 5.635263140742569066e-01
3.551300000000000182e+03 5.579602565375231249e-01
3.554800000000000182e+03 5.675858950770288347e-01
3.558300000000000182e+03 5.653123482621137397e-01
3.561800000000000182e+03 5.615787467155965995e-01
3.565300000000000182e+03 5.568933502533010005e-01
3.568800000000000182e+03 5.400293579921018328e-01
3.572300000000000182e+03 5.547971865060067342e-01
3.575800000000000182e+03 5.498315429886243555e-01
3.579300000000000182e+03 5.491423973134313963e-01
3.582800000000000182e+03 5.491362705438121994e-01
3.586300000000000182e+03 5.282759012857545233e-01
3.589800000000000182e+03 5.414962076293431403e-01
3.593300000000000182e+03 5.325805348577988818e-01
3.596800000000000182e+03 5.369589594450366876e-01
3.600300000000000182e+03 5.366827619062549681e-01
3.603800000000000182e+03 5.351020965356915182e-01
3.607300000000000182e+03 5.323174969486473840e-01
3.610800000000000182e+03 5.305460507923674962e-01
3.614300000000000182e+03 5.298800260790037520e-01
3.617800000000000182e+03 5.200958098820166464e-01
3.621300000000000182e+03 5.222672400215229160e-01
3.624800000000000182e+03 5.097111900033279852e-01
3.628300000000000182e+03 5.199706201775945447e-01
3.631800000000000182e+03 5.167083144310526954e-01
3.635300000000000182e+03 5.123491624466512961e-01
3.638800000000000182e+03 5.126983164971928852e-01
3.642300000000000182e+03 5.017914995815699886e-01
3.645800000000000182e+03 5.024328407854429246e-01
3.649300000000000182e+03 5.011114216306739033e-01
3.652800000000000182e+03 4.975113561501912640e-01
3.656300000000000182e+03 5.049154175854172477e-01
3.659800000000000182e+03 5.056403019798231258e-01
3.663300000000000182e+03 5.014521772347987350e-01
3.666800000000000182e+03 4.977597404101731793e-01
3.670300000000000182e+03 4.972512237519341460e-01
3.673800000000000182e+03 4.988278877683023360e-01
3.677300000000000182e+03 4.897276145794348112e-01
3.680800000000000182e+03 4.884215312107862972e-01
3.684300000000000182e+03 4.880740712576049911e-01
3.687800000000000182e+03 4.856224196541487625e-01
3.691300000000000182e+03 4.815011132817046402e-01
3.694800000000000182e+03 4.813964365231293563e-01
3.698300000000000182e+03 4.719381773969708038e-01
3.701800000000000182e+03 4.745171360880988121e-01
3.705300000000000182e+03 4.727087921912186408e-01
3.708800000000000182e+03 4.718840494013694098e-01
3.712300000000000182e+03 4.793189253407220685e-01
3.715800000000000182e+03 4.696370070843111089e-01
3.719300000000000182e+03 4.734198964535880072e-01
3.722800000000000182e+03 4.563779995568436054e-01
3.726300000000000182e+03 4.551941951385577445e-01
3.729800000000000182e+03 4.478570627845992469e-01
3.733300000000000182e+03 4.608257709229260923e-01
3.736800000000000182e+03 4.590510711265696764e-01
3.740300000000000182e+03 4.621240080953765705e-01
3.743800000000000182e+03 4.596456752561301484e-01
3.747300000000000182e+03 4.564644056744191492e-01
3.750800000000000182e+03 4.509785242497433844e-01
3.754300000000000182e+03 4.565392679590457581e-01
3.757800000000000182e+03 4.507161999424523224e-01
3.761300000000000182e+03 4.478330099286553789e-01
3.764800000000000182e+03 4.497697760749119755e-01
3.768300000000000182e+03 4.385999002203713748e-01
3.771800000000000182e+03 4.477847219792087108e-01
3.775300000000000182e+03 4.414379545134969884e-01
3.778800000000000182e+03 4.402933353608649014e-01
3.782300000000000182e+03 4.383384833295141947e-01
3.785800000000000182e+03 4.367285015465858788e-01
3.789300000000000182e+03 4.323644821586826170e-01
3.792800000000000182e+03 4.367893896841600898e-01
3.796300000000000182e+03 4.326568238686586687e-01
3.799800000000000182e+03 4.364819438445354804e-01
3.803300000000000182e+03 4.372031532795116471e-01
3.806800000000000182e+03 4.343095525345319619e-01
3.810300000000000182e+03 4.367428734773367016e-01
3.813800000000000182e+03 4.308581746728654682e-01
3.817300000000000182e+03 4.245125059759319308e-01
3.820800000000000182e+03 4.187595480812193460e-01
3.824300000000000182e+03 4.100088132475690483e-01
3.827800000000000182e+03 4.056163641801615038e-01
3.831300000000000182e+03 4.014860788336413466e-01
3.834800000000000182e+03 4.057481915428615693e-01
3.838300000000000182e+03 4.114672380047477152e-01
3.841800000000000182e+03 4.099517222823568230e-01
3.845300000000000182e+03 4.162474526332482494e-01
3.848800000000000182e+03 4.141970722968735252e-01
3.852300000000000182e+03 4.123454575578951453e-01
3.855800000000000182e+03 4.114418371984207567e-01
3.859300000000000182e+03 4.115320640022230303e-01
3.862800000000000182e+03 4.115964549954355123e-01
3.866300000000000182e+03 4.150948586244427863e-01
3.869800000000000182e+03 4.157318062953507809e-01
3.873300000000000182e+03 4.096941795431027766e-01
3.876800000000000182e+03 4.043525609943339205e-01
3.880300000000000182e+03 3.967447809605373910e-01
3.883800000000000182e+03 3.835407192990211156e-01
3.887300000000000182e+03 3.716577011890381255e-01
3.890800000000000182e+03 3.662857593002447065e-01
3.894300000000000182e+03 3.697835621886145230e-01
3.897800000000000182e+03 3.838172330346369954e-01
3.901300000000000182e+03 3.924424142620031031e-01
3.904800000000000182e+03 4.000605141885580918e-01
3.908300000000000182e+03 3.995113830611121131e-01
3.911800000000000182e+03 3.995302199849730118e-01
3.915300000000000182e+03 3.921984865334257053e-01
3.918800000000000182e+03 3.874679902396735431e-01
3.922300000000000182e+03 3.808814067351727339e-01
3.925800000000000182e+03 3.710772964531938722e-01
3.929300000000000182e+03 3.664538382423201957e-01
3.932800000000000182e+03 3.689026331580101403e-01
3.936300000000000182e+03 3.717687269402469852e-01
3.939800000000000182e+03 3.745688483699537441e-01
3.943300000000000182e+03 3.803070134100045019e-01
3.946800000000000182e+03 3.849206091095576654e-01
3.950300000000000182e+03 3.893293612636055112e-01
3.953800000000000182e+03 3.839061883106157924e-01
3.957300000000000182e+03 3.740025108734725823e-01
3.960800000000000182e+03 3.645170809210034335e-01
3.964300000000000182e+03 3.458868850953013552e-01
3.967800000000000182e+03 3.365865808038311924e-01
3.971300000000000182e+03 3.275579282866660780e-01
3.974800000000000182e+03 3.382673145545979088e-01
3.978300000000000182e+03 3.521952664727633908e-01
3.981800000000000182e+03 3.610265365657093217e-01
3.985300000000000182e+03 3.666001887333988907e-01
3.988800000000000182e+03 3.670524381679444725e-01
3.992300000000000182e+03 3.660662033202355947e-01
3.995800000000000182e+03 3.607950140212002332e-01
3.999300000000000182e+03 3.587569669949015605e-01
4.002800000000000182e+03 3.562058060197821896e-01
4.006300000000000182e+03 3.548576794634644149e-01
4.009800000000000182e+03 3.537270573459677658e-01
4.013300000000000182e+03 3.511393139633715021e-01
4.016800000000000182e+03 3.516108342432289202e-01
4.020300000000000182e+03 3.498000409941414701e-01
4.023800000000000182e+03 3.450194584000099152e-01
4.027300000000000182e+03 3.441791742291934186e-01
4.030800000000000182e+03 3.414017001868545620e-01
4.034300000000000182e+03 3.427355737651556211e-01
4.037800000000000182e+03 3.426491168122842712e-01
4.041300000000000182e+03 3.416242670929632852e-01
4.044800000000000182e+03 3.415516470269840954e-01
4.048300000000000182e+03 3.412703060702408364e-01
4.051800000000000182e+03 3.375451920573310227e-01
4.055300000000000182e+03 3.364607622179544566e-01
4.058800000000000182e+03 3.373554468629533232e-01
4.062300000000000182e+03 3.365001668839939231e-01
4.065800000000000182e+03 3.350768685068987729e-01
4.069300000000000182e+03 3.355638929386607350e-01
4.072800000000000182e+03 3.322741367148723257e-01
4.076300000000000182e+03 3.333383505131994329e-01
4.079800000000000182e+03 3.322053521842092128e-01
4.083300000000000182e+03 3.282142558665041010e-01
4.086800000000000182e+03 3.286031200241439909e-01
4.090300000000000182e+03 3.279214199631134141e-01
4.093800000000000182e+03 3.246896326751620987e-01
4.097300000000000182e+03 3.211598511409531898e-01
4.100800000000000182e+03 3.146115588057829537e-01
4.104300000000000182e+03 3.113697194193170703e-01
4.107800000000000182e+03 3.063212353246599351e-01
4.111300000000000182e+03 3.045466127571844761e-01
4.114800000000000182e+03 3.060829430477998159e-01
4.118300000000000182e+03 3.114750964897544661e-01
4.121800000000000182e+03 3.187087705405938776e-01
4.125300000000000182e+03 3.207315567683382551e-01
4.128800000000000182e+03 3.202395001822575527e-01
4.132300000000000182e+03 3.191272429533489330e-01
4.135800000000000182e+03 3.156285364352193756e-01
4.139300000000000182e+03 3.113224109791233873e-01
4.142800000000000182e+03 3.114269277009361070e-01
4.146300000000000182e+03 3.100959200608878752e-01
4.149800000000000182e+03 3.105913375853966985e-01
4.153300000000000182e+03 3.106000765010150655e-01
4.156800000000000182e+03 3.062636983257421841e-01
4.160300000000000182e+03 3.070483688538523381e-01
4.163800000000000182e+03 3.050365938791489984e-01
4.167300000000000182e+03 3.027094257902916419e-01
4.170800000000000182e+03 3.035914693515063267e-01
4.174300000000000182e+03 3.009015317262861422e-01
4.177800000000000182e+03 3.017804600509700896e-01
4.181300000000000182e+03 2.983581383618917338e-01
4.184800000000000182e+03 2.988107787193270970e-01
4.188300000000000182e+03 2.962479847229603225e-01
4.191800000000000182e+03 2.959271351696863284e-01
4.195300000000000182e+03 2.956130726790373031e-01
4.198800000000000182e+03 2.929493108051087202e-01
4.202300000000000182e+03 2.923619125655801954e-01
4.205800000000000182e+03 2.939283288046559695e-01
4.209300000000000182e+03 2.900984916772706979e-01
4.212800000000000182e+03 2.895555351176525294e-01
4.216300000000000182e+03 2.907750258522434628e-01
4.219800000000000182e+03 2.890126894728790585e-01
4.223300000000000182e+03 2.874891259037328228e-01
4.226800000000000182e+03 2.805877645747417160e-01
4.230300000000000182e+03 2.866079852257260030e-01
4.233800000000000182e+03 2.825261810101250548e-01
4.237300000000000182e+03 2.834845695267854127e-01
4.240800000000000182e+03 2.863920032928804482e-01
4.244300000000000182e+03 2.832613915411462124e-01
4.247800000000000182e+03 2.834016314143987803e-01
4.251300000000000182e+03 2.799788189679243144e-01
4.254800000000000182e+03 2.809381767039023092e-01
4.258300000000000182e+03 2.789789965017284157e-01
4.261800000000000182e+03 2.789328223301064114e-01
4.265300000000000182e+03 2.768295649064324571e-01
4.268800000000000182e+03 2.740957946865162920e-01
4.272300000000000182e+03 2.736911428340452757e-01
4.275800000000000182e+03 2.754297663869105794e-01
4.279300000000000182e+03 2.757709551860182962e-01
4.282800000000000182e+03 2.732500189718123362e-01
4.286300000000000182e+03 2.726706349700597776e-01
4.289800000000000182e+03 2.720110025441017654e-01
4.293300000000000182e+03 2.708589983840362092e-01
4.296800000000000182e+03 2.725289222712188875e-01
4.300300000000000182e+03 2.692479367086062503e-01
4.303800000000000182e+03 2.715692001538782541e-01
4.307300000000000182e+03 2.688021784237660805e-01
4.310800000000000182e+03 2.719257164907431523e-01
4.314300000000000182e+03 2.672172406781141984e-01
4.317800000000000182e+03 2.646210964959782030e-01
4.321300000000000182e+03 2.640942831203343388e-01
4.324800000000000182e+03 2.617520217715233466e-01
4.328300000000000182e+03 2.614354349836088276e-01
4.331800000000000182e+03 2.603773927709403524e-01
4.335300000000000182e+03 2.606071280783847088e-01
4.338800000000000182e+03 2.565195456515336203e-01
4.342300000000000182e+03 2.523797185676373567e-01
4.345800000000000182e+03 2.471694819296501588e-01
4.349300000000000182e+03 2.443436164761130791e-01
4.352800000000000182e+03 2.413194354287065135e-01
4.356300000000000182e+03 2.480055676735127279e-01
4.359800000000000182e+03 2.535157563197377173e-01
4.363300000000000182e+03 2.581534434996524130e-01
4.366800000000000182e+03 2.595692512526922013e-01
4.370300000000000182e+03 2.595332587885295639e-01
4.373800000000000182e+03 2.603217414094838866e-01
4.377300000000000182e+03 2.543924385369342733e-01
4.380800000000000182e+03 2.509895516564178974e-01
4.384300000000000182e+03 2.486242833678524444e-01
4.387800000000000182e+03 2.474326933209982093e-01
4.391300000000000182e+03 2.487292100936302486e-01
4.394800000000000182e+03 2.472527835785155448e-01
4.398300000000000182e+03 2.475318004540509043e-01
4.401800000000000182e+03 2.461938821397257893e-01
4.405300000000000182e+03 2.452874957274738532e-01
4.408800000000000182e+03 2.466808814626088309e-01
4.412300000000000182e+03 2.469327302167905192e-01
4.415800000000000182e+03 2.426930110452654443e-01
4.419300000000000182e+03 2.448450889852537005e-01
4.422800000000000182e+03 2.465193304476183955e-01
4.426300000000000182e+03 2.437373315095809068e-01
4.429800000000000182e+03 2.437296338558469500e-01
4.433300000000000182e+03 2.412186670442297842e-01
4.436800000000000182e+03 2.403303271241936934e-01
4.440300000000000182e+03 2.402441211407533583e-01
4.443800000000000182e+03 2.379638270647030929e-01
4.447300000000000182e+03 2.370525503867651207e-01
4.450800000000000182e+03 2.383207641041795721e-01
4.454300000000000182e+03 2.380959862374778802e-01
4.457800000000000182e+03 2.383194007846095586e-01
4.461300000000000182e+03 2.371664228276729736e-01
4.464800000000000182e+03 2.350318637652052400e-01
4.468300000000000182e+03 2.342011929707845663e-01
4.471800000000000182e+03 2.339017264841067589e-01
4.475300000000000182e+03 2.326991590958276679e-01
4.478800000000000182e+03 2.320557429078475564e-01
4.482300000000000182e+03 2.302752816814242764e-01
4.485800000000000182e+03 2.311531483888442373e-01
4.489300000000000182e+03 2.300746803579736821e-01
4.492800000000000182e+03 2.300861864638739374e-01
4.496300000000000182e+03 2.294220093250861070e-01
4.499800000000000182e+03 2.284912837466635815e-01
4.503300000000000182e+03 2.287410148279434008e-01
4.506800000000000182e+03 2.284168744598991663e-01
4.510300000000000182e+03 2.281977957471490459e-01
4.513800000000000182e+03 2.303687300069459654e-01
4.517300000000000182e+03 2.280011951421435645e-01
4.520800000000000182e+03 2.242177842850326119e-01
4.524300000000000182e+03 2.257732171176847769e-01
4.527800000000000182e+03 2.221102377759221758e-01
4.531300000000000182e+03 2.215786705048201355e-01
4.534800000000000182e+03 2.233816891034220986e-01
4.538300000000000182e+03 2.224063045204531242e-01
4.541800000000000182e+03 2.190802118576260504e-01
4.545300000000000182e+03 2.205375423804136481e-01
4.548800000000000182e+03 2.202196419593566712e-01
4.552300000000000182e+03 2.210072038815490414e-01
4.555800000000000182e+03 2.190825549479075429e-01
4.559300000000000182e+03 2.180600574780249823e-01
4.562800000000000182e+03 2.166621682764546530e-01
4.566300000000000182e+03 2.197614235182436260e-01
4.569800000000000182e+03 2.183562931492000203e-01
4.573300000000000182e+03 2.190098782984078452e-01
4.576800000000000182e+03 2.157738051645134991e-01
4.580300000000000182e+03 2.161939029431605985e-01
4.583800000000000182e+03 2.153830986974810957e-01
4.587300000000000182e+03 2.135405304708251351e-01
4.590800000000000182e+03 2.126207699327674894e-01
4.594300000000000182e+03 2.126196607974715491e-01
4.597800000000000182e+03 2.111007483259677298e-01
4.601300000000000182e+03 2.111931458819809315e-01
4.604800000000000182e+03 2.114389181803199846e-01
4.608300000000000182e+03 2.112108887034827298e-01
4.611800000000000182e+03 2.098371793292087284e-01
4.615300000000000182e+03 2.091729964190757185e-01
4.618800000000000182e+03 2.099272823820345635e-01
4.622300000000000182e+03 2.085171458907746078e-01
4.625800000000000182e+03 2.081662073135890911e-01
4.629300000000000182e+03 2.071704678991911630e-01
4.632800000000000182e+03 2.066727801527011854e-01
4.636300000000000182e+03 2.059761512778399972e-01
4.639800000000000182e+03 2.074005523215047830e-01
4.643300000000000182e+03 2.054730871375622658e-01
4.646800000000000182e+03 2.056796669563471514e-01
4.650300000000000182e+03 2.045391436207295577e-01
4.653800000000000182e+03 2.036461935742676921e-01
4.657300000000000182e+03 2.032291501223465469e-01
4.660800000000000182e+03 2.031405388298719861e-01
4.664300000000000182e+03 2.012506406326839969e-01
4.667800000000000182e+03 2.002939785094148273e-01
4.671300000000000182e+03 2.003627041690166644e-01
4.674800000000000182e+03 1.993878224057682169e-01
4.678300000000000182e+03 2.006682351356100791e-01
4.681800000000000182e+03 2.004086584664561410e-01
4.685300000000000182e+03 1.997884142660395768e-01
4.688800000000000182e+03 1.992385728169632775e-01
4.692300000000000182e+03 1.986471221740659376e-01
4.695800000000000182e+03 1.986631251547903432e-01
4.699300000000000182e+03 1.956032298221337118e-01
4.702800000000000182e+03 1.965276970175124094e-01
4.706300000000000182e+03 1.948021227504273811e-01
4.709800000000000182e+03 1.949568092477733383e-01
4.713300000000000182e+03 1.931543767842390236e-01
4.716800000000000182e+03 1.929226537897428539e-01
4.720300000000000182e+03 1.949719274359970334e-01
4.723800000000000182e+03 1.928780446921497527e-01
4.727300000000000182e+03 1.951923114410430704e-01
4.730800000000000182e+03 1.925329914267035203e-01
4.734300000000000182e+03 1.921587810240464600e-01
4.737800000000000182e+03 1.901957125513827063e-01
4.741300000000000182e+03 1.904506053344816596e-01
4.744800000000000182e+03 1.932376531354256244e-01
4.748300000000000182e+03 1.906961013315026099e-01
4.751800000000000182e+03 1.882598059859732220e-01
4.755300000000000182e+03 1.909380357593682687e-01
4.758800000000000182e+03 1.887954883685710183e-01
4.762300000000000182e+03 1.901501898327686013e-01
4.765800000000000182e+03 1.880997907623775667e-01
4.769300000000000182e+03 1.877005558224614234e-01
4.772800000000000182e+03 1.871382172346327533e-01
4.776300000000000182e+03 1.880631863610002230e-01
4.779800000000000182e+03 1.869777571480724654e-01
4.783300000000000182e+03 1.868470721848162486e-01
4.786800000000000182e+03 1.864665058697088651e-01
4.790300000000000182e+03 1.863243505145711354e-01
4.793800000000000182e+03 1.857426211770180913e-01
4.797300000000000182e+03 1.881240456037146791e-01
4.800800000000000182e+03 1.869715690303036804e-01
4.804300000000000182e+03 1.861206661012856645e-01
4.807800000000000182e+03 1.855690965869881970e-01
4.811300000000000182e+03 1.818992465175846562e-01
4.814800000000000182e+03 1.849940996958670536e-01
4.818300000000000182e+03 1.857387753710542933e-01
4.821800000000000182e+03 1.860987810897821448e-01
4.825300000000000182e+03 1.858933485568226851e-01
4.828800000000000182e+03 1.854578117343937960e-01
4.832300000000000182e+03 1.853136816452867486e-01
4.835800000000000182e+03 1.841735907520960502e-01
4.839300000000000182e+03 1.816414937290533327e-01
4.842800000000000182e+03 1.786428237784098150e-01
4.846300000000000182e+03 1.799079659895017891e-01
4.849800000000000182e+03 1.795116739886468971e-01
4.853300000000000182e+03 1.806616051858128402e-01
4.856800000000000182e+03 1.766466469517540827e-01
4.860300000000000182e+03 1.735384863889450346e-01
4.863800000000000182e+03 1.707843688390451031e-01
4.867300000000000182e+03 1.662140047480322180e-01
4.870800000000000182e+03 1.642972469267161284e-01
4.874300000000000182e+03 1.663961931756280654e-01
4.877800000000000182e+03 1.712891066171584320e-01
4.881300000000000182e+03 1.753252838224201859e-01
4.884800000000000182e+03 1.818025852614415516e-01
4.888300000000000182e+03 1.817310304844313162e-01
4.891800000000000182e+03 1.813261238093846761e-01
4.895300000000000182e+03 1.783017876585568373e-01
4.898800000000000182e+03 1.766104298744080869e-01
4.902300000000000182e+03 1.764175371038133877e-01
4.905800000000000182e+03 1.738879639003804711e-01
4.909300000000000182e+03 1.731519856425909054e-01
4.912800000000000182e+03 1.735857624324746162e-01
4.916300000000000182e+03 1.731762708282212626e-01
4.919800000000000182e+03 1.735234261337722239e-01
4.923300000000000182e+03 1.724086849627097240e-01
4.926800000000000182e+03 1.694357569427391852e-01
4.930300000000000182e+03 1.714041837202366636e-01
4.933800000000000182e+03 1.713917648865147803e-01
4.937300000000000182e+03 1.713349225989514446e-01
4.940800000000000182e+03 1.704260119756207392e-01
4.944300000000000182e+03 1.723729012672604033e-01
4.947800000000000182e+03 1.708460728428174979e-01
4.951300000000000182e+03 1.703069287169112489e-01
4.954800000000000182e+03 1.665738116414632874e-01
4.958300000000000182e+03 1.673378631254439086e-01
4.961800000000000182e+03 1.706955201602775585e-01
4.965300000000000182e+03 1.695842298273995130e-01
4.968800000000000182e+03 1.705971907133678467e-01
4.972300000000000182e+03 1.692810898436442613e-01
4.975800000000000182e+03 1.688531636307226691e-01
4.979300000000000182e+03 1.687412564702170104e-01
4.982800000000000182e+03 1.683847621891295943e-01
4.986300000000000182e+03 1.664687165438885896e-01
4.989800000000000182e+03 1.688703672574074222e-01
4.993300000000000182e+03 1.678261831433240370e-01
4.996800000000000182e+03 1.671953224438441077e-01
5.000300000000000182e+03 1.662621644624374395e-01
5.003800000000000182e+03 1.672453651772958794e-01
5.007300000000000182e+03 1.657533154335706083e-01
5.010800000000000182e+03 1.669905795045232288e-01
5.014300000000000182e+03 1.642134369665524396e-01
5.017800000000000182e+03 1.653723018353620844e-01
5.021300000000000182e+03 1.658539670037184610e-01
5.024800000000000182e+03 1.670069365613618961e-01
5.028300000000000182e+03 1.685953365041251706e-01
5.031800000000000182e+03 1.694869394482642067e-01
5.035300000000000182e+03 1.680429059111951118e-01
5.038800000000000182e+03 1.668454269017273783e-01
5.042300000000000182e+03 1.677632765824017547e-01
5.045800000000000182e+03 1.656322013866768916e-01
5.049300000000000182e+03 1.655050533084931330e-01
5.052800000000000182e+03 1.642900825555679567e-01
5.056300000000000182e+03 1.632981703205660384e-01
5.059800000000000182e+03 1.650109175491515368e-01
5.063300000000000182e+03 1.643049711755033837e-01
5.066800000000000182e+03 1.624330498389439104e-01
5.070300000000000182e+03 1.648012082651754140e-01
5.073800000000000182e+03 1.644810234171846242e-01
5.077300000000000182e+03 1.638948665921095282e-01
5.080800000000000182e+03 1.623639256565942435e-01
5.084300000000000182e+03 1.630508312781099034e-01
5.087800000000000182e+03 1.623280823923096694e-01
5.091300000000000182e+03 1.596031343905472411e-01
5.094800000000000182e+03 1.594606825114097126e-01
5.098300000000000182e+03 1.593536773007016016e-01
5.101800000000000182e+03 1.566334948849929798e-01
5.105300000000000182e+03 1.584590090365084469e-01
5.108800000000000182e+03 1.602583196630552043e-01
5.112300000000000182e+03 1.576543360032695018e-01
5.115800000000000182e+03 1.579993719034822053e-01
5.119300000000000182e+03 1.543433756493880205e-01
5.122800000000000182e+03 1.575138534132384527e-01
5.126300000000000182e+03 1.568862544201514719e-01
5.129800000000000182e+03 1.555797181740868063e-01
5.133300000000000182e+03 1.554137092776548823e-01
5.136800000000000182e+03 1.566912362943472248e-01
5.140300000000000182e+03 1.555622051200670486e-01
5.143800000000000182e+03 1.537503540679415748e-01
5.147300000000000182e+03 1.572575514462484503e-01
5.150800000000000182e+03 1.553384167118909698e-01
5.154300000000000182e+03 1.575495339558198316e-01
5.157800000000000182e+03 1.548010206897927066e-01
5.161300000000000182e+03 1.539766849028038342e-01
5.164800000000000182e+03 1.535345968615547674e-01
5.168300000000000182e+03 1.524339030482960156e-01
5.171800000000000182e+03 1.522517707432837486e-01
5.175300000000000182e+03 1.527903698678401145e-01
5.178800000000000182e+03 1.528696110356137505e-01
5.182300000000000182e+03 1.527710208284916160e-01
5.185800000000000182e+03 1.541901768624176217e-01
5.189300000000000182e+03 1.536323797339472497e-01
5.192800000000000182e+03 1.538338065606856819e-01
5.196300000000000182e+03 1.525998815681909593e-01
5.199800000000000182e+03 1.525485359249863782e-01
5.203300000000000182e+03 1.505244970341535482e-01
5.206800000000000182e+03 1.539103607409447461e-01
5.210300000000000182e+03 1.531161882349554582e-01
5.213800000000000182e+03 1.537365104315369657e-01
5.217300000000000182e+03 1.520594302682234944e-01
5.220800000000000182e+03 1.535041598993584500e-01
5.224300000000000182e+03 1.505633636375859896e-01
5.227800000000000182e+03 1.515657811007406486e-01
5.231300000000000182e+03 1.528570228609897330e-01
5.234800000000000182e+03 1.527666507848499389e-01
5.238300000000000182e+03 1.521509494514922123e-01
5.241800000000000182e+03 1.517013656665745780e-01
5.245300000000000182e+03 1.525884386447541874e-01
5.248800000000000182e+03 1.513039564877355359e-01
5.252300000000000182e+03 1.550745780101004112e-01
5.255800000000000182e+03 1.518979972199223372e-01
5.259300000000000182e+03 1.528117005001969897e-01
5.262800000000000182e+03 1.508499116559561259e-01
5.266300000000000182e+03 1.497060367890731547e-01
5.269800000000000182e+03 1.494377306666501981e-01
5.273300000000000182e+03 1.501258317906647710e-01
5.276800000000000182e+03 1.501997150453070473e-01
5.280300000000000182e+03 1.500038346794839994e-01
5.283800000000000182e+03 1.523280375943931730e-01
5.287300000000000182e+03 1.510038582649906036e-01
5.290800000000000182e+03 1.524267742080789301e-01
5.294300000000000182e+03 1.513326712668620899e-01
5.297800000000000182e+03 1.516122095680282611e-01
5.301300000000000182e+03 1.512202140710778298e-01
5.304800000000000182e+03 1.527558054415310285e-01
5.308300000000000182e+03 1.524543974265730184e-01
5.311800000000000182e+03 1.503770982131739098e-01
5.315300000000000182e+03 1.498109599071231479e-01
5.318800000000000182e+03 1.497155705414849047e-01
5.322300000000000182e+03 1.502654322019533750e-01
5.325800000000000182e+03 1.500969763853016170e-01
5.329300000000000182e+03 1.493181685518567281e-01
5.332800000000000182e+03 1.469886930653251655e-01
5.336300000000000182e+03 1.494753398379470022e-01
5.339800000000000182e+03 1.485063896828262286e-01
5.343300000000000182e+03 1.470966052591959061e-01
5.346800000000000182e+03 1.500924833396270475e-01
5.350300000000000182e+03 1.483208314397785610e-01
5.353800000000000182e+03 1.476009412323019410e-01
5.357300000000000182e+03 1.478827137831498773e-01
5.360800000000000182e+03 1.482939151561532276e-01
5.364300000000000182e+03 1.458742252398919359e-01
5.367800000000000182e+03 1.490804269510285773e-01
5.371300000000000182e+03 1.467931367428486900e-01
5.374800000000000182e+03 1.490582557466050007e-01
5.378300000000000182e+03 1.469866546959506526e-01
5.381800000000000182e+03 1.474407279382390912e-01
5.385300000000000182e+03 1.496632544375482710e-01
5.388800000000000182e+03 1.458665236641113749e-01
5.392300000000000182e+03 1.489064275249865343e-01
5.395800000000000182e+03 1.488096488047306876e-01
5.399300000000000182e+03 1.482076924881537972e-01
5.402800000000000182e+03 1.475009304051081160e-01
5.406300000000000182e+03 1.493783656229599188e-01
5.409800000000000182e+03 1.470930074709984325e-01
5.413300000000000182e+03 1.455370468977359166e-01
5.416800000000000182e+03 1.482787850377998984e-01
5.420300000000000182e+03 1.475165762918790313e-01
5.423800000000000182e+03 1.478240794885591070e-01
5.427300000000000182e+03 1.494861463577470684e-01
5.430800000000000182e+03 1.478076280214649374e-01
5.434300000000000182e+03 1.468178861911515753e-01
5.437800000000000182e+03 1.459339193497413978e-01
5.441300000000000182e+03 1.468936423879046438e-01
5.444800000000000182e+03 1.448529037012138698e-01
5.448300000000000182e+03 1.449590020233887111e-01
5.451800000000000182e+03 1.459639477408260499e-01
5.455300000000000182e+03 1.452013548459700765e-01
5.458800000000000182e+03 1.457440107809904184e-01
5.462300000000000182e+03 1.468258570008084685e-01
5.465800000000000182e+03 1.484564445301694569e-01
5.469300000000000182e+03 1.441394989670305160e-01
5.472800000000000182e+03 1.438513844099308936e-01
5.476300000000000182e+03 1.461493096679263859e-01
5.479800000000000182e+03 1.447681090732308717e-01
5.483300000000000182e+03 1.429656064955517891e-01
5.486800000000000182e+03 1.440999323762360562e-01
5.490300000000000182e+03 1.414724615812919251e-01
5.493800000000000182e+03 1.443643917298099155e-01
5.497300000000000182e+03 1.422030782253915770e-01
5.500800000000000182e+03 1.415437440917881040e-01
5.504300000000000182e+03 1.426969749946464250e-01
5.507800000000000182e+03 1.414797253187353443e-01
5.511300000000000182e+03 1.434771487505781817e-01
5.514800000000000182e+03 1.424996082308938317e-01
5.518300000000000182e+03 1.435380100283825677e-01
5.521800000000000182e+03 1.428706683434219082e-01
5.525300000000000182e+03 1.406045060871454755e-01
5.528800000000000182e+03 1.417612035239983470e-01
5.532300000000000182e+03 1.409456355688318008e-01
5.535800000000000182e+03 1.429845310865910102e-01
5.539300000000000182e+03 1.409210914994295516e-01
5.542800000000000182e+03 1.415960025745106599e-01
5.546300000000000182e+03 1.409520970224130143e-01
5.549800000000000182e+03 1.431328675006760531e-01
5.553300000000000182e+03 1.423079933832853416e-01
5.556800000000000182e+03 1.418773254022344665e-01
5.560300000000000182e+03 1.419196814881570623e-01
5.563800000000000182e+03 1.419041173232997999e-01
5.567300000000000182e+03 1.409533647372446241e-01
5.570800000000000182e+03 1.394683527879119200e-01
5.574300000000000182e+03 1.411929041501986393e-01
5.577800000000000182e+03 1.440843228119229602e-01
5.581300000000000182e+03 1.425515624515369395e-01
5.584800000000000182e+03 1.423044330051926876e-01
5.588300000000000182e+03 1.399832717990114606e-01
5.591800000000000182e+03 1.423174637319449820e-01
5.595300000000000182e+03 1.412682823116210851e-01
5.598800000000000182e+03 1.421478636102131710e-01
5.602300000000000182e+03 1.411261998110405480e-01
5.605800000000000182e+03 1.404522973829268051e-01
5.609300000000000182e+03 1.418718439765358219e-01
5.612800000000000182e+03 1.412119284038846068e-01
5.616300000000000182e+03 1.427835873920479670e-01
5.619800000000000182e+03 1.398519541992287729e-01
5.623300000000000182e+03 1.428316799690300121e-01
5.626800000000000182e+03 1.424567821674625201e-01
5.630300000000000182e+03 1.434199137621255948e-01
5.633800000000000182e+03 1.437267852919426603e-01
5.637300000000000182e+03 1.418018001378611725e-01
5.640800000000000182e+03 1.416961738359900913e-01
5.644300000000000182e+03 1.419581331830112314e-01
5.647800000000000182e+03 1.419865123995414369e-01
5.651300000000000182e+03 1.389613253657921155e-01
5.654800000000000182e+03 1.402814226234856132e-01
5.658300000000000182e+03 1.445220660861817608e-01
5.661800000000000182e+03 1.396563356647049226e-01
5.665300000000000182e+03 1.414119834203276804e-01
5.668800000000000182e+03 1.399944421509571324e-01
5.672300000000000182e+03 1.410971880879817175e-01
5.675800000000000182e+03 1.427957892655628280e-01
5.679300000000000182e+03 1.422665489825543361e-01
5.682800000000000182e+03 1.459082686723334465e-01
5.686300000000000182e+03 1.452756288148393526e-01
5.689800000000000182e+03 1.445297549776846380e-01
5.693300000000000182e+03 1.454037083573130607e-01
5.696800000000000182e+03 1.433202350764969379e-01
5.700300000000000182e+03 1.427442648549847037e-01
5.703800000000000182e+03 1.431130786959522450e-01
5.707300000000000182e+03 1.421940945424597647e-01
5.710800000000000182e+03 1.423690433654603571e-01
5.714300000000000182e+03 1.427028834172545391e-01
5.717800000000000182e+03 1.401416936678331060e-01
5.721300000000000182e+03 1.429333532663937534e-01
5.724800000000000182e+03 1.436325335160933692e-01
5.728300000000000182e+03 1.439892659688671028e-01
5.731800000000000182e+03 1.421353526336358308e-01
5.735300000000000182e+03 1.440811445094728471e-01
5.738800000000000182e+03 1.400042363907011422e-01
5.742300000000000182e+03 1.420473980835524896e-01
5.745800000000000182e+03 1.383612822489374283e-01
5.749300000000000182e+03 1.412941700611025087e-01
5.752800000000000182e+03 1.414226389963873509e-01
5.756300000000000182e+03 1.394792436539488978e-01
5.759800000000000182e+03 1.388620943563464716e-01
5.763300000000000182e+03 1.396342921658878522e-01
5.766800000000000182e+03 1.410096991562605762e-01
5.770300000000000182e+03 1.371423289360753084e-01
5.773800000000000182e+03 1.395556243598445600e-01
5.777300000000000182e+03 1.378243250516483775e-01
5.780800000000000182e+03 1.356501279030544738e-01
5.784300000000000182e+03 1.356112749805210016e-01
5.787800000000000182e+03 1.363722801038013410e-01
5.791300000000000182e+03 1.349886197355631701e-01
5.794800000000000182e+03 1.349546691145659671e-01
5.798300000000000182e+03 1.342647504666883151e-01
5.801800000000000182e+03 1.353580791633686164e-01
5.805300000000000182e+03 1.354572405712368421e-01
5.808800000000000182e+03 1.359152085077321992e-01
5.812300000000000182e+03 1.333975056505770918e-01
5.815800000000000182e+03 1.327976227163260303e-01
5.819300000000000182e+03 1.315859654462210038e-01
5.822800000000000182e+03 1.340680497533149051e-01
5.826300000000000182e+03 1.330774671268102061e-01
5.829800000000000182e+03 1.326972952234919678e-01
5.833300000000000182e+03 1.303489036034060633e-01
5.836800000000000182e+03 1.318480330057278382e-01
5.840300000000000182e+03 1.308921865581986477e-01
5.843800000000000182e+03 1.299645495348847601e-01
5.847300000000000182e+03 1.298480539008883550e-01
5.850800000000000182e+03 1.322563236014221988e-01
5.854300000000000182e+03 1.315477937234918460e-01
5.857800000000000182e+03 1.308715465217409613e-01
5.861300000000000182e+03 1.328204020681109099e-01
5.864800000000000182e+03 1.333470041256653027e-01
5.868300000000000182e+03 1.315860641301657974e-01
5.871800000000000182e+03 1.339415430080253266e-01
5.875300000000000182e+03 1.368054978161602764e-01
5.878800000000000182e+03 1.398969173986584213e-01
5.882300000000000182e+03 1.437788488158631695e-01
5.885800000000000182e+03 1.446195200903820366e-01
5.889300000000000182e+03 1.454460855149857790e-01
5.892800000000000182e+03 1.475839861410648268e-01
5.896300000000000182e+03 1.467300759895473483e-01
5.899800000000000182e+03 1.450905849590533314e-01
5.903300000000000182e+03 1.448221978307323854e-01
5.906800000000000182e+03 1.444019054245408162e-01
5.910300000000000182e+03 1.465179211890812461e-01
5.913800000000000182e+03 1.477840242746463473e-01
5.917300000000000182e+03 1.469143693235610837e-01
5.920800000000000182e+03 1.434237484645629335e-01
5.924300000000000182e+03 1.453669466641691055e-01
5.927800000000000182e+03 1.412640497187042932e-01
5.931300000000000182e+03 1.409245582040038192e-01
5.934800000000000182e+03 1.442694313104779247e-01
5.938300000000000182e+03 1.441031093040987809e-01
5.941800000000000182e+03 1.441871334567226270e-01
5.945300000000000182e+03 1.462202224224339597e-01
5.948800000000000182e+03 1.450237568214905182e-01
5.952300000000000182e+03 1.445343923813216802e-01
5.955800000000000182e+03 1.401016413756026036e-01
5.959300000000000182e+03 1.417198604156985065e-01
5.962800000000000182e+03 1.372844826926691575e-01
5.966300000000000182e+03 1.381200919901121871e-01
5.969800000000000182e+03 1.364029767375693480e-01
5.973300000000000182e+03 1.362006276310709640e-01
5.976800000000000182e+03 1.365078487722821698e-01
5.980300000000000182e+03 1.361166015261949525e-01
5.983800000000000182e+03 1.346262489312443356e-01
5.987300000000000182e+03 1.343987116472632748e-01
5.990800000000000182e+03 1.346978842962669176e-01
5.994300000000000182e+03 1.325432939658764686e-01
5.997800000000000182e+03 1.327054130219003092e-01
