# wavelength angstroms, flux, ext coeff
5.551500000000000000e+03 6.510613263302497217e+03 1.543765717560386108e-01
5.558500000000000000e+03 6.696092614406843495e+03 1.471983355631225343e-01
5.565500000000000000e+03 6.774820438621377434e+03 1.425337370090419831e-01
5.572500000000000000e+03 6.887535686272365638e+03 1.401331828543254943e-01
5.579500000000000000e+03 6.905424641676970168e+03 1.409434990465776028e-01
5.586500000000000000e+03 6.952421117002819301e+03 1.403582124402426301e-01
5.593500000000000000e+03 6.994034998814440769e+03 1.411635384771786905e-01
5.600500000000000000e+03 7.060826066416972935e+03 1.404097622817326585e-01
5.607500000000000000e+03 7.142949253222527659e+03 1.406885758075795689e-01
5.614500000000000000e+03 7.103901366155541837e+03 1.414315687601339633e-01
5.621500000000000000e+03 7.138518024748813332e+03 1.430589460018817372e-01
5.628500000000000000e+03 7.235266823357875182e+03 1.412758278200983153e-01
5.635500000000000000e+03 7.202741633110855219e+03 1.410502628000971093e-01
5.642500000000000000e+03 7.239962909509416022e+03 1.399105444386942454e-01
5.649500000000000000e+03 7.309967909050756134e+03 1.412556465301727515e-01
5.656500000000000000e+03 7.354750444036395493e+03 1.403106080885377638e-01
5.663500000000000000e+03 7.356407155268107999e+03 1.394796767029360396e-01
5.670500000000000000e+03 7.454222960502997012e+03 1.414119187878965234e-01
5.677500000000000000e+03 7.392816170433613479e+03 1.423931998341561589e-01
5.684500000000000000e+03 7.432560471372282336e+03 1.449704770572433910e-01
5.691500000000000000e+03 7.422800748640819620e+03 1.438341400504773715e-01
5.698500000000000000e+03 7.524172322018633167e+03 1.442702386695995376e-01
5.705500000000000000e+03 7.548803172511057710e+03 1.410984328467032867e-01
5.712500000000000000e+03 7.572884267872799683e+03 1.414368590201917908e-01
5.719500000000000000e+03 7.578928837383589780e+03 1.415944472303369561e-01
5.726500000000000000e+03 7.628296938352777943e+03 1.417969824997711570e-01
5.733500000000000000e+03 7.694015290339967578e+03 1.402113631041686792e-01
5.740500000000000000e+03 7.635332991841851253e+03 1.414084803176278160e-01
5.747500000000000000e+03 7.641471178777201203e+03 1.409508856906447893e-01
5.754500000000000000e+03 7.719072884374360001e+03 1.382615412983532743e-01
5.761500000000000000e+03 7.764864595909796662e+03 1.386186210935380358e-01
5.768500000000000000e+03 7.784442775371803691e+03 1.381727454732470384e-01
5.775500000000000000e+03 7.745827447814692277e+03 1.383957638139425017e-01
5.782500000000000000e+03 7.748469054029662402e+03 1.374020979400263354e-01
5.789500000000000000e+03 7.846007429679294546e+03 1.357730313199279337e-01
5.796500000000000000e+03 7.884195033611640611e+03 1.353298744283173149e-01
5.803500000000000000e+03 7.885529919724048341e+03 1.329903659002874827e-01
5.810500000000000000e+03 7.957457296391632553e+03 1.328530792662958315e-01
5.817500000000000000e+03 7.904977414780331856e+03 1.344925570873841958e-01
5.824500000000000000e+03 7.947626891354927466e+03 1.328684561532748054e-01
5.831500000000000000e+03 7.993179446253087008e+03 1.315090835307599071e-01
5.838500000000000000e+03 7.938875352060118530e+03 1.343871163585197148e-01
5.845500000000000000e+03 7.946649874567544430e+03 1.319538666167326402e-01
5.852500000000000000e+03 8.004234616553421802e+03 1.318806921426001200e-01
5.859500000000000000e+03 7.912942740523672001e+03 1.327796771931843423e-01
5.866500000000000000e+03 7.836943068670367211e+03 1.350978395408366228e-01
5.873500000000000000e+03 7.733614994238793770e+03 1.365879731132379760e-01
5.880500000000000000e+03 7.809361197953185183e+03 1.406522958186043337e-01
5.887500000000000000e+03 7.716897243991305004e+03 1.419591883184580794e-01
5.894500000000000000e+03 7.733044228075860701e+03 1.441698495685234394e-01
5.901500000000000000e+03 7.764071054204863685e+03 1.437938616658020752e-01
5.908500000000000000e+03 7.752371999940475689e+03 1.476677399565876625e-01
5.915500000000000000e+03 7.737179970008012788e+03 1.445018194968246128e-01
5.922500000000000000e+03 7.794253794714615651e+03 1.435895882564102999e-01
5.929500000000000000e+03 7.808411722225268022e+03 1.434139672696977119e-01
5.936500000000000000e+03 7.752171159817245098e+03 1.447539957581712167e-01
5.943500000000000000e+03 7.780681399867455184e+03 1.392243919607234759e-01
5.950500000000000000e+03 7.721132741488300780e+03 1.417688078445319411e-01
5.957500000000000000e+03 7.753369352684798287e+03 1.405910707324214137e-01
5.964500000000000000e+03 7.832230721841721788e+03 1.388482632496565450e-01
5.971500000000000000e+03 7.823746583375276714e+03 1.369174479200891414e-01
5.978500000000000000e+03 7.874739155915685842e+03 1.364100847541025729e-01
5.985500000000000000e+03 7.825888303751855346e+03 1.351759972729361936e-01
5.992500000000000000e+03 7.792610130241730985e+03 1.321463540113011204e-01
5.999500000000000000e+03 7.873849328574967330e+03 1.315153482620560199e-01
6.006500000000000000e+03 7.884768430863854519e+03 1.307135804216097708e-01
6.013500000000000000e+03 7.903571250268237236e+03 1.279063328157951929e-01
6.020500000000000000e+03 7.910805131189114945e+03 1.301910221206519780e-01
6.027500000000000000e+03 7.925144029318737921e+03 1.280614997579029579e-01
6.034500000000000000e+03 7.881736065515711744e+03 1.291842139353226449e-01
6.041500000000000000e+03 7.904437007169325625e+03 1.270718065744124992e-01
6.048500000000000000e+03 7.950719179906956015e+03 1.270612360352145198e-01
6.055500000000000000e+03 7.943551552136003011e+03 1.239571164406423481e-01
6.062500000000000000e+03 7.889902644015451187e+03 1.265984134108598391e-01
6.069500000000000000e+03 7.918314145359534450e+03 1.228408385630940514e-01
6.076500000000000000e+03 7.951840601018845518e+03 1.238644222154176855e-01
6.083500000000000000e+03 7.926075988806975147e+03 1.224776743583119998e-01
6.090500000000000000e+03 7.951302972886744101e+03 1.215213165257057748e-01
6.097500000000000000e+03 7.890286381883625836e+03 1.236033204053895995e-01
6.104500000000000000e+03 7.890214234095995380e+03 1.204434391513605207e-01
6.111500000000000000e+03 7.856273730699132102e+03 1.200788161204677795e-01
6.118500000000000000e+03 7.931288494421574796e+03 1.185998582168931587e-01
6.125500000000000000e+03 7.886970518865458871e+03 1.178283637655338500e-01
6.132500000000000000e+03 7.887820111584835104e+03 1.161272072021543589e-01
6.139500000000000000e+03 7.915459665548522025e+03 1.168432832223922913e-01
6.146500000000000000e+03 7.907454415740308832e+03 1.148025097605423206e-01
6.153500000000000000e+03 7.922701022377424124e+03 1.124652873543454806e-01
6.160500000000000000e+03 7.861140133063977373e+03 1.127976266466926142e-01
6.167500000000000000e+03 7.843042537052187981e+03 1.122550862607203243e-01
6.174500000000000000e+03 7.955211649755629878e+03 1.104260845471029262e-01
6.181500000000000000e+03 7.948659001489912043e+03 1.104539171598524772e-01
6.188500000000000000e+03 7.858397006533130480e+03 1.127450022961213327e-01
6.195500000000000000e+03 7.984734513919393976e+03 1.093610128793721797e-01
6.202500000000000000e+03 7.963756904016624503e+03 1.106366581434601176e-01
6.209500000000000000e+03 7.914824899626306433e+03 1.093700185807486985e-01
6.216500000000000000e+03 7.931020618670195290e+03 1.080202424236395009e-01
6.223500000000000000e+03 7.875779917606452727e+03 1.084194909538702262e-01
6.230500000000000000e+03 7.882553595381075866e+03 1.065032481526987096e-01
6.237500000000000000e+03 7.865686969663114724e+03 1.047956144561797004e-01
6.244500000000000000e+03 7.900880121551641423e+03 1.036497001393407308e-01
6.251500000000000000e+03 7.828578569435727331e+03 1.056948613549011928e-01
6.258500000000000000e+03 7.800127912911552812e+03 1.088072130085879774e-01
6.265500000000000000e+03 7.690758979248978903e+03 1.125066357637787839e-01
6.272500000000000000e+03 7.671584732771263589e+03 1.118330554272288918e-01
6.279500000000000000e+03 7.592129456668915736e+03 1.121041412474915316e-01
6.286500000000000000e+03 7.569878470251550425e+03 1.160853229278481502e-01
6.293500000000000000e+03 7.628440910242315113e+03 1.132411674026670284e-01
6.300500000000000000e+03 7.667818195029678463e+03 1.098872854162753904e-01
6.307500000000000000e+03 7.641135376371868915e+03 1.077227721310962255e-01
6.314500000000000000e+03 7.750884884633843285e+03 1.038641495086017746e-01
6.321500000000000000e+03 7.743304296018714012e+03 1.031360362575803186e-01
6.328500000000000000e+03 7.784769674251039760e+03 1.040318875072614307e-01
6.335500000000000000e+03 7.719673278126811056e+03 1.022321567517328472e-01
6.342500000000000000e+03 7.737338179035657049e+03 9.890380290375590244e-02
6.349500000000000000e+03 7.717198246897792160e+03 9.614943156798820556e-02
6.356500000000000000e+03 7.651863226925521303e+03 9.755575130058055655e-02
6.363500000000000000e+03 7.789382479890836294e+03 9.616920231208110625e-02
6.370500000000000000e+03 7.740669121527648713e+03 9.410256803380932789e-02
6.377500000000000000e+03 7.764642854306934169e+03 9.630662718109013476e-02
6.384500000000000000e+03 7.766050346186628303e+03 9.473587635580058008e-02
6.391500000000000000e+03 7.725285964290091215e+03 9.556784854280123143e-02
6.398500000000000000e+03 7.782544872650089019e+03 9.335649788742907129e-02
6.405500000000000000e+03 7.713434412905540739e+03 9.427949312127797965e-02
6.412500000000000000e+03 7.719211336407279305e+03 9.222250338753235077e-02
6.419500000000000000e+03 7.782919658759877166e+03 9.389916598173901618e-02
6.426500000000000000e+03 7.772986673666252500e+03 9.037942712826324554e-02
6.433500000000000000e+03 7.765966962114290254e+03 9.148933769327191601e-02
6.440500000000000000e+03 7.729398596940603056e+03 8.955651793463946519e-02
6.447500000000000000e+03 7.757478760173064984e+03 8.943601890287596057e-02
6.454500000000000000e+03 7.666480086775234668e+03 9.316798040912241397e-02
6.461500000000000000e+03 7.673658431197728532e+03 9.538636164685701524e-02
6.468500000000000000e+03 7.486651695699600168e+03 9.875511168673339890e-02
6.475500000000000000e+03 7.499797620339456444e+03 9.843571661788468041e-02
6.482500000000000000e+03 7.528184204742783550e+03 9.838870540411155663e-02
6.489500000000000000e+03 7.480627806727847201e+03 9.785097210867635398e-02
6.496500000000000000e+03 7.559669184200201926e+03 9.661711384696537730e-02
6.503500000000000000e+03 7.514286094501512707e+03 9.494775841740164812e-02
6.510500000000000000e+03 7.504844529191685979e+03 9.501525876916892821e-02
6.517500000000000000e+03 7.427057721799994397e+03 9.509903495045353428e-02
6.524500000000000000e+03 7.465328110801729053e+03 9.894344229276562375e-02
6.531500000000000000e+03 7.289381318356367046e+03 9.689637585421145838e-02
6.538500000000000000e+03 7.170234625160329415e+03 9.651042942365319066e-02
6.545500000000000000e+03 6.917863508346209528e+03 9.432289363075975486e-02
6.552500000000000000e+03 6.650509831409785875e+03 8.673374760086656476e-02
6.559500000000000000e+03 6.366131859251847345e+03 7.633357548250213620e-02
6.566500000000000000e+03 6.202311428576508661e+03 6.334423548459962305e-02
6.573500000000000000e+03 6.306418106476751746e+03 6.217110445608947655e-02
6.580500000000000000e+03 6.677437239707988738e+03 7.768616370839746821e-02
6.587500000000000000e+03 6.967632482223618354e+03 9.090888584153615504e-02
6.594500000000000000e+03 7.291227087254105754e+03 9.350163915745167420e-02
6.601500000000000000e+03 7.443764094323105383e+03 8.695785832021311890e-02
6.608500000000000000e+03 7.495600824906820890e+03 8.150357179442489775e-02
6.615500000000000000e+03 7.510963966970887668e+03 7.936283312727210326e-02
6.622500000000000000e+03 7.497137751249059875e+03 7.898125845425868485e-02
6.629500000000000000e+03 7.514859925813506379e+03 7.694552653420379251e-02
6.636500000000000000e+03 7.584407945993181784e+03 7.709346582348058918e-02
6.643500000000000000e+03 7.467704307913098091e+03 7.680396010470315338e-02
6.650500000000000000e+03 7.554098506066897244e+03 7.699251251402586260e-02
6.657500000000000000e+03 7.489600668804813722e+03 7.610666948617639260e-02
6.664500000000000000e+03 7.471884812311540372e+03 7.592874320646983421e-02
6.671500000000000000e+03 7.450254205324193208e+03 7.514317508995127515e-02
6.678500000000000000e+03 7.484000157612832481e+03 7.370785347697088319e-02
6.685500000000000000e+03 7.556139590499707083e+03 7.092100767884788881e-02
6.692500000000000000e+03 7.422436528162161267e+03 7.447786341941052546e-02
6.699500000000000000e+03 7.430300658012703025e+03 7.174125182720482441e-02
6.706500000000000000e+03 7.406785045480677582e+03 7.258341509526633484e-02
6.713500000000000000e+03 7.443246064718613525e+03 7.315568566512194171e-02
6.720500000000000000e+03 7.439388911009001276e+03 7.124268791875210116e-02
6.727500000000000000e+03 7.401551104429910083e+03 7.131594819074908720e-02
6.734500000000000000e+03 7.439900463364422649e+03 7.039087815001583703e-02
6.741500000000000000e+03 7.345052948114786886e+03 7.196399817729545734e-02
6.748500000000000000e+03 7.360239241776270319e+03 7.051411340847117681e-02
6.755500000000000000e+03 7.353354886201625050e+03 7.078904034245618593e-02
6.762500000000000000e+03 7.338794130303169368e+03 6.971877242855524515e-02
6.769500000000000000e+03 7.326385983924736138e+03 6.893818190857523009e-02
6.776500000000000000e+03 7.249422846355356342e+03 6.991898221441585071e-02
6.783500000000000000e+03 7.282841467681753784e+03 6.755647393419081381e-02
6.790500000000000000e+03 7.329109963033842178e+03 6.677967845321144957e-02
6.797500000000000000e+03 7.340985130890097025e+03 6.690888238681190481e-02
6.804500000000000000e+03 7.259571267080134021e+03 6.723104181332367757e-02
6.811500000000000000e+03 7.213436906852325592e+03 6.668774338020058701e-02
6.818500000000000000e+03 7.295551223472340098e+03 6.735063703394802981e-02
6.825500000000000000e+03 7.225173009136670771e+03 6.735642832354786502e-02
6.832500000000000000e+03 7.210668554676502026e+03 6.416578189305036095e-02
6.839500000000000000e+03 7.197119925965478615e+03 6.687349487592157693e-02
6.846500000000000000e+03 7.070436183870739114e+03 7.476099288669398046e-02
6.853500000000000000e+03 6.956078306218599209e+03 9.471195893488847106e-02
6.860500000000000000e+03 6.403554203747103202e+03 1.087590436195435273e-01
6.867500000000000000e+03 5.812669075681060349e+03 8.732084936806616682e-02
6.874500000000000000e+03 5.586191354920129015e+03 9.570095201829753595e-02
6.881500000000000000e+03 5.709404770488264148e+03 1.382852997189187583e-01
6.888500000000000000e+03 5.811860984096021639e+03 1.295596087453874945e-01
6.895500000000000000e+03 5.900974171167640634e+03 1.131951523939132703e-01
6.902500000000000000e+03 6.143153385990382958e+03 1.030011490225156007e-01
6.909500000000000000e+03 6.197739975573871561e+03 1.008515971348274420e-01
6.916500000000000000e+03 6.355340986799668826e+03 9.930706891770829658e-02
6.923500000000000000e+03 6.380672112343975641e+03 9.635031090342884019e-02
6.930500000000000000e+03 6.380406415024824128e+03 9.346672736959910077e-02
6.937500000000000000e+03 6.496659384085726742e+03 9.370213684349328054e-02
6.944500000000000000e+03 6.463721151788608040e+03 8.758558399571575448e-02
6.951500000000000000e+03 6.524840285442447566e+03 8.482129687246654781e-02
6.958500000000000000e+03 6.579427001390751684e+03 7.970777718243909904e-02
6.965500000000000000e+03 6.702326787047650214e+03 7.710024015678659803e-02
6.972500000000000000e+03 6.701870166404272823e+03 7.770874154426099523e-02
6.979500000000000000e+03 6.649670421182934660e+03 7.376254933564420357e-02
6.986500000000000000e+03 6.573931509454248044e+03 7.723310515314305014e-02
6.993500000000000000e+03 6.622607637796449126e+03 7.496417390254711544e-02
7.000500000000000000e+03 6.619249652793246241e+03 7.970695606796811272e-02
7.007500000000000000e+03 6.545839909645902480e+03 7.647167981842485640e-02
7.014500000000000000e+03 6.483790903148071266e+03 7.822460069682471429e-02
7.021500000000000000e+03 6.489067354028165937e+03 7.560596736558895803e-02
7.028500000000000000e+03 6.519809415395871838e+03 7.530882636013851161e-02
7.035500000000000000e+03 6.516168488077832080e+03 7.520044775572223839e-02
7.042500000000000000e+03 6.582793483849017321e+03 6.998240031543047357e-02
7.049500000000000000e+03 6.569256356177646012e+03 6.915570394586939562e-02
7.056500000000000000e+03 6.468055051414517948e+03 6.834113768013133638e-02
7.063500000000000000e+03 6.536050320253526479e+03 6.590253166045453859e-02
7.070500000000000000e+03 6.546222640015962497e+03 6.533525278954034621e-02
7.077500000000000000e+03 6.492357750377475895e+03 6.660134931443618955e-02
7.084500000000000000e+03 6.578718005461380017e+03 6.321269938289104939e-02
7.091500000000000000e+03 6.451541279731184659e+03 6.683651926539445343e-02
7.098500000000000000e+03 6.515451601744034633e+03 6.168383425159065792e-02
7.105500000000000000e+03 6.443132714848879914e+03 5.948460030220380917e-02
7.112500000000000000e+03 6.512463899337959447e+03 5.783342776185353834e-02
7.119500000000000000e+03 6.455523923479536279e+03 5.811790427433505268e-02
7.126500000000000000e+03 6.482642572571673554e+03 5.975928448750060518e-02
7.133500000000000000e+03 6.314968045830461051e+03 6.235212912963050691e-02
7.140500000000000000e+03 6.388849009707932055e+03 6.456410420325169042e-02
7.147500000000000000e+03 6.269081029510557528e+03 6.806692153867602291e-02
7.154500000000000000e+03 6.145500151473281221e+03 7.845096542613061441e-02
7.161500000000000000e+03 5.970522091580483902e+03 9.218007241044356981e-02
7.168500000000000000e+03 5.656737112448688094e+03 1.029062833253653053e-01
7.175500000000000000e+03 5.405463081626002349e+03 1.104302851195116536e-01
7.182500000000000000e+03 5.218631644050218711e+03 1.178893623220945985e-01
7.189500000000000000e+03 5.129506954190216675e+03 1.214351021069179082e-01
7.196500000000000000e+03 5.145880813699097416e+03 1.172802531258631681e-01
7.203500000000000000e+03 5.280643843215722882e+03 1.055637261655194975e-01
7.210500000000000000e+03 5.528138129128863511e+03 1.052120889716225693e-01
7.217500000000000000e+03 5.649453683187347451e+03 1.039609320840253204e-01
7.224500000000000000e+03 5.637359326832046463e+03 9.982556736504909212e-02
7.231500000000000000e+03 5.496004554919504699e+03 9.337234258512866480e-02
7.238500000000000000e+03 5.259786300195220065e+03 9.623813980665173184e-02
7.245500000000000000e+03 5.246418192861659918e+03 1.051117985929799076e-01
7.252500000000000000e+03 5.255826375075664146e+03 1.121513380676581184e-01
7.259500000000000000e+03 5.287205893732640106e+03 1.118397826733845551e-01
7.266500000000000000e+03 5.256110512383869718e+03 1.104855254193372466e-01
7.273500000000000000e+03 5.211302568033296666e+03 1.025476190363455858e-01
7.280500000000000000e+03 5.231113780580802086e+03 1.059355929823203868e-01
7.287500000000000000e+03 5.270406398388713569e+03 1.041522292827394558e-01
7.294500000000000000e+03 5.350393613435878251e+03 1.002878300042726184e-01
7.301500000000000000e+03 5.369355781351598125e+03 9.840688806444217174e-02
7.308500000000000000e+03 5.330484949338519982e+03 9.498451416469680386e-02
7.315500000000000000e+03 5.419040230329613223e+03 8.868831925759282364e-02
7.322500000000000000e+03 5.516269165559747307e+03 8.362458827822581708e-02
7.329500000000000000e+03 5.575473755003950828e+03 7.561035360392132088e-02
7.336500000000000000e+03 5.713941508939560663e+03 7.051111158389317124e-02
7.343500000000000000e+03 5.682896348195218707e+03 6.877980884098876257e-02
7.350500000000000000e+03 5.630232741103759508e+03 6.658158863641706893e-02
7.357500000000000000e+03 5.688167921085874696e+03 6.499678826646852758e-02
7.364500000000000000e+03 5.704758886652143701e+03 6.318545777870865354e-02
7.371500000000000000e+03 5.654447660485914639e+03 6.155281885767088790e-02
7.378500000000000000e+03 5.710959224933441874e+03 5.973154368281467091e-02
7.385500000000000000e+03 5.617497488274942953e+03 5.786689398038008525e-02
7.392500000000000000e+03 5.639492481433099783e+03 5.636703575185937620e-02
7.399500000000000000e+03 5.671423360133274400e+03 5.321362039680096329e-02
7.406500000000000000e+03 5.624857623486456760e+03 5.040540680875318924e-02
7.413500000000000000e+03 5.560801182145172788e+03 5.112385074565737458e-02
7.420500000000000000e+03 5.633082568477147106e+03 4.869258520979601046e-02
7.427500000000000000e+03 5.669646121653096088e+03 4.837445011964908864e-02
7.434500000000000000e+03 5.623462611391340033e+03 4.750668864977962425e-02
7.441500000000000000e+03 5.567500551025759705e+03 4.679900820006682033e-02
7.448500000000000000e+03 5.552571561686780115e+03 4.715162344750688933e-02
7.455500000000000000e+03 5.542867504705808642e+03 4.488447557738264176e-02
7.462500000000000000e+03 5.516130785674780782e+03 4.385139684893133577e-02
7.469500000000000000e+03 5.487236690423701475e+03 4.647509787524489039e-02
7.476500000000000000e+03 5.488300588805582265e+03 4.306064882612573030e-02
7.483500000000000000e+03 5.479844692884156757e+03 4.629429019688854896e-02
7.490500000000000000e+03 5.451998286898136030e+03 4.357752005968620196e-02
7.497500000000000000e+03 5.439181318073530747e+03 4.494437716254325726e-02
7.504500000000000000e+03 5.380386717360872353e+03 4.523017795689812659e-02
7.511500000000000000e+03 5.361134579467176991e+03 4.509329804625809845e-02
7.518500000000000000e+03 5.364451617162079856e+03 4.411980082570943207e-02
7.525500000000000000e+03 5.343108193851132455e+03 4.366518145297024200e-02
7.532500000000000000e+03 5.289207674967139610e+03 4.431109620495045365e-02
7.539500000000000000e+03 5.232569506410567556e+03 4.233991506323095400e-02
7.546500000000000000e+03 5.246871574092855553e+03 4.336236596701593948e-02
7.553500000000000000e+03 5.172897556906104910e+03 4.330799439469371070e-02
7.560500000000000000e+03 5.209438261431496358e+03 4.394895138714276228e-02
7.567500000000000000e+03 5.143123155060064164e+03 4.767489160056428282e-02
7.574500000000000000e+03 5.006379682792079620e+03 6.450570169794389574e-02
7.581500000000000000e+03 4.586813082369946642e+03 1.176014566604001582e-01
7.588500000000000000e+03 3.748664583437917372e+03 1.680772879695951738e-01
7.595500000000000000e+03 2.536715727778871496e+03 1.232258990433091894e-01
7.602500000000000000e+03 1.744210148272578181e+03 6.449129440337050823e-02
7.609500000000000000e+03 1.637370429810442602e+03 2.403112190837055628e-01
7.616500000000000000e+03 1.910092166900847815e+03 3.966557355116911987e-01
7.623500000000000000e+03 2.125247197244424115e+03 3.576327109192002363e-01
7.630500000000000000e+03 2.145770124433745423e+03 2.707175059050253019e-01
7.637500000000000000e+03 2.240420544610556135e+03 2.449247251652198476e-01
7.644500000000000000e+03 2.529812919179815708e+03 2.275319910456738981e-01
7.651500000000000000e+03 2.933160242183304490e+03 1.919358561333660285e-01
7.658500000000000000e+03 3.425576961711679814e+03 1.564270676826190198e-01
7.665500000000000000e+03 3.742039091351719435e+03 1.258907989989051790e-01
7.672500000000000000e+03 4.007131798131499636e+03 1.012950314824498516e-01
7.679500000000000000e+03 4.227016578516493610e+03 8.256860919845895874e-02
7.686500000000000000e+03 4.388715781669204262e+03 7.095340613482535586e-02
7.693500000000000000e+03 4.530809439685682264e+03 6.103738645048210898e-02
7.700500000000000000e+03 4.527449358449865031e+03 5.615857576791101480e-02
7.707500000000000000e+03 4.546546948940019320e+03 5.279998645489955567e-02
7.714500000000000000e+03 4.566188708370306813e+03 4.692732791065366837e-02
7.721500000000000000e+03 4.570955473489796532e+03 4.581636434127359103e-02
7.728500000000000000e+03 4.544895042480376105e+03 4.438731984739883313e-02
7.735500000000000000e+03 4.532898204859377074e+03 4.132630170145575738e-02
7.742500000000000000e+03 4.554767662346833276e+03 4.113104677118417651e-02
7.749500000000000000e+03 4.589189020699335742e+03 4.131465758326672427e-02
7.756500000000000000e+03 4.504074663236857305e+03 4.136106866487594680e-02
7.763500000000000000e+03 4.430075587409703076e+03 3.968379359877600987e-02
7.770500000000000000e+03 4.424151563009867459e+03 3.813552897116674611e-02
7.777500000000000000e+03 4.372922928484907970e+03 3.768765410150035078e-02
7.784500000000000000e+03 4.383989534557415027e+03 3.965406777134385802e-02
7.791500000000000000e+03 4.339494179987963435e+03 4.202488690894097545e-02
7.798500000000000000e+03 4.352362046361969078e+03 3.978432565416509942e-02
7.805500000000000000e+03 4.338851232438487386e+03 3.819338943797873781e-02
7.812500000000000000e+03 4.341666836937482003e+03 3.989607286076658071e-02
7.819500000000000000e+03 4.341802768119541724e+03 3.905823641590587536e-02
7.826500000000000000e+03 4.273902702849981324e+03 3.576528883057116665e-02
7.833500000000000000e+03 4.244773373906004963e+03 3.880877862958838354e-02
7.840500000000000000e+03 4.201795712250460383e+03 3.923847059298151557e-02
7.847500000000000000e+03 4.145271031386299001e+03 4.139034301205431199e-02
7.854500000000000000e+03 4.159225511277009900e+03 4.327145559704839023e-02
7.861500000000000000e+03 4.151541430038470935e+03 4.109235054204037757e-02
7.868500000000000000e+03 4.107122704638520190e+03 4.474099330209503622e-02
7.875500000000000000e+03 4.030215408551009659e+03 4.587684309204922289e-02
7.882500000000000000e+03 4.003071916141318070e+03 4.661888476986388724e-02
7.889500000000000000e+03 3.911113714659327798e+03 4.989001721461025496e-02
7.896500000000000000e+03 3.897551734316474267e+03 4.828730107723510495e-02
7.903500000000000000e+03 3.921347387460157279e+03 5.172920861610751792e-02
7.910500000000000000e+03 3.898317197585280610e+03 4.913587561492739619e-02
7.917500000000000000e+03 3.957500056734822920e+03 4.904932122144079615e-02
7.924500000000000000e+03 3.874486081819266929e+03 4.456398287631797156e-02
7.931500000000000000e+03 3.889028933033054727e+03 4.368363466701483122e-02
7.938500000000000000e+03 3.829760227361353827e+03 4.441673379370514319e-02
7.945500000000000000e+03 3.834562789040674488e+03 4.291701795174827222e-02
7.952500000000000000e+03 3.803648725741650196e+03 4.409741619236250132e-02
7.959500000000000000e+03 3.736697430223814081e+03 4.644031185877313395e-02
7.966500000000000000e+03 3.785362031035775544e+03 4.596652882105256577e-02
7.973500000000000000e+03 3.776797334661100649e+03 4.735710976860744992e-02
7.980500000000000000e+03 3.736045098766445335e+03 4.648798499215305025e-02
7.987500000000000000e+03 3.631018059821269617e+03 4.506880543822890800e-02
7.994500000000000000e+03 3.693714288668065819e+03 4.557259464951724653e-02
8.001500000000000000e+03 3.695628164784502133e+03 4.228493343480150407e-02
8.008500000000000000e+03 3.608929921417097376e+03 5.050468859412445000e-02
8.015500000000000000e+03 3.598555086436720103e+03 4.809573666342337184e-02
8.022500000000000000e+03 3.586874652451408110e+03 4.868642582537602986e-02
8.029500000000000000e+03 3.508461796755592331e+03 5.051082188109147497e-02
8.036500000000000000e+03 3.524296430639113169e+03 4.619106891391311365e-02
8.043500000000000000e+03 3.523967200812492592e+03 4.449830176363329948e-02
8.050500000000000000e+03 3.577341246085505645e+03 4.162184691983169399e-02
8.057500000000000000e+03 3.544455045559284827e+03 4.259966655936706093e-02
8.064500000000000000e+03 3.572328865157970995e+03 4.061935253569171761e-02
8.071500000000000000e+03 3.546314656010924409e+03 4.263817279212190475e-02
8.078500000000000000e+03 3.473561411296912866e+03 4.087955811934730621e-02
8.085500000000000000e+03 3.477146551601765168e+03 4.126550248258493286e-02
8.092500000000000000e+03 3.441621680536237363e+03 4.302430474623785556e-02
8.099500000000000000e+03 3.383803608099875873e+03 4.834495778729278048e-02
8.106500000000000000e+03 3.326144180273790880e+03 5.243287166185250925e-02
8.113500000000000000e+03 3.320743265122415323e+03 5.558481234449336866e-02
8.120500000000000000e+03 3.242457328261061321e+03 6.345961234435548715e-02
8.127500000000000000e+03 3.107381750854855909e+03 7.100981892178832855e-02
8.134500000000000000e+03 3.003292310919394367e+03 7.663529371620504682e-02
8.141500000000000000e+03 2.907086873455441946e+03 9.024374581293977127e-02
8.148500000000000000e+03 2.862085273590386350e+03 9.497309300910383723e-02
8.155500000000000000e+03 2.729339872168981401e+03 9.937966133586996487e-02
8.162500000000000000e+03 2.719133783416838924e+03 9.574930545878582167e-02
8.169500000000000000e+03 2.666210982001412958e+03 1.050290789041564976e-01
8.176500000000000000e+03 2.709271827927182130e+03 9.809207016323137629e-02
8.183500000000000000e+03 2.783388645753566834e+03 9.077172886607676183e-02
8.190500000000000000e+03 2.777874159158998737e+03 8.339714355828438397e-02
8.197500000000000000e+03 2.853495655690916919e+03 7.359215112292648298e-02
8.204500000000000000e+03 2.946159391796464661e+03 8.218344071857479338e-02
8.211500000000000000e+03 2.905763760955256203e+03 9.098889469155392595e-02
8.218500000000000000e+03 2.767267162634214856e+03 9.337790169255687223e-02
8.225500000000000000e+03 2.659332031793787337e+03 6.868700408156440396e-02
8.232500000000000000e+03 2.589631045255307527e+03 6.905606109102711831e-02
8.239500000000000000e+03 2.764986296818300161e+03 8.944651900130928812e-02
8.246500000000000000e+03 2.926942262455065247e+03 8.372731695015432629e-02
8.253500000000000000e+03 2.947600300184052230e+03 6.437710960087408840e-02
8.260500000000000000e+03 2.866764579763731945e+03 6.585013179386174642e-02
8.267500000000000000e+03 2.832092182462234632e+03 7.359774801793696197e-02
8.274500000000000000e+03 2.754329979978516349e+03 6.868140206870833320e-02
8.281500000000000000e+03 2.740644338373439496e+03 6.786504630849271580e-02
8.288500000000000000e+03 2.753700746188541416e+03 7.137142993758729959e-02
8.295500000000000000e+03 2.703924834466784432e+03 7.470833791934777812e-02
8.302500000000000000e+03 2.788760264657576954e+03 6.967555388270703365e-02
8.309500000000000000e+03 2.813328374668669767e+03 6.823971611013793237e-02
8.316500000000000000e+03 2.810647982380243775e+03 6.142394018190099753e-02
8.323500000000000000e+03 2.784751401818436079e+03 5.958495756534164939e-02
8.330500000000000000e+03 2.807019213816620322e+03 6.256677228488642661e-02
8.337500000000000000e+03 2.862683386012482060e+03 5.582938399131968932e-02
8.344500000000000000e+03 2.814273635043659851e+03 5.504415153945409894e-02
8.351500000000000000e+03 2.838130114283564581e+03 5.028983349017160376e-02
8.358500000000000000e+03 2.869144964876355971e+03 4.603306525736980404e-02
8.365500000000000000e+03 2.865286578108366029e+03 4.853322831462673903e-02
8.372500000000000000e+03 2.826848980367245986e+03 4.713572964131072102e-02
8.379500000000000000e+03 2.900566565292300766e+03 4.039763861823784941e-02
8.386500000000000000e+03 2.789862394405020495e+03 4.149147870885355749e-02
8.393500000000000000e+03 2.806433733266752370e+03 4.314392710977647816e-02
8.400500000000000000e+03 2.873441301005835612e+03 4.091060112896034023e-02
8.407500000000000000e+03 2.819119836660563578e+03 4.059615033179119620e-02
8.414500000000000000e+03 2.771534828795834983e+03 3.717963152781825209e-02
8.421500000000000000e+03 2.832594474307086330e+03 3.721870526883869906e-02
8.428500000000000000e+03 2.793317976990459101e+03 3.604672895766170004e-02
8.435500000000000000e+03 2.778924646778948500e+03 3.230491243532082613e-02
8.442500000000000000e+03 2.749249256536051689e+03 2.993400294775325210e-02
8.449500000000000000e+03 2.738203556119878158e+03 3.204722173349495301e-02
8.456500000000000000e+03 2.766530558868032131e+03 3.210587490310470860e-02
8.463500000000000000e+03 2.750871307552140024e+03 3.265962344399641476e-02
8.470500000000000000e+03 2.695231369927220385e+03 3.323341663484524755e-02
8.477500000000000000e+03 2.771314740469324988e+03 3.282889208447952595e-02
8.484500000000000000e+03 2.677818653092622299e+03 3.333844911674505029e-02
8.491500000000000000e+03 2.670479385638089752e+03 3.374372707472713534e-02
8.498500000000000000e+03 2.674989183765120288e+03 3.092699227373929896e-02
8.505500000000000000e+03 2.636527106648020890e+03 2.762257522594244522e-02
8.512500000000000000e+03 2.707768826931338936e+03 2.687635388713433340e-02
8.519500000000000000e+03 2.673249190156029726e+03 3.347565024243748938e-02
8.526500000000000000e+03 2.667222170566649311e+03 3.698580221295993953e-02
8.533500000000000000e+03 2.638755689655577953e+03 3.648101924812990893e-02
8.540500000000000000e+03 2.576488641564621048e+03 2.760150269893921551e-02
8.547500000000000000e+03 2.576091547631351659e+03 2.024512044229300617e-02
8.554500000000000000e+03 2.580221912485093981e+03 2.187947689080327329e-02
8.561500000000000000e+03 2.654808120688725921e+03 3.113580010723040678e-02
8.568500000000000000e+03 2.615858160266170216e+03 3.662221519895780819e-02
8.575500000000000000e+03 2.591290955306239084e+03 3.904986439645533741e-02
8.582500000000000000e+03 2.550310081299945978e+03 3.157780020653132985e-02
8.589500000000000000e+03 2.534616904384980899e+03 2.317224734940010258e-02
8.596500000000000000e+03 2.492085761733619620e+03 2.454019094010564603e-02
8.603500000000000000e+03 2.569758031541074615e+03 2.126757747586018737e-02
8.610500000000000000e+03 2.526021462706754392e+03 2.096469674048975079e-02
8.617500000000000000e+03 2.568641788070641724e+03 2.832927982125596489e-02
8.624500000000000000e+03 2.613090859581085169e+03 3.365600824086115161e-02
8.631500000000000000e+03 2.618254162028604696e+03 3.236996610134373203e-02
8.638500000000000000e+03 2.630203931333870969e+03 3.446008868198398994e-02
8.645500000000000000e+03 2.595139790037243529e+03 3.288669285691554062e-02
8.652500000000000000e+03 2.472160897962718536e+03 3.224633598356859560e-02
8.659500000000000000e+03 2.438882035840413664e+03 2.153082244369475956e-02
8.666500000000000000e+03 2.436494622858339426e+03 1.245997267729865958e-02
8.673500000000000000e+03 2.442588448217979476e+03 1.018672053169433420e-02
8.680500000000000000e+03 2.474031830769064527e+03 2.366739051628797066e-02
8.687500000000000000e+03 2.532309595306136544e+03 3.098660351632056761e-02
8.694500000000000000e+03 2.562366986201225700e+03 3.486684765331366648e-02
8.701500000000000000e+03 2.654211767488069654e+03 3.087358146448240109e-02
8.708500000000000000e+03 2.627694012609893434e+03 3.249402223404931206e-02
8.715500000000000000e+03 2.576876250235686712e+03 3.259062788973766944e-02
8.722500000000000000e+03 2.595788703279332822e+03 3.358068284647000579e-02
8.729500000000000000e+03 2.505514181581811499e+03 3.240159461893066944e-02
8.736500000000000000e+03 2.424933124377153945e+03 2.670583487614781176e-02
8.743500000000000000e+03 2.341833603086088715e+03 1.409548986652666737e-02
8.750500000000000000e+03 2.315390455371904409e+03 8.970435202432576471e-03
8.757500000000000000e+03 2.296770269965893476e+03 1.425837819842621333e-02
8.764500000000000000e+03 2.374146345205587750e+03 2.398484173374978295e-02
8.771500000000000000e+03 2.452760567400864602e+03 2.789899747103017844e-02
8.778500000000000000e+03 2.512028193641974667e+03 2.907336265503686346e-02
8.785500000000000000e+03 2.533213996073370708e+03 3.095928572294079362e-02
8.792500000000000000e+03 2.568851463265705661e+03 2.994262523046021043e-02
8.799500000000000000e+03 2.558279418349895877e+03 3.038860215118752844e-02
8.806500000000000000e+03 2.584231904209016193e+03 2.871308585619348347e-02
8.813500000000000000e+03 2.577764765090533729e+03 2.869347864408849577e-02
8.820500000000000000e+03 2.549955645524898500e+03 2.968421253645455934e-02
8.827500000000000000e+03 2.496192127171611901e+03 3.198986183311279541e-02
8.834500000000000000e+03 2.418971691912315237e+03 3.084299001915703775e-02
8.841500000000000000e+03 2.359473402309624362e+03 3.093512505722252615e-02
8.848500000000000000e+03 2.290716067664304774e+03 2.977308396867000759e-02
8.855500000000000000e+03 2.189857434310231383e+03 2.380901703709933231e-02
8.862500000000000000e+03 2.133171517431238044e+03 1.532215573882944951e-02
8.869500000000000000e+03 2.118506050995582427e+03 1.146153323319051148e-02
8.876500000000000000e+03 2.186202957079219686e+03 1.560863850158379813e-02
8.883500000000000000e+03 2.252706098643319820e+03 2.684321092920457369e-02
8.890500000000000000e+03 2.294087639658555418e+03 3.399615818590761424e-02
8.897500000000000000e+03 2.395373715455222737e+03 3.275340012162143710e-02
8.904500000000000000e+03 2.373149415582055099e+03 3.341358388973016819e-02
8.911500000000000000e+03 2.444777192844240744e+03 3.430227016935269435e-02
8.918500000000000000e+03 2.395766530297828922e+03 3.647908841719008782e-02
8.925500000000000000e+03 2.381211997976261955e+03 3.994707351822003594e-02
8.932500000000000000e+03 2.331184251618120015e+03 4.595302091649507842e-02
8.939500000000000000e+03 2.297091272739422038e+03 5.962932154269106472e-02
8.946500000000000000e+03 2.224535837756081492e+03 6.621670500295882833e-02
8.953500000000000000e+03 2.101146067028369998e+03 7.778228482857035830e-02
8.960500000000000000e+03 2.031810560172307987e+03 8.323380226024587603e-02
8.967500000000000000e+03 1.937653318101870582e+03 9.013571902408053227e-02
8.974500000000000000e+03 1.911494505345952348e+03 1.071633300572034375e-01
8.981500000000000000e+03 1.795984041119994799e+03 1.144192544965261238e-01
8.988500000000000000e+03 1.682446068523603572e+03 1.010842467081702611e-01
8.995500000000000000e+03 1.631956358062830986e+03 1.103091964501614203e-01
9.002500000000000000e+03 1.562136269416858568e+03 1.078461535595889587e-01
9.009500000000000000e+03 1.550803748723387798e+03 8.655194866168361423e-02
9.016500000000000000e+03 1.595666549990383828e+03 7.774621630594753807e-02
9.023500000000000000e+03 1.640998745544719441e+03 6.864536904961139607e-02
9.030500000000000000e+03 1.755961601533096427e+03 7.363717199643531053e-02
9.037500000000000000e+03 1.868078372308724283e+03 8.011759914297339469e-02
9.044500000000000000e+03 1.955779911661156120e+03 7.478065561737241851e-02
9.051500000000000000e+03 2.051191270053812332e+03 7.933029261235818863e-02
9.058500000000000000e+03 1.935517969138215904e+03 9.100268215773663072e-02
9.065500000000000000e+03 1.862963633691257655e+03 8.534241746781393023e-02
9.072500000000000000e+03 1.822305164796998497e+03 9.102962316483045879e-02
9.079500000000000000e+03 1.730214524198010622e+03 1.039282237649028356e-01
9.086500000000000000e+03 1.734248505770862266e+03 1.124151803358561380e-01
9.093500000000000000e+03 1.737887373826688190e+03 1.124359286582105183e-01
9.100500000000000000e+03 1.791799327047280713e+03 1.046167531158691127e-01
9.107500000000000000e+03 1.782563418611925499e+03 1.062548181398792480e-01
9.114500000000000000e+03 1.743856339260060395e+03 1.182209770293559808e-01
9.121500000000000000e+03 1.732016577396786033e+03 1.216507412910007718e-01
9.128500000000000000e+03 1.672457239594393059e+03 1.108994908219189390e-01
9.135500000000000000e+03 1.675314172475094438e+03 1.091786120346821959e-01
9.142500000000000000e+03 1.619044032717127266e+03 1.434866568987871460e-01
9.149500000000000000e+03 1.633619486238816307e+03 1.241026350836701986e-01
9.156500000000000000e+03 1.633145797050454576e+03 1.089373847058858896e-01
9.163500000000000000e+03 1.656956672739869418e+03 1.340823990845477487e-01
9.170500000000000000e+03 1.654313011723922955e+03 1.136008792403650491e-01
9.177500000000000000e+03 1.628048832814547950e+03 9.805982924925622790e-02
9.184500000000000000e+03 1.695260183019484657e+03 1.024991715244698287e-01
9.191500000000000000e+03 1.740872345027189567e+03 9.122071567559576766e-02
9.198500000000000000e+03 1.769312732037525848e+03 8.262617279955891680e-02
9.205500000000000000e+03 1.764585351316859715e+03 8.167880878745895079e-02
9.212500000000000000e+03 1.639320987222438134e+03 7.075042963067067203e-02
9.219500000000000000e+03 1.593420226175282778e+03 6.129745350383777880e-02
9.226500000000000000e+03 1.488447803702716101e+03 5.812506329685938888e-02
9.233500000000000000e+03 1.457464534584583134e+03 5.630389311509696043e-02
9.240500000000000000e+03 1.499346693467803334e+03 7.029027861114002518e-02
9.247500000000000000e+03 1.537734157416679409e+03 8.296536077832680767e-02
9.254500000000000000e+03 1.593318997840891598e+03 9.135052678817215388e-02
9.261500000000000000e+03 1.643081123891012794e+03 9.606889111366403999e-02
9.268500000000000000e+03 1.602152685533308158e+03 1.125789486901762892e-01
9.275500000000000000e+03 1.513920120213942482e+03 1.243757456842615461e-01
9.282500000000000000e+03 1.390615563139583401e+03 1.451816063284024627e-01
9.289500000000000000e+03 1.301915316949311546e+03 1.783085596418491903e-01
9.296500000000000000e+03 1.187518392357153061e+03 1.933375478286044058e-01
9.303500000000000000e+03 1.130448579054671427e+03 2.143118355192303870e-01
9.310500000000000000e+03 9.820880891662040995e+02 2.454630692602172981e-01
9.317500000000000000e+03 8.282871881245957866e+02 2.671014246971413209e-01
9.324500000000000000e+03 7.254530489738792767e+02 3.191524185865536323e-01
9.331500000000000000e+03 6.334427903346215771e+02 3.656583186812997210e-01
9.338500000000000000e+03 5.760422590558947604e+02 3.282616726501665361e-01
9.345500000000000000e+03 5.791149900982139798e+02 3.486635315171215388e-01
9.352500000000000000e+03 6.057265388318438681e+02 3.771870241926690293e-01
9.359500000000000000e+03 6.355483472990937344e+02 3.681151910091622903e-01
9.366500000000000000e+03 6.791517424341375317e+02 3.440488091051045472e-01
9.373500000000000000e+03 6.771260754129687029e+02 2.977075753661704849e-01
9.380500000000000000e+03 7.768042360199046925e+02 2.477704269436728501e-01
9.387500000000000000e+03 9.742496696351917080e+02 2.543315833898159295e-01
9.394500000000000000e+03 1.072199847799368172e+03 2.648815522904360287e-01
9.401500000000000000e+03 1.143761385207192006e+03 2.195417691713090202e-01
9.408500000000000000e+03 1.049616096956503725e+03 2.165269844879737227e-01
9.415500000000000000e+03 9.763159557305261842e+02 2.472913775942368608e-01
9.422500000000000000e+03 9.499334509456824662e+02 2.433130129654076934e-01
9.429500000000000000e+03 8.805136554375749256e+02 2.373503418009525467e-01
9.436500000000000000e+03 7.756411045839540748e+02 2.478980385151674237e-01
9.443500000000000000e+03 8.197609629720108160e+02 2.441307848572235040e-01
9.450500000000000000e+03 8.132572309960962684e+02 2.927933452272837855e-01
9.457500000000000000e+03 8.347069384002259085e+02 2.511395577306574922e-01
9.464500000000000000e+03 8.181031678384908901e+02 2.626744674193263185e-01
9.471500000000000000e+03 8.363417189912738650e+02 2.738607355597795223e-01
9.478500000000000000e+03 9.149341488362499604e+02 2.388407749904927491e-01
9.485500000000000000e+03 8.668174692435990210e+02 2.755467611129075456e-01
9.492500000000000000e+03 8.439848354456195239e+02 2.405607909247996501e-01
9.499500000000000000e+03 8.194838201310550403e+02 1.926080697400190389e-01
9.506500000000000000e+03 8.256847963015685536e+02 2.844256481007553239e-01
9.513500000000000000e+03 8.110313522550392236e+02 2.871500157074957649e-01
9.520500000000000000e+03 8.136158266799073999e+02 2.107249909909162111e-01
9.527500000000000000e+03 8.114790198356587325e+02 2.418283352107937212e-01
9.534500000000000000e+03 7.642423212025355497e+02 2.691555805821376213e-01
9.541500000000000000e+03 7.369518268129661465e+02 2.235676567954833494e-01
9.548500000000000000e+03 7.525297959195563635e+02 1.964254625606186577e-01
9.555500000000000000e+03 7.221544725521365535e+02 2.044755016627323452e-01
9.562500000000000000e+03 7.626485260959044581e+02 1.994044737668098644e-01
9.569500000000000000e+03 8.122338462724078454e+02 2.227666205000635169e-01
9.576500000000000000e+03 8.699975407423729621e+02 2.423290695770417835e-01
9.583500000000000000e+03 8.738417844413819466e+02 2.091290741687256982e-01
9.590500000000000000e+03 9.048804482949053636e+02 1.726060625402667525e-01
9.597500000000000000e+03 9.341585268149581225e+02 1.951300113760735810e-01
9.604500000000000000e+03 9.510341336611541010e+02 2.137755403679439392e-01
9.611500000000000000e+03 1.016284465814322857e+03 1.965368505518872988e-01
9.618500000000000000e+03 1.060460923393224220e+03 1.610306333413044633e-01
9.625500000000000000e+03 1.025626163882809124e+03 1.614921155577614120e-01
9.632500000000000000e+03 1.000486126621490257e+03 1.734103015624488264e-01
9.639500000000000000e+03 1.035343628981337133e+03 1.387033789523579586e-01
9.646500000000000000e+03 1.024572287676954375e+03 1.505102152022789463e-01
9.653500000000000000e+03 1.074586460848477600e+03 1.640030639375343047e-01
9.660500000000000000e+03 1.095221629705191617e+03 1.295561063425927639e-01
9.667500000000000000e+03 1.130568561901173553e+03 1.098981393802783008e-01
9.674500000000000000e+03 1.209847448520876469e+03 1.091765698763277614e-01
9.681500000000000000e+03 1.279191863150973631e+03 8.874876970391355757e-02
9.688500000000000000e+03 1.299067761916616519e+03 8.458708993031902046e-02
9.695500000000000000e+03 1.279163821043453027e+03 7.516303894695830490e-02
9.702500000000000000e+03 1.293349329473119042e+03 7.003483611829734723e-02
9.709500000000000000e+03 1.308614435909220447e+03 7.323662985629157685e-02
9.716500000000000000e+03 1.254547212273675768e+03 7.848765525663618792e-02
9.723500000000000000e+03 1.223179059928625975e+03 8.646917986842656001e-02
9.730500000000000000e+03 1.168551733400586045e+03 8.787911079106354439e-02
9.737500000000000000e+03 1.171495583798983262e+03 8.833262927876014969e-02
9.744500000000000000e+03 1.123092097034269727e+03 9.972945789241885461e-02
9.751500000000000000e+03 1.134449473352025734e+03 9.445740407739504352e-02
9.758500000000000000e+03 1.150328439688548769e+03 8.540096421483305000e-02
9.765500000000000000e+03 1.134822457046685258e+03 9.482839566144812826e-02
9.772500000000000000e+03 1.166671149767884572e+03 9.405230831309289996e-02
9.779500000000000000e+03 1.184537438288110934e+03 8.217322144725794364e-02
9.786500000000000000e+03 1.178787542049577041e+03 7.110845826813105841e-02
9.793500000000000000e+03 1.127161295975192616e+03 6.966617405123483320e-02
9.800500000000000000e+03 1.144312286166445119e+03 6.559080455451038461e-02
9.807500000000000000e+03 1.181259927568276453e+03 6.833846331788739903e-02
9.814500000000000000e+03 1.203852072843609449e+03 6.521199833743991647e-02
9.821500000000000000e+03 1.235999136452747962e+03 5.440148008893870568e-02
9.828500000000000000e+03 1.179071118890627076e+03 5.057047941602938607e-02
9.835500000000000000e+03 1.204177069474528025e+03 5.056283955274299552e-02
9.842500000000000000e+03 1.186265821790945211e+03 4.823756665053643977e-02
9.849500000000000000e+03 1.191672986163682708e+03 3.887820519027516269e-02
9.856500000000000000e+03 1.180955245812751627e+03 4.319622219720434253e-02
9.863500000000000000e+03 1.172435744559411432e+03 3.599801874323425854e-02
9.870500000000000000e+03 1.201638792150966538e+03 2.901596325015272024e-02
9.877500000000000000e+03 1.183726987809141065e+03 2.838111005211184021e-02
9.884500000000000000e+03 1.225811699401663418e+03 2.729183108209879555e-02
9.891500000000000000e+03 1.162443283713888832e+03 2.443512074029938544e-02
9.898500000000000000e+03 1.221703096250421822e+03 2.399915713861190333e-02
9.905500000000000000e+03 1.147953626367808511e+03 2.422693584852806531e-02
9.912500000000000000e+03 1.164926832082122246e+03 2.486405663441307659e-02
9.919500000000000000e+03 1.111444343054985211e+03 2.544229088514563322e-02
9.926500000000000000e+03 1.115126674959062939e+03 2.341652228785302131e-02
9.933500000000000000e+03 1.142527766705849672e+03 2.421293169566594849e-02
9.940500000000000000e+03 1.114883376826152244e+03 2.267657747636326812e-02
9.947500000000000000e+03 1.086268688296179789e+03 2.199781294415449270e-02
9.954500000000000000e+03 1.084834650908702315e+03 1.695342174325481857e-02
9.961500000000000000e+03 1.051206261768413697e+03 2.205512412399801558e-02
9.968500000000000000e+03 1.045273883827264626e+03 2.163906175929927386e-02
9.975500000000000000e+03 1.011547000902339050e+03 2.297216602578006778e-02
9.982500000000000000e+03 1.004200395499166802e+03 1.972807367984122026e-02
9.989500000000000000e+03 9.917088405118846595e+02 1.881828552081730999e-02
9.996500000000000000e+03 1.010192442712441448e+03 1.119841570894105492e-02
