# wavelength angstroms, flux, ext coeff
3.001800000000000182e+03 6.709090997843701349e-05 4.199858363083179391e+00
3.005300000000000182e+03 1.412750965558855709e+00 0.000000000000000000e+00
3.008800000000000182e+03 5.552892628750301540e+00 8.390858004101746648e-01
3.012300000000000182e+03 1.939916997213765981e+01 5.979554399854846158e-01
3.015800000000000182e+03 4.445004058779564282e+00 0.000000000000000000e+00
3.019300000000000182e+03 5.651623639672837207e+00 0.000000000000000000e+00
3.022800000000000182e+03 2.984671604941273038e-01 1.720560619182483597e+00
3.026300000000000182e+03 1.142967610597335515e+01 8.339790001581109946e-01
3.029800000000000182e+03 1.191969302711089185e+01 8.603406689666355245e-01
3.033300000000000182e+03 1.756372785518366797e+01 0.000000000000000000e+00
3.036800000000000182e+03 3.454289339619328048e-01 1.929876700804257439e+00
3.040300000000000182e+03 5.080565512765402580e+00 1.188323675675797775e+00
3.043800000000000182e+03 3.977744105285417930e+01 0.000000000000000000e+00
3.047300000000000182e+03 4.852024712349771107e+01 0.000000000000000000e+00
3.050800000000000182e+03 2.651821582027350743e+00 1.481011595917360868e+00
3.054300000000000182e+03 2.722467203925329926e+00 1.526369921199345114e+00
3.057800000000000182e+03 2.304493241329990560e+00 1.615743711047774589e+00
3.061300000000000182e+03 1.013979917809948184e+01 1.208406919522006406e+00
3.064800000000000182e+03 1.246201594553439946e+02 0.000000000000000000e+00
3.068300000000000182e+03 5.795678158602683538e+00 1.470520009731955735e+00
3.071800000000000182e+03 5.508121799937925722e+00 1.544546524575592050e+00
3.075300000000000182e+03 8.248499852220780859e-01 2.312902160154914899e+00
3.078800000000000182e+03 1.237294404517199853e+00 2.229368302555258641e+00
3.082300000000000182e+03 1.568044809510034998e+00 2.167934651039201022e+00
3.085800000000000182e+03 6.741621736501985040e+00 1.669582952533275266e+00
3.089300000000000182e+03 6.498000569223862044e+00 1.734216501178771130e+00
3.092800000000000182e+03 2.325915472450150645e+01 1.325932178602511557e+00
3.096300000000000182e+03 1.768463129304173265e+01 1.470529861979604336e+00
3.099800000000000182e+03 6.841413631881828827e+00 1.874605092151049757e+00
3.103300000000000182e+03 8.501049971218259671e+00 1.843837866881967713e+00
3.106800000000000182e+03 2.420038738588189986e+01 1.464445758884197257e+00
3.110300000000000182e+03 1.125447047493455521e+01 1.782515699197406711e+00
3.113800000000000182e+03 1.289247015295086030e+01 1.758211055997635830e+00
3.117300000000000182e+03 1.544938820812406455e+01 1.719069294899570721e+00
3.120800000000000182e+03 1.841009246793480258e+01 1.678772951974400574e+00
3.124300000000000182e+03 6.055383266775010753e+01 1.261180318938383227e+00
3.127800000000000182e+03 2.568383319296718881e+01 1.623644396642317300e+00
3.131300000000000182e+03 7.245630010380300234e+01 1.254183690747803670e+00
3.134800000000000182e+03 3.679846385196411518e+01 1.524317133174748928e+00
3.138300000000000182e+03 8.248281139829687447e+01 1.245223093627812361e+00
3.141800000000000182e+03 8.782249415627164524e+01 1.243050024041998602e+00
3.145300000000000182e+03 5.185997163588802294e+01 1.478927048590299664e+00
3.148800000000000182e+03 7.613339041679751062e+01 1.372122248927816202e+00
3.152300000000000182e+03 1.378540830220688918e+02 1.175685357071045045e+00
3.155800000000000182e+03 1.425333102223407877e+02 1.185275633632450587e+00
3.159300000000000182e+03 1.541533141219410368e+02 1.169243396291348880e+00
3.162800000000000182e+03 1.269348212868394086e+02 1.276104085041585900e+00
3.166300000000000182e+03 1.321305661764499746e+02 1.285260864209717635e+00
3.169800000000000182e+03 1.608250345184803507e+02 1.225091814102124310e+00
3.173300000000000182e+03 1.953974006628652376e+02 1.177968463168552304e+00
3.176800000000000182e+03 1.701123297508293604e+02 1.241989777923258265e+00
3.180300000000000182e+03 2.266946809852337879e+02 1.143537287963698468e+00
3.183800000000000182e+03 2.047181779269791377e+02 1.204152508152315004e+00
3.187300000000000182e+03 2.371183104544627440e+02 1.181488917650347359e+00
3.190800000000000182e+03 3.401761833063361564e+02 1.057425975647221739e+00
3.194300000000000182e+03 2.830162669807228895e+02 1.151920028144631791e+00
3.197800000000000182e+03 3.103658740603368642e+02 1.130382084754467664e+00
3.201300000000000182e+03 3.261625130168358737e+02 1.121888641033409462e+00
3.204800000000000182e+03 3.536381141451059307e+02 1.105267260415374375e+00
3.208300000000000182e+03 5.053522649527716339e+02 9.919251214917615966e-01
3.211800000000000182e+03 4.425896504755276624e+02 1.059169946747695823e+00
3.215300000000000182e+03 4.764998006696345669e+02 1.053357062557121360e+00
3.218800000000000182e+03 5.425314033677784664e+02 1.006344628394560514e+00
3.222300000000000182e+03 5.093757803314164221e+02 1.034019538451460107e+00
3.225800000000000182e+03 5.553279145413922606e+02 1.008360065983660681e+00
3.229300000000000182e+03 5.715495185955917350e+02 1.008489692975599095e+00
3.232800000000000182e+03 6.398090606483078773e+02 9.869956799995031060e-01
3.236300000000000182e+03 6.884315271376063947e+02 9.768422959464050370e-01
3.239800000000000182e+03 8.803551106750958297e+02 8.982830488619210074e-01
3.243300000000000182e+03 7.976879618212425385e+02 9.547998804089684599e-01
3.246800000000000182e+03 8.180850939169936282e+02 9.465982517689198739e-01
3.250300000000000182e+03 9.780081222869559952e+02 8.819664829172831899e-01
3.253800000000000182e+03 9.928860166186923379e+02 8.820444966970396594e-01
3.257300000000000182e+03 9.144515429305938596e+02 9.234685350716287378e-01
3.260800000000000182e+03 1.061925173070876781e+03 8.818183139902473489e-01
3.264300000000000182e+03 1.043222909923611951e+03 9.002142423513670444e-01
3.267800000000000182e+03 1.302770281071771478e+03 8.315289544115592735e-01
3.271300000000000182e+03 1.303133645844594184e+03 8.377301946560723467e-01
3.274800000000000182e+03 1.151448837448710719e+03 8.857781394802949348e-01
3.278300000000000182e+03 1.176581764488625140e+03 8.781529578460188779e-01
3.281800000000000182e+03 1.180625710636114491e+03 8.744929859030134978e-01
3.285300000000000182e+03 1.339052703321338186e+03 8.376461716989228590e-01
3.288800000000000182e+03 1.403907467929063387e+03 8.366793778194854259e-01
3.292300000000000182e+03 1.434204499221953711e+03 8.399295928941951095e-01
3.295800000000000182e+03 1.504794263654529914e+03 8.322157128320328834e-01
3.299300000000000182e+03 1.651516750980376173e+03 8.068241658974582009e-01
3.302800000000000182e+03 1.651113882457346563e+03 8.130196476354150104e-01
3.306300000000000182e+03 1.639284672591978051e+03 8.135482258814464851e-01
3.309800000000000182e+03 1.646127013975157070e+03 8.171210570775008231e-01
3.313300000000000182e+03 1.796678774368529048e+03 7.817794537929735332e-01
3.316800000000000182e+03 1.929658144805121992e+03 7.655066365300791098e-01
3.320300000000000182e+03 1.854460350539454566e+03 7.963037012232083711e-01
3.323800000000000182e+03 2.199892746942499798e+03 7.451134426583099213e-01
3.327300000000000182e+03 2.158522700993271883e+03 7.553510995093160041e-01
3.330800000000000182e+03 2.255375181161715773e+03 7.408811087188503786e-01
3.334300000000000182e+03 2.113065696966577434e+03 7.691283958120290754e-01
3.337800000000000182e+03 2.146288490102248034e+03 7.684120281043919087e-01
3.341300000000000182e+03 2.171928211348132209e+03 7.650889553248934050e-01
3.344800000000000182e+03 2.332156609665704309e+03 7.388868815014310032e-01
3.348300000000000182e+03 2.293325551063968760e+03 7.536962053368981840e-01
3.351800000000000182e+03 2.402522086069125635e+03 7.467038439552270424e-01
3.355300000000000182e+03 2.516023852210454606e+03 7.357300859239372937e-01
3.358800000000000182e+03 2.542470078441983333e+03 7.342340337100562442e-01
3.362300000000000182e+03 2.793575807435576735e+03 7.131547634414708847e-01
3.365800000000000182e+03 2.662106171923209786e+03 7.259700157650257335e-01
3.369300000000000182e+03 2.709388157505687104e+03 7.261523870302576400e-01
3.372800000000000182e+03 2.777663740867850720e+03 7.222290434272773396e-01
3.376300000000000182e+03 2.731495694232955429e+03 7.206975534429379548e-01
3.379800000000000182e+03 2.926305556243161845e+03 7.059091712892202608e-01
3.383300000000000182e+03 3.268892694359808502e+03 6.776671894407104713e-01
3.386800000000000182e+03 3.065271314859940048e+03 7.007134570595964229e-01
3.390300000000000182e+03 3.074959220317523886e+03 7.012543312018435504e-01
3.393800000000000182e+03 3.239280339789082063e+03 6.929644695235970264e-01
3.397300000000000182e+03 3.366042550323774776e+03 6.718971837302821770e-01
3.400800000000000182e+03 3.337366933636610611e+03 6.872211752874300972e-01
3.404300000000000182e+03 3.387530056396376949e+03 6.879812889494171246e-01
3.407800000000000182e+03 3.623638388991960255e+03 6.561575447625411783e-01
3.411300000000000182e+03 3.565502836234983533e+03 6.738932403487678524e-01
3.414800000000000182e+03 3.815089354299967454e+03 6.549028427831273813e-01
3.418300000000000182e+03 3.727247765204139796e+03 6.667999610414755418e-01
3.421800000000000182e+03 3.776517186220446092e+03 6.654554838553270457e-01
3.425300000000000182e+03 3.923534267481414645e+03 6.497246587069513968e-01
3.428800000000000182e+03 3.855437225062095877e+03 6.586924421946824815e-01
3.432300000000000182e+03 3.863267676801544440e+03 6.580852347837197192e-01
3.435800000000000182e+03 4.066084482462156302e+03 6.506874046909192355e-01
3.439300000000000182e+03 4.260266041602569203e+03 6.306788465215873440e-01
3.442800000000000182e+03 4.009208572924407235e+03 6.488332692195964979e-01
3.446300000000000182e+03 4.241378465791662165e+03 6.373634165825250442e-01
3.449800000000000182e+03 4.466051544002928495e+03 6.180422226715168721e-01
3.453300000000000182e+03 4.243000803321677267e+03 6.358486556641339549e-01
3.456800000000000182e+03 4.666192874970634875e+03 6.125728932114307135e-01
3.460300000000000182e+03 4.450714802902298288e+03 6.340045276956643994e-01
3.463800000000000182e+03 4.577401143368570956e+03 6.294006121732939052e-01
3.467300000000000182e+03 4.572740873746325633e+03 6.257753517068547211e-01
3.470800000000000182e+03 4.702522035148647774e+03 6.256658111125145139e-01
3.474300000000000182e+03 4.872697345304986811e+03 6.075695785703242313e-01
3.477800000000000182e+03 4.887959289420610730e+03 6.166268456858541303e-01
3.481300000000000182e+03 5.001899180369340684e+03 6.146418361424909049e-01
3.484800000000000182e+03 5.041499095972360010e+03 6.128282401324516293e-01
3.488300000000000182e+03 5.326838507966017460e+03 5.962510707793272635e-01
3.491800000000000182e+03 5.249089431208445603e+03 6.051722117941341628e-01
3.495300000000000182e+03 5.499984255701462644e+03 5.936858240240542317e-01
3.498800000000000182e+03 5.324069390135406138e+03 6.016383279185487654e-01
3.502300000000000182e+03 5.699191952582847989e+03 5.810873681240671385e-01
3.505800000000000182e+03 5.573728094675666398e+03 5.876619744020217251e-01
3.509300000000000182e+03 5.468305801920995691e+03 6.005227361862306434e-01
3.512800000000000182e+03 5.553437316922044374e+03 5.960843663962130945e-01
3.516300000000000182e+03 5.921662997612331310e+03 5.794979481447525282e-01
3.519800000000000182e+03 5.875952220458455486e+03 5.808368230697861234e-01
3.523300000000000182e+03 6.034607972991372662e+03 5.770211464061416606e-01
3.526800000000000182e+03 6.078020479496232838e+03 5.730853305417475951e-01
3.530300000000000182e+03 6.238680364719594763e+03 5.673473151806742720e-01
3.533800000000000182e+03 6.078419537937241330e+03 5.764868282931093768e-01
3.537300000000000182e+03 6.199782723040585552e+03 5.760210169598157792e-01
3.540800000000000182e+03 6.333722729343840911e+03 5.740710875496666254e-01
3.544300000000000182e+03 6.478183354845489703e+03 5.639334548647826351e-01
3.547800000000000182e+03 6.589642456780274188e+03 5.629331258949714645e-01
3.551300000000000182e+03 6.662044950103691008e+03 5.573171569205929154e-01
3.554800000000000182e+03 6.608067453565238793e+03 5.669180772493122022e-01
3.558300000000000182e+03 6.688337697528590979e+03 5.647519443657926796e-01
3.561800000000000182e+03 6.832437802572431792e+03 5.608500661865241099e-01
3.565300000000000182e+03 6.852248139165207249e+03 5.563266129971101703e-01
3.568800000000000182e+03 7.181649218079926868e+03 5.395392832121156390e-01
3.572300000000000182e+03 6.981808928020680469e+03 5.541900988674361983e-01
3.575800000000000182e+03 7.094886147428555887e+03 5.492693138418345278e-01
3.579300000000000182e+03 7.136616404633892671e+03 5.485174489559280220e-01
3.582800000000000182e+03 7.138391161722230208e+03 5.484406450029578606e-01
3.586300000000000182e+03 7.591351989774527283e+03 5.278056653085021477e-01
3.589800000000000182e+03 7.522068733404317754e+03 5.409580066305889057e-01
3.593300000000000182e+03 7.702753739326677533e+03 5.319332873115556470e-01
3.596800000000000182e+03 7.555477770863675687e+03 5.363222714393476309e-01
3.600300000000000182e+03 7.647678558295417133e+03 5.360996510646957036e-01
3.603800000000000182e+03 7.692145952878617209e+03 5.345541401879485566e-01
3.607300000000000182e+03 7.887491796782599522e+03 5.317292036303736813e-01
3.610800000000000182e+03 7.770688421852873944e+03 5.298645085014217493e-01
3.614300000000000182e+03 7.937162683945785830e+03 5.291719378692144593e-01
3.617800000000000182e+03 8.274923951166430925e+03 5.195118123104811581e-01
3.621300000000000182e+03 8.237663737116276025e+03 5.216957796687515803e-01
3.624800000000000182e+03 8.555274727194060688e+03 5.090315438053333308e-01
3.628300000000000182e+03 8.484399525111162802e+03 5.193563524301951784e-01
3.631800000000000182e+03 8.520076545757568965e+03 5.160451469799632873e-01
3.635300000000000182e+03 8.570782761953045338e+03 5.117160965541385220e-01
3.638800000000000182e+03 8.614232032453524880e+03 5.120429708937428437e-01
3.642300000000000182e+03 8.897547931499901097e+03 5.012614553886031166e-01
3.645800000000000182e+03 9.160738512369884120e+03 5.018669285697314741e-01
3.649300000000000182e+03 9.082706693303060092e+03 5.004671634081879761e-01
3.652800000000000182e+03 9.256265516354807914e+03 4.969807293206918164e-01
3.656300000000000182e+03 9.025946441984189732e+03 5.043280973332295858e-01
3.659800000000000182e+03 9.250050418312135662e+03 5.049902200190337087e-01
3.663300000000000182e+03 9.289458526596397860e+03 5.007933146706097238e-01
3.666800000000000182e+03 9.560876784384294297e+03 4.970993716886091263e-01
3.670300000000000182e+03 9.596154241628135424e+03 4.966427595590439115e-01
3.673800000000000182e+03 9.596361656692393808e+03 4.981655654937494071e-01
3.677300000000000182e+03 9.695612509200062050e+03 4.891227129695230880e-01
3.680800000000000182e+03 9.920487055458401301e+03 4.878100319599805168e-01
3.684300000000000182e+03 9.910943289246160930e+03 4.874641048422075351e-01
3.687800000000000182e+03 9.936660947242340626e+03 4.849300953192821062e-01
3.691300000000000182e+03 1.004009594303267295e+04 4.809376701835940682e-01
3.694800000000000182e+03 9.976537198022851953e+03 4.807501351718328486e-01
3.698300000000000182e+03 1.032458027002466770e+04 4.713158428321120308e-01
3.701800000000000182e+03 1.018368342725852563e+04 4.739592000600514332e-01
3.705300000000000182e+03 1.032577287587812498e+04 4.721283561594104561e-01
3.708800000000000182e+03 1.005565342900552241e+04 4.712676693333791578e-01
3.712300000000000182e+03 9.955252825670157108e+03 4.786898688792976531e-01
3.715800000000000182e+03 1.036040282829062198e+04 4.690593537024738691e-01
3.719300000000000182e+03 1.002409940454621392e+04 4.728821256224381986e-01
3.722800000000000182e+03 1.060747897131945138e+04 4.556570559974873480e-01
3.726300000000000182e+03 1.076128002769725026e+04 4.545849423642190912e-01
3.729800000000000182e+03 1.107813189123457778e+04 4.472977486186547891e-01
3.733300000000000182e+03 1.068479671874581982e+04 4.602724801347607975e-01
3.736800000000000182e+03 1.084783996080790530e+04 4.584598264832357994e-01
3.740300000000000182e+03 1.092060839831241356e+04 4.614863160271475695e-01
3.743800000000000182e+03 1.095968736739329506e+04 4.590293191615256729e-01
3.747300000000000182e+03 1.134345660496781784e+04 4.558694514097271222e-01
3.750800000000000182e+03 1.150292382663137687e+04 4.503621499609488099e-01
3.754300000000000182e+03 1.130293551103293066e+04 4.559243433973130810e-01
3.757800000000000182e+03 1.163512435078035014e+04 4.500559197339829010e-01
3.761300000000000182e+03 1.168829030149255050e+04 4.472568724467083645e-01
3.764800000000000182e+03 1.172894726029387130e+04 4.490737407605830400e-01
3.768300000000000182e+03 1.225016189987194230e+04 4.380213274205607688e-01
3.771800000000000182e+03 1.210441393130891083e+04 4.471962022603218623e-01
3.775300000000000182e+03 1.235559227681462107e+04 4.408789904963734685e-01
3.778800000000000182e+03 1.258918304372314560e+04 4.396850845050080392e-01
3.782300000000000182e+03 1.280118890772453960e+04 4.376982492487439536e-01
3.785800000000000182e+03 1.283378447021079228e+04 4.361078768684510942e-01
3.789300000000000182e+03 1.321812029602319126e+04 4.317622954989204231e-01
3.792800000000000182e+03 1.360134515685411861e+04 4.361402743054277331e-01
3.796300000000000182e+03 1.374555717297198316e+04 4.320630958347734252e-01
3.799800000000000182e+03 1.370012079986526805e+04 4.358862048367401765e-01
3.803300000000000182e+03 1.384181897503143409e+04 4.366365286413586011e-01
3.806800000000000182e+03 1.406440388550842181e+04 4.337247277321290562e-01
3.810300000000000182e+03 1.380066502638100792e+04 4.361305281848184556e-01
3.813800000000000182e+03 1.434962060692956584e+04 4.302839972458861184e-01
3.817300000000000182e+03 1.440665603476321303e+04 4.239465287721779219e-01
3.820800000000000182e+03 1.438049149391447099e+04 4.181503642086270567e-01
3.824300000000000182e+03 1.452137678577840052e+04 4.094306650414941129e-01
3.827800000000000182e+03 1.439135206207340707e+04 4.050490752337935763e-01
3.831300000000000182e+03 1.462609559681396968e+04 4.008969922472098157e-01
3.834800000000000182e+03 1.493251354389204243e+04 4.051824616829637904e-01
3.838300000000000182e+03 1.501619184906663031e+04 4.108355242275584240e-01
3.841800000000000182e+03 1.556169971000568876e+04 4.093541589307295170e-01
3.845300000000000182e+03 1.568583569047609853e+04 4.156482119462013292e-01
3.848800000000000182e+03 1.605785666801392108e+04 4.135486422491432834e-01
3.852300000000000182e+03 1.648655979521519475e+04 4.117822313216664698e-01
3.855800000000000182e+03 1.646713620073167840e+04 4.108244288758957641e-01
3.859300000000000182e+03 1.669551893547376676e+04 4.109388396912639907e-01
3.862800000000000182e+03 1.691998332136774843e+04 4.109306603461315710e-01
3.866300000000000182e+03 1.664373423334475592e+04 4.144622460037972189e-01
3.869800000000000182e+03 1.644552927097756037e+04 4.150815968848434734e-01
3.873300000000000182e+03 1.674710963890023413e+04 4.090193071669434022e-01
3.876800000000000182e+03 1.615731847408334761e+04 4.037074772701907399e-01
3.880300000000000182e+03 1.636499833576170749e+04 3.961269625342050960e-01
3.883800000000000182e+03 1.640858088955168569e+04 3.830090666073661665e-01
3.887300000000000182e+03 1.644463446478623882e+04 3.711082587981354153e-01
3.890800000000000182e+03 1.677006494390297303e+04 3.657166748979854831e-01
3.894300000000000182e+03 1.695885938393239849e+04 3.692207485564561464e-01
3.897800000000000182e+03 1.670673260361996290e+04 3.831560429302854898e-01
3.901300000000000182e+03 1.743560268473747419e+04 3.918643684934516869e-01
3.904800000000000182e+03 1.743334403856846620e+04 3.994570211087457579e-01
3.908300000000000182e+03 1.828347207115845231e+04 3.988442774479512010e-01
3.911800000000000182e+03 1.837255984680396796e+04 3.988889319722226379e-01
3.915300000000000182e+03 1.901664518811816379e+04 3.916109209655224688e-01
3.918800000000000182e+03 1.922606313152605435e+04 3.868328043840867925e-01
3.922300000000000182e+03 1.942849761260735977e+04 3.802264793553859490e-01
3.925800000000000182e+03 2.008468861482969805e+04 3.703953117460478950e-01
3.929300000000000182e+03 2.051097232345014345e+04 3.656995395483083611e-01
3.932800000000000182e+03 2.034796596146825323e+04 3.681891509130981177e-01
3.936300000000000182e+03 2.017183058123406590e+04 3.710844928487755379e-01
3.939800000000000182e+03 2.023818551204254982e+04 3.739097877065624687e-01
3.943300000000000182e+03 1.992662550186241060e+04 3.796866824910133387e-01
3.946800000000000182e+03 1.905673796549700273e+04 3.843051675675395185e-01
3.950300000000000182e+03 1.930332302909921054e+04 3.887562213509009323e-01
3.953800000000000182e+03 1.935507471197048289e+04 3.832881118658988395e-01
3.957300000000000182e+03 1.926498116019662120e+04 3.734014919691399648e-01
3.960800000000000182e+03 1.865500783477709774e+04 3.639184978171966511e-01
3.964300000000000182e+03 1.896246827917367773e+04 3.451856441144702248e-01
3.967800000000000182e+03 1.915173757490280695e+04 3.359885821446012555e-01
3.971300000000000182e+03 1.967350780223435140e+04 3.270004165596693824e-01
3.974800000000000182e+03 1.951064903330010929e+04 3.376589146471176139e-01
3.978300000000000182e+03 1.972829172560478401e+04 3.516036205910707535e-01
3.981800000000000182e+03 1.979071977772863465e+04 3.604665392456524731e-01
3.985300000000000182e+03 2.028072354288286806e+04 3.660564989417220971e-01
3.988800000000000182e+03 2.095994526702156145e+04 3.664563929720349167e-01
3.992300000000000182e+03 2.117445697771841151e+04 3.654348134854976671e-01
3.995800000000000182e+03 2.192497260724294028e+04 3.602000208139308768e-01
3.999300000000000182e+03 2.225371600491261415e+04 3.581675023187789741e-01
4.002800000000000182e+03 2.236487564455297615e+04 3.555748981006575105e-01
4.006300000000000182e+03 2.231979946210562048e+04 3.542083056492073001e-01
4.009800000000000182e+03 2.238086908066497563e+04 3.531211451583410321e-01
4.013300000000000182e+03 2.300928942779716454e+04 3.504947373891944551e-01
4.016800000000000182e+03 2.287232988675513479e+04 3.509428979438200535e-01
4.020300000000000182e+03 2.288698287360537506e+04 3.492308174350221006e-01
4.023800000000000182e+03 2.280405212637238219e+04 3.443746584153793977e-01
4.027300000000000182e+03 2.285099171176419259e+04 3.435535472597700535e-01
4.030800000000000182e+03 2.318383733226994082e+04 3.408067791379746359e-01
4.034300000000000182e+03 2.370046406674855461e+04 3.421166019489446652e-01
4.037800000000000182e+03 2.328560532818728097e+04 3.420027791087172364e-01
4.041300000000000182e+03 2.335058225313692310e+04 3.410429645710043034e-01
4.044800000000000182e+03 2.383634576714147624e+04 3.409037432434922077e-01
4.048300000000000182e+03 2.385434579969773040e+04 3.406528065990337972e-01
4.051800000000000182e+03 2.422735310652206681e+04 3.369247645405901159e-01
4.055300000000000182e+03 2.425171697676038821e+04 3.358432477243117886e-01
4.058800000000000182e+03 2.410248233355930279e+04 3.367255296742782122e-01
4.062300000000000182e+03 2.410966031474436386e+04 3.358682322706819656e-01
4.065800000000000182e+03 2.404631977060258941e+04 3.344044019589529904e-01
4.069300000000000182e+03 2.385080217124824412e+04 3.349482650773444314e-01
4.072800000000000182e+03 2.435429474934779864e+04 3.316758419276688574e-01
4.076300000000000182e+03 2.360242385610911879e+04 3.327098144926857182e-01
4.079800000000000182e+03 2.373834438394683821e+04 3.315778158607760595e-01
4.083300000000000182e+03 2.367288852557481732e+04 3.275671854669099381e-01
4.086800000000000182e+03 2.330687575100340837e+04 3.279802192430519847e-01
4.090300000000000182e+03 2.331810526731486243e+04 3.273373746158969033e-01
4.093800000000000182e+03 2.346550467461681183e+04 3.240474957762311536e-01
4.097300000000000182e+03 2.290455503285554005e+04 3.205909594533989937e-01
4.100800000000000182e+03 2.295697440942189860e+04 3.140208297732657861e-01
4.104300000000000182e+03 2.263177385441545994e+04 3.108159590124991434e-01
4.107800000000000182e+03 2.345142873444259385e+04 3.057419606066899553e-01
4.111300000000000182e+03 2.327920808048269828e+04 3.039511424485378255e-01
4.114800000000000182e+03 2.399281514608975340e+04 3.054756481762396780e-01
4.118300000000000182e+03 2.408044585457737412e+04 3.108513711235291743e-01
4.121800000000000182e+03 2.414306485621484535e+04 3.180622968280770735e-01
4.125300000000000182e+03 2.480723863687697667e+04 3.201035954562703734e-01
4.128800000000000182e+03 2.508882024435398489e+04 3.196196282403840350e-01
4.132300000000000182e+03 2.589819827863371393e+04 3.184735723503729909e-01
4.135800000000000182e+03 2.646152615346457969e+04 3.149792214896310338e-01
4.139300000000000182e+03 2.705511932468478335e+04 3.107028123421060051e-01
4.142800000000000182e+03 2.685935474562704258e+04 3.108065300442641177e-01
4.146300000000000182e+03 2.738714404577155437e+04 3.095162931598648970e-01
4.149800000000000182e+03 2.718564215005949882e+04 3.099741343759011558e-01
4.153300000000000182e+03 2.729967240727158423e+04 3.099553587652991160e-01
4.156800000000000182e+03 2.777518074215259185e+04 3.056369276862073714e-01
4.160300000000000182e+03 2.768506552422404275e+04 3.064316140707917802e-01
4.163800000000000182e+03 2.795220018375236032e+04 3.044020444686096338e-01
4.167300000000000182e+03 2.832890119772146136e+04 3.020936119063411529e-01
4.170800000000000182e+03 2.812469103682215427e+04 3.030260313043287024e-01
4.174300000000000182e+03 2.843256980861986085e+04 3.002727740784484345e-01
4.177800000000000182e+03 2.878326806008006315e+04 3.011554738217144256e-01
4.181300000000000182e+03 2.837336007989912832e+04 2.977254883951978015e-01
4.184800000000000182e+03 2.921955373675635201e+04 2.981689657535280813e-01
4.188300000000000182e+03 2.949005741545798082e+04 2.956412709670144245e-01
4.191800000000000182e+03 2.921913098520046333e+04 2.953406055465263580e-01
4.195300000000000182e+03 2.886338813788504194e+04 2.949742977663097343e-01
4.198800000000000182e+03 2.964515220333783145e+04 2.923393734016904166e-01
4.202300000000000182e+03 2.947841421996020654e+04 2.917118075713832637e-01
4.205800000000000182e+03 2.949275146469853644e+04 2.933022567980291262e-01
4.209300000000000182e+03 2.951639424007623165e+04 2.894832474622350826e-01
4.212800000000000182e+03 3.028902233970841553e+04 2.889042786951520059e-01
4.216300000000000182e+03 3.032862669975068638e+04 2.901174215422502312e-01
4.219800000000000182e+03 3.019224782016253084e+04 2.884108477011782523e-01
4.223300000000000182e+03 3.039450833081405290e+04 2.868979377324960001e-01
4.226800000000000182e+03 3.100695731674005583e+04 2.800007226355006873e-01
4.230300000000000182e+03 3.077644653071961511e+04 2.860238265641419919e-01
4.233800000000000182e+03 3.022312881003525399e+04 2.819166461550631775e-01
4.237300000000000182e+03 3.061174496636744516e+04 2.828286018242311406e-01
4.240800000000000182e+03 3.017491189300828773e+04 2.857979678207115959e-01
4.244300000000000182e+03 3.098085016278010880e+04 2.826958077417280335e-01
4.247800000000000182e+03 3.050047770141176079e+04 2.827524370643985097e-01
4.251300000000000182e+03 3.053983220694566262e+04 2.793374983785880672e-01
4.254800000000000182e+03 3.059521344510716517e+04 2.802859522017792648e-01
4.258300000000000182e+03 3.099268463321949821e+04 2.784148755559393562e-01
4.261800000000000182e+03 3.048941476863260687e+04 2.783010774845987578e-01
4.265300000000000182e+03 3.096644751387565702e+04 2.762097371086382758e-01
4.268800000000000182e+03 3.147174228561337441e+04 2.734791258192129093e-01
4.272300000000000182e+03 3.113924061189153872e+04 2.730291259404680759e-01
4.275800000000000182e+03 3.126107628225715234e+04 2.748037775873783395e-01
4.279300000000000182e+03 3.140278169080181033e+04 2.750929495190519991e-01
4.282800000000000182e+03 3.132938272411923026e+04 2.726172511551842592e-01
4.286300000000000182e+03 3.133018876994298989e+04 2.720409826897786099e-01
4.289800000000000182e+03 3.149848727161994975e+04 2.713795416450076048e-01
4.293300000000000182e+03 3.183853138927807231e+04 2.702247899015582933e-01
4.296800000000000182e+03 3.154002062265280983e+04 2.718927549693626045e-01
4.300300000000000182e+03 3.159287314225005684e+04 2.686097334271592696e-01
4.303800000000000182e+03 3.138112074873018719e+04 2.709236576776653527e-01
4.307300000000000182e+03 3.194528907560105290e+04 2.681745742950121802e-01
4.310800000000000182e+03 3.133855183760947693e+04 2.712813490259279314e-01
4.314300000000000182e+03 3.150528396979120953e+04 2.665407903759356989e-01
4.317800000000000182e+03 3.097472463405801682e+04 2.639362134959143957e-01
4.321300000000000182e+03 3.097846317594750872e+04 2.634436232984057047e-01
4.324800000000000182e+03 3.091560385920384215e+04 2.611669283931591368e-01
4.328300000000000182e+03 3.053659834260824937e+04 2.608635863079908357e-01
4.331800000000000182e+03 3.016835255722000147e+04 2.597630029804031682e-01
4.335300000000000182e+03 2.972987774082235774e+04 2.600157508546555585e-01
4.338800000000000182e+03 3.009305774629812004e+04 2.559239879032822462e-01
4.342300000000000182e+03 3.009668955173503491e+04 2.517331423200788731e-01
4.345800000000000182e+03 3.035800220283595627e+04 2.465534981407403459e-01
4.349300000000000182e+03 3.035148315166555767e+04 2.437211274943220651e-01
4.352800000000000182e+03 3.054237135621280322e+04 2.407468180563207272e-01
4.356300000000000182e+03 3.101623416176253886e+04 2.473793489204659801e-01
4.359800000000000182e+03 3.141290375707999920e+04 2.528580921094944478e-01
4.363300000000000182e+03 3.143631887922367241e+04 2.575447837192717526e-01
4.366800000000000182e+03 3.163634825926158373e+04 2.589496611722620356e-01
4.370300000000000182e+03 3.283971288275274128e+04 2.588701769134174047e-01
4.373800000000000182e+03 3.297515955502064025e+04 2.596803261199431834e-01
4.377300000000000182e+03 3.397560233332289499e+04 2.537666307061203774e-01
4.380800000000000182e+03 3.388571398150644382e+04 2.503279472276511153e-01
4.384300000000000182e+03 3.459783642224839423e+04 2.480091744554064337e-01
4.387800000000000182e+03 3.479510109541143902e+04 2.468079495718354111e-01
4.391300000000000182e+03 3.381419757103396842e+04 2.481239493168865273e-01
4.394800000000000182e+03 3.478315461749021051e+04 2.466306222630233469e-01
4.398300000000000182e+03 3.440277563338844629e+04 2.468790905221564524e-01
4.401800000000000182e+03 3.451916284515860752e+04 2.455903830336066407e-01
4.405300000000000182e+03 3.496777199820225360e+04 2.446361078693435609e-01
4.408800000000000182e+03 3.453000158539468976e+04 2.460570830580997570e-01
4.412300000000000182e+03 3.486826947716857831e+04 2.462842427995134420e-01
4.415800000000000182e+03 3.540560529475128715e+04 2.420172662374701356e-01
4.419300000000000182e+03 3.464803671754678362e+04 2.442075657203792161e-01
4.422800000000000182e+03 3.462458696296642302e+04 2.458763820187072624e-01
4.426300000000000182e+03 3.524102457597410830e+04 2.431101745471972164e-01
4.429800000000000182e+03 3.546639230374425824e+04 2.431264711333023520e-01
4.433300000000000182e+03 3.537647968015557126e+04 2.406232633914753283e-01
4.436800000000000182e+03 3.581664109869718959e+04 2.397137734162694267e-01
4.440300000000000182e+03 3.563412742283965054e+04 2.396403852017394420e-01
4.443800000000000182e+03 3.582115223373710614e+04 2.373662108299411655e-01
4.447300000000000182e+03 3.613355453054841928e+04 2.364731580789588561e-01
4.450800000000000182e+03 3.539760356638443045e+04 2.376841043984406765e-01
4.454300000000000182e+03 3.565137676433898741e+04 2.375192719844631539e-01
4.457800000000000182e+03 3.524573132524039102e+04 2.376914548799860805e-01
4.461300000000000182e+03 3.491356666350908199e+04 2.365695365740173584e-01
4.464800000000000182e+03 3.528680381823665084e+04 2.344067027847773765e-01
4.468300000000000182e+03 3.552171197747719998e+04 2.335692014553082396e-01
4.471800000000000182e+03 3.540519731543557282e+04 2.332929845371040645e-01
4.475300000000000182e+03 3.509471604970624321e+04 2.320648954680597509e-01
4.478800000000000182e+03 3.589193597821730509e+04 2.314340619862852999e-01
4.482300000000000182e+03 3.635330011112117063e+04 2.296799784310566417e-01
4.485800000000000182e+03 3.642231929540487909e+04 2.305338298101121397e-01
4.489300000000000182e+03 3.644143598176614614e+04 2.294270621735837179e-01
4.492800000000000182e+03 3.633591908802223043e+04 2.294801685607739949e-01
4.496300000000000182e+03 3.656047543119821785e+04 2.287588151212721910e-01
4.499800000000000182e+03 3.667334738147417374e+04 2.278286318905854424e-01
4.503300000000000182e+03 3.689441078325039416e+04 2.280878214676069216e-01
4.506800000000000182e+03 3.725196245949305739e+04 2.278534429011527529e-01
4.510300000000000182e+03 3.699316883508626051e+04 2.275744025206457299e-01
4.513800000000000182e+03 3.614658478164648113e+04 2.297732696653958795e-01
4.517300000000000182e+03 3.628204880411671184e+04 2.274073429150374470e-01
4.520800000000000182e+03 3.710467840531434194e+04 2.235637202103680499e-01
4.524300000000000182e+03 3.689719579222874017e+04 2.251222178468969271e-01
4.527800000000000182e+03 3.746518540767108789e+04 2.214798887970285401e-01
4.531300000000000182e+03 3.735245684783973411e+04 2.209160518194246414e-01
4.534800000000000182e+03 3.717581130764490808e+04 2.228053246584319746e-01
4.538300000000000182e+03 3.714358976172334224e+04 2.217795601322551102e-01
4.541800000000000182e+03 3.818941979601820640e+04 2.184686622466787131e-01
4.545300000000000182e+03 3.736976639994249126e+04 2.199236850945880950e-01
4.548800000000000182e+03 3.716881756002359907e+04 2.195992147267554206e-01
4.552300000000000182e+03 3.708872386910807109e+04 2.203464373262474241e-01
4.555800000000000182e+03 3.745259711155654077e+04 2.184775541322513392e-01
4.559300000000000182e+03 3.733853369636912976e+04 2.174811767678644925e-01
4.562800000000000182e+03 3.738791952443410264e+04 2.160620437455777754e-01
4.566300000000000182e+03 3.717137884725601907e+04 2.191541333031414296e-01
4.569800000000000182e+03 3.756343515612008196e+04 2.177386120831905358e-01
4.573300000000000182e+03 3.734991176046859619e+04 2.183622839016359507e-01
4.576800000000000182e+03 3.739050412176115060e+04 2.151449004238792095e-01
4.580300000000000182e+03 3.739617658073222265e+04 2.155423998994948631e-01
4.583800000000000182e+03 3.760850143578802818e+04 2.147594380991200702e-01
4.587300000000000182e+03 3.726203512489502464e+04 2.129365452958915661e-01
4.590800000000000182e+03 3.805560164600565622e+04 2.120370319807860227e-01
4.594300000000000182e+03 3.780522070271006669e+04 2.119859167689649160e-01
4.597800000000000182e+03 3.788426268478750717e+04 2.105075606605620875e-01
4.601300000000000182e+03 3.746017918595680385e+04 2.105474792564899222e-01
4.604800000000000182e+03 3.718829400601841917e+04 2.107533671797857666e-01
4.608300000000000182e+03 3.734908504328502022e+04 2.105640591148540686e-01
4.611800000000000182e+03 3.759708731100571458e+04 2.092221306310254603e-01
4.615300000000000182e+03 3.732550685334372974e+04 2.085445440728201649e-01
4.618800000000000182e+03 3.710276225943275495e+04 2.093712621204608659e-01
4.622300000000000182e+03 3.747280204227913055e+04 2.078455981379634110e-01
4.625800000000000182e+03 3.715130735120791360e+04 2.075694372419537304e-01
4.629300000000000182e+03 3.767255747910778882e+04 2.065449427189509635e-01
4.632800000000000182e+03 3.734420267889928073e+04 2.060311076684467058e-01
4.636300000000000182e+03 3.707719355254485708e+04 2.053475698616549217e-01
4.639800000000000182e+03 3.668195843683785642e+04 2.067923889230604273e-01
4.643300000000000182e+03 3.725120833872476942e+04 2.048413344502713618e-01
4.646800000000000182e+03 3.701520996381644363e+04 2.050638154312726391e-01
4.650300000000000182e+03 3.659768438213153422e+04 2.038763259135547290e-01
4.653800000000000182e+03 3.692663672530154872e+04 2.030613269023493206e-01
4.657300000000000182e+03 3.688638257453953702e+04 2.025702522899510971e-01
4.660800000000000182e+03 3.720959026159968198e+04 2.025138907231730512e-01
4.664300000000000182e+03 3.743777734579831304e+04 2.006097888285859054e-01
4.667800000000000182e+03 3.801474366367504990e+04 1.996871875015942821e-01
4.671300000000000182e+03 3.760189651646264974e+04 1.997751831693990177e-01
4.674800000000000182e+03 3.813986745012767642e+04 1.987775781992754398e-01
4.678300000000000182e+03 3.732929347729126312e+04 2.000247671110490510e-01
4.681800000000000182e+03 3.755682831395918765e+04 1.997606890039376193e-01
4.685300000000000182e+03 3.744298107862142206e+04 1.991283521767328035e-01
4.688800000000000182e+03 3.746820033031210187e+04 1.986258374926875570e-01
4.692300000000000182e+03 3.770497026434238796e+04 1.980315223261379654e-01
4.695800000000000182e+03 3.729722882479951659e+04 1.980225794626626346e-01
4.699300000000000182e+03 3.782568124139529391e+04 1.949840161478406386e-01
4.702800000000000182e+03 3.735951909906669607e+04 1.958803271347654140e-01
4.706300000000000182e+03 3.694346589536318061e+04 1.941806270295499959e-01
4.709800000000000182e+03 3.718065058773553028e+04 1.943173947094354315e-01
4.713300000000000182e+03 3.751740015000342100e+04 1.925626204337340941e-01
4.716800000000000182e+03 3.732222031695347687e+04 1.923539631925017535e-01
4.720300000000000182e+03 3.746622975075068098e+04 1.943528330953321892e-01
4.723800000000000182e+03 3.779606798682631779e+04 1.922387083993419288e-01
4.727300000000000182e+03 3.736259619816301711e+04 1.945537039134030977e-01
4.730800000000000182e+03 3.845031740516336868e+04 1.918693214965286331e-01
4.734300000000000182e+03 3.792606265767448349e+04 1.915408335440967336e-01
4.737800000000000182e+03 3.824254818052851624e+04 1.895889940975676036e-01
4.741300000000000182e+03 3.777889813449270878e+04 1.898793313751498124e-01
4.744800000000000182e+03 3.717186463370857382e+04 1.925980690950384877e-01
4.748300000000000182e+03 3.753615284943665756e+04 1.900730166156895662e-01
4.751800000000000182e+03 3.820058262076983374e+04 1.876378646585971366e-01
4.755300000000000182e+03 3.745520176777584857e+04 1.903299898546785829e-01
4.758800000000000182e+03 3.772638015326367895e+04 1.881511166002839130e-01
4.762300000000000182e+03 3.764549388473675936e+04 1.895211626306064212e-01
4.765800000000000182e+03 3.770825280677197588e+04 1.874445004534101289e-01
4.769300000000000182e+03 3.750304529644338618e+04 1.870728782473812524e-01
4.772800000000000182e+03 3.774466211032943102e+04 1.865225936397867934e-01
4.776300000000000182e+03 3.800619678174200817e+04 1.874554355846837772e-01
4.779800000000000182e+03 3.788894857991962635e+04 1.863442768743208966e-01
4.783300000000000182e+03 3.792627328979369486e+04 1.862357087513724918e-01
4.786800000000000182e+03 3.756207194621337840e+04 1.858044955419936306e-01
4.790300000000000182e+03 3.719874564882027335e+04 1.856888753535188841e-01
4.793800000000000182e+03 3.728822257463529240e+04 1.851225197322474425e-01
4.797300000000000182e+03 3.744174003134066879e+04 1.874649909460967545e-01
4.800800000000000182e+03 3.690460058525297791e+04 1.863159142033590787e-01
4.804300000000000182e+03 3.638347562390883104e+04 1.855192554036626251e-01
4.807800000000000182e+03 3.652288723245479196e+04 1.849551580364140191e-01
4.811300000000000182e+03 3.742577911537954060e+04 1.813028408109637890e-01
4.814800000000000182e+03 3.709030770490002760e+04 1.843510591462582948e-01
4.818300000000000182e+03 3.643655983231226855e+04 1.851295965307586666e-01
4.821800000000000182e+03 3.630277146662786981e+04 1.854728707708744317e-01
4.825300000000000182e+03 3.674425914644284785e+04 1.853047712535932368e-01
4.828800000000000182e+03 3.644119129979960417e+04 1.847915387604260606e-01
4.832300000000000182e+03 3.617445387275972462e+04 1.846763506652574771e-01
4.835800000000000182e+03 3.582467338104652299e+04 1.836054803282574921e-01
4.839300000000000182e+03 3.577802532946056454e+04 1.810041224736697318e-01
4.842800000000000182e+03 3.592735808815089695e+04 1.780933465837023499e-01
4.846300000000000182e+03 3.545061838940814050e+04 1.793777199530167676e-01
4.849800000000000182e+03 3.445322916841622646e+04 1.788928878231434427e-01
4.853300000000000182e+03 3.432450936745028594e+04 1.800526699482155046e-01
4.856800000000000182e+03 3.349304980318553135e+04 1.760116374170356823e-01
4.860300000000000182e+03 3.334668344143308059e+04 1.729367390257618153e-01
4.863800000000000182e+03 3.297863659807256045e+04 1.701664108138707110e-01
4.867300000000000182e+03 3.303717484027300088e+04 1.655834182505761254e-01
4.870800000000000182e+03 3.339130165593932907e+04 1.637056119377637287e-01
4.874300000000000182e+03 3.366218791007095570e+04 1.657694831876080077e-01
4.877800000000000182e+03 3.363212440962989058e+04 1.706614595989500160e-01
4.881300000000000182e+03 3.412480880226376757e+04 1.746913707444341934e-01
4.884800000000000182e+03 3.424741838501636812e+04 1.811837294915960850e-01
4.888300000000000182e+03 3.531697569627466873e+04 1.811230131002824761e-01
4.891800000000000182e+03 3.578624878803976026e+04 1.806898489812898412e-01
4.895300000000000182e+03 3.606951637083180685e+04 1.776667577997121106e-01
4.898800000000000182e+03 3.608715575070857449e+04 1.760078700489502990e-01
4.902300000000000182e+03 3.676577178724895202e+04 1.757540962212562341e-01
4.905800000000000182e+03 3.679919659914460499e+04 1.732986243693943884e-01
4.909300000000000182e+03 3.607836005979577749e+04 1.724940552919158321e-01
4.912800000000000182e+03 3.557661328681917803e+04 1.729561857232005950e-01
4.916300000000000182e+03 3.628833195629555121e+04 1.725366100503251399e-01
4.919800000000000182e+03 3.534810025214559573e+04 1.728666778477257748e-01
4.923300000000000182e+03 3.537854202478069055e+04 1.717947696145671332e-01
4.926800000000000182e+03 3.549081686873840226e+04 1.688571941649681385e-01
4.930300000000000182e+03 3.611378883137937373e+04 1.708008729891583588e-01
4.933800000000000182e+03 3.545306426395972085e+04 1.707310651669918244e-01
4.937300000000000182e+03 3.524514479690119333e+04 1.706782062504489939e-01
4.940800000000000182e+03 3.551056784990011511e+04 1.698203659690019629e-01
4.944300000000000182e+03 3.468885718266815820e+04 1.717531485233591559e-01
4.947800000000000182e+03 3.538915286098403158e+04 1.702438094625764453e-01
4.951300000000000182e+03 3.592230714313327189e+04 1.696790622487182598e-01
4.954800000000000182e+03 3.616497622442729335e+04 1.659190217537664935e-01
4.958300000000000182e+03 3.637214203719048237e+04 1.667101511514454126e-01
4.961800000000000182e+03 3.612425866850391321e+04 1.700952896109580725e-01
4.965300000000000182e+03 3.516735659635470074e+04 1.689710935493646538e-01
4.968800000000000182e+03 3.522650436586896103e+04 1.699858888907254950e-01
4.972300000000000182e+03 3.535141878507818183e+04 1.686456761731157661e-01
4.975800000000000182e+03 3.535973648860757385e+04 1.682446889921989097e-01
4.979300000000000182e+03 3.600583784814910177e+04 1.681288914064760776e-01
4.982800000000000182e+03 3.552160921437173238e+04 1.677201032749804643e-01
4.986300000000000182e+03 3.563606136707105179e+04 1.658671987946009341e-01
4.989800000000000182e+03 3.511665488582944818e+04 1.682931365383089906e-01
4.993300000000000182e+03 3.504682025384371809e+04 1.671496894847438741e-01
4.996800000000000182e+03 3.516868536606541602e+04 1.665786983220347295e-01
5.000300000000000182e+03 3.468892266091999772e+04 1.656401439983268276e-01
5.003800000000000182e+03 3.449201224192218069e+04 1.666231788577040573e-01
5.007300000000000182e+03 3.446454285473124037e+04 1.651356282546668774e-01
5.010800000000000182e+03 3.391283695854611142e+04 1.663245482337772363e-01
5.014300000000000182e+03 3.442236749623002834e+04 1.635877564771298087e-01
5.017800000000000182e+03 3.392298076460810989e+04 1.647457745870284651e-01
5.021300000000000182e+03 3.450651446968702658e+04 1.652648199929011852e-01
5.024800000000000182e+03 3.438773363116535620e+04 1.663896191822052950e-01
5.028300000000000182e+03 3.408053248679595708e+04 1.679770740217915448e-01
5.031800000000000182e+03 3.355013823795822100e+04 1.688761945214032056e-01
5.035300000000000182e+03 3.399055716407584259e+04 1.674347811917527018e-01
5.038800000000000182e+03 3.386256159003922949e+04 1.661827123266939044e-01
5.042300000000000182e+03 3.372682429529908404e+04 1.671177803298629916e-01
5.045800000000000182e+03 3.351713194683112670e+04 1.649799971769295437e-01
5.049300000000000182e+03 3.415908937697127840e+04 1.648899952451582662e-01
5.052800000000000182e+03 3.381712153218965250e+04 1.635997594396468580e-01
5.056300000000000182e+03 3.434294827652812091e+04 1.626521240024945691e-01
5.059800000000000182e+03 3.354962610075748671e+04 1.643968175947965182e-01
5.063300000000000182e+03 3.426061963849172753e+04 1.636967802377889969e-01
5.066800000000000182e+03 3.418751166601421573e+04 1.618037677421270415e-01
5.070300000000000182e+03 3.371724200068574282e+04 1.641695200740496408e-01
5.073800000000000182e+03 3.413641220113584131e+04 1.638627195027257955e-01
5.077300000000000182e+03 3.416842321609352803e+04 1.632770180329030929e-01
5.080800000000000182e+03 3.374256810663889337e+04 1.617336896460538354e-01
5.084300000000000182e+03 3.409229155161704693e+04 1.624235608576183321e-01
5.087800000000000182e+03 3.422683836244558188e+04 1.617076685391086732e-01
5.091300000000000182e+03 3.447404262731322524e+04 1.589690229286420120e-01
5.094800000000000182e+03 3.415476031517774391e+04 1.588338172744183929e-01
5.098300000000000182e+03 3.399445349163930950e+04 1.587501236044716602e-01
5.101800000000000182e+03 3.433421160191471427e+04 1.560071230681968346e-01
5.105300000000000182e+03 3.382689028924568265e+04 1.578396632468367089e-01
5.108800000000000182e+03 3.363185566922325961e+04 1.596182630935994995e-01
5.112300000000000182e+03 3.367175198631970125e+04 1.570135651874046967e-01
5.115800000000000182e+03 3.371708735632232856e+04 1.573671573613979746e-01
5.119300000000000182e+03 3.417213702961694798e+04 1.537682436283230869e-01
5.122800000000000182e+03 3.405525306054714747e+04 1.568781944550131646e-01
5.126300000000000182e+03 3.407799175089906930e+04 1.562534432424244057e-01
5.129800000000000182e+03 3.392803880948528240e+04 1.549576921247816375e-01
5.133300000000000182e+03 3.424555492390488507e+04 1.547771262521656088e-01
5.136800000000000182e+03 3.359112519957220502e+04 1.560675566267213377e-01
5.140300000000000182e+03 3.408000426875710400e+04 1.549566276724899938e-01
5.143800000000000182e+03 3.397687062550090195e+04 1.531413169565689625e-01
5.147300000000000182e+03 3.334033539414349070e+04 1.566809007885806293e-01
5.150800000000000182e+03 3.368542040483730671e+04 1.547001239117696270e-01
5.154300000000000182e+03 3.306045572027828894e+04 1.569398919303494067e-01
5.157800000000000182e+03 3.378311559185045189e+04 1.542292294541749709e-01
5.161300000000000182e+03 3.377902703183633275e+04 1.533477271787202501e-01
5.164800000000000182e+03 3.353165614642847504e+04 1.529229108245574176e-01
5.168300000000000182e+03 3.358493811511253443e+04 1.518332440290746654e-01
5.171800000000000182e+03 3.323256059092486976e+04 1.515777561985749700e-01
5.175300000000000182e+03 3.368367835313011892e+04 1.522053260062119218e-01
5.178800000000000182e+03 3.348492768242069724e+04 1.522292660841836620e-01
5.182300000000000182e+03 3.326381371534040227e+04 1.521520311276947923e-01
5.185800000000000182e+03 3.315860421268387290e+04 1.535758298221525375e-01
5.189300000000000182e+03 3.298760155337970355e+04 1.530067765190170626e-01
5.192800000000000182e+03 3.314421725626340776e+04 1.532190453721176404e-01
5.196300000000000182e+03 3.297705829964446457e+04 1.519593492514402788e-01
5.199800000000000182e+03 3.297135549518514017e+04 1.519472471615725129e-01
5.203300000000000182e+03 3.371704871194298175e+04 1.498760625584081296e-01
5.206800000000000182e+03 3.327681766133254860e+04 1.532886420712527842e-01
5.210300000000000182e+03 3.275159905311287002e+04 1.525100401383646109e-01
5.213800000000000182e+03 3.259879256355690814e+04 1.531176901415923497e-01
5.217300000000000182e+03 3.316635861110191036e+04 1.514553586968552523e-01
5.220800000000000182e+03 3.300551058970524173e+04 1.529234546322921495e-01
5.224300000000000182e+03 3.300553423826568905e+04 1.499067129638609608e-01
5.227800000000000182e+03 3.290564229272495140e+04 1.509716074744311132e-01
5.231300000000000182e+03 3.301151708529832104e+04 1.522828885168596158e-01
5.234800000000000182e+03 3.239526543703326388e+04 1.521584832145171096e-01
5.238300000000000182e+03 3.227750222756363291e+04 1.515143695558836545e-01
5.241800000000000182e+03 3.259259779126879221e+04 1.510946755287582710e-01
5.245300000000000182e+03 3.259061255293410068e+04 1.519736693999252375e-01
5.248800000000000182e+03 3.247429319129379292e+04 1.507082378342077811e-01
5.252300000000000182e+03 3.183097270320661119e+04 1.544638148347894369e-01
5.255800000000000182e+03 3.191566985134491915e+04 1.512955501957481685e-01
5.259300000000000182e+03 3.183882929000815420e+04 1.521847689453840191e-01
5.262800000000000182e+03 3.160271811726543456e+04 1.502439523643658015e-01
5.266300000000000182e+03 3.203537045338478856e+04 1.490187214292522655e-01
5.269800000000000182e+03 3.207155718704411629e+04 1.488361910292972934e-01
5.273300000000000182e+03 3.199722190410119219e+04 1.494821137112943010e-01
5.276800000000000182e+03 3.182676590803053114e+04 1.495073831381613094e-01
5.280300000000000182e+03 3.161539913427262945e+04 1.493699340915150553e-01
5.283800000000000182e+03 3.162692097817832109e+04 1.517035271512428563e-01
5.287300000000000182e+03 3.141347128105448064e+04 1.503466986591960319e-01
5.290800000000000182e+03 3.081623997067410528e+04 1.518288045818858290e-01
5.294300000000000182e+03 3.119974744868380003e+04 1.507119840012803302e-01
5.297800000000000182e+03 3.116731855262310637e+04 1.509707978057251432e-01
5.301300000000000182e+03 3.136857414845520907e+04 1.505614109904353515e-01
5.304800000000000182e+03 3.112143449362234605e+04 1.521155487338327894e-01
5.308300000000000182e+03 3.116243180170439518e+04 1.518396171587589050e-01
5.311800000000000182e+03 3.114675940027536126e+04 1.497531178257345830e-01
5.315300000000000182e+03 3.134405813987741203e+04 1.492223166070016649e-01
5.318800000000000182e+03 3.148790325264039711e+04 1.490439910860278938e-01
5.322300000000000182e+03 3.065403081190901867e+04 1.496683759183626561e-01
5.325800000000000182e+03 3.048305968316676444e+04 1.495139398618240967e-01
5.329300000000000182e+03 3.075314355592833454e+04 1.486820033970318589e-01
5.332800000000000182e+03 3.162854341586454757e+04 1.463746105414201748e-01
5.336300000000000182e+03 3.084766554064554657e+04 1.488341512943819611e-01
5.339800000000000182e+03 3.087554581153293475e+04 1.478728463738208931e-01
5.343300000000000182e+03 3.078858104586243280e+04 1.465107433910144696e-01
5.346800000000000182e+03 3.072878145461760141e+04 1.494578625151564144e-01
5.350300000000000182e+03 3.076465054392856473e+04 1.477231072974771464e-01
5.353800000000000182e+03 3.062357391393745274e+04 1.469848774167146488e-01
5.357300000000000182e+03 3.080880195691616245e+04 1.472574627914030321e-01
5.360800000000000182e+03 3.070331409803371935e+04 1.476617192429088843e-01
5.364300000000000182e+03 3.053686915266926007e+04 1.452585659633175152e-01
5.367800000000000182e+03 3.051859001696337873e+04 1.484756014813274072e-01
5.371300000000000182e+03 3.073985407449330160e+04 1.461675380351025733e-01
5.374800000000000182e+03 2.976396546318400215e+04 1.484290557324581261e-01
5.378300000000000182e+03 3.031271770528806519e+04 1.464089332578393798e-01
5.381800000000000182e+03 3.070706397878985081e+04 1.468687514813682982e-01
5.385300000000000182e+03 3.033807506177527102e+04 1.490550510874125156e-01
5.388800000000000182e+03 2.993251794971725030e+04 1.452192265195896281e-01
5.392300000000000182e+03 2.969571939780774119e+04 1.482277723280738535e-01
5.395800000000000182e+03 2.998393188123404616e+04 1.481680950709199640e-01
5.399300000000000182e+03 3.005743956848585003e+04 1.475986451492441454e-01
5.402800000000000182e+03 2.938332200687400109e+04 1.468013171492288937e-01
5.406300000000000182e+03 2.954257221317723815e+04 1.487354098706014649e-01
5.409800000000000182e+03 2.959723958529428637e+04 1.464546115188517517e-01
5.413300000000000182e+03 2.988665702609097934e+04 1.449182212421216975e-01
5.416800000000000182e+03 2.936298750147875035e+04 1.476955923087609757e-01
5.420300000000000182e+03 2.940503659808185694e+04 1.468996464158182080e-01
5.423800000000000182e+03 2.920872278830408686e+04 1.471545255861849977e-01
5.427300000000000182e+03 2.904899414862124104e+04 1.488244731156705691e-01
5.430800000000000182e+03 2.959702864686366229e+04 1.472033716447918028e-01
5.434300000000000182e+03 2.922051186226811478e+04 1.461987347232966139e-01
5.437800000000000182e+03 2.931482611675456792e+04 1.453247252201686213e-01
5.441300000000000182e+03 2.935567593423030485e+04 1.463014416325101597e-01
5.444800000000000182e+03 2.947564691954880982e+04 1.442200722479462238e-01
5.448300000000000182e+03 2.931758754738994685e+04 1.443137949733140912e-01
5.451800000000000182e+03 2.901247478151365431e+04 1.453485451178581078e-01
5.455300000000000182e+03 2.873389626065409539e+04 1.445970869288111527e-01
5.458800000000000182e+03 2.907446589641142782e+04 1.451240777228387513e-01
5.462300000000000182e+03 2.918237024919884789e+04 1.462305507729260712e-01
5.465800000000000182e+03 2.829441144287012867e+04 1.478221110347374967e-01
5.469300000000000182e+03 2.861393793334170914e+04 1.435328189523358555e-01
5.472800000000000182e+03 2.879625655165427452e+04 1.431994093307165372e-01
5.476300000000000182e+03 2.838340610893471239e+04 1.455177390688703332e-01
5.479800000000000182e+03 2.851063479352282593e+04 1.441117634959221128e-01
5.483300000000000182e+03 2.902396267348163383e+04 1.423501226353367510e-01
5.486800000000000182e+03 2.839105860630709867e+04 1.435191194272246173e-01
5.490300000000000182e+03 2.883792985582183974e+04 1.408891347939320027e-01
5.493800000000000182e+03 2.834755098448152785e+04 1.437391969100216549e-01
5.497300000000000182e+03 2.846212151148610792e+04 1.415602953669291564e-01
5.500800000000000182e+03 2.863045854501469512e+04 1.408811841632103268e-01
5.504300000000000182e+03 2.857854570113589944e+04 1.421220402572442865e-01
5.507800000000000182e+03 2.841981170894211027e+04 1.407774456479596314e-01
5.511300000000000182e+03 2.816974264823669364e+04 1.428287139600622757e-01
5.514800000000000182e+03 2.835795541399753347e+04 1.418981904225649071e-01
5.518300000000000182e+03 2.808023416204796740e+04 1.429293356703460471e-01
5.521800000000000182e+03 2.805810130227645277e+04 1.422309590466652174e-01
5.525300000000000182e+03 2.827652927719790750e+04 1.399908187200587240e-01
5.528800000000000182e+03 2.828706909980725686e+04 1.410958811376281929e-01
5.532300000000000182e+03 2.787252649249578462e+04 1.403258353428172012e-01
5.535800000000000182e+03 2.791907439409906510e+04 1.423790705336853701e-01
5.539300000000000182e+03 2.812266917776013725e+04 1.402700052076055470e-01
5.542800000000000182e+03 2.782892542532433072e+04 1.409035758004002492e-01
5.546300000000000182e+03 2.762982885560069553e+04 1.402924214515700874e-01
5.549800000000000182e+03 2.755657390121827484e+04 1.425051082708805594e-01
5.553300000000000182e+03 2.761408463301286247e+04 1.416446917715289411e-01
5.556800000000000182e+03 2.717240290360608924e+04 1.412988158304024633e-01
5.560300000000000182e+03 2.756271637243585064e+04 1.413068140233784131e-01
5.563800000000000182e+03 2.712389409064383653e+04 1.412506507606516581e-01
5.567300000000000182e+03 2.725583937771822457e+04 1.403499436832402192e-01
5.570800000000000182e+03 2.755702294965632245e+04 1.388607532661878807e-01
5.574300000000000182e+03 2.742904074277454492e+04 1.405671983679780412e-01
5.577800000000000182e+03 2.663982747016311623e+04 1.434556112571861719e-01
5.581300000000000182e+03 2.719243760060345085e+04 1.419199048554969644e-01
5.584800000000000182e+03 2.727370569152306780e+04 1.416945544162929727e-01
5.588300000000000182e+03 2.722513097085350819e+04 1.393290155337792990e-01
5.591800000000000182e+03 2.699063391618994865e+04 1.416791687819970169e-01
5.595300000000000182e+03 2.708630566245036971e+04 1.405906968149990555e-01
5.598800000000000182e+03 2.693619061656387566e+04 1.414962890931462935e-01
5.602300000000000182e+03 2.683164757556100813e+04 1.404891682418184795e-01
5.605800000000000182e+03 2.671496501507344146e+04 1.397969989528110302e-01
5.609300000000000182e+03 2.628325500424006168e+04 1.412611299303316581e-01
5.612800000000000182e+03 2.631518520827342581e+04 1.406033548250705256e-01
5.616300000000000182e+03 2.629610802300569412e+04 1.421079710770394022e-01
5.619800000000000182e+03 2.626079829593958493e+04 1.392383994164422822e-01
5.623300000000000182e+03 2.653474553399499200e+04 1.422194401912757200e-01
5.626800000000000182e+03 2.644475763605213433e+04 1.418522116525912091e-01
5.630300000000000182e+03 2.604967081039931145e+04 1.427564043790142123e-01
5.633800000000000182e+03 2.580058686987550391e+04 1.430870265330892732e-01
5.637300000000000182e+03 2.628379508784135760e+04 1.412123631152527869e-01
5.640800000000000182e+03 2.585177441128783539e+04 1.410768693942245078e-01
5.644300000000000182e+03 2.580168193995744878e+04 1.413441648992518063e-01
5.647800000000000182e+03 2.584864156586425452e+04 1.414047900309899630e-01
5.651300000000000182e+03 2.635308358551342826e+04 1.383446150634380090e-01
5.654800000000000182e+03 2.608587102207534917e+04 1.396452748301009184e-01
5.658300000000000182e+03 2.569944303985123770e+04 1.438982032637334540e-01
5.661800000000000182e+03 2.557849382444016737e+04 1.389886348568318275e-01
5.665300000000000182e+03 2.545685372590528277e+04 1.408191241195460297e-01
5.668800000000000182e+03 2.574155203925206297e+04 1.393390311128752113e-01
5.672300000000000182e+03 2.540925336737536418e+04 1.404380993723425286e-01
5.675800000000000182e+03 2.549233118369534350e+04 1.421895158167949813e-01
5.679300000000000182e+03 2.537945740021713209e+04 1.415983971958439114e-01
5.682800000000000182e+03 2.453578581982829928e+04 1.453167380170752032e-01
5.686300000000000182e+03 2.472653341427506166e+04 1.446442113714236088e-01
5.689800000000000182e+03 2.494595036829356468e+04 1.439309569609743544e-01
5.693300000000000182e+03 2.470369100867192537e+04 1.447726095149137193e-01
5.696800000000000182e+03 2.467179094757256462e+04 1.426964781615060462e-01
5.700300000000000182e+03 2.462903533315932873e+04 1.421198276084253420e-01
5.703800000000000182e+03 2.486292685835292650e+04 1.424149939607931847e-01
5.707300000000000182e+03 2.460014259787414267e+04 1.415628038772141495e-01
5.710800000000000182e+03 2.489999286430584471e+04 1.417335454413535534e-01
5.714300000000000182e+03 2.487429054676120359e+04 1.421147658860048013e-01
5.717800000000000182e+03 2.495287189649580614e+04 1.394884244719870048e-01
5.721300000000000182e+03 2.464085355632143182e+04 1.422784308136348930e-01
5.724800000000000182e+03 2.466438587683848891e+04 1.430568564808691878e-01
5.728300000000000182e+03 2.428162405302522893e+04 1.433626061316760625e-01
5.731800000000000182e+03 2.490072593474628229e+04 1.415428865696368721e-01
5.735300000000000182e+03 2.434340564790249846e+04 1.434806773288292148e-01
5.738800000000000182e+03 2.475285290981074286e+04 1.393826446121874951e-01
5.742300000000000182e+03 2.422788433351984349e+04 1.414116432227376097e-01
5.745800000000000182e+03 2.460144579500757754e+04 1.377050357658052560e-01
5.749300000000000182e+03 2.447096341102772931e+04 1.406686086919385903e-01
5.752800000000000182e+03 2.415636887673398815e+04 1.407910646895279838e-01
5.756300000000000182e+03 2.422351643456764577e+04 1.388862785314256831e-01
5.759800000000000182e+03 2.458403166755009806e+04 1.382278796162928480e-01
5.763300000000000182e+03 2.464197746029370319e+04 1.389607720854033335e-01
5.766800000000000182e+03 2.422222168437713481e+04 1.403906080073992202e-01
5.770300000000000182e+03 2.455877055734687019e+04 1.365412280422281799e-01
5.773800000000000182e+03 2.434358968706990709e+04 1.389464678195455327e-01
5.777300000000000182e+03 2.412691334739807644e+04 1.371696035595862673e-01
5.780800000000000182e+03 2.438655547758399189e+04 1.350432571030627527e-01
5.784300000000000182e+03 2.453256473140990784e+04 1.350194717994576410e-01
5.787800000000000182e+03 2.415925414900239048e+04 1.357379558929846519e-01
5.791300000000000182e+03 2.423313004908647417e+04 1.343494616673162612e-01
5.794800000000000182e+03 2.428663778741510396e+04 1.343205686575686120e-01
5.798300000000000182e+03 2.431066945660247075e+04 1.336160977333906152e-01
5.801800000000000182e+03 2.424106590268095533e+04 1.348025069670322762e-01
5.805300000000000182e+03 2.403442916676736786e+04 1.348738885497764162e-01
5.808800000000000182e+03 2.387221178094226343e+04 1.353034718486243182e-01
5.812300000000000182e+03 2.441539061790334381e+04 1.327739373918041532e-01
5.815800000000000182e+03 2.444814759103416873e+04 1.322111493862198617e-01
5.819300000000000182e+03 2.443775964641429891e+04 1.309966162247141463e-01
5.822800000000000182e+03 2.383852435584701379e+04 1.334564271008928660e-01
5.826300000000000182e+03 2.400654271182442972e+04 1.324623821602435303e-01
5.829800000000000182e+03 2.383665027848711543e+04 1.320772589390786511e-01
5.833300000000000182e+03 2.422442215633509477e+04 1.297698387717876600e-01
5.836800000000000182e+03 2.367753428747461658e+04 1.312079393987414244e-01
5.840300000000000182e+03 2.424227992570678907e+04 1.302886210946900269e-01
5.843800000000000182e+03 2.382275594206530877e+04 1.293382249844878540e-01
5.847300000000000182e+03 2.388149224824604971e+04 1.292181220746362602e-01
5.850800000000000182e+03 2.312611306928975682e+04 1.316383684441295998e-01
5.854300000000000182e+03 2.357619646862625814e+04 1.309699583180342630e-01
5.857800000000000182e+03 2.333337858627087189e+04 1.302337772772532987e-01
5.861300000000000182e+03 2.278038025218792609e+04 1.322458284913704263e-01
5.864800000000000182e+03 2.239921866990208218e+04 1.327006798342406646e-01
5.868300000000000182e+03 2.264183909192675128e+04 1.309582011604848162e-01
5.871800000000000182e+03 2.233027738619951924e+04 1.333424489489156706e-01
5.875300000000000182e+03 2.244186958216401399e+04 1.361628662864781403e-01
5.878800000000000182e+03 2.170534403784097958e+04 1.392922217579944388e-01
5.882300000000000182e+03 2.111025914620233380e+04 1.431114653001021031e-01
5.885800000000000182e+03 2.133564643998692918e+04 1.440452745722307082e-01
5.889300000000000182e+03 2.068730740165296447e+04 1.448123141018298476e-01
5.892800000000000182e+03 2.066399780273811848e+04 1.470220981199952537e-01
5.896300000000000182e+03 2.092956168129805519e+04 1.461151010643296777e-01
5.899800000000000182e+03 2.100225262352928621e+04 1.444929192014283159e-01
5.903300000000000182e+03 2.091148863355785579e+04 1.441795174547063074e-01
5.906800000000000182e+03 2.108077380685277603e+04 1.438193321209536579e-01
5.910300000000000182e+03 2.065724563357975057e+04 1.458972179094935873e-01
5.913800000000000182e+03 2.027324667731576847e+04 1.471820305938951468e-01
5.917300000000000182e+03 2.035004435739462497e+04 1.462854146711079772e-01
5.920800000000000182e+03 2.055684627794148764e+04 1.427691874491765489e-01
5.924300000000000182e+03 2.040714295630281777e+04 1.446816324904248718e-01
5.927800000000000182e+03 2.064783340757898259e+04 1.405892321803035860e-01
5.931300000000000182e+03 2.077726339382729566e+04 1.402933949805848513e-01
5.934800000000000182e+03 2.045064972073157332e+04 1.436325570123070106e-01
5.938300000000000182e+03 2.001641955356880135e+04 1.434401474681416266e-01
5.941800000000000182e+03 1.994099796940862143e+04 1.435702472157932286e-01
5.945300000000000182e+03 1.940306280921034704e+04 1.455966105126774712e-01
5.948800000000000182e+03 1.954171249580294898e+04 1.444072311678853138e-01
5.952300000000000182e+03 1.972884920886765758e+04 1.439087589600729911e-01
5.955800000000000182e+03 2.017988131549266109e+04 1.395157796162721786e-01
5.959300000000000182e+03 1.965333297540140848e+04 1.411486332657685416e-01
5.962800000000000182e+03 1.997939598824246787e+04 1.366493091690101080e-01
5.966300000000000182e+03 1.979045787402370479e+04 1.374690991282460084e-01
5.969800000000000182e+03 2.023220401683901946e+04 1.357908174398242962e-01
5.973300000000000182e+03 1.970353978470636139e+04 1.355713868798274213e-01
5.976800000000000182e+03 1.983210774338268311e+04 1.358903355630053655e-01
5.980300000000000182e+03 1.955365241190066081e+04 1.354524437413647808e-01
5.983800000000000182e+03 1.959725399256001765e+04 1.340113803921998692e-01
5.987300000000000182e+03 1.959739576697731536e+04 1.337703734076935713e-01
5.990800000000000182e+03 1.937693895040837378e+04 1.340495484297396234e-01
5.994300000000000182e+03 1.960643287459942803e+04 1.319406654997207218e-01
5.997800000000000182e+03 1.960214107857894851e+04 1.320379977512801672e-01
