# wavelength angstroms, flux, ext coeff
3.001800000000000182e+03 5.371682441953863181e-06 4.199858363083179391e+00
3.005300000000000182e+03 3.328940714250219202e-01 0.000000000000000000e+00
3.008800000000000182e+03 4.514138957977688271e+00 8.390858004101746648e-01
3.012300000000000182e+03 1.714913979530351185e+01 5.979554399854846158e-01
3.015800000000000182e+03 5.581388439841354909e-01 0.000000000000000000e+00
3.019300000000000182e+03 7.286149745512544573e-01 0.000000000000000000e+00
3.022800000000000182e+03 1.579903123629597672e-01 1.720560619182483597e+00
3.026300000000000182e+03 8.744200003726206205e+00 8.339790001581109946e-01
3.029800000000000182e+03 9.062009476091008153e+00 8.603406689666355245e-01
3.033300000000000182e+03 2.856600163971816819e+00 0.000000000000000000e+00
3.036800000000000182e+03 1.190598288691877005e-01 1.929876700804257439e+00
3.040300000000000182e+03 2.913880484986837160e+00 1.188323675675797775e+00
3.043800000000000182e+03 7.161325908688109365e+00 0.000000000000000000e+00
3.047300000000000182e+03 7.265979599887037566e+00 0.000000000000000000e+00
3.050800000000000182e+03 1.092454829836848829e+00 1.481011595917360868e+00
3.054300000000000182e+03 9.768264732398427297e-01 1.526369921199345114e+00
3.057800000000000182e+03 7.556741303435821067e-01 1.615743711047774589e+00
3.061300000000000182e+03 4.582847680053486528e+00 1.208406919522006406e+00
3.064800000000000182e+03 2.667155145184049303e+01 0.000000000000000000e+00
3.068300000000000182e+03 1.801108667859326662e+00 1.470520009731955735e+00
3.071800000000000182e+03 1.472016827780068038e+00 1.544546524575592050e+00
3.075300000000000182e+03 1.074903625901257737e-01 2.312902160154914899e+00
3.078800000000000182e+03 1.567961205553663473e-01 2.229368302555258641e+00
3.082300000000000182e+03 1.997498208395952768e-01 2.167934651039201022e+00
3.085800000000000182e+03 1.333932091661454766e+00 1.669582952533275266e+00
3.089300000000000182e+03 1.231858180600699404e+00 1.734216501178771130e+00
3.092800000000000182e+03 6.202777027616270367e+00 1.325932178602511557e+00
3.096300000000000182e+03 3.669617740374689241e+00 1.470529861979604336e+00
3.099800000000000182e+03 9.798531223794971767e-01 1.874605092151049757e+00
3.103300000000000182e+03 1.243643036056076179e+00 1.843837866881967713e+00
3.106800000000000182e+03 4.526058166644751246e+00 1.464445758884197257e+00
3.110300000000000182e+03 1.698161336057457449e+00 1.782515699197406711e+00
3.113800000000000182e+03 1.968714052385040603e+00 1.758211055997635830e+00
3.117300000000000182e+03 2.473907602653629301e+00 1.719069294899570721e+00
3.120800000000000182e+03 2.854767759952835160e+00 1.678772951974400574e+00
3.124300000000000182e+03 1.266231152583279140e+01 1.261180318938383227e+00
3.127800000000000182e+03 4.025957467191734196e+00 1.623644396642317300e+00
3.131300000000000182e+03 1.489611217201986193e+01 1.254183690747803670e+00
3.134800000000000182e+03 6.292695226674694275e+00 1.524317133174748928e+00
3.138300000000000182e+03 1.728036301250960705e+01 1.245223093627812361e+00
3.141800000000000182e+03 1.841780819454141138e+01 1.243050024041998602e+00
3.145300000000000182e+03 8.792115947264129261e+00 1.478927048590299664e+00
3.148800000000000182e+03 1.348027631024296902e+01 1.372122248927816202e+00
3.152300000000000182e+03 2.792931642781972457e+01 1.175685357071045045e+00
3.155800000000000182e+03 2.808538866551199220e+01 1.185275633632450587e+00
3.159300000000000182e+03 3.123840926497365444e+01 1.169243396291348880e+00
3.162800000000000182e+03 2.274430416864571924e+01 1.276104085041585900e+00
3.166300000000000182e+03 2.392055815301470645e+01 1.285260864209717635e+00
3.169800000000000182e+03 3.034424275749594102e+01 1.225091814102124310e+00
3.173300000000000182e+03 3.676863447294880416e+01 1.177968463168552304e+00
3.176800000000000182e+03 3.109197646069238985e+01 1.241989777923258265e+00
3.180300000000000182e+03 4.627388632926851386e+01 1.143537287963698468e+00
3.183800000000000182e+03 3.905154142463788247e+01 1.204152508152315004e+00
3.187300000000000182e+03 4.405574271873616254e+01 1.181488917650347359e+00
3.190800000000000182e+03 7.065290225567341054e+01 1.057425975647221739e+00
3.194300000000000182e+03 5.315677365732825166e+01 1.151920028144631791e+00
3.197800000000000182e+03 5.951941014878455150e+01 1.130382084754467664e+00
3.201300000000000182e+03 6.354930097063888184e+01 1.121888641033409462e+00
3.204800000000000182e+03 7.123025965428531947e+01 1.105267260415374375e+00
3.208300000000000182e+03 1.045309093570584196e+02 9.919251214917615966e-01
3.211800000000000182e+03 8.916823383401639092e+01 1.059169946747695823e+00
3.215300000000000182e+03 9.156202296401313845e+01 1.053357062557121360e+00
3.218800000000000182e+03 1.105080563185893254e+02 1.006344628394560514e+00
3.222300000000000182e+03 1.023795435117050516e+02 1.034019538451460107e+00
3.225800000000000182e+03 1.108235560600391523e+02 1.008360065983660681e+00
3.229300000000000182e+03 1.156207052778970308e+02 1.008489692975599095e+00
3.232800000000000182e+03 1.313904357075473399e+02 9.869956799995031060e-01
3.236300000000000182e+03 1.414004229432812281e+02 9.768422959464050370e-01
3.239800000000000182e+03 1.925443623522276084e+02 8.982830488619210074e-01
3.243300000000000182e+03 1.605489956567137995e+02 9.547998804089684599e-01
3.246800000000000182e+03 1.688477129837296218e+02 9.465982517689198739e-01
3.250300000000000182e+03 2.080531476241579298e+02 8.819664829172831899e-01
3.253800000000000182e+03 2.128534153576340202e+02 8.820444966970396594e-01
3.257300000000000182e+03 1.919714851457133591e+02 9.234685350716287378e-01
3.260800000000000182e+03 2.274987397901572024e+02 8.818183139902473489e-01
3.264300000000000182e+03 2.181018366832576305e+02 9.002142423513670444e-01
3.267800000000000182e+03 2.866931427173685734e+02 8.315289544115592735e-01
3.271300000000000182e+03 2.871222104651304221e+02 8.377301946560723467e-01
3.274800000000000182e+03 2.403213121179094571e+02 8.857781394802949348e-01
3.278300000000000182e+03 2.497180113658826599e+02 8.781529578460188779e-01
3.281800000000000182e+03 2.558432195154407793e+02 8.744929859030134978e-01
3.285300000000000182e+03 2.936464168813664628e+02 8.376461716989228590e-01
3.288800000000000182e+03 3.019070872675004011e+02 8.366793778194854259e-01
3.292300000000000182e+03 3.086364432799369411e+02 8.399295928941951095e-01
3.295800000000000182e+03 3.287676951162166574e+02 8.322157128320328834e-01
3.299300000000000182e+03 3.659262620314181049e+02 8.068241658974582009e-01
3.302800000000000182e+03 3.663435374972555110e+02 8.130196476354150104e-01
3.306300000000000182e+03 3.669994202364304670e+02 8.135482258814464851e-01
3.309800000000000182e+03 3.729786427636960866e+02 8.171210570775008231e-01
3.313300000000000182e+03 4.073444746926710422e+02 7.817794537929735332e-01
3.316800000000000182e+03 4.382810624185981396e+02 7.655066365300791098e-01
3.320300000000000182e+03 4.047434184557773165e+02 7.963037012232083711e-01
3.323800000000000182e+03 4.959686592003479291e+02 7.451134426583099213e-01
3.327300000000000182e+03 4.867324459395491658e+02 7.553510995093160041e-01
3.330800000000000182e+03 5.243775714901119045e+02 7.408811087188503786e-01
3.334300000000000182e+03 4.780700532961590170e+02 7.691283958120290754e-01
3.337800000000000182e+03 4.840218557979330285e+02 7.684120281043919087e-01
3.341300000000000182e+03 4.934117311150093315e+02 7.650889553248934050e-01
3.344800000000000182e+03 5.397477408600580020e+02 7.388868815014310032e-01
3.348300000000000182e+03 5.254814987086773499e+02 7.536962053368981840e-01
3.351800000000000182e+03 5.377700520216960740e+02 7.467038439552270424e-01
3.355300000000000182e+03 5.730647761278686403e+02 7.357300859239372937e-01
3.358800000000000182e+03 5.846926529675190523e+02 7.342340337100562442e-01
3.362300000000000182e+03 6.420624010966675996e+02 7.131547634414708847e-01
3.365800000000000182e+03 6.071513722387111329e+02 7.259700157650257335e-01
3.369300000000000182e+03 6.257067487674117956e+02 7.261523870302576400e-01
3.372800000000000182e+03 6.315412567089967979e+02 7.222290434272773396e-01
3.376300000000000182e+03 6.465849942250014237e+02 7.206975534429379548e-01
3.379800000000000182e+03 6.697085511460091993e+02 7.059091712892202608e-01
3.383300000000000182e+03 7.586748307616247757e+02 6.776671894407104713e-01
3.386800000000000182e+03 7.367418674932300746e+02 7.007134570595964229e-01
3.390300000000000182e+03 7.128788061208678073e+02 7.012543312018435504e-01
3.393800000000000182e+03 7.504000156324077579e+02 6.929644695235970264e-01
3.397300000000000182e+03 8.129622809705754207e+02 6.718971837302821770e-01
3.400800000000000182e+03 7.799332042257632338e+02 6.872211752874300972e-01
3.404300000000000182e+03 7.780169475897135953e+02 6.879812889494171246e-01
3.407800000000000182e+03 8.827367418283167808e+02 6.561575447625411783e-01
3.411300000000000182e+03 8.334277365357170311e+02 6.738932403487678524e-01
3.414800000000000182e+03 9.010786155183918709e+02 6.549028427831273813e-01
3.418300000000000182e+03 8.664760867002094074e+02 6.667999610414755418e-01
3.421800000000000182e+03 8.725908177619841126e+02 6.654554838553270457e-01
3.425300000000000182e+03 9.337354176078945329e+02 6.497246587069513968e-01
3.428800000000000182e+03 9.061520514871986052e+02 6.586924421946824815e-01
3.432300000000000182e+03 9.181148127861446255e+02 6.580852347837197192e-01
3.435800000000000182e+03 9.591964528112304151e+02 6.506874046909192355e-01
3.439300000000000182e+03 1.009715367803712979e+03 6.306788465215873440e-01
3.442800000000000182e+03 9.749953000756132724e+02 6.488332692195964979e-01
3.446300000000000182e+03 1.026267814820116882e+03 6.373634165825250442e-01
3.449800000000000182e+03 1.126134623202730381e+03 6.180422226715168721e-01
3.453300000000000182e+03 1.048580628433469428e+03 6.358486556641339549e-01
3.456800000000000182e+03 1.147725229243080321e+03 6.125728932114307135e-01
3.460300000000000182e+03 1.080816804523599558e+03 6.340045276956643994e-01
3.463800000000000182e+03 1.099854456239348565e+03 6.294006121732939052e-01
3.467300000000000182e+03 1.110642234500617633e+03 6.257753517068547211e-01
3.470800000000000182e+03 1.124826557835910080e+03 6.256658111125145139e-01
3.474300000000000182e+03 1.208811818582588330e+03 6.075695785703242313e-01
3.477800000000000182e+03 1.193212590718677120e+03 6.166268456858541303e-01
3.481300000000000182e+03 1.191421108704510516e+03 6.146418361424909049e-01
3.484800000000000182e+03 1.220659660227912127e+03 6.128282401324516293e-01
3.488300000000000182e+03 1.294739417195407896e+03 5.962510707793272635e-01
3.491800000000000182e+03 1.255022458640626610e+03 6.051722117941341628e-01
3.495300000000000182e+03 1.326767249833548021e+03 5.936858240240542317e-01
3.498800000000000182e+03 1.307630769564736283e+03 6.016383279185487654e-01
3.502300000000000182e+03 1.422097917827926494e+03 5.810873681240671385e-01
3.505800000000000182e+03 1.383137929639999584e+03 5.876619744020217251e-01
3.509300000000000182e+03 1.350807019026724902e+03 6.005227361862306434e-01
3.512800000000000182e+03 1.386149990309472514e+03 5.960843663962130945e-01
3.516300000000000182e+03 1.482399263309030857e+03 5.794979481447525282e-01
3.519800000000000182e+03 1.456549598491278175e+03 5.808368230697861234e-01
3.523300000000000182e+03 1.497902919990846385e+03 5.770211464061416606e-01
3.526800000000000182e+03 1.516992575850878211e+03 5.730853305417475951e-01
3.530300000000000182e+03 1.583741068034695445e+03 5.673473151806742720e-01
3.533800000000000182e+03 1.524071222079980544e+03 5.764868282931093768e-01
3.537300000000000182e+03 1.520821922442923778e+03 5.760210169598157792e-01
3.540800000000000182e+03 1.542241084450385642e+03 5.740710875496666254e-01
3.544300000000000182e+03 1.610165089589555009e+03 5.639334548647826351e-01
3.547800000000000182e+03 1.610985867445495842e+03 5.629331258949714645e-01
3.551300000000000182e+03 1.701827001998145306e+03 5.573171569205929154e-01
3.554800000000000182e+03 1.671455762358421680e+03 5.669180772493122022e-01
3.558300000000000182e+03 1.672145073132606740e+03 5.647519443657926796e-01
3.561800000000000182e+03 1.673117204693918666e+03 5.608500661865241099e-01
3.565300000000000182e+03 1.716668384631780100e+03 5.563266129971101703e-01
3.568800000000000182e+03 1.843349240909896707e+03 5.395392832121156390e-01
3.572300000000000182e+03 1.730431885196703433e+03 5.541900988674361983e-01
3.575800000000000182e+03 1.775623205236017156e+03 5.492693138418345278e-01
3.579300000000000182e+03 1.824177278999962937e+03 5.485174489559280220e-01
3.582800000000000182e+03 1.855014187377944381e+03 5.484406450029578606e-01
3.586300000000000182e+03 1.987809768496854758e+03 5.278056653085021477e-01
3.589800000000000182e+03 1.886550637868700505e+03 5.409580066305889057e-01
3.593300000000000182e+03 1.920271160458459917e+03 5.319332873115556470e-01
3.596800000000000182e+03 1.992524099243040155e+03 5.363222714393476309e-01
3.600300000000000182e+03 1.960967187813876990e+03 5.360996510646957036e-01
3.603800000000000182e+03 1.962580938125111288e+03 5.345541401879485566e-01
3.607300000000000182e+03 1.998816865841054323e+03 5.317292036303736813e-01
3.610800000000000182e+03 2.017881029712013515e+03 5.298645085014217493e-01
3.614300000000000182e+03 2.085586596965979879e+03 5.291719378692144593e-01
3.617800000000000182e+03 2.096516705810141957e+03 5.195118123104811581e-01
3.621300000000000182e+03 2.101244033943249633e+03 5.216957796687515803e-01
3.624800000000000182e+03 2.204179772097218120e+03 5.090315438053333308e-01
3.628300000000000182e+03 2.147208209923449886e+03 5.193563524301951784e-01
3.631800000000000182e+03 2.192250100662028672e+03 5.160451469799632873e-01
3.635300000000000182e+03 2.278161476972321452e+03 5.117160965541385220e-01
3.638800000000000182e+03 2.228088913573097216e+03 5.120429708937428437e-01
3.642300000000000182e+03 2.343008342043868652e+03 5.012614553886031166e-01
3.645800000000000182e+03 2.359716171951781234e+03 5.018669285697314741e-01
3.649300000000000182e+03 2.419634374664198276e+03 5.004671634081879761e-01
3.652800000000000182e+03 2.449532681029036667e+03 4.969807293206918164e-01
3.656300000000000182e+03 2.440866714802967181e+03 5.043280973332295858e-01
3.659800000000000182e+03 2.403714684359749754e+03 5.049902200190337087e-01
3.663300000000000182e+03 2.402168078872475235e+03 5.007933146706097238e-01
3.666800000000000182e+03 2.469645048866398156e+03 4.970993716886091263e-01
3.670300000000000182e+03 2.485667213552988414e+03 4.966427595590439115e-01
3.673800000000000182e+03 2.450507271485847923e+03 4.981655654937494071e-01
3.677300000000000182e+03 2.584292864459200700e+03 4.891227129695230880e-01
3.680800000000000182e+03 2.548195433623144709e+03 4.878100319599805168e-01
3.684300000000000182e+03 2.528821454132033068e+03 4.874641048422075351e-01
3.687800000000000182e+03 2.556804851574921486e+03 4.849300953192821062e-01
3.691300000000000182e+03 2.597346842373479831e+03 4.809376701835940682e-01
3.694800000000000182e+03 2.562566158330384042e+03 4.807501351718328486e-01
3.698300000000000182e+03 2.712878947209410853e+03 4.713158428321120308e-01
3.701800000000000182e+03 2.587190045298347286e+03 4.739592000600514332e-01
3.705300000000000182e+03 2.679867287265024061e+03 4.721283561594104561e-01
3.708800000000000182e+03 2.708846493651511537e+03 4.712676693333791578e-01
3.712300000000000182e+03 2.602280057804304306e+03 4.786898688792976531e-01
3.715800000000000182e+03 2.757317451081783474e+03 4.690593537024738691e-01
3.719300000000000182e+03 2.627461291381922365e+03 4.728821256224381986e-01
3.722800000000000182e+03 2.837507353773718933e+03 4.556570559974873480e-01
3.726300000000000182e+03 2.820173818789128291e+03 4.545849423642190912e-01
3.729800000000000182e+03 2.967347127024000656e+03 4.472977486186547891e-01
3.733300000000000182e+03 2.844860576553389819e+03 4.602724801347607975e-01
3.736800000000000182e+03 2.907269283542912035e+03 4.584598264832357994e-01
3.740300000000000182e+03 2.986172884968595554e+03 4.614863160271475695e-01
3.743800000000000182e+03 3.009457309889373391e+03 4.590293191615256729e-01
3.747300000000000182e+03 3.168158677011427244e+03 4.558694514097271222e-01
3.750800000000000182e+03 3.316217697700686131e+03 4.503621499609488099e-01
3.754300000000000182e+03 3.159468148827222194e+03 4.559243433973130810e-01
3.757800000000000182e+03 3.294053808562247013e+03 4.500559197339829010e-01
3.761300000000000182e+03 3.381986661516309596e+03 4.472568724467083645e-01
3.764800000000000182e+03 3.324010988929410360e+03 4.490737407605830400e-01
3.768300000000000182e+03 3.543462764741987030e+03 4.380213274205607688e-01
3.771800000000000182e+03 3.378908126091265785e+03 4.471962022603218623e-01
3.775300000000000182e+03 3.617697428671638590e+03 4.408789904963734685e-01
3.778800000000000182e+03 3.675856070047033427e+03 4.396850845050080392e-01
3.782300000000000182e+03 3.763779256121932121e+03 4.376982492487439536e-01
3.785800000000000182e+03 3.908182225379850479e+03 4.361078768684510942e-01
3.789300000000000182e+03 4.001877425586041682e+03 4.317622954989204231e-01
3.792800000000000182e+03 4.012601992619157500e+03 4.361402743054277331e-01
3.796300000000000182e+03 4.135662106974677954e+03 4.320630958347734252e-01
3.799800000000000182e+03 4.209106957519755269e+03 4.358862048367401765e-01
3.803300000000000182e+03 4.318080966493907908e+03 4.366365286413586011e-01
3.806800000000000182e+03 4.441519904981621949e+03 4.337247277321290562e-01
3.810300000000000182e+03 4.373914078089143914e+03 4.361305281848184556e-01
3.813800000000000182e+03 4.435645296861815950e+03 4.302839972458861184e-01
3.817300000000000182e+03 4.405663373573617719e+03 4.239465287721779219e-01
3.820800000000000182e+03 4.412543885728369787e+03 4.181503642086270567e-01
3.824300000000000182e+03 4.392083250216257511e+03 4.094306650414941129e-01
3.827800000000000182e+03 4.482675811795093068e+03 4.050490752337935763e-01
3.831300000000000182e+03 4.609933016275063892e+03 4.008969922472098157e-01
3.834800000000000182e+03 4.590020121862948145e+03 4.051824616829637904e-01
3.838300000000000182e+03 4.655018640068596142e+03 4.108355242275584240e-01
3.841800000000000182e+03 4.868332504753740068e+03 4.093541589307295170e-01
3.845300000000000182e+03 4.974203621139496136e+03 4.156482119462013292e-01
3.848800000000000182e+03 5.176094458514881808e+03 4.135486422491432834e-01
3.852300000000000182e+03 5.343469721174951701e+03 4.117822313216664698e-01
3.855800000000000182e+03 5.463632874173780692e+03 4.108244288758957641e-01
3.859300000000000182e+03 5.601512538546710857e+03 4.109388396912639907e-01
3.862800000000000182e+03 5.759805661229944235e+03 4.109306603461315710e-01
3.866300000000000182e+03 5.599328276926135004e+03 4.144622460037972189e-01
3.869800000000000182e+03 5.519023123885116547e+03 4.150815968848434734e-01
3.873300000000000182e+03 5.434900067587622289e+03 4.090193071669434022e-01
3.876800000000000182e+03 5.333146178013076678e+03 4.037074772701907399e-01
3.880300000000000182e+03 5.185989547919239158e+03 3.961269625342050960e-01
3.883800000000000182e+03 5.159941002536348606e+03 3.830090666073661665e-01
3.887300000000000182e+03 5.112832301020248451e+03 3.711082587981354153e-01
3.890800000000000182e+03 5.304341819590369596e+03 3.657166748979854831e-01
3.894300000000000182e+03 5.225769382830542781e+03 3.692207485564561464e-01
3.897800000000000182e+03 5.317743114932590288e+03 3.831560429302854898e-01
3.901300000000000182e+03 5.623568505050649037e+03 3.918643684934516869e-01
3.904800000000000182e+03 5.737198110624552100e+03 3.994570211087457579e-01
3.908300000000000182e+03 6.025599513927236330e+03 3.988442774479512010e-01
3.911800000000000182e+03 6.319267009226946357e+03 3.988889319722226379e-01
3.915300000000000182e+03 6.471244391637506851e+03 3.916109209655224688e-01
3.918800000000000182e+03 6.716951064615057476e+03 3.868328043840867925e-01
3.922300000000000182e+03 6.754563356976873365e+03 3.802264793553859490e-01
3.925800000000000182e+03 6.958528332616224361e+03 3.703953117460478950e-01
3.929300000000000182e+03 6.957737005494742334e+03 3.656995395483083611e-01
3.932800000000000182e+03 7.042046637439199003e+03 3.681891509130981177e-01
3.936300000000000182e+03 7.039546522841008482e+03 3.710844928487755379e-01
3.939800000000000182e+03 6.999072926949970679e+03 3.739097877065624687e-01
3.943300000000000182e+03 6.878206384199533204e+03 3.796866824910133387e-01
3.946800000000000182e+03 6.801459434030483862e+03 3.843051675675395185e-01
3.950300000000000182e+03 6.603859143488412883e+03 3.887562213509009323e-01
3.953800000000000182e+03 6.400862223460510904e+03 3.832881118658988395e-01
3.957300000000000182e+03 6.297209994211352750e+03 3.734014919691399648e-01
3.960800000000000182e+03 6.137926983366220156e+03 3.639184978171966511e-01
3.964300000000000182e+03 6.194109972141373873e+03 3.451856441144702248e-01
3.967800000000000182e+03 6.051127760344264971e+03 3.359885821446012555e-01
3.971300000000000182e+03 6.243912222749717330e+03 3.270004165596693824e-01
3.974800000000000182e+03 6.156415942884475953e+03 3.376589146471176139e-01
3.978300000000000182e+03 6.181310258371468080e+03 3.516036205910707535e-01
3.981800000000000182e+03 6.505678919568344099e+03 3.604665392456524731e-01
3.985300000000000182e+03 6.763096665903563007e+03 3.660564989417220971e-01
3.988800000000000182e+03 7.067393890513659244e+03 3.664563929720349167e-01
3.992300000000000182e+03 7.347938336530145534e+03 3.654348134854976671e-01
3.995800000000000182e+03 7.597621595644927766e+03 3.602000208139308768e-01
3.999300000000000182e+03 7.714449081209108954e+03 3.581675023187789741e-01
4.002800000000000182e+03 7.890846344443885755e+03 3.555748981006575105e-01
4.006300000000000182e+03 7.916720612658148639e+03 3.542083056492073001e-01
4.009800000000000182e+03 7.961533583397922484e+03 3.531211451583410321e-01
4.013300000000000182e+03 8.038656887868278318e+03 3.504947373891944551e-01
4.016800000000000182e+03 7.902132703476127972e+03 3.509428979438200535e-01
4.020300000000000182e+03 7.941710049667168278e+03 3.492308174350221006e-01
4.023800000000000182e+03 8.242584374670761463e+03 3.443746584153793977e-01
4.027300000000000182e+03 8.145033577412663362e+03 3.435535472597700535e-01
4.030800000000000182e+03 8.267336345448151405e+03 3.408067791379746359e-01
4.034300000000000182e+03 8.082123891222010570e+03 3.421166019489446652e-01
4.037800000000000182e+03 8.295699056132521946e+03 3.420027791087172364e-01
4.041300000000000182e+03 8.448233077260712889e+03 3.410429645710043034e-01
4.044800000000000182e+03 8.272124641114918632e+03 3.409037432434922077e-01
4.048300000000000182e+03 8.548835240567786968e+03 3.406528065990337972e-01
4.051800000000000182e+03 8.632168948467900918e+03 3.369247645405901159e-01
4.055300000000000182e+03 8.845165563743645180e+03 3.358432477243117886e-01
4.058800000000000182e+03 8.776477585056085445e+03 3.367255296742782122e-01
4.062300000000000182e+03 8.663557607006292528e+03 3.358682322706819656e-01
4.065800000000000182e+03 8.797916662397145046e+03 3.344044019589529904e-01
4.069300000000000182e+03 8.553330593143475198e+03 3.349482650773444314e-01
4.072800000000000182e+03 8.590252347838726564e+03 3.316758419276688574e-01
4.076300000000000182e+03 8.539629120412871998e+03 3.327098144926857182e-01
4.079800000000000182e+03 8.431384564239719111e+03 3.315778158607760595e-01
4.083300000000000182e+03 8.308975335331668248e+03 3.275671854669099381e-01
4.086800000000000182e+03 8.151885426421021293e+03 3.279802192430519847e-01
4.090300000000000182e+03 8.047214369273420743e+03 3.273373746158969033e-01
4.093800000000000182e+03 8.034777265604249806e+03 3.240474957762311536e-01
4.097300000000000182e+03 7.881976723655406204e+03 3.205909594533989937e-01
4.100800000000000182e+03 7.775905071727004724e+03 3.140208297732657861e-01
4.104300000000000182e+03 7.677445568915940385e+03 3.108159590124991434e-01
4.107800000000000182e+03 7.758643267361127982e+03 3.057419606066899553e-01
4.111300000000000182e+03 7.850978919789054089e+03 3.039511424485378255e-01
4.114800000000000182e+03 8.056130722032055928e+03 3.054756481762396780e-01
4.118300000000000182e+03 8.339568108850686258e+03 3.108513711235291743e-01
4.121800000000000182e+03 8.331572182725969469e+03 3.180622968280770735e-01
4.125300000000000182e+03 8.564833805096248398e+03 3.201035954562703734e-01
4.128800000000000182e+03 8.974011562603587663e+03 3.196196282403840350e-01
4.132300000000000182e+03 9.336320130651107320e+03 3.184735723503729909e-01
4.135800000000000182e+03 9.521757192239469077e+03 3.149792214896310338e-01
4.139300000000000182e+03 9.736193056951195103e+03 3.107028123421060051e-01
4.142800000000000182e+03 9.880595667983559906e+03 3.108065300442641177e-01
4.146300000000000182e+03 9.723322939156852954e+03 3.095162931598648970e-01
4.149800000000000182e+03 9.962268336096731218e+03 3.099741343759011558e-01
4.153300000000000182e+03 9.891433414508201167e+03 3.099553587652991160e-01
4.156800000000000182e+03 1.017309228236839590e+04 3.056369276862073714e-01
4.160300000000000182e+03 9.848476588919043934e+03 3.064316140707917802e-01
4.163800000000000182e+03 1.005512550347178876e+04 3.044020444686096338e-01
4.167300000000000182e+03 1.025520597212932807e+04 3.020936119063411529e-01
4.170800000000000182e+03 1.016419426546476097e+04 3.030260313043287024e-01
4.174300000000000182e+03 1.041545313430718852e+04 3.002727740784484345e-01
4.177800000000000182e+03 1.027433407600840292e+04 3.011554738217144256e-01
4.181300000000000182e+03 1.046046916781952314e+04 2.977254883951978015e-01
4.184800000000000182e+03 1.047553390977118579e+04 2.981689657535280813e-01
4.188300000000000182e+03 1.057272880259015255e+04 2.956412709670144245e-01
4.191800000000000182e+03 1.078876226765743741e+04 2.953406055465263580e-01
4.195300000000000182e+03 1.073278752882664594e+04 2.949742977663097343e-01
4.198800000000000182e+03 1.081618680942618630e+04 2.923393734016904166e-01
4.202300000000000182e+03 1.085352471854007854e+04 2.917118075713832637e-01
4.205800000000000182e+03 1.084346688636921499e+04 2.933022567980291262e-01
4.209300000000000182e+03 1.101027603774147246e+04 2.894832474622350826e-01
4.212800000000000182e+03 1.080891784535029728e+04 2.889042786951520059e-01
4.216300000000000182e+03 1.093906999049263686e+04 2.901174215422502312e-01
4.219800000000000182e+03 1.095628839477929796e+04 2.884108477011782523e-01
4.223300000000000182e+03 1.110254160456348291e+04 2.868979377324960001e-01
4.226800000000000182e+03 1.171489684047936316e+04 2.800007226355006873e-01
4.230300000000000182e+03 1.127642787697756285e+04 2.860238265641419919e-01
4.233800000000000182e+03 1.140267013312730887e+04 2.819166461550631775e-01
4.237300000000000182e+03 1.130404744611928254e+04 2.828286018242311406e-01
4.240800000000000182e+03 1.112855998377674405e+04 2.857979678207115959e-01
4.244300000000000182e+03 1.133146554600277341e+04 2.826958077417280335e-01
4.247800000000000182e+03 1.130404459441945619e+04 2.827524370643985097e-01
4.251300000000000182e+03 1.162607305087847817e+04 2.793374983785880672e-01
4.254800000000000182e+03 1.150559988113134932e+04 2.802859522017792648e-01
4.258300000000000182e+03 1.158701627722301237e+04 2.784148755559393562e-01
4.261800000000000182e+03 1.145254428579374689e+04 2.783010774845987578e-01
4.265300000000000182e+03 1.138925153382954704e+04 2.762097371086382758e-01
4.268800000000000182e+03 1.171399523062183471e+04 2.734791258192129093e-01
4.272300000000000182e+03 1.169845601606935816e+04 2.730291259404680759e-01
4.275800000000000182e+03 1.162852973017102522e+04 2.748037775873783395e-01
4.279300000000000182e+03 1.147763992664835678e+04 2.750929495190519991e-01
4.282800000000000182e+03 1.174698257952027234e+04 2.726172511551842592e-01
4.286300000000000182e+03 1.183636275279889924e+04 2.720409826897786099e-01
4.289800000000000182e+03 1.198094973240837862e+04 2.713795416450076048e-01
4.293300000000000182e+03 1.195697728676014231e+04 2.702247899015582933e-01
4.296800000000000182e+03 1.179204569747670394e+04 2.718927549693626045e-01
4.300300000000000182e+03 1.205891474899698915e+04 2.686097334271592696e-01
4.303800000000000182e+03 1.194010384859244914e+04 2.709236576776653527e-01
4.307300000000000182e+03 1.202655854144458317e+04 2.681745742950121802e-01
4.310800000000000182e+03 1.177233933858197997e+04 2.712813490259279314e-01
4.314300000000000182e+03 1.178792307656058802e+04 2.665407903759356989e-01
4.317800000000000182e+03 1.149121581634518589e+04 2.639362134959143957e-01
4.321300000000000182e+03 1.133962945593208315e+04 2.634436232984057047e-01
4.324800000000000182e+03 1.136394038675184675e+04 2.611669283931591368e-01
4.328300000000000182e+03 1.085902751955205895e+04 2.608635863079908357e-01
4.331800000000000182e+03 1.073287598515648824e+04 2.597630029804031682e-01
4.335300000000000182e+03 1.063346185118892208e+04 2.600157508546555585e-01
4.338800000000000182e+03 1.056872205879541798e+04 2.559239879032822462e-01
4.342300000000000182e+03 1.048635397215746161e+04 2.517331423200788731e-01
4.345800000000000182e+03 1.049170467245918189e+04 2.465534981407403459e-01
4.349300000000000182e+03 1.062544103349680881e+04 2.437211274943220651e-01
4.352800000000000182e+03 1.097947532763113122e+04 2.407468180563207272e-01
4.356300000000000182e+03 1.101107382256060737e+04 2.473793489204659801e-01
4.359800000000000182e+03 1.137515432359206170e+04 2.528580921094944478e-01
4.363300000000000182e+03 1.157684400256457775e+04 2.575447837192717526e-01
4.366800000000000182e+03 1.204882227445005628e+04 2.589496611722620356e-01
4.370300000000000182e+03 1.221374312767316223e+04 2.588701769134174047e-01
4.373800000000000182e+03 1.235057336062448303e+04 2.596803261199431834e-01
4.377300000000000182e+03 1.302651232740594969e+04 2.537666307061203774e-01
4.380800000000000182e+03 1.300567216951032242e+04 2.503279472276511153e-01
4.384300000000000182e+03 1.295619602347876389e+04 2.480091744554064337e-01
4.387800000000000182e+03 1.294455084800447912e+04 2.468079495718354111e-01
4.391300000000000182e+03 1.297442732380586858e+04 2.481239493168865273e-01
4.394800000000000182e+03 1.304797284459329967e+04 2.466306222630233469e-01
4.398300000000000182e+03 1.295874895534387906e+04 2.468790905221564524e-01
4.401800000000000182e+03 1.328153060597726289e+04 2.455903830336066407e-01
4.405300000000000182e+03 1.314518158375635721e+04 2.446361078693435609e-01
4.408800000000000182e+03 1.320270692224995037e+04 2.460570830580997570e-01
4.412300000000000182e+03 1.305197782175906468e+04 2.462842427995134420e-01
4.415800000000000182e+03 1.340924278276189216e+04 2.420172662374701356e-01
4.419300000000000182e+03 1.334658346098735274e+04 2.442075657203792161e-01
4.422800000000000182e+03 1.315265461361097914e+04 2.458763820187072624e-01
4.426300000000000182e+03 1.339571508084956986e+04 2.431101745471972164e-01
4.429800000000000182e+03 1.319562151450249985e+04 2.431264711333023520e-01
4.433300000000000182e+03 1.356137292314755723e+04 2.406232633914753283e-01
4.436800000000000182e+03 1.350848492730626458e+04 2.397137734162694267e-01
4.440300000000000182e+03 1.365839413520053313e+04 2.396403852017394420e-01
4.443800000000000182e+03 1.383942861489082316e+04 2.373662108299411655e-01
4.447300000000000182e+03 1.370068737150997185e+04 2.364731580789588561e-01
4.450800000000000182e+03 1.355949052665686759e+04 2.376841043984406765e-01
4.454300000000000182e+03 1.348305449484097517e+04 2.375192719844631539e-01
4.457800000000000182e+03 1.363107344958730209e+04 2.376914548799860805e-01
4.461300000000000182e+03 1.318576358891137534e+04 2.365695365740173584e-01
4.464800000000000182e+03 1.353008586072217986e+04 2.344067027847773765e-01
4.468300000000000182e+03 1.342776906295622757e+04 2.335692014553082396e-01
4.471800000000000182e+03 1.350253314332044101e+04 2.332929845371040645e-01
4.475300000000000182e+03 1.338655734139108245e+04 2.320648954680597509e-01
4.478800000000000182e+03 1.343235057220231465e+04 2.314340619862852999e-01
4.482300000000000182e+03 1.383900521773582113e+04 2.296799784310566417e-01
4.485800000000000182e+03 1.360305573579795418e+04 2.305338298101121397e-01
4.489300000000000182e+03 1.394648645164773188e+04 2.294270621735837179e-01
4.492800000000000182e+03 1.392844162973773018e+04 2.294801685607739949e-01
4.496300000000000182e+03 1.401388716618556464e+04 2.287588151212721910e-01
4.499800000000000182e+03 1.427327926946166008e+04 2.278286318905854424e-01
4.503300000000000182e+03 1.413841499413686142e+04 2.280878214676069216e-01
4.506800000000000182e+03 1.412362487160968703e+04 2.278534429011527529e-01
4.510300000000000182e+03 1.434907554085676929e+04 2.275744025206457299e-01
4.513800000000000182e+03 1.397828860364802858e+04 2.297732696653958795e-01
4.517300000000000182e+03 1.409673374878476170e+04 2.274073429150374470e-01
4.520800000000000182e+03 1.425825500968427878e+04 2.235637202103680499e-01
4.524300000000000182e+03 1.397675602759101639e+04 2.251222178468969271e-01
4.527800000000000182e+03 1.437929251369591657e+04 2.214798887970285401e-01
4.531300000000000182e+03 1.435029882304878447e+04 2.209160518194246414e-01
4.534800000000000182e+03 1.436368869714757966e+04 2.228053246584319746e-01
4.538300000000000182e+03 1.443287884720440161e+04 2.217795601322551102e-01
4.541800000000000182e+03 1.470531717346337609e+04 2.184686622466787131e-01
4.545300000000000182e+03 1.436447113043145873e+04 2.199236850945880950e-01
4.548800000000000182e+03 1.426995258756154180e+04 2.195992147267554206e-01
4.552300000000000182e+03 1.416806668376680318e+04 2.203464373262474241e-01
4.555800000000000182e+03 1.458851168679005605e+04 2.184775541322513392e-01
4.559300000000000182e+03 1.450099358069110713e+04 2.174811767678644925e-01
4.562800000000000182e+03 1.459923958527871582e+04 2.160620437455777754e-01
4.566300000000000182e+03 1.436055203826906836e+04 2.191541333031414296e-01
4.569800000000000182e+03 1.439079016006694110e+04 2.177386120831905358e-01
4.573300000000000182e+03 1.427617268723850066e+04 2.183622839016359507e-01
4.576800000000000182e+03 1.478569197386639098e+04 2.151449004238792095e-01
4.580300000000000182e+03 1.441006400251994455e+04 2.155423998994948631e-01
4.583800000000000182e+03 1.446458998234587671e+04 2.147594380991200702e-01
4.587300000000000182e+03 1.457459165278395994e+04 2.129365452958915661e-01
4.590800000000000182e+03 1.454591908141219574e+04 2.120370319807860227e-01
4.594300000000000182e+03 1.475386380837486286e+04 2.119859167689649160e-01
4.597800000000000182e+03 1.459221078849399419e+04 2.105075606605620875e-01
4.601300000000000182e+03 1.460537689978094386e+04 2.105474792564899222e-01
4.604800000000000182e+03 1.426952914088701982e+04 2.107533671797857666e-01
4.608300000000000182e+03 1.468400171515434704e+04 2.105640591148540686e-01
4.611800000000000182e+03 1.489760232013476889e+04 2.092221306310254603e-01
4.615300000000000182e+03 1.479435325155279133e+04 2.085445440728201649e-01
4.618800000000000182e+03 1.450361281423487162e+04 2.093712621204608659e-01
4.622300000000000182e+03 1.440508058979988891e+04 2.078455981379634110e-01
4.625800000000000182e+03 1.458577689500844281e+04 2.075694372419537304e-01
4.629300000000000182e+03 1.463331071023654113e+04 2.065449427189509635e-01
4.632800000000000182e+03 1.476419073625324563e+04 2.060311076684467058e-01
4.636300000000000182e+03 1.467443438470166075e+04 2.053475698616549217e-01
4.639800000000000182e+03 1.456065392579246327e+04 2.067923889230604273e-01
4.643300000000000182e+03 1.456072656760445898e+04 2.048413344502713618e-01
4.646800000000000182e+03 1.432129340293731730e+04 2.050638154312726391e-01
4.650300000000000182e+03 1.457930187475116873e+04 2.038763259135547290e-01
4.653800000000000182e+03 1.483181834778010307e+04 2.030613269023493206e-01
4.657300000000000182e+03 1.462350103057617707e+04 2.025702522899510971e-01
4.660800000000000182e+03 1.475675973753096150e+04 2.025138907231730512e-01
4.664300000000000182e+03 1.469113471251286319e+04 2.006097888285859054e-01
4.667800000000000182e+03 1.481707297851803378e+04 1.996871875015942821e-01
4.671300000000000182e+03 1.496779819244813370e+04 1.997751831693990177e-01
4.674800000000000182e+03 1.480363118114347890e+04 1.987775781992754398e-01
4.678300000000000182e+03 1.460494764676373416e+04 2.000247671110490510e-01
4.681800000000000182e+03 1.489406117074742542e+04 1.997606890039376193e-01
4.685300000000000182e+03 1.472175350620289828e+04 1.991283521767328035e-01
4.688800000000000182e+03 1.463905948014401838e+04 1.986258374926875570e-01
4.692300000000000182e+03 1.454721326511961342e+04 1.980315223261379654e-01
4.695800000000000182e+03 1.479277243172189264e+04 1.980225794626626346e-01
4.699300000000000182e+03 1.478191302190299029e+04 1.949840161478406386e-01
4.702800000000000182e+03 1.485536764416257392e+04 1.958803271347654140e-01
4.706300000000000182e+03 1.446770986308958709e+04 1.941806270295499959e-01
4.709800000000000182e+03 1.447160261613349576e+04 1.943173947094354315e-01
4.713300000000000182e+03 1.480955796397702215e+04 1.925626204337340941e-01
4.716800000000000182e+03 1.475937775287697514e+04 1.923539631925017535e-01
4.720300000000000182e+03 1.474909915709700908e+04 1.943528330953321892e-01
4.723800000000000182e+03 1.471314923921686750e+04 1.922387083993419288e-01
4.727300000000000182e+03 1.478671685258250909e+04 1.945537039134030977e-01
4.730800000000000182e+03 1.442225919661260559e+04 1.918693214965286331e-01
4.734300000000000182e+03 1.451620391782638580e+04 1.915408335440967336e-01
4.737800000000000182e+03 1.498068927998267645e+04 1.895889940975676036e-01
4.741300000000000182e+03 1.496071761811972647e+04 1.898793313751498124e-01
4.744800000000000182e+03 1.454413743221062578e+04 1.925980690950384877e-01
4.748300000000000182e+03 1.482720134946677172e+04 1.900730166156895662e-01
4.751800000000000182e+03 1.482379709889954393e+04 1.876378646585971366e-01
4.755300000000000182e+03 1.471597110230182807e+04 1.903299898546785829e-01
4.758800000000000182e+03 1.456301445651275935e+04 1.881511166002839130e-01
4.762300000000000182e+03 1.487088091606644593e+04 1.895211626306064212e-01
4.765800000000000182e+03 1.474266582367952287e+04 1.874445004534101289e-01
4.769300000000000182e+03 1.496066735824632269e+04 1.870728782473812524e-01
4.772800000000000182e+03 1.473476675784042527e+04 1.865225936397867934e-01
4.776300000000000182e+03 1.466213219402685172e+04 1.874554355846837772e-01
4.779800000000000182e+03 1.466747422692952205e+04 1.863442768743208966e-01
4.783300000000000182e+03 1.484402482225313906e+04 1.862357087513724918e-01
4.786800000000000182e+03 1.446184704415555098e+04 1.858044955419936306e-01
4.790300000000000182e+03 1.463802733360383536e+04 1.856888753535188841e-01
4.793800000000000182e+03 1.489943313707470588e+04 1.851225197322474425e-01
4.797300000000000182e+03 1.470368536666190812e+04 1.874649909460967545e-01
4.800800000000000182e+03 1.453310499880781390e+04 1.863159142033590787e-01
4.804300000000000182e+03 1.462977782836565711e+04 1.855192554036626251e-01
4.807800000000000182e+03 1.428853138826238865e+04 1.849551580364140191e-01
4.811300000000000182e+03 1.473071076422557599e+04 1.813028408109637890e-01
4.814800000000000182e+03 1.454322145531432579e+04 1.843510591462582948e-01
4.818300000000000182e+03 1.438778094524455992e+04 1.851295965307586666e-01
4.821800000000000182e+03 1.446609110779562070e+04 1.854728707708744317e-01
4.825300000000000182e+03 1.436035128307253763e+04 1.853047712535932368e-01
4.828800000000000182e+03 1.409887687326266314e+04 1.847915387604260606e-01
4.832300000000000182e+03 1.421469854353357005e+04 1.846763506652574771e-01
4.835800000000000182e+03 1.389847710959454525e+04 1.836054803282574921e-01
4.839300000000000182e+03 1.364813700507231806e+04 1.810041224736697318e-01
4.842800000000000182e+03 1.357941034864647736e+04 1.780933465837023499e-01
4.846300000000000182e+03 1.307990400558118927e+04 1.793777199530167676e-01
4.849800000000000182e+03 1.288757163901523927e+04 1.788928878231434427e-01
4.853300000000000182e+03 1.284820951093278200e+04 1.800526699482155046e-01
4.856800000000000182e+03 1.235031839621167273e+04 1.760116374170356823e-01
4.860300000000000182e+03 1.228587210706506266e+04 1.729367390257618153e-01
4.863800000000000182e+03 1.188595671250011947e+04 1.701664108138707110e-01
4.867300000000000182e+03 1.189589229199050533e+04 1.655834182505761254e-01
4.870800000000000182e+03 1.222590884172538063e+04 1.637056119377637287e-01
4.874300000000000182e+03 1.220970344814204145e+04 1.657694831876080077e-01
4.877800000000000182e+03 1.269857458120306364e+04 1.706614595989500160e-01
4.881300000000000182e+03 1.277856831753103324e+04 1.746913707444341934e-01
4.884800000000000182e+03 1.306283509869090994e+04 1.811837294915960850e-01
4.888300000000000182e+03 1.364142284471769381e+04 1.811230131002824761e-01
4.891800000000000182e+03 1.383100756671664021e+04 1.806898489812898412e-01
4.895300000000000182e+03 1.412109961501897305e+04 1.776667577997121106e-01
4.898800000000000182e+03 1.444191563992617375e+04 1.760078700489502990e-01
4.902300000000000182e+03 1.398009720893740450e+04 1.757540962212562341e-01
4.905800000000000182e+03 1.443947589922638872e+04 1.732986243693943884e-01
4.909300000000000182e+03 1.416656169603001581e+04 1.724940552919158321e-01
4.912800000000000182e+03 1.414577925461724953e+04 1.729561857232005950e-01
4.916300000000000182e+03 1.424923985808084944e+04 1.725366100503251399e-01
4.919800000000000182e+03 1.393755155301579907e+04 1.728666778477257748e-01
4.923300000000000182e+03 1.407145316889324749e+04 1.717947696145671332e-01
4.926800000000000182e+03 1.430533756997025921e+04 1.688571941649681385e-01
4.930300000000000182e+03 1.392676693917465855e+04 1.708008729891583588e-01
4.933800000000000182e+03 1.385403825362022326e+04 1.707310651669918244e-01
4.937300000000000182e+03 1.399461947245575902e+04 1.706782062504489939e-01
4.940800000000000182e+03 1.411650602124534817e+04 1.698203659690019629e-01
4.944300000000000182e+03 1.397330417182004931e+04 1.717531485233591559e-01
4.947800000000000182e+03 1.446691872036665882e+04 1.702438094625764453e-01
4.951300000000000182e+03 1.420912304994247825e+04 1.696790622487182598e-01
4.954800000000000182e+03 1.418577906624638854e+04 1.659190217537664935e-01
4.958300000000000182e+03 1.431255618155299271e+04 1.667101511514454126e-01
4.961800000000000182e+03 1.408593095327170886e+04 1.700952896109580725e-01
4.965300000000000182e+03 1.422069074823558913e+04 1.689710935493646538e-01
4.968800000000000182e+03 1.403908385379890751e+04 1.699858888907254950e-01
4.972300000000000182e+03 1.407578704081240539e+04 1.686456761731157661e-01
4.975800000000000182e+03 1.433960730843009333e+04 1.682446889921989097e-01
4.979300000000000182e+03 1.378087979541109235e+04 1.681288914064760776e-01
4.982800000000000182e+03 1.437428439576933488e+04 1.677201032749804643e-01
4.986300000000000182e+03 1.395764363364318706e+04 1.658671987946009341e-01
4.989800000000000182e+03 1.421137940174035430e+04 1.682931365383089906e-01
4.993300000000000182e+03 1.399343989866656557e+04 1.671496894847438741e-01
4.996800000000000182e+03 1.392257738716917629e+04 1.665786983220347295e-01
5.000300000000000182e+03 1.388054515993155655e+04 1.656401439983268276e-01
5.003800000000000182e+03 1.370186535935053689e+04 1.666231788577040573e-01
5.007300000000000182e+03 1.351728663336318095e+04 1.651356282546668774e-01
5.010800000000000182e+03 1.338730967726111703e+04 1.663245482337772363e-01
5.014300000000000182e+03 1.391152737398945646e+04 1.635877564771298087e-01
5.017800000000000182e+03 1.372831249093488259e+04 1.647457745870284651e-01
5.021300000000000182e+03 1.391022108731993831e+04 1.652648199929011852e-01
5.024800000000000182e+03 1.358009553305322152e+04 1.663896191822052950e-01
5.028300000000000182e+03 1.366379437182400034e+04 1.679770740217915448e-01
5.031800000000000182e+03 1.363373991683840541e+04 1.688761945214032056e-01
5.035300000000000182e+03 1.364801910456892983e+04 1.674347811917527018e-01
5.038800000000000182e+03 1.357782614069610645e+04 1.661827123266939044e-01
5.042300000000000182e+03 1.342817672620269877e+04 1.671177803298629916e-01
5.045800000000000182e+03 1.364436620359706831e+04 1.649799971769295437e-01
5.049300000000000182e+03 1.347139761943905069e+04 1.648899952451582662e-01
5.052800000000000182e+03 1.364602097162820610e+04 1.635997594396468580e-01
5.056300000000000182e+03 1.364420416893782385e+04 1.626521240024945691e-01
5.059800000000000182e+03 1.367337526816421450e+04 1.643968175947965182e-01
5.063300000000000182e+03 1.366996676795778876e+04 1.636967802377889969e-01
5.066800000000000182e+03 1.374221484490181683e+04 1.618037677421270415e-01
5.070300000000000182e+03 1.372080918520654632e+04 1.641695200740496408e-01
5.073800000000000182e+03 1.363280213187113986e+04 1.638627195027257955e-01
5.077300000000000182e+03 1.357072789186700902e+04 1.632770180329030929e-01
5.080800000000000182e+03 1.361601729801453621e+04 1.617336896460538354e-01
5.084300000000000182e+03 1.379344800051170932e+04 1.624235608576183321e-01
5.087800000000000182e+03 1.398201878329681495e+04 1.617076685391086732e-01
5.091300000000000182e+03 1.390261304752039359e+04 1.589690229286420120e-01
5.094800000000000182e+03 1.377153446694262311e+04 1.588338172744183929e-01
5.098300000000000182e+03 1.369157798805961829e+04 1.587501236044716602e-01
5.101800000000000182e+03 1.395721735580109998e+04 1.560071230681968346e-01
5.105300000000000182e+03 1.369984519263865877e+04 1.578396632468367089e-01
5.108800000000000182e+03 1.371025639943630631e+04 1.596182630935994995e-01
5.112300000000000182e+03 1.390947292836825181e+04 1.570135651874046967e-01
5.115800000000000182e+03 1.363822658680988570e+04 1.573671573613979746e-01
5.119300000000000182e+03 1.408218447499489594e+04 1.537682436283230869e-01
5.122800000000000182e+03 1.376506556889462991e+04 1.568781944550131646e-01
5.126300000000000182e+03 1.379393268581773373e+04 1.562534432424244057e-01
5.129800000000000182e+03 1.361978047986065758e+04 1.549576921247816375e-01
5.133300000000000182e+03 1.383236117126020872e+04 1.547771262521656088e-01
5.136800000000000182e+03 1.367576415593408638e+04 1.560675566267213377e-01
5.140300000000000182e+03 1.369288095884944050e+04 1.549566276724899938e-01
5.143800000000000182e+03 1.372000509039917961e+04 1.531413169565689625e-01
5.147300000000000182e+03 1.357914916740364970e+04 1.566809007885806293e-01
5.150800000000000182e+03 1.364961974828849816e+04 1.547001239117696270e-01
5.154300000000000182e+03 1.344640879954252887e+04 1.569398919303494067e-01
5.157800000000000182e+03 1.363840376608771294e+04 1.542292294541749709e-01
5.161300000000000182e+03 1.364967117291692557e+04 1.533477271787202501e-01
5.164800000000000182e+03 1.341243369280906518e+04 1.529229108245574176e-01
5.168300000000000182e+03 1.376971088271382177e+04 1.518332440290746654e-01
5.171800000000000182e+03 1.350406023560647918e+04 1.515777561985749700e-01
5.175300000000000182e+03 1.335612937412957217e+04 1.522053260062119218e-01
5.178800000000000182e+03 1.341794114186925981e+04 1.522292660841836620e-01
5.182300000000000182e+03 1.363399831823654858e+04 1.521520311276947923e-01
5.185800000000000182e+03 1.341296658401582317e+04 1.535758298221525375e-01
5.189300000000000182e+03 1.340280813180243786e+04 1.530067765190170626e-01
5.192800000000000182e+03 1.331485684607712756e+04 1.532190453721176404e-01
5.196300000000000182e+03 1.334238104394923721e+04 1.519593492514402788e-01
5.199800000000000182e+03 1.336198512257926814e+04 1.519472471615725129e-01
5.203300000000000182e+03 1.343381289687224307e+04 1.498760625584081296e-01
5.206800000000000182e+03 1.312647570313235701e+04 1.532886420712527842e-01
5.210300000000000182e+03 1.334493026380013180e+04 1.525100401383646109e-01
5.213800000000000182e+03 1.297025075400469905e+04 1.531176901415923497e-01
5.217300000000000182e+03 1.308392769161994147e+04 1.514553586968552523e-01
5.220800000000000182e+03 1.317194312110047213e+04 1.529234546322921495e-01
5.224300000000000182e+03 1.326939368977400045e+04 1.499067129638609608e-01
5.227800000000000182e+03 1.311797685302459286e+04 1.509716074744311132e-01
5.231300000000000182e+03 1.310001971726309239e+04 1.522828885168596158e-01
5.234800000000000182e+03 1.311574034808868601e+04 1.521584832145171096e-01
5.238300000000000182e+03 1.320451522037538416e+04 1.515143695558836545e-01
5.241800000000000182e+03 1.314474208207691481e+04 1.510946755287582710e-01
5.245300000000000182e+03 1.291520751358491543e+04 1.519736693999252375e-01
5.248800000000000182e+03 1.313256741243576289e+04 1.507082378342077811e-01
5.252300000000000182e+03 1.266553570562545428e+04 1.544638148347894369e-01
5.255800000000000182e+03 1.313857786133490299e+04 1.512955501957481685e-01
5.259300000000000182e+03 1.302290239883689901e+04 1.521847689453840191e-01
5.262800000000000182e+03 1.306747126342064075e+04 1.502439523643658015e-01
5.266300000000000182e+03 1.291567646788516504e+04 1.490187214292522655e-01
5.269800000000000182e+03 1.293762589872100580e+04 1.488361910292972934e-01
5.273300000000000182e+03 1.285072081643630918e+04 1.494821137112943010e-01
5.276800000000000182e+03 1.303336260412364209e+04 1.495073831381613094e-01
5.280300000000000182e+03 1.303308462893405158e+04 1.493699340915150553e-01
5.283800000000000182e+03 1.278773504469129512e+04 1.517035271512428563e-01
5.287300000000000182e+03 1.300359439821071101e+04 1.503466986591960319e-01
5.290800000000000182e+03 1.284690896247618002e+04 1.518288045818858290e-01
5.294300000000000182e+03 1.261673521263865041e+04 1.507119840012803302e-01
5.297800000000000182e+03 1.269008745184079817e+04 1.509707978057251432e-01
5.301300000000000182e+03 1.264395191233442711e+04 1.505614109904353515e-01
5.304800000000000182e+03 1.252279359858762655e+04 1.521155487338327894e-01
5.308300000000000182e+03 1.257441604087279848e+04 1.518396171587589050e-01
5.311800000000000182e+03 1.271299861739240077e+04 1.497531178257345830e-01
5.315300000000000182e+03 1.282630721204414840e+04 1.492223166070016649e-01
5.318800000000000182e+03 1.266314655746902645e+04 1.490439910860278938e-01
5.322300000000000182e+03 1.271709639421410975e+04 1.496683759183626561e-01
5.325800000000000182e+03 1.258218336799156896e+04 1.495139398618240967e-01
5.329300000000000182e+03 1.252968217030608685e+04 1.486820033970318589e-01
5.332800000000000182e+03 1.258314387563850323e+04 1.463746105414201748e-01
5.336300000000000182e+03 1.271704392485864082e+04 1.488341512943819611e-01
5.339800000000000182e+03 1.277153213125757611e+04 1.478728463738208931e-01
5.343300000000000182e+03 1.267341391792024660e+04 1.465107433910144696e-01
5.346800000000000182e+03 1.206521314619682562e+04 1.494578625151564144e-01
5.350300000000000182e+03 1.264284943770402788e+04 1.477231072974771464e-01
5.353800000000000182e+03 1.249832054527141372e+04 1.469848774167146488e-01
5.357300000000000182e+03 1.240080412576305571e+04 1.472574627914030321e-01
5.360800000000000182e+03 1.247425739514192719e+04 1.476617192429088843e-01
5.364300000000000182e+03 1.252824486040200645e+04 1.452585659633175152e-01
5.367800000000000182e+03 1.243534916023136975e+04 1.484756014813274072e-01
5.371300000000000182e+03 1.245561973848725574e+04 1.461675380351025733e-01
5.374800000000000182e+03 1.231475710050870657e+04 1.484290557324581261e-01
5.378300000000000182e+03 1.248199223888180131e+04 1.464089332578393798e-01
5.381800000000000182e+03 1.240526790746554980e+04 1.468687514813682982e-01
5.385300000000000182e+03 1.214173845807447469e+04 1.490550510874125156e-01
5.388800000000000182e+03 1.250555840131152581e+04 1.452192265195896281e-01
5.392300000000000182e+03 1.216208172040368663e+04 1.482277723280738535e-01
5.395800000000000182e+03 1.215085168752040772e+04 1.481680950709199640e-01
5.399300000000000182e+03 1.214349602456907633e+04 1.475986451492441454e-01
5.402800000000000182e+03 1.200389092472260018e+04 1.468013171492288937e-01
5.406300000000000182e+03 1.208760563967885537e+04 1.487354098706014649e-01
5.409800000000000182e+03 1.209720977227609183e+04 1.464546115188517517e-01
5.413300000000000182e+03 1.244509408624685966e+04 1.449182212421216975e-01
5.416800000000000182e+03 1.191752572921719002e+04 1.476955923087609757e-01
5.420300000000000182e+03 1.191412276498345818e+04 1.468996464158182080e-01
5.423800000000000182e+03 1.188695913276131614e+04 1.471545255861849977e-01
5.427300000000000182e+03 1.172911324507687459e+04 1.488244731156705691e-01
5.430800000000000182e+03 1.190732134488959491e+04 1.472033716447918028e-01
5.434300000000000182e+03 1.202394003714315295e+04 1.461987347232966139e-01
5.437800000000000182e+03 1.199167768221798360e+04 1.453247252201686213e-01
5.441300000000000182e+03 1.216829063794415742e+04 1.463014416325101597e-01
5.444800000000000182e+03 1.208787689617473734e+04 1.442200722479462238e-01
5.448300000000000182e+03 1.193255764783235645e+04 1.443137949733140912e-01
5.451800000000000182e+03 1.176832357369202145e+04 1.453485451178581078e-01
5.455300000000000182e+03 1.200155372618063848e+04 1.445970869288111527e-01
5.458800000000000182e+03 1.182062333097608644e+04 1.451240777228387513e-01
5.462300000000000182e+03 1.177324862570262667e+04 1.462305507729260712e-01
5.465800000000000182e+03 1.170911428006258939e+04 1.478221110347374967e-01
5.469300000000000182e+03 1.172900776906253486e+04 1.435328189523358555e-01
5.472800000000000182e+03 1.168767861069333594e+04 1.431994093307165372e-01
5.476300000000000182e+03 1.160213349885406387e+04 1.455177390688703332e-01
5.479800000000000182e+03 1.183252173075244536e+04 1.441117634959221128e-01
5.483300000000000182e+03 1.195128897191199940e+04 1.423501226353367510e-01
5.486800000000000182e+03 1.207294563064352769e+04 1.435191194272246173e-01
5.490300000000000182e+03 1.206680559422154329e+04 1.408891347939320027e-01
5.493800000000000182e+03 1.166861494025447246e+04 1.437391969100216549e-01
5.497300000000000182e+03 1.181122664479661034e+04 1.415602953669291564e-01
5.500800000000000182e+03 1.175940238661091826e+04 1.408811841632103268e-01
5.504300000000000182e+03 1.168501458228847696e+04 1.421220402572442865e-01
5.507800000000000182e+03 1.178813884588523069e+04 1.407774456479596314e-01
5.511300000000000182e+03 1.158824407915285337e+04 1.428287139600622757e-01
5.514800000000000182e+03 1.173755429030291089e+04 1.418981904225649071e-01
5.518300000000000182e+03 1.157117118608423880e+04 1.429293356703460471e-01
5.521800000000000182e+03 1.155996893631306921e+04 1.422309590466652174e-01
5.525300000000000182e+03 1.154871161543083508e+04 1.399908187200587240e-01
5.528800000000000182e+03 1.159239483484312768e+04 1.410958811376281929e-01
5.532300000000000182e+03 1.153497448613076449e+04 1.403258353428172012e-01
5.535800000000000182e+03 1.150342828129020381e+04 1.423790705336853701e-01
5.539300000000000182e+03 1.156433345884125083e+04 1.402700052076055470e-01
5.542800000000000182e+03 1.135833346937357237e+04 1.409035758004002492e-01
5.546300000000000182e+03 1.155236531072500475e+04 1.402924214515700874e-01
5.549800000000000182e+03 1.117086714232274426e+04 1.425051082708805594e-01
5.553300000000000182e+03 1.139349785381968104e+04 1.416446917715289411e-01
5.556800000000000182e+03 1.145550247874580964e+04 1.412988158304024633e-01
5.560300000000000182e+03 1.131033313419863589e+04 1.413068140233784131e-01
5.563800000000000182e+03 1.138923924526334849e+04 1.412506507606516581e-01
5.567300000000000182e+03 1.110681349578823210e+04 1.403499436832402192e-01
5.570800000000000182e+03 1.122414877570804492e+04 1.388607532661878807e-01
5.574300000000000182e+03 1.129384788485154786e+04 1.405671983679780412e-01
5.577800000000000182e+03 1.107074592431085875e+04 1.434556112571861719e-01
5.581300000000000182e+03 1.124921435940157789e+04 1.419199048554969644e-01
5.584800000000000182e+03 1.103078007166352654e+04 1.416945544162929727e-01
5.588300000000000182e+03 1.134156324991484689e+04 1.393290155337792990e-01
5.591800000000000182e+03 1.116760967590051951e+04 1.416791687819970169e-01
5.595300000000000182e+03 1.102732427672540325e+04 1.405906968149990555e-01
5.598800000000000182e+03 1.106275518766705318e+04 1.414962890931462935e-01
5.602300000000000182e+03 1.097016274250333117e+04 1.404891682418184795e-01
5.605800000000000182e+03 1.120529504438418917e+04 1.397969989528110302e-01
5.609300000000000182e+03 1.109546976137897218e+04 1.412611299303316581e-01
5.612800000000000182e+03 1.099820609380522001e+04 1.406033548250705256e-01
5.616300000000000182e+03 1.086524423029049103e+04 1.421079710770394022e-01
5.619800000000000182e+03 1.099352347774154987e+04 1.392383994164422822e-01
5.623300000000000182e+03 1.076357313841074028e+04 1.422194401912757200e-01
5.626800000000000182e+03 1.095229744874765129e+04 1.418522116525912091e-01
5.630300000000000182e+03 1.070265978914466905e+04 1.427564043790142123e-01
5.633800000000000182e+03 1.078624686287681470e+04 1.430870265330892732e-01
5.637300000000000182e+03 1.085121074255636631e+04 1.412123631152527869e-01
5.640800000000000182e+03 1.080885984015256145e+04 1.410768693942245078e-01
5.644300000000000182e+03 1.077517873649763169e+04 1.413441648992518063e-01
5.647800000000000182e+03 1.089059691562334956e+04 1.414047900309899630e-01
5.651300000000000182e+03 1.091519392061863073e+04 1.383446150634380090e-01
5.654800000000000182e+03 1.075573732965592717e+04 1.396452748301009184e-01
5.658300000000000182e+03 1.047470994161825365e+04 1.438982032637334540e-01
5.661800000000000182e+03 1.070113484182489265e+04 1.389886348568318275e-01
5.665300000000000182e+03 1.068106172328693719e+04 1.408191241195460297e-01
5.668800000000000182e+03 1.060984178565586626e+04 1.393390311128752113e-01
5.672300000000000182e+03 1.055267124312411215e+04 1.404380993723425286e-01
5.675800000000000182e+03 1.021877828899276756e+04 1.421895158167949813e-01
5.679300000000000182e+03 1.052196061791902866e+04 1.415983971958439114e-01
5.682800000000000182e+03 1.035596799951061257e+04 1.453167380170752032e-01
5.686300000000000182e+03 1.018546965495957011e+04 1.446442113714236088e-01
5.689800000000000182e+03 1.013064983017302620e+04 1.439309569609743544e-01
5.693300000000000182e+03 1.053832854018345824e+04 1.447726095149137193e-01
5.696800000000000182e+03 1.042594757084896082e+04 1.426964781615060462e-01
5.700300000000000182e+03 1.056969741167642132e+04 1.421198276084253420e-01
5.703800000000000182e+03 1.021191157806919000e+04 1.424149939607931847e-01
5.707300000000000182e+03 1.024789953523784061e+04 1.415628038772141495e-01
5.710800000000000182e+03 1.028455110674270691e+04 1.417335454413535534e-01
5.714300000000000182e+03 1.022459230667720294e+04 1.421147658860048013e-01
5.717800000000000182e+03 1.035877960038312267e+04 1.394884244719870048e-01
5.721300000000000182e+03 1.019174154425613051e+04 1.422784308136348930e-01
5.724800000000000182e+03 1.022364819272498789e+04 1.430568564808691878e-01
5.728300000000000182e+03 1.023502284529763710e+04 1.433626061316760625e-01
5.731800000000000182e+03 1.030231753579894757e+04 1.415428865696368721e-01
5.735300000000000182e+03 1.016046392409270447e+04 1.434806773288292148e-01
5.738800000000000182e+03 1.026961240872860253e+04 1.393826446121874951e-01
5.742300000000000182e+03 1.038155233553633298e+04 1.414116432227376097e-01
5.745800000000000182e+03 1.024153859793395532e+04 1.377050357658052560e-01
5.749300000000000182e+03 1.019495051795611653e+04 1.406686086919385903e-01
5.752800000000000182e+03 1.022607430519350964e+04 1.407910646895279838e-01
5.756300000000000182e+03 1.033431125074389456e+04 1.388862785314256831e-01
5.759800000000000182e+03 1.011693955461668338e+04 1.382278796162928480e-01
5.763300000000000182e+03 1.000216443930048263e+04 1.389607720854033335e-01
5.766800000000000182e+03 1.015625433437475294e+04 1.403906080073992202e-01
5.770300000000000182e+03 1.024712978190557442e+04 1.365412280422281799e-01
5.773800000000000182e+03 1.013400998894847544e+04 1.389464678195455327e-01
5.777300000000000182e+03 1.017580819067592893e+04 1.371696035595862673e-01
5.780800000000000182e+03 1.017451717619111332e+04 1.350432571030627527e-01
5.784300000000000182e+03 1.015760343029485375e+04 1.350194717994576410e-01
5.787800000000000182e+03 9.996834128423633956e+03 1.357379558929846519e-01
5.791300000000000182e+03 1.012987549164635493e+04 1.343494616673162612e-01
5.794800000000000182e+03 1.026890378298148789e+04 1.343205686575686120e-01
5.798300000000000182e+03 1.011586281645696363e+04 1.336160977333906152e-01
5.801800000000000182e+03 1.028059512484061452e+04 1.348025069670322762e-01
5.805300000000000182e+03 1.009772250865427850e+04 1.348738885497764162e-01
5.808800000000000182e+03 1.004121590094346902e+04 1.353034718486243182e-01
5.812300000000000182e+03 1.017478971537493271e+04 1.327739373918041532e-01
5.815800000000000182e+03 1.034537637736615397e+04 1.322111493862198617e-01
5.819300000000000182e+03 1.011572063461912694e+04 1.309966162247141463e-01
5.822800000000000182e+03 1.001238271900597283e+04 1.334564271008928660e-01
5.826300000000000182e+03 9.925360574069380164e+03 1.324623821602435303e-01
5.829800000000000182e+03 9.947924158743900989e+03 1.320772589390786511e-01
5.833300000000000182e+03 1.013454226032218503e+04 1.297698387717876600e-01
5.836800000000000182e+03 1.007611034699239099e+04 1.312079393987414244e-01
5.840300000000000182e+03 9.997008913534877138e+03 1.302886210946900269e-01
5.843800000000000182e+03 9.934085497671045232e+03 1.293382249844878540e-01
5.847300000000000182e+03 9.954933735251208418e+03 1.292181220746362602e-01
5.850800000000000182e+03 9.974191059391538147e+03 1.316383684441295998e-01
5.854300000000000182e+03 9.870558551432095555e+03 1.309699583180342630e-01
5.857800000000000182e+03 9.679790945423414087e+03 1.302337772772532987e-01
5.861300000000000182e+03 9.622300398791956468e+03 1.322458284913704263e-01
5.864800000000000182e+03 9.518032005062425014e+03 1.327006798342406646e-01
5.868300000000000182e+03 9.564259819609371334e+03 1.309582011604848162e-01
5.871800000000000182e+03 9.151172988051461289e+03 1.333424489489156706e-01
5.875300000000000182e+03 9.125229208545551955e+03 1.361628662864781403e-01
5.878800000000000182e+03 9.061844104379981218e+03 1.392922217579944388e-01
5.882300000000000182e+03 8.963334219209318690e+03 1.431114653001021031e-01
5.885800000000000182e+03 8.782906495385816015e+03 1.440452745722307082e-01
5.889300000000000182e+03 8.739335072998363103e+03 1.448123141018298476e-01
5.892800000000000182e+03 8.624031415085628396e+03 1.470220981199952537e-01
5.896300000000000182e+03 8.610362091053781114e+03 1.461151010643296777e-01
5.899800000000000182e+03 8.665016852349070177e+03 1.444929192014283159e-01
5.903300000000000182e+03 8.752115258667950911e+03 1.441795174547063074e-01
5.906800000000000182e+03 8.732103948114285231e+03 1.438193321209536579e-01
5.910300000000000182e+03 8.545031739509937324e+03 1.458972179094935873e-01
5.913800000000000182e+03 8.535626462084903324e+03 1.471820305938951468e-01
5.917300000000000182e+03 8.324365468642152337e+03 1.462854146711079772e-01
5.920800000000000182e+03 8.558272375865872164e+03 1.427691874491765489e-01
5.924300000000000182e+03 8.349128426602685067e+03 1.446816324904248718e-01
5.927800000000000182e+03 8.688536406624596566e+03 1.405892321803035860e-01
5.931300000000000182e+03 8.580725519748186343e+03 1.402933949805848513e-01
5.934800000000000182e+03 8.371822716189790299e+03 1.436325570123070106e-01
5.938300000000000182e+03 8.673851889346660755e+03 1.434401474681416266e-01
5.941800000000000182e+03 8.365508547496323445e+03 1.435702472157932286e-01
5.945300000000000182e+03 8.383362018242580234e+03 1.455966105126774712e-01
5.948800000000000182e+03 8.229466428825380717e+03 1.444072311678853138e-01
5.952300000000000182e+03 8.205323513486273441e+03 1.439087589600729911e-01
5.955800000000000182e+03 8.396824383379898791e+03 1.395157796162721786e-01
5.959300000000000182e+03 8.339081602005526292e+03 1.411486332657685416e-01
5.962800000000000182e+03 8.662143563172345239e+03 1.366493091690101080e-01
5.966300000000000182e+03 8.367598760107133785e+03 1.374690991282460084e-01
5.969800000000000182e+03 8.452932265790632300e+03 1.357908174398242962e-01
5.973300000000000182e+03 8.432379655632294089e+03 1.355713868798274213e-01
5.976800000000000182e+03 8.393673673946876079e+03 1.358903355630053655e-01
5.980300000000000182e+03 8.214085564835340847e+03 1.354524437413647808e-01
5.983800000000000182e+03 8.471407450991666337e+03 1.340113803921998692e-01
5.987300000000000182e+03 8.195460423130378331e+03 1.337703734076935713e-01
5.990800000000000182e+03 8.222506977871715208e+03 1.340495484297396234e-01
5.994300000000000182e+03 8.292107662447733674e+03 1.319406654997207218e-01
5.997800000000000182e+03 8.037568877390514899e+03 1.320379977512801672e-01
