# wavelength angstroms, flux, ext coeff
5.551500000000000000e+03 2.338494821379424320e+04 1.543765717560386108e-01
5.558500000000000000e+03 2.393668043205368667e+04 1.471983355631225343e-01
5.565500000000000000e+03 2.420068597224147379e+04 1.425337370090419831e-01
5.572500000000000000e+03 2.437833896728674881e+04 1.401331828543254943e-01
5.579500000000000000e+03 2.452771535528828463e+04 1.409434990465776028e-01
5.586500000000000000e+03 2.468839356533862519e+04 1.403582124402426301e-01
5.593500000000000000e+03 2.502798040699617559e+04 1.411635384771786905e-01
5.600500000000000000e+03 2.528483714656711163e+04 1.404097622817326585e-01
5.607500000000000000e+03 2.571537673700560481e+04 1.406885758075795689e-01
5.614500000000000000e+03 2.588991386091729873e+04 1.414315687601339633e-01
5.621500000000000000e+03 2.611034455175760741e+04 1.430589460018817372e-01
5.628500000000000000e+03 2.641741740385060984e+04 1.412758278200983153e-01
5.635500000000000000e+03 2.647472919428999012e+04 1.410502628000971093e-01
5.642500000000000000e+03 2.692960695577141087e+04 1.399105444386942454e-01
5.649500000000000000e+03 2.700103017741277290e+04 1.412556465301727515e-01
5.656500000000000000e+03 2.707927195188453334e+04 1.403106080885377638e-01
5.663500000000000000e+03 2.718893581492158410e+04 1.394796767029360396e-01
5.670500000000000000e+03 2.726864634126671808e+04 1.414119187878965234e-01
5.677500000000000000e+03 2.738684874243768354e+04 1.423931998341561589e-01
5.684500000000000000e+03 2.761894773010702920e+04 1.449704770572433910e-01
5.691500000000000000e+03 2.789719265163429736e+04 1.438341400504773715e-01
5.698500000000000000e+03 2.788740525774448179e+04 1.442702386695995376e-01
5.705500000000000000e+03 2.798311969838064033e+04 1.410984328467032867e-01
5.712500000000000000e+03 2.844273038172741144e+04 1.414368590201917908e-01
5.719500000000000000e+03 2.866720755046734121e+04 1.415944472303369561e-01
5.726500000000000000e+03 2.913160807600254338e+04 1.417969824997711570e-01
5.733500000000000000e+03 2.934269364941235472e+04 1.402113631041686792e-01
5.740500000000000000e+03 2.941974012693851910e+04 1.414084803176278160e-01
5.747500000000000000e+03 2.947970877046938040e+04 1.409508856906447893e-01
5.754500000000000000e+03 2.960267877773741930e+04 1.382615412983532743e-01
5.761500000000000000e+03 2.961990517341887971e+04 1.386186210935380358e-01
5.768500000000000000e+03 2.987631107596542643e+04 1.381727454732470384e-01
5.775500000000000000e+03 2.996765532115270253e+04 1.383957638139425017e-01
5.782500000000000000e+03 3.002944016964091497e+04 1.374020979400263354e-01
5.789500000000000000e+03 3.041821526326438106e+04 1.357730313199279337e-01
5.796500000000000000e+03 3.054083110746115563e+04 1.353298744283173149e-01
5.803500000000000000e+03 3.061332301452075626e+04 1.329903659002874827e-01
5.810500000000000000e+03 3.087281592959919362e+04 1.328530792662958315e-01
5.817500000000000000e+03 3.097642429636932138e+04 1.344925570873841958e-01
5.824500000000000000e+03 3.114244288061252519e+04 1.328684561532748054e-01
5.831500000000000000e+03 3.147267155435598033e+04 1.315090835307599071e-01
5.838500000000000000e+03 3.113353839922168481e+04 1.343871163585197148e-01
5.845500000000000000e+03 3.116646772945086195e+04 1.319538666167326402e-01
5.852500000000000000e+03 3.142305839363234554e+04 1.318806921426001200e-01
5.859500000000000000e+03 3.129051210985655780e+04 1.327796771931843423e-01
5.866500000000000000e+03 3.139354346155149688e+04 1.350978395408366228e-01
5.873500000000000000e+03 3.114882753827019769e+04 1.365879731132379760e-01
5.880500000000000000e+03 3.072040659186878474e+04 1.406522958186043337e-01
5.887500000000000000e+03 3.042138051552950492e+04 1.419591883184580794e-01
5.894500000000000000e+03 3.025489887960655324e+04 1.441698495685234394e-01
5.901500000000000000e+03 3.047988363388402286e+04 1.437938616658020752e-01
5.908500000000000000e+03 3.074362103460929211e+04 1.476677399565876625e-01
5.915500000000000000e+03 3.105692987188377083e+04 1.445018194968246128e-01
5.922500000000000000e+03 3.097210993151408184e+04 1.435895882564102999e-01
5.929500000000000000e+03 3.126946961477653895e+04 1.434139672696977119e-01
5.936500000000000000e+03 3.106510281462312560e+04 1.447539957581712167e-01
5.943500000000000000e+03 3.135536731336066805e+04 1.392243919607234759e-01
5.950500000000000000e+03 3.148092078619267704e+04 1.417688078445319411e-01
5.957500000000000000e+03 3.160698852342015743e+04 1.405910707324214137e-01
5.964500000000000000e+03 3.175941802511350033e+04 1.388482632496565450e-01
5.971500000000000000e+03 3.188824385554669425e+04 1.369174479200891414e-01
5.978500000000000000e+03 3.188650922608651672e+04 1.364100847541025729e-01
5.985500000000000000e+03 3.198664850779646076e+04 1.351759972729361936e-01
5.992500000000000000e+03 3.197445702955423258e+04 1.321463540113011204e-01
5.999500000000000000e+03 3.222859989193232832e+04 1.315153482620560199e-01
6.006500000000000000e+03 3.181598613277907862e+04 1.307135804216097708e-01
6.013500000000000000e+03 3.212121897858041484e+04 1.279063328157951929e-01
6.020500000000000000e+03 3.206644674518198735e+04 1.301910221206519780e-01
6.027500000000000000e+03 3.230239604728711856e+04 1.280614997579029579e-01
6.034500000000000000e+03 3.250688431894866881e+04 1.291842139353226449e-01
6.041500000000000000e+03 3.269511288334770143e+04 1.270718065744124992e-01
6.048500000000000000e+03 3.287316720142022677e+04 1.270612360352145198e-01
6.055500000000000000e+03 3.299501202920416836e+04 1.239571164406423481e-01
6.062500000000000000e+03 3.271947629069096729e+04 1.265984134108598391e-01
6.069500000000000000e+03 3.311826422923749487e+04 1.228408385630940514e-01
6.076500000000000000e+03 3.288767365776553197e+04 1.238644222154176855e-01
6.083500000000000000e+03 3.300672204805259389e+04 1.224776743583119998e-01
6.090500000000000000e+03 3.294853530998546921e+04 1.215213165257057748e-01
6.097500000000000000e+03 3.266974714353147283e+04 1.236033204053895995e-01
6.104500000000000000e+03 3.270880034263151174e+04 1.204434391513605207e-01
6.111500000000000000e+03 3.272574670325285115e+04 1.200788161204677795e-01
6.118500000000000000e+03 3.268757992600374928e+04 1.185998582168931587e-01
6.125500000000000000e+03 3.254894426017846490e+04 1.178283637655338500e-01
6.132500000000000000e+03 3.238076015729407300e+04 1.161272072021543589e-01
6.139500000000000000e+03 3.235604161631152965e+04 1.168432832223922913e-01
6.146500000000000000e+03 3.253325151640914919e+04 1.148025097605423206e-01
6.153500000000000000e+03 3.256580654633241647e+04 1.124652873543454806e-01
6.160500000000000000e+03 3.237649651157033441e+04 1.127976266466926142e-01
6.167500000000000000e+03 3.246760966501846997e+04 1.122550862607203243e-01
6.174500000000000000e+03 3.268030073550100497e+04 1.104260845471029262e-01
6.181500000000000000e+03 3.317435551711005246e+04 1.104539171598524772e-01
6.188500000000000000e+03 3.333981903903633793e+04 1.127450022961213327e-01
6.195500000000000000e+03 3.367988949096229771e+04 1.093610128793721797e-01
6.202500000000000000e+03 3.358397393942742929e+04 1.106366581434601176e-01
6.209500000000000000e+03 3.369463848746920848e+04 1.093700185807486985e-01
6.216500000000000000e+03 3.347038158869770268e+04 1.080202424236395009e-01
6.223500000000000000e+03 3.354341805263980496e+04 1.084194909538702262e-01
6.230500000000000000e+03 3.348996139135495469e+04 1.065032481526987096e-01
6.237500000000000000e+03 3.304591829032437090e+04 1.047956144561797004e-01
6.244500000000000000e+03 3.265899362017368185e+04 1.036497001393407308e-01
6.251500000000000000e+03 3.270932183403889212e+04 1.056948613549011928e-01
6.258500000000000000e+03 3.314031974796811846e+04 1.088072130085879774e-01
6.265500000000000000e+03 3.316302381269868783e+04 1.125066357637787839e-01
6.272500000000000000e+03 3.326669192257781833e+04 1.118330554272288918e-01
6.279500000000000000e+03 3.283981329194293357e+04 1.121041412474915316e-01
6.286500000000000000e+03 3.307199565573906875e+04 1.160853229278481502e-01
6.293500000000000000e+03 3.330945911876672471e+04 1.132411674026670284e-01
6.300500000000000000e+03 3.316135974319185334e+04 1.098872854162753904e-01
6.307500000000000000e+03 3.302861415599290922e+04 1.077227721310962255e-01
6.314500000000000000e+03 3.328312302671786892e+04 1.038641495086017746e-01
6.321500000000000000e+03 3.349502120283718978e+04 1.031360362575803186e-01
6.328500000000000000e+03 3.345071124710759614e+04 1.040318875072614307e-01
6.335500000000000000e+03 3.370529008511845313e+04 1.022321567517328472e-01
6.342500000000000000e+03 3.393705977963959594e+04 9.890380290375590244e-02
6.349500000000000000e+03 3.381319268562903017e+04 9.614943156798820556e-02
6.356500000000000000e+03 3.377257424046369852e+04 9.755575130058055655e-02
6.363500000000000000e+03 3.396384186360894091e+04 9.616920231208110625e-02
6.370500000000000000e+03 3.404005150470881199e+04 9.410256803380932789e-02
6.377500000000000000e+03 3.390501082822339959e+04 9.630662718109013476e-02
6.384500000000000000e+03 3.410758288650015311e+04 9.473587635580058008e-02
6.391500000000000000e+03 3.427202361390014994e+04 9.556784854280123143e-02
6.398500000000000000e+03 3.412265129981890641e+04 9.335649788742907129e-02
6.405500000000000000e+03 3.388678422445968317e+04 9.427949312127797965e-02
6.412500000000000000e+03 3.395449209969360527e+04 9.222250338753235077e-02
6.419500000000000000e+03 3.379464840407682641e+04 9.389916598173901618e-02
6.426500000000000000e+03 3.430854104490413738e+04 9.037942712826324554e-02
6.433500000000000000e+03 3.405839632268252899e+04 9.148933769327191601e-02
6.440500000000000000e+03 3.408248081287917739e+04 8.955651793463946519e-02
6.447500000000000000e+03 3.406535496430586500e+04 8.943601890287596057e-02
6.454500000000000000e+03 3.391771765789676283e+04 9.316798040912241397e-02
6.461500000000000000e+03 3.394306132291678659e+04 9.538636164685701524e-02
6.468500000000000000e+03 3.372099872468045214e+04 9.875511168673339890e-02
6.475500000000000000e+03 3.329984828675033350e+04 9.843571661788468041e-02
6.482500000000000000e+03 3.319765730718829582e+04 9.838870540411155663e-02
6.489500000000000000e+03 3.309323406686171074e+04 9.785097210867635398e-02
6.496500000000000000e+03 3.357707178638590267e+04 9.661711384696537730e-02
6.503500000000000000e+03 3.360900967939178372e+04 9.494775841740164812e-02
6.510500000000000000e+03 3.343929267249175609e+04 9.501525876916892821e-02
6.517500000000000000e+03 3.329951529025233322e+04 9.509903495045353428e-02
6.524500000000000000e+03 3.315105465619524330e+04 9.894344229276562375e-02
6.531500000000000000e+03 3.254101943975326503e+04 9.689637585421145838e-02
6.538500000000000000e+03 3.179204816298755395e+04 9.651042942365319066e-02
6.545500000000000000e+03 3.034647228792247552e+04 9.432289363075975486e-02
6.552500000000000000e+03 2.900801430645917935e+04 8.673374760086656476e-02
6.559500000000000000e+03 2.733679868368639654e+04 7.633357548250213620e-02
6.566500000000000000e+03 2.621773720967667759e+04 6.334423548459962305e-02
6.573500000000000000e+03 2.679093079433272578e+04 6.217110445608947655e-02
6.580500000000000000e+03 2.866665275462378122e+04 7.768616370839746821e-02
6.587500000000000000e+03 3.081853690667118281e+04 9.090888584153615504e-02
6.594500000000000000e+03 3.259646561508782179e+04 9.350163915745167420e-02
6.601500000000000000e+03 3.362697634611573449e+04 8.695785832021311890e-02
6.608500000000000000e+03 3.403713576960619685e+04 8.150357179442489775e-02
6.615500000000000000e+03 3.444790790782328986e+04 7.936283312727210326e-02
6.622500000000000000e+03 3.433262706507688563e+04 7.898125845425868485e-02
6.629500000000000000e+03 3.462426507417295943e+04 7.694552653420379251e-02
6.636500000000000000e+03 3.465180286877736216e+04 7.709346582348058918e-02
6.643500000000000000e+03 3.462953096118001849e+04 7.680396010470315338e-02
6.650500000000000000e+03 3.475910876875027316e+04 7.699251251402586260e-02
6.657500000000000000e+03 3.459200070797945955e+04 7.610666948617639260e-02
6.664500000000000000e+03 3.457006080219182331e+04 7.592874320646983421e-02
6.671500000000000000e+03 3.474138251850133383e+04 7.514317508995127515e-02
6.678500000000000000e+03 3.484829617636259354e+04 7.370785347697088319e-02
6.685500000000000000e+03 3.496967519299490232e+04 7.092100767884788881e-02
6.692500000000000000e+03 3.469459008278224064e+04 7.447786341941052546e-02
6.699500000000000000e+03 3.480157503788204485e+04 7.174125182720482441e-02
6.706500000000000000e+03 3.472434903068167478e+04 7.258341509526633484e-02
6.713500000000000000e+03 3.479454393430853816e+04 7.315568566512194171e-02
6.720500000000000000e+03 3.495219750021291838e+04 7.124268791875210116e-02
6.727500000000000000e+03 3.498418109544322942e+04 7.131594819074908720e-02
6.734500000000000000e+03 3.496854524201844470e+04 7.039087815001583703e-02
6.741500000000000000e+03 3.489575470054634934e+04 7.196399817729545734e-02
6.748500000000000000e+03 3.476016110968078283e+04 7.051411340847117681e-02
6.755500000000000000e+03 3.469949890726791637e+04 7.078904034245618593e-02
6.762500000000000000e+03 3.454376829376442038e+04 6.971877242855524515e-02
6.769500000000000000e+03 3.491654049780091736e+04 6.893818190857523009e-02
6.776500000000000000e+03 3.481489177464376553e+04 6.991898221441585071e-02
6.783500000000000000e+03 3.466885675932696176e+04 6.755647393419081381e-02
6.790500000000000000e+03 3.463552200670831371e+04 6.677967845321144957e-02
6.797500000000000000e+03 3.466857609452882025e+04 6.690888238681190481e-02
6.804500000000000000e+03 3.472844536638599675e+04 6.723104181332367757e-02
6.811500000000000000e+03 3.471033597745906445e+04 6.668774338020058701e-02
6.818500000000000000e+03 3.463547598989695689e+04 6.735063703394802981e-02
6.825500000000000000e+03 3.436621856684651721e+04 6.735642832354786502e-02
6.832500000000000000e+03 3.453263616535047186e+04 6.416578189305036095e-02
6.839500000000000000e+03 3.429547963424742920e+04 6.687349487592157693e-02
6.846500000000000000e+03 3.416220428035449004e+04 7.476099288669398046e-02
6.853500000000000000e+03 3.329210149497162638e+04 9.471195893488847106e-02
6.860500000000000000e+03 3.102568080193580317e+04 1.087590436195435273e-01
6.867500000000000000e+03 2.804868002736580092e+04 8.732084936806616682e-02
6.874500000000000000e+03 2.717936521486954007e+04 9.570095201829753595e-02
6.881500000000000000e+03 2.799261835948118460e+04 1.382852997189187583e-01
6.888500000000000000e+03 2.877417564819456311e+04 1.295596087453874945e-01
6.895500000000000000e+03 2.922368648066400056e+04 1.131951523939132703e-01
6.902500000000000000e+03 2.986605617529953452e+04 1.030011490225156007e-01
6.909500000000000000e+03 3.066765570227537319e+04 1.008515971348274420e-01
6.916500000000000000e+03 3.126862411424055972e+04 9.930706891770829658e-02
6.923500000000000000e+03 3.142476015915590324e+04 9.635031090342884019e-02
6.930500000000000000e+03 3.167216637048917255e+04 9.346672736959910077e-02
6.937500000000000000e+03 3.166880991821549833e+04 9.370213684349328054e-02
6.944500000000000000e+03 3.196383007894397815e+04 8.758558399571575448e-02
6.951500000000000000e+03 3.225434096546361252e+04 8.482129687246654781e-02
6.958500000000000000e+03 3.233137978833528905e+04 7.970777718243909904e-02
6.965500000000000000e+03 3.292039965053876949e+04 7.710024015678659803e-02
6.972500000000000000e+03 3.296781791263860214e+04 7.770874154426099523e-02
6.979500000000000000e+03 3.310623689453693078e+04 7.376254933564420357e-02
6.986500000000000000e+03 3.257222632058660383e+04 7.723310515314305014e-02
6.993500000000000000e+03 3.224642817147902315e+04 7.496417390254711544e-02
7.000500000000000000e+03 3.217728343482217679e+04 7.970695606796811272e-02
7.007500000000000000e+03 3.204919678900976214e+04 7.647167981842485640e-02
7.014500000000000000e+03 3.193429388023551655e+04 7.822460069682471429e-02
7.021500000000000000e+03 3.202145492358056072e+04 7.560596736558895803e-02
7.028500000000000000e+03 3.217816813117314450e+04 7.530882636013851161e-02
7.035500000000000000e+03 3.251993063790444648e+04 7.520044775572223839e-02
7.042500000000000000e+03 3.252626798342593611e+04 6.998240031543047357e-02
7.049500000000000000e+03 3.261829979116825780e+04 6.915570394586939562e-02
7.056500000000000000e+03 3.231995243668206604e+04 6.834113768013133638e-02
7.063500000000000000e+03 3.258182054563839120e+04 6.590253166045453859e-02
7.070500000000000000e+03 3.262436464842929126e+04 6.533525278954034621e-02
7.077500000000000000e+03 3.235418125507677905e+04 6.660134931443618955e-02
7.084500000000000000e+03 3.251642420991545441e+04 6.321269938289104939e-02
7.091500000000000000e+03 3.236198594232369942e+04 6.683651926539445343e-02
7.098500000000000000e+03 3.237141104875710880e+04 6.168383425159065792e-02
7.105500000000000000e+03 3.218998182948076646e+04 5.948460030220380917e-02
7.112500000000000000e+03 3.213619481102914142e+04 5.783342776185353834e-02
7.119500000000000000e+03 3.212192360876471503e+04 5.811790427433505268e-02
7.126500000000000000e+03 3.224637374334136621e+04 5.975928448750060518e-02
7.133500000000000000e+03 3.203312820033967728e+04 6.235212912963050691e-02
7.140500000000000000e+03 3.188525022254773285e+04 6.456410420325169042e-02
7.147500000000000000e+03 3.160619059790949177e+04 6.806692153867602291e-02
7.154500000000000000e+03 3.111914006511071057e+04 7.845096542613061441e-02
7.161500000000000000e+03 2.994791019840131776e+04 9.218007241044356981e-02
7.168500000000000000e+03 2.860969163739577925e+04 1.029062833253653053e-01
7.175500000000000000e+03 2.746616161228780766e+04 1.104302851195116536e-01
7.182500000000000000e+03 2.657315228792772541e+04 1.178893623220945985e-01
7.189500000000000000e+03 2.605116064920866847e+04 1.214351021069179082e-01
7.196500000000000000e+03 2.617107212054274714e+04 1.172802531258631681e-01
7.203500000000000000e+03 2.712978566609204427e+04 1.055637261655194975e-01
7.210500000000000000e+03 2.845700101015799373e+04 1.052120889716225693e-01
7.217500000000000000e+03 2.901551237990547452e+04 1.039609320840253204e-01
7.224500000000000000e+03 2.882414892891679119e+04 9.982556736504909212e-02
7.231500000000000000e+03 2.813905284654145726e+04 9.337234258512866480e-02
7.238500000000000000e+03 2.725027339507847137e+04 9.623813980665173184e-02
7.245500000000000000e+03 2.719989495322651055e+04 1.051117985929799076e-01
7.252500000000000000e+03 2.714303142299408137e+04 1.121513380676581184e-01
7.259500000000000000e+03 2.747038871609491616e+04 1.118397826733845551e-01
7.266500000000000000e+03 2.756083346996155524e+04 1.104855254193372466e-01
7.273500000000000000e+03 2.738280784535245402e+04 1.025476190363455858e-01
7.280500000000000000e+03 2.727004343004875045e+04 1.059355929823203868e-01
7.287500000000000000e+03 2.732483820846381059e+04 1.041522292827394558e-01
7.294500000000000000e+03 2.739857976306875935e+04 1.002878300042726184e-01
7.301500000000000000e+03 2.757147826037240884e+04 9.840688806444217174e-02
7.308500000000000000e+03 2.762195795731320686e+04 9.498451416469680386e-02
7.315500000000000000e+03 2.823636848023209313e+04 8.868831925759282364e-02
7.322500000000000000e+03 2.863602996195231390e+04 8.362458827822581708e-02
7.329500000000000000e+03 2.925988702055056638e+04 7.561035360392132088e-02
7.336500000000000000e+03 2.950835466126723259e+04 7.051111158389317124e-02
7.343500000000000000e+03 2.941263737328191201e+04 6.877980884098876257e-02
7.350500000000000000e+03 2.972234646445573162e+04 6.658158863641706893e-02
7.357500000000000000e+03 2.951081828079768093e+04 6.499678826646852758e-02
7.364500000000000000e+03 2.948578763988070568e+04 6.318545777870865354e-02
7.371500000000000000e+03 2.963921016809258072e+04 6.155281885767088790e-02
7.378500000000000000e+03 2.949726178484523916e+04 5.973154368281467091e-02
7.385500000000000000e+03 2.947023762691705997e+04 5.786689398038008525e-02
7.392500000000000000e+03 2.917570705442948383e+04 5.636703575185937620e-02
7.399500000000000000e+03 2.922603712527166863e+04 5.321362039680096329e-02
7.406500000000000000e+03 2.898447824732521622e+04 5.040540680875318924e-02
7.413500000000000000e+03 2.899204249954411353e+04 5.112385074565737458e-02
7.420500000000000000e+03 2.910649148494594920e+04 4.869258520979601046e-02
7.427500000000000000e+03 2.923859388205549476e+04 4.837445011964908864e-02
7.434500000000000000e+03 2.925509364296192871e+04 4.750668864977962425e-02
7.441500000000000000e+03 2.914484488867434266e+04 4.679900820006682033e-02
7.448500000000000000e+03 2.904742257465414878e+04 4.715162344750688933e-02
7.455500000000000000e+03 2.910348949903628090e+04 4.488447557738264176e-02
7.462500000000000000e+03 2.900662722066889546e+04 4.385139684893133577e-02
7.469500000000000000e+03 2.900745565091661774e+04 4.647509787524489039e-02
7.476500000000000000e+03 2.892746188834470377e+04 4.306064882612573030e-02
7.483500000000000000e+03 2.858979852918759934e+04 4.629429019688854896e-02
7.490500000000000000e+03 2.872353682237745670e+04 4.357752005968620196e-02
7.497500000000000000e+03 2.862894047199366469e+04 4.494437716254325726e-02
7.504500000000000000e+03 2.849521937313651870e+04 4.523017795689812659e-02
7.511500000000000000e+03 2.840977683533323216e+04 4.509329804625809845e-02
7.518500000000000000e+03 2.848982799180515576e+04 4.411980082570943207e-02
7.525500000000000000e+03 2.841900003521811959e+04 4.366518145297024200e-02
7.532500000000000000e+03 2.809334977288310984e+04 4.431109620495045365e-02
7.539500000000000000e+03 2.817387193364057384e+04 4.233991506323095400e-02
7.546500000000000000e+03 2.810850870355790903e+04 4.336236596701593948e-02
7.553500000000000000e+03 2.800182218070669478e+04 4.330799439469371070e-02
7.560500000000000000e+03 2.799331952001433820e+04 4.394895138714276228e-02
7.567500000000000000e+03 2.756957142135304093e+04 4.767489160056428282e-02
7.574500000000000000e+03 2.714625298648409080e+04 6.450570169794389574e-02
7.581500000000000000e+03 2.507476243001288094e+04 1.176014566604001582e-01
7.588500000000000000e+03 2.092420076029126358e+04 1.680772879695951738e-01
7.595500000000000000e+03 1.430194019971387388e+04 1.232258990433091894e-01
7.602500000000000000e+03 9.601860667749169806e+03 6.449129440337050823e-02
7.609500000000000000e+03 9.267604965629478102e+03 2.403112190837055628e-01
7.616500000000000000e+03 1.129480011206126983e+04 3.966557355116911987e-01
7.623500000000000000e+03 1.229145447871428769e+04 3.576327109192002363e-01
7.630500000000000000e+03 1.243780309910437063e+04 2.707175059050253019e-01
7.637500000000000000e+03 1.287836833993330583e+04 2.449247251652198476e-01
7.644500000000000000e+03 1.444682683633518900e+04 2.275319910456738981e-01
7.651500000000000000e+03 1.652345500257944877e+04 1.919358561333660285e-01
7.658500000000000000e+03 1.877248797622679194e+04 1.564270676826190198e-01
7.665500000000000000e+03 2.050793050151503485e+04 1.258907989989051790e-01
7.672500000000000000e+03 2.207419694066563898e+04 1.012950314824498516e-01
7.679500000000000000e+03 2.316525234034564710e+04 8.256860919845895874e-02
7.686500000000000000e+03 2.401331805685405561e+04 7.095340613482535586e-02
7.693500000000000000e+03 2.459891418073881141e+04 6.103738645048210898e-02
7.700500000000000000e+03 2.492367451695980344e+04 5.615857576791101480e-02
7.707500000000000000e+03 2.497383267319143488e+04 5.279998645489955567e-02
7.714500000000000000e+03 2.510381405735278531e+04 4.692732791065366837e-02
7.721500000000000000e+03 2.515641945311633754e+04 4.581636434127359103e-02
7.728500000000000000e+03 2.515519377017775696e+04 4.438731984739883313e-02
7.735500000000000000e+03 2.516430469576304313e+04 4.132630170145575738e-02
7.742500000000000000e+03 2.493372468122045757e+04 4.113104677118417651e-02
7.749500000000000000e+03 2.486385529856319044e+04 4.131465758326672427e-02
7.756500000000000000e+03 2.460918205416957062e+04 4.136106866487594680e-02
7.763500000000000000e+03 2.441430769244206749e+04 3.968379359877600987e-02
7.770500000000000000e+03 2.443404403731050115e+04 3.813552897116674611e-02
7.777500000000000000e+03 2.448296158694720361e+04 3.768765410150035078e-02
7.784500000000000000e+03 2.435792024196492275e+04 3.965406777134385802e-02
7.791500000000000000e+03 2.428579071162440960e+04 4.202488690894097545e-02
7.798500000000000000e+03 2.431832556577642754e+04 3.978432565416509942e-02
7.805500000000000000e+03 2.428746269239042886e+04 3.819338943797873781e-02
7.812500000000000000e+03 2.408934795795262835e+04 3.989607286076658071e-02
7.819500000000000000e+03 2.391523721534047218e+04 3.905823641590587536e-02
7.826500000000000000e+03 2.395605023732415793e+04 3.576528883057116665e-02
7.833500000000000000e+03 2.366256343466448743e+04 3.880877862958838354e-02
7.840500000000000000e+03 2.337895475949006141e+04 3.923847059298151557e-02
7.847500000000000000e+03 2.320833451241938747e+04 4.139034301205431199e-02
7.854500000000000000e+03 2.321547140141935233e+04 4.327145559704839023e-02
7.861500000000000000e+03 2.315514936511811175e+04 4.109235054204037757e-02
7.868500000000000000e+03 2.302268831979812239e+04 4.474099330209503622e-02
7.875500000000000000e+03 2.261711208682385404e+04 4.587684309204922289e-02
7.882500000000000000e+03 2.265978597787806575e+04 4.661888476986388724e-02
7.889500000000000000e+03 2.229998775078669860e+04 4.989001721461025496e-02
7.896500000000000000e+03 2.216214130465203198e+04 4.828730107723510495e-02
7.903500000000000000e+03 2.214472157788752520e+04 5.172920861610751792e-02
7.910500000000000000e+03 2.193955913188972409e+04 4.913587561492739619e-02
7.917500000000000000e+03 2.200979439210008059e+04 4.904932122144079615e-02
7.924500000000000000e+03 2.168132930910126379e+04 4.456398287631797156e-02
7.931500000000000000e+03 2.164094814910456262e+04 4.368363466701483122e-02
7.938500000000000000e+03 2.172834615335727722e+04 4.441673379370514319e-02
7.945500000000000000e+03 2.175564551311638934e+04 4.291701795174827222e-02
7.952500000000000000e+03 2.142268045291836461e+04 4.409741619236250132e-02
7.959500000000000000e+03 2.126247858764102784e+04 4.644031185877313395e-02
7.966500000000000000e+03 2.132196062276850716e+04 4.596652882105256577e-02
7.973500000000000000e+03 2.154649559447789215e+04 4.735710976860744992e-02
7.980500000000000000e+03 2.128004976780774450e+04 4.648798499215305025e-02
7.987500000000000000e+03 2.121685500691199559e+04 4.506880543822890800e-02
7.994500000000000000e+03 2.104791815809819673e+04 4.557259464951724653e-02
8.001500000000000000e+03 2.096891371504506969e+04 4.228493343480150407e-02
8.008500000000000000e+03 2.048331048213769100e+04 5.050468859412445000e-02
8.015500000000000000e+03 2.066187513421247058e+04 4.809573666342337184e-02
8.022500000000000000e+03 2.058533107906148143e+04 4.868642582537602986e-02
8.029500000000000000e+03 2.031669449249194440e+04 5.051082188109147497e-02
8.036500000000000000e+03 2.030940022666866935e+04 4.619106891391311365e-02
8.043500000000000000e+03 2.031152697601281761e+04 4.449830176363329948e-02
8.050500000000000000e+03 2.027748884499794804e+04 4.162184691983169399e-02
8.057500000000000000e+03 2.032952826148642998e+04 4.259966655936706093e-02
8.064500000000000000e+03 2.031978367617732874e+04 4.061935253569171761e-02
8.071500000000000000e+03 2.032280028796927945e+04 4.263817279212190475e-02
8.078500000000000000e+03 2.015112661556330204e+04 4.087955811934730621e-02
8.085500000000000000e+03 1.987834998009098854e+04 4.126550248258493286e-02
8.092500000000000000e+03 1.975800720079478924e+04 4.302430474623785556e-02
8.099500000000000000e+03 1.960284918459878463e+04 4.834495778729278048e-02
8.106500000000000000e+03 1.939553530084727390e+04 5.243287166185250925e-02
8.113500000000000000e+03 1.928354417856138753e+04 5.558481234449336866e-02
8.120500000000000000e+03 1.876602170684673183e+04 6.345961234435548715e-02
8.127500000000000000e+03 1.838679532471453058e+04 7.100981892178832855e-02
8.134500000000000000e+03 1.775923619759076973e+04 7.663529371620504682e-02
8.141500000000000000e+03 1.727352181474437384e+04 9.024374581293977127e-02
8.148500000000000000e+03 1.689091590346488374e+04 9.497309300910383723e-02
8.155500000000000000e+03 1.640663776621611032e+04 9.937966133586996487e-02
8.162500000000000000e+03 1.616034785221367747e+04 9.574930545878582167e-02
8.169500000000000000e+03 1.604800044548641563e+04 1.050290789041564976e-01
8.176500000000000000e+03 1.610435402422622064e+04 9.809207016323137629e-02
8.183500000000000000e+03 1.623538178838521344e+04 9.077172886607676183e-02
8.190500000000000000e+03 1.640964661000030173e+04 8.339714355828438397e-02
8.197500000000000000e+03 1.671299036904049353e+04 7.359215112292648298e-02
8.204500000000000000e+03 1.716578724411896474e+04 8.218344071857479338e-02
8.211500000000000000e+03 1.711465383321364789e+04 9.098889469155392595e-02
8.218500000000000000e+03 1.634006422989358543e+04 9.337790169255687223e-02
8.225500000000000000e+03 1.554293171748166787e+04 6.868700408156440396e-02
8.232500000000000000e+03 1.546496264568489096e+04 6.905606109102711831e-02
8.239500000000000000e+03 1.622622065380734784e+04 8.944651900130928812e-02
8.246500000000000000e+03 1.691088805555174986e+04 8.372731695015432629e-02
8.253500000000000000e+03 1.715339708174455154e+04 6.437710960087408840e-02
8.260500000000000000e+03 1.710087632281933111e+04 6.585013179386174642e-02
8.267500000000000000e+03 1.687888734411794212e+04 7.359774801793696197e-02
8.274500000000000000e+03 1.651535438067923315e+04 6.868140206870833320e-02
8.281500000000000000e+03 1.641273270560869423e+04 6.786504630849271580e-02
8.288500000000000000e+03 1.648599279160980586e+04 7.137142993758729959e-02
8.295500000000000000e+03 1.631798241886402684e+04 7.470833791934777812e-02
8.302500000000000000e+03 1.659624709196208278e+04 6.967555388270703365e-02
8.309500000000000000e+03 1.656539658797513766e+04 6.823971611013793237e-02
8.316500000000000000e+03 1.638390964503710893e+04 6.142394018190099753e-02
8.323500000000000000e+03 1.642232520345230660e+04 5.958495756534164939e-02
8.330500000000000000e+03 1.661411424674624141e+04 6.256677228488642661e-02
8.337500000000000000e+03 1.672854029016067216e+04 5.582938399131968932e-02
8.344500000000000000e+03 1.687460983982278776e+04 5.504415153945409894e-02
8.351500000000000000e+03 1.701254234508509035e+04 5.028983349017160376e-02
8.358500000000000000e+03 1.702434240761460023e+04 4.603306525736980404e-02
8.365500000000000000e+03 1.707796853101249872e+04 4.853322831462673903e-02
8.372500000000000000e+03 1.704522451256229397e+04 4.713572964131072102e-02
8.379500000000000000e+03 1.711370682182357268e+04 4.039763861823784941e-02
8.386500000000000000e+03 1.705575060388370548e+04 4.149147870885355749e-02
8.393500000000000000e+03 1.702733319398682215e+04 4.314392710977647816e-02
8.400500000000000000e+03 1.715021349579443995e+04 4.091060112896034023e-02
8.407500000000000000e+03 1.708063022885739338e+04 4.059615033179119620e-02
8.414500000000000000e+03 1.701900835043105690e+04 3.717963152781825209e-02
8.421500000000000000e+03 1.704605091790056031e+04 3.721870526883869906e-02
8.428500000000000000e+03 1.696680418540070605e+04 3.604672895766170004e-02
8.435500000000000000e+03 1.677296200322103687e+04 3.230491243532082613e-02
8.442500000000000000e+03 1.691611517875440768e+04 2.993400294775325210e-02
8.449500000000000000e+03 1.675135238645100253e+04 3.204722173349495301e-02
8.456500000000000000e+03 1.672394527401734376e+04 3.210587490310470860e-02
8.463500000000000000e+03 1.660660198138205305e+04 3.265962344399641476e-02
8.470500000000000000e+03 1.655274039730845834e+04 3.323341663484524755e-02
8.477500000000000000e+03 1.662791931769376606e+04 3.282889208447952595e-02
8.484500000000000000e+03 1.653252283137021368e+04 3.333844911674505029e-02
8.491500000000000000e+03 1.634412926660634366e+04 3.374372707472713534e-02
8.498500000000000000e+03 1.615663370773472889e+04 3.092699227373929896e-02
8.505500000000000000e+03 1.602221262638852204e+04 2.762257522594244522e-02
8.512500000000000000e+03 1.600393305209954815e+04 2.687635388713433340e-02
8.519500000000000000e+03 1.614025230414481121e+04 3.347565024243748938e-02
8.526500000000000000e+03 1.629623167263776668e+04 3.698580221295993953e-02
8.533500000000000000e+03 1.612762192136379053e+04 3.648101924812990893e-02
8.540500000000000000e+03 1.562127432039329142e+04 2.760150269893921551e-02
8.547500000000000000e+03 1.561015841059391641e+04 2.024512044229300617e-02
8.554500000000000000e+03 1.570150609054411325e+04 2.187947689080327329e-02
8.561500000000000000e+03 1.596571158388478761e+04 3.113580010723040678e-02
8.568500000000000000e+03 1.621240429369925550e+04 3.662221519895780819e-02
8.575500000000000000e+03 1.613222212652236522e+04 3.904986439645533741e-02
8.582500000000000000e+03 1.613549952976003806e+04 3.157780020653132985e-02
8.589500000000000000e+03 1.584176949887395676e+04 2.317224734940010258e-02
8.596500000000000000e+03 1.575638592256482843e+04 2.454019094010564603e-02
8.603500000000000000e+03 1.584096160937075547e+04 2.126757747586018737e-02
8.610500000000000000e+03 1.573684064910285997e+04 2.096469674048975079e-02
8.617500000000000000e+03 1.573732054854325543e+04 2.832927982125596489e-02
8.624500000000000000e+03 1.601439576021802895e+04 3.365600824086115161e-02
8.631500000000000000e+03 1.599589313784840306e+04 3.236996610134373203e-02
8.638500000000000000e+03 1.614297430253087805e+04 3.446008868198398994e-02
8.645500000000000000e+03 1.585185603208926477e+04 3.288669285691554062e-02
8.652500000000000000e+03 1.551374346721004986e+04 3.224633598356859560e-02
8.659500000000000000e+03 1.518206784718312701e+04 2.153082244369475956e-02
8.666500000000000000e+03 1.480416166671246174e+04 1.245997267729865958e-02
8.673500000000000000e+03 1.479498181722238769e+04 1.018672053169433420e-02
8.680500000000000000e+03 1.493074664752778335e+04 2.366739051628797066e-02
8.687500000000000000e+03 1.515942735845817879e+04 3.098660351632056761e-02
8.694500000000000000e+03 1.545081903539041195e+04 3.486684765331366648e-02
8.701500000000000000e+03 1.567892576490470492e+04 3.087358146448240109e-02
8.708500000000000000e+03 1.568710136513451107e+04 3.249402223404931206e-02
8.715500000000000000e+03 1.562913767808554076e+04 3.259062788973766944e-02
8.722500000000000000e+03 1.564599153038679833e+04 3.358068284647000579e-02
8.729500000000000000e+03 1.543178249671664889e+04 3.240159461893066944e-02
8.736500000000000000e+03 1.502567829844383414e+04 2.670583487614781176e-02
8.743500000000000000e+03 1.481444451933912023e+04 1.409548986652666737e-02
8.750500000000000000e+03 1.460359800548284329e+04 8.970435202432576471e-03
8.757500000000000000e+03 1.467229585085063809e+04 1.425837819842621333e-02
8.764500000000000000e+03 1.494668076845750875e+04 2.398484173374978295e-02
8.771500000000000000e+03 1.509504359681222559e+04 2.789899747103017844e-02
8.778500000000000000e+03 1.530919012076294348e+04 2.907336265503686346e-02
8.785500000000000000e+03 1.527236181981985828e+04 3.095928572294079362e-02
8.792500000000000000e+03 1.540496447821286165e+04 2.994262523046021043e-02
8.799500000000000000e+03 1.532965899473935133e+04 3.038860215118752844e-02
8.806500000000000000e+03 1.530518449747246086e+04 2.871308585619348347e-02
8.813500000000000000e+03 1.520096074707223488e+04 2.869347864408849577e-02
8.820500000000000000e+03 1.500467341988246881e+04 2.968421253645455934e-02
8.827500000000000000e+03 1.490000946597185612e+04 3.198986183311279541e-02
8.834500000000000000e+03 1.491763955099813393e+04 3.084299001915703775e-02
8.841500000000000000e+03 1.460250801864431924e+04 3.093512505722252615e-02
8.848500000000000000e+03 1.450907790548191406e+04 2.977308396867000759e-02
8.855500000000000000e+03 1.399863755070197658e+04 2.380901703709933231e-02
8.862500000000000000e+03 1.369990126270757173e+04 1.532215573882944951e-02
8.869500000000000000e+03 1.361659788184285208e+04 1.146153323319051148e-02
8.876500000000000000e+03 1.389844974959441970e+04 1.560863850158379813e-02
8.883500000000000000e+03 1.413029276741243484e+04 2.684321092920457369e-02
8.890500000000000000e+03 1.442408571509876492e+04 3.399615818590761424e-02
8.897500000000000000e+03 1.456804181573419010e+04 3.275340012162143710e-02
8.904500000000000000e+03 1.472364659386177664e+04 3.341358388973016819e-02
8.911500000000000000e+03 1.466455326680566395e+04 3.430227016935269435e-02
8.918500000000000000e+03 1.452359010782612495e+04 3.647908841719008782e-02
8.925500000000000000e+03 1.424310395787311427e+04 3.994707351822003594e-02
8.932500000000000000e+03 1.411939561204824349e+04 4.595302091649507842e-02
8.939500000000000000e+03 1.368877953023026930e+04 5.962932154269106472e-02
8.946500000000000000e+03 1.346391422581938423e+04 6.621670500295882833e-02
8.953500000000000000e+03 1.291478509638690230e+04 7.778228482857035830e-02
8.960500000000000000e+03 1.242718948065145378e+04 8.323380226024587603e-02
8.967500000000000000e+03 1.195372694128836520e+04 9.013571902408053227e-02
8.974500000000000000e+03 1.176531735418799508e+04 1.071633300572034375e-01
8.981500000000000000e+03 1.128596626048866165e+04 1.144192544965261238e-01
8.988500000000000000e+03 1.081001120655257364e+04 1.010842467081702611e-01
8.995500000000000000e+03 1.047181132507545590e+04 1.103091964501614203e-01
9.002500000000000000e+03 1.018031958073784335e+04 1.078461535595889587e-01
9.009500000000000000e+03 1.016816489081419058e+04 8.655194866168361423e-02
9.016500000000000000e+03 1.040466686031339123e+04 7.774621630594753807e-02
9.023500000000000000e+03 1.080947052054885899e+04 6.864536904961139607e-02
9.030500000000000000e+03 1.152860794895852086e+04 7.363717199643531053e-02
9.037500000000000000e+03 1.214708795434226340e+04 8.011759914297339469e-02
9.044500000000000000e+03 1.242501445940595295e+04 7.478065561737241851e-02
9.051500000000000000e+03 1.257339254741925470e+04 7.933029261235818863e-02
9.058500000000000000e+03 1.204691206925098049e+04 9.100268215773663072e-02
9.065500000000000000e+03 1.140208364727131629e+04 8.534241746781393023e-02
9.072500000000000000e+03 1.088215884671167987e+04 9.102962316483045879e-02
9.079500000000000000e+03 1.063390129931378033e+04 1.039282237649028356e-01
9.086500000000000000e+03 1.055833045963044242e+04 1.124151803358561380e-01
9.093500000000000000e+03 1.069767618262937685e+04 1.124359286582105183e-01
9.100500000000000000e+03 1.071681875793888867e+04 1.046167531158691127e-01
9.107500000000000000e+03 1.097317498166619225e+04 1.062548181398792480e-01
9.114500000000000000e+03 1.105962049503859635e+04 1.182209770293559808e-01
9.121500000000000000e+03 1.089460842536908604e+04 1.216507412910007718e-01
9.128500000000000000e+03 1.041706059321536668e+04 1.108994908219189390e-01
9.135500000000000000e+03 1.043606438039856221e+04 1.091786120346821959e-01
9.142500000000000000e+03 1.044836100492895093e+04 1.434866568987871460e-01
9.149500000000000000e+03 1.038498271479119830e+04 1.241026350836701986e-01
9.156500000000000000e+03 1.041066534912713178e+04 1.089373847058858896e-01
9.163500000000000000e+03 1.053148368733139068e+04 1.340823990845477487e-01
9.170500000000000000e+03 1.045872241775735165e+04 1.136008792403650491e-01
9.177500000000000000e+03 1.053720787938433205e+04 9.805982924925622790e-02
9.184500000000000000e+03 1.077553665355005433e+04 1.024991715244698287e-01
9.191500000000000000e+03 1.115843999015744339e+04 9.122071567559576766e-02
9.198500000000000000e+03 1.132009121300922016e+04 8.262617279955891680e-02
9.205500000000000000e+03 1.133689471354244415e+04 8.167880878745895079e-02
9.212500000000000000e+03 1.078237390560724998e+04 7.075042963067067203e-02
9.219500000000000000e+03 1.034986943584880646e+04 6.129745350383777880e-02
9.226500000000000000e+03 1.019590116870561178e+04 5.812506329685938888e-02
9.233500000000000000e+03 9.975240001555383060e+03 5.630389311509696043e-02
9.240500000000000000e+03 1.002816316035366253e+04 7.029027861114002518e-02
9.247500000000000000e+03 1.029574527731919625e+04 8.296536077832680767e-02
9.254500000000000000e+03 1.050969334017866458e+04 9.135052678817215388e-02
9.261500000000000000e+03 1.065000685598344535e+04 9.606889111366403999e-02
9.268500000000000000e+03 1.037233017674182702e+04 1.125789486901762892e-01
9.275500000000000000e+03 9.864014388196637810e+03 1.243757456842615461e-01
9.282500000000000000e+03 9.126829583480635847e+03 1.451816063284024627e-01
9.289500000000000000e+03 8.549617618694202974e+03 1.783085596418491903e-01
9.296500000000000000e+03 7.890694888343795355e+03 1.933375478286044058e-01
9.303500000000000000e+03 7.311859702627828483e+03 2.143118355192303870e-01
9.310500000000000000e+03 6.556159437472356331e+03 2.454630692602172981e-01
9.317500000000000000e+03 5.639364413888243689e+03 2.671014246971413209e-01
9.324500000000000000e+03 4.963927900362281434e+03 3.191524185865536323e-01
9.331500000000000000e+03 4.423925077518131729e+03 3.656583186812997210e-01
9.338500000000000000e+03 4.032384088152183267e+03 3.282616726501665361e-01
9.345500000000000000e+03 4.122213332003897449e+03 3.486635315171215388e-01
9.352500000000000000e+03 4.325434830943517227e+03 3.771870241926690293e-01
9.359500000000000000e+03 4.359966605374578648e+03 3.681151910091622903e-01
9.366500000000000000e+03 4.492406230217521625e+03 3.440488091051045472e-01
9.373500000000000000e+03 4.602115624368880162e+03 2.977075753661704849e-01
9.380500000000000000e+03 5.198168204394526583e+03 2.477704269436728501e-01
9.387500000000000000e+03 6.417377379263631155e+03 2.543315833898159295e-01
9.394500000000000000e+03 7.073142851394158242e+03 2.648815522904360287e-01
9.401500000000000000e+03 7.197628936544760109e+03 2.195417691713090202e-01
9.408500000000000000e+03 6.839792671411895753e+03 2.165269844879737227e-01
9.415500000000000000e+03 6.483140039739031636e+03 2.472913775942368608e-01
9.422500000000000000e+03 6.123162802853894391e+03 2.433130129654076934e-01
9.429500000000000000e+03 5.724262863192337136e+03 2.373503418009525467e-01
9.436500000000000000e+03 5.262909138916463235e+03 2.478980385151674237e-01
9.443500000000000000e+03 5.278442520616976253e+03 2.441307848572235040e-01
9.450500000000000000e+03 5.419556899449855337e+03 2.927933452272837855e-01
9.457500000000000000e+03 5.430047655531459895e+03 2.511395577306574922e-01
9.464500000000000000e+03 5.487165915755189417e+03 2.626744674193263185e-01
9.471500000000000000e+03 5.723976392349287380e+03 2.738607355597795223e-01
9.478500000000000000e+03 5.905482664596060204e+03 2.388407749904927491e-01
9.485500000000000000e+03 5.881621191552303571e+03 2.755467611129075456e-01
9.492500000000000000e+03 5.727472918629254309e+03 2.405607909247996501e-01
9.499500000000000000e+03 5.542439406665590468e+03 1.926080697400190389e-01
9.506500000000000000e+03 5.776046420094650784e+03 2.844256481007553239e-01
9.513500000000000000e+03 5.718390586274740599e+03 2.871500157074957649e-01
9.520500000000000000e+03 5.562487455214556576e+03 2.107249909909162111e-01
9.527500000000000000e+03 5.566125239964891989e+03 2.418283352107937212e-01
9.534500000000000000e+03 5.578699168442642986e+03 2.691555805821376213e-01
9.541500000000000000e+03 5.416026708612089351e+03 2.235676567954833494e-01
9.548500000000000000e+03 5.259487831430315055e+03 1.964254625606186577e-01
9.555500000000000000e+03 5.171204176466833815e+03 2.044755016627323452e-01
9.562500000000000000e+03 5.393673524468475080e+03 1.994044737668098644e-01
9.569500000000000000e+03 5.843491315119966202e+03 2.227666205000635169e-01
9.576500000000000000e+03 6.158489979818678876e+03 2.423290695770417835e-01
9.583500000000000000e+03 6.024735251213640367e+03 2.091290741687256982e-01
9.590500000000000000e+03 5.920556043411015708e+03 1.726060625402667525e-01
9.597500000000000000e+03 6.172437750215418419e+03 1.951300113760735810e-01
9.604500000000000000e+03 6.530125658442580061e+03 2.137755403679439392e-01
9.611500000000000000e+03 6.807725641724918205e+03 1.965368505518872988e-01
9.618500000000000000e+03 6.914010538085796725e+03 1.610306333413044633e-01
9.625500000000000000e+03 6.868024803566328956e+03 1.614921155577614120e-01
9.632500000000000000e+03 6.855774599684792520e+03 1.734103015624488264e-01
9.639500000000000000e+03 6.846250751995803512e+03 1.387033789523579586e-01
9.646500000000000000e+03 6.922622032915460295e+03 1.505102152022789463e-01
9.653500000000000000e+03 7.231734494095520859e+03 1.640030639375343047e-01
9.660500000000000000e+03 7.280304182318306630e+03 1.295561063425927639e-01
9.667500000000000000e+03 7.548220584622087699e+03 1.098981393802783008e-01
9.674500000000000000e+03 8.052026690232532019e+03 1.091765698763277614e-01
9.681500000000000000e+03 8.472139436138828387e+03 8.874876970391355757e-02
9.688500000000000000e+03 8.575432993995847937e+03 8.458708993031902046e-02
9.695500000000000000e+03 8.622650295852959971e+03 7.516303894695830490e-02
9.702500000000000000e+03 8.594616367328866545e+03 7.003483611829734723e-02
9.709500000000000000e+03 8.548489791995976702e+03 7.323662985629157685e-02
9.716500000000000000e+03 8.441943909786687072e+03 7.848765525663618792e-02
9.723500000000000000e+03 8.252715927210811060e+03 8.646917986842656001e-02
9.730500000000000000e+03 7.924191584075281753e+03 8.787911079106354439e-02
9.737500000000000000e+03 7.652749516701743232e+03 8.833262927876014969e-02
9.744500000000000000e+03 7.515565778734936430e+03 9.972945789241885461e-02
9.751500000000000000e+03 7.492200892306708738e+03 9.445740407739504352e-02
9.758500000000000000e+03 7.618926432327754810e+03 8.540096421483305000e-02
9.765500000000000000e+03 7.690539808038780393e+03 9.482839566144812826e-02
9.772500000000000000e+03 7.899369618416797493e+03 9.405230831309289996e-02
9.779500000000000000e+03 7.813592662340152856e+03 8.217322144725794364e-02
9.786500000000000000e+03 7.693704898011921614e+03 7.110845826813105841e-02
9.793500000000000000e+03 7.714639343164838465e+03 6.966617405123483320e-02
9.800500000000000000e+03 7.755956206204568844e+03 6.559080455451038461e-02
9.807500000000000000e+03 7.911813473261005129e+03 6.833846331788739903e-02
9.814500000000000000e+03 7.935140174409369138e+03 6.521199833743991647e-02
9.821500000000000000e+03 8.046314306536092772e+03 5.440148008893870568e-02
9.828500000000000000e+03 7.915888925032704719e+03 5.057047941602938607e-02
9.835500000000000000e+03 7.979836503111725506e+03 5.056283955274299552e-02
9.842500000000000000e+03 7.953846648941104831e+03 4.823756665053643977e-02
9.849500000000000000e+03 7.951085989041172979e+03 3.887820519027516269e-02
9.856500000000000000e+03 7.955477740535448902e+03 4.319622219720434253e-02
9.863500000000000000e+03 7.936074124896644207e+03 3.599801874323425854e-02
9.870500000000000000e+03 7.916354653987695201e+03 2.901596325015272024e-02
9.877500000000000000e+03 7.820311678112798290e+03 2.838111005211184021e-02
9.884500000000000000e+03 7.907247215518307712e+03 2.729183108209879555e-02
9.891500000000000000e+03 7.812359916647119462e+03 2.443512074029938544e-02
9.898500000000000000e+03 7.763683766072515937e+03 2.399915713861190333e-02
9.905500000000000000e+03 7.624692188612446444e+03 2.422693584852806531e-02
9.912500000000000000e+03 7.650354502187686194e+03 2.486405663441307659e-02
9.919500000000000000e+03 7.545450078903571011e+03 2.544229088514563322e-02
9.926500000000000000e+03 7.435748014041319948e+03 2.341652228785302131e-02
9.933500000000000000e+03 7.359887135412168391e+03 2.421293169566594849e-02
9.940500000000000000e+03 7.297217522515292330e+03 2.267657747636326812e-02
9.947500000000000000e+03 7.275379594700855705e+03 2.199781294415449270e-02
9.954500000000000000e+03 7.177570490039600372e+03 1.695342174325481857e-02
9.961500000000000000e+03 7.085275116956882812e+03 2.205512412399801558e-02
9.968500000000000000e+03 7.041771767735131107e+03 2.163906175929927386e-02
9.975500000000000000e+03 6.855320223220925982e+03 2.297216602578006778e-02
9.982500000000000000e+03 6.764291574902538741e+03 1.972807367984122026e-02
9.989500000000000000e+03 6.719433007470713164e+03 1.881828552081730999e-02
9.996500000000000000e+03 6.756149853134009390e+03 1.119841570894105492e-02
