# wavelength angstroms, flux, ext coeff
5.551500000000000000e+03 1.389951496061059697e+04 1.543765717560386108e-01
5.558500000000000000e+03 1.444673493114605299e+04 1.471983355631225343e-01
5.565500000000000000e+03 1.498687669795865986e+04 1.425337370090419831e-01
5.572500000000000000e+03 1.522362899320081851e+04 1.401331828543254943e-01
5.579500000000000000e+03 1.484271311683334898e+04 1.409434990465776028e-01
5.586500000000000000e+03 1.548443126248928456e+04 1.403582124402426301e-01
5.593500000000000000e+03 1.537458731598275335e+04 1.411635384771786905e-01
5.600500000000000000e+03 1.567649990297706790e+04 1.404097622817326585e-01
5.607500000000000000e+03 1.570470809200551412e+04 1.406885758075795689e-01
5.614500000000000000e+03 1.574733716022987392e+04 1.414315687601339633e-01
5.621500000000000000e+03 1.567559885550425497e+04 1.430589460018817372e-01
5.628500000000000000e+03 1.616403181123786635e+04 1.412758278200983153e-01
5.635500000000000000e+03 1.627192614247215533e+04 1.410502628000971093e-01
5.642500000000000000e+03 1.646303749306529426e+04 1.399105444386942454e-01
5.649500000000000000e+03 1.625186509284239401e+04 1.412556465301727515e-01
5.656500000000000000e+03 1.631341398966329507e+04 1.403106080885377638e-01
5.663500000000000000e+03 1.681553668242356798e+04 1.394796767029360396e-01
5.670500000000000000e+03 1.673823819035680572e+04 1.414119187878965234e-01
5.677500000000000000e+03 1.657750272121158196e+04 1.423931998341561589e-01
5.684500000000000000e+03 1.636576287956468332e+04 1.449704770572433910e-01
5.691500000000000000e+03 1.647393731907417168e+04 1.438341400504773715e-01
5.698500000000000000e+03 1.651182461053668885e+04 1.442702386695995376e-01
5.705500000000000000e+03 1.694904268520782716e+04 1.410984328467032867e-01
5.712500000000000000e+03 1.707388060663321448e+04 1.414368590201917908e-01
5.719500000000000000e+03 1.729287662293469839e+04 1.415944472303369561e-01
5.726500000000000000e+03 1.721302753446393399e+04 1.417969824997711570e-01
5.733500000000000000e+03 1.756656115810467236e+04 1.402113631041686792e-01
5.740500000000000000e+03 1.752746197701926576e+04 1.414084803176278160e-01
5.747500000000000000e+03 1.755902308125361378e+04 1.409508856906447893e-01
5.754500000000000000e+03 1.772313333554389465e+04 1.382615412983532743e-01
5.761500000000000000e+03 1.789813845445185143e+04 1.386186210935380358e-01
5.768500000000000000e+03 1.806073046928287658e+04 1.381727454732470384e-01
5.775500000000000000e+03 1.818493363136298285e+04 1.383957638139425017e-01
5.782500000000000000e+03 1.808340708494449427e+04 1.374020979400263354e-01
5.789500000000000000e+03 1.819716245440603234e+04 1.357730313199279337e-01
5.796500000000000000e+03 1.846619745735891047e+04 1.353298744283173149e-01
5.803500000000000000e+03 1.850266435712249950e+04 1.329903659002874827e-01
5.810500000000000000e+03 1.847712353135464946e+04 1.328530792662958315e-01
5.817500000000000000e+03 1.873825314628579508e+04 1.344925570873841958e-01
5.824500000000000000e+03 1.892617395380090602e+04 1.328684561532748054e-01
5.831500000000000000e+03 1.892781846798507468e+04 1.315090835307599071e-01
5.838500000000000000e+03 1.893942370183907042e+04 1.343871163585197148e-01
5.845500000000000000e+03 1.895548125953098133e+04 1.319538666167326402e-01
5.852500000000000000e+03 1.889293238922857199e+04 1.318806921426001200e-01
5.859500000000000000e+03 1.876608541485491514e+04 1.327796771931843423e-01
5.866500000000000000e+03 1.866801833826164875e+04 1.350978395408366228e-01
5.873500000000000000e+03 1.847697268351143430e+04 1.365879731132379760e-01
5.880500000000000000e+03 1.835731145288348489e+04 1.406522958186043337e-01
5.887500000000000000e+03 1.759271988712917664e+04 1.419591883184580794e-01
5.894500000000000000e+03 1.769776271319197986e+04 1.441698495685234394e-01
5.901500000000000000e+03 1.795970881170142093e+04 1.437938616658020752e-01
5.908500000000000000e+03 1.751250122076358821e+04 1.476677399565876625e-01
5.915500000000000000e+03 1.783745189741865761e+04 1.445018194968246128e-01
5.922500000000000000e+03 1.782789101107110037e+04 1.435895882564102999e-01
5.929500000000000000e+03 1.801368958473365637e+04 1.434139672696977119e-01
5.936500000000000000e+03 1.803622241675974146e+04 1.447539957581712167e-01
5.943500000000000000e+03 1.822254503226215456e+04 1.392243919607234759e-01
5.950500000000000000e+03 1.822097517412717207e+04 1.417688078445319411e-01
5.957500000000000000e+03 1.852313452713118386e+04 1.405910707324214137e-01
5.964500000000000000e+03 1.857463766127725103e+04 1.388482632496565450e-01
5.971500000000000000e+03 1.861488644128011947e+04 1.369174479200891414e-01
5.978500000000000000e+03 1.885602372949418350e+04 1.364100847541025729e-01
5.985500000000000000e+03 1.885774598495291502e+04 1.351759972729361936e-01
5.992500000000000000e+03 1.891132121334385738e+04 1.321463540113011204e-01
5.999500000000000000e+03 1.914454206725791664e+04 1.315153482620560199e-01
6.006500000000000000e+03 1.910295844114182182e+04 1.307135804216097708e-01
6.013500000000000000e+03 1.935453250112081514e+04 1.279063328157951929e-01
6.020500000000000000e+03 1.915322836568869388e+04 1.301910221206519780e-01
6.027500000000000000e+03 1.940795031456141442e+04 1.280614997579029579e-01
6.034500000000000000e+03 1.933877458954283793e+04 1.291842139353226449e-01
6.041500000000000000e+03 1.929134631308505777e+04 1.270718065744124992e-01
6.048500000000000000e+03 1.958897156392109900e+04 1.270612360352145198e-01
6.055500000000000000e+03 1.995956004898150786e+04 1.239571164406423481e-01
6.062500000000000000e+03 1.967312905237001542e+04 1.265984134108598391e-01
6.069500000000000000e+03 1.979869328449686509e+04 1.228408385630940514e-01
6.076500000000000000e+03 1.989356928872485514e+04 1.238644222154176855e-01
6.083500000000000000e+03 2.016874164306821694e+04 1.224776743583119998e-01
6.090500000000000000e+03 1.985125181622017044e+04 1.215213165257057748e-01
6.097500000000000000e+03 1.974880312482592853e+04 1.236033204053895995e-01
6.104500000000000000e+03 2.015580698187875169e+04 1.204434391513605207e-01
6.111500000000000000e+03 1.992888091970680398e+04 1.200788161204677795e-01
6.118500000000000000e+03 1.996835890113417190e+04 1.185998582168931587e-01
6.125500000000000000e+03 2.016419563564137570e+04 1.178283637655338500e-01
6.132500000000000000e+03 2.058487151792987788e+04 1.161272072021543589e-01
6.139500000000000000e+03 1.958997467575391420e+04 1.168432832223922913e-01
6.146500000000000000e+03 2.040099120171883987e+04 1.148025097605423206e-01
6.153500000000000000e+03 2.040192819647999931e+04 1.124652873543454806e-01
6.160500000000000000e+03 2.042126765594440076e+04 1.127976266466926142e-01
6.167500000000000000e+03 2.029864083167481658e+04 1.122550862607203243e-01
6.174500000000000000e+03 2.087139111105874690e+04 1.104260845471029262e-01
6.181500000000000000e+03 2.073489056717810672e+04 1.104539171598524772e-01
6.188500000000000000e+03 2.060375470713847244e+04 1.127450022961213327e-01
6.195500000000000000e+03 2.118363531462525862e+04 1.093610128793721797e-01
6.202500000000000000e+03 2.107142281323359202e+04 1.106366581434601176e-01
6.209500000000000000e+03 2.071578512833213972e+04 1.093700185807486985e-01
6.216500000000000000e+03 2.104620504266153512e+04 1.080202424236395009e-01
6.223500000000000000e+03 2.080853165307153540e+04 1.084194909538702262e-01
6.230500000000000000e+03 2.084268799250229131e+04 1.065032481526987096e-01
6.237500000000000000e+03 2.106733798157952697e+04 1.047956144561797004e-01
6.244500000000000000e+03 2.086387836357601918e+04 1.036497001393407308e-01
6.251500000000000000e+03 2.095190256127967223e+04 1.056948613549011928e-01
6.258500000000000000e+03 2.073322131800694478e+04 1.088072130085879774e-01
6.265500000000000000e+03 2.022951258893346676e+04 1.125066357637787839e-01
6.272500000000000000e+03 2.038533777087121780e+04 1.118330554272288918e-01
6.279500000000000000e+03 1.984790047639696786e+04 1.121041412474915316e-01
6.286500000000000000e+03 1.984400395414419472e+04 1.160853229278481502e-01
6.293500000000000000e+03 1.989108924980566371e+04 1.132411674026670284e-01
6.300500000000000000e+03 2.022260783188583082e+04 1.098872854162753904e-01
6.307500000000000000e+03 2.067902437022495360e+04 1.077227721310962255e-01
6.314500000000000000e+03 2.082107180220274313e+04 1.038641495086017746e-01
6.321500000000000000e+03 2.119792927279967989e+04 1.031360362575803186e-01
6.328500000000000000e+03 2.127655155159193964e+04 1.040318875072614307e-01
6.335500000000000000e+03 2.106886115755657011e+04 1.022321567517328472e-01
6.342500000000000000e+03 2.129637203132858849e+04 9.890380290375590244e-02
6.349500000000000000e+03 2.162348371686182873e+04 9.614943156798820556e-02
6.356500000000000000e+03 2.140853755761114735e+04 9.755575130058055655e-02
6.363500000000000000e+03 2.164983634031187830e+04 9.616920231208110625e-02
6.370500000000000000e+03 2.181693499213015093e+04 9.410256803380932789e-02
6.377500000000000000e+03 2.141830649407534656e+04 9.630662718109013476e-02
6.384500000000000000e+03 2.194917712792641032e+04 9.473587635580058008e-02
6.391500000000000000e+03 2.156624307265472453e+04 9.556784854280123143e-02
6.398500000000000000e+03 2.170647062465322233e+04 9.335649788742907129e-02
6.405500000000000000e+03 2.171660868627446689e+04 9.427949312127797965e-02
6.412500000000000000e+03 2.208013460472704537e+04 9.222250338753235077e-02
6.419500000000000000e+03 2.138694330166883447e+04 9.389916598173901618e-02
6.426500000000000000e+03 2.236398129883997171e+04 9.037942712826324554e-02
6.433500000000000000e+03 2.168680891082589733e+04 9.148933769327191601e-02
6.440500000000000000e+03 2.204949423697086240e+04 8.955651793463946519e-02
6.447500000000000000e+03 2.155953642287118782e+04 8.943601890287596057e-02
6.454500000000000000e+03 2.132052739440535152e+04 9.316798040912241397e-02
6.461500000000000000e+03 2.125922076764720259e+04 9.538636164685701524e-02
6.468500000000000000e+03 2.076364888103264457e+04 9.875511168673339890e-02
6.475500000000000000e+03 2.101360076675733217e+04 9.843571661788468041e-02
6.482500000000000000e+03 2.075786665425457977e+04 9.838870540411155663e-02
6.489500000000000000e+03 2.009124486347330094e+04 9.785097210867635398e-02
6.496500000000000000e+03 2.099214404272294632e+04 9.661711384696537730e-02
6.503500000000000000e+03 2.093510249643341740e+04 9.494775841740164812e-02
6.510500000000000000e+03 2.072227031758672456e+04 9.501525876916892821e-02
6.517500000000000000e+03 2.035225267094698211e+04 9.509903495045353428e-02
6.524500000000000000e+03 2.005392309767945699e+04 9.894344229276562375e-02
6.531500000000000000e+03 1.936996429631812862e+04 9.689637585421145838e-02
6.538500000000000000e+03 1.834420569663221613e+04 9.651042942365319066e-02
6.545500000000000000e+03 1.767018785690243749e+04 9.432289363075975486e-02
6.552500000000000000e+03 1.718527941010626091e+04 8.673374760086656476e-02
6.559500000000000000e+03 1.636491773186908722e+04 7.633357548250213620e-02
6.566500000000000000e+03 1.685833148736744624e+04 6.334423548459962305e-02
6.573500000000000000e+03 1.714911848311407812e+04 6.217110445608947655e-02
6.580500000000000000e+03 1.809835381546695862e+04 7.768616370839746821e-02
6.587500000000000000e+03 1.868629328182085374e+04 9.090888584153615504e-02
6.594500000000000000e+03 1.940502575664885808e+04 9.350163915745167420e-02
6.601500000000000000e+03 2.050135272135680498e+04 8.695785832021311890e-02
6.608500000000000000e+03 2.170837738867400185e+04 8.150357179442489775e-02
6.615500000000000000e+03 2.177053446682362119e+04 7.936283312727210326e-02
6.622500000000000000e+03 2.235991948165996291e+04 7.898125845425868485e-02
6.629500000000000000e+03 2.235453978794214345e+04 7.694552653420379251e-02
6.636500000000000000e+03 2.287855482522627790e+04 7.709346582348058918e-02
6.643500000000000000e+03 2.273543713716222919e+04 7.680396010470315338e-02
6.650500000000000000e+03 2.252347574126004474e+04 7.699251251402586260e-02
6.657500000000000000e+03 2.268014633231245534e+04 7.610666948617639260e-02
6.664500000000000000e+03 2.275300392231416845e+04 7.592874320646983421e-02
6.671500000000000000e+03 2.261338789747794362e+04 7.514317508995127515e-02
6.678500000000000000e+03 2.329969131735898554e+04 7.370785347697088319e-02
6.685500000000000000e+03 2.316167039478966763e+04 7.092100767884788881e-02
6.692500000000000000e+03 2.275500493638386615e+04 7.447786341941052546e-02
6.699500000000000000e+03 2.333456897040767944e+04 7.174125182720482441e-02
6.706500000000000000e+03 2.301181773663097192e+04 7.258341509526633484e-02
6.713500000000000000e+03 2.272951733105526000e+04 7.315568566512194171e-02
6.720500000000000000e+03 2.335214391380699089e+04 7.124268791875210116e-02
6.727500000000000000e+03 2.335779925535635994e+04 7.131594819074908720e-02
6.734500000000000000e+03 2.304509314621263911e+04 7.039087815001583703e-02
6.741500000000000000e+03 2.278674427379536428e+04 7.196399817729545734e-02
6.748500000000000000e+03 2.318948707487156935e+04 7.051411340847117681e-02
6.755500000000000000e+03 2.297177832451943686e+04 7.078904034245618593e-02
6.762500000000000000e+03 2.311557368393540673e+04 6.971877242855524515e-02
6.769500000000000000e+03 2.365480462817427906e+04 6.893818190857523009e-02
6.776500000000000000e+03 2.306379226052235754e+04 6.991898221441585071e-02
6.783500000000000000e+03 2.372117537781384453e+04 6.755647393419081381e-02
6.790500000000000000e+03 2.343289959723621359e+04 6.677967845321144957e-02
6.797500000000000000e+03 2.341408409562829547e+04 6.690888238681190481e-02
6.804500000000000000e+03 2.332468420990249433e+04 6.723104181332367757e-02
6.811500000000000000e+03 2.294671523333186997e+04 6.668774338020058701e-02
6.818500000000000000e+03 2.334462436558966510e+04 6.735063703394802981e-02
6.825500000000000000e+03 2.294350113986043652e+04 6.735642832354786502e-02
6.832500000000000000e+03 2.329350278124631222e+04 6.416578189305036095e-02
6.839500000000000000e+03 2.341242840029350918e+04 6.687349487592157693e-02
6.846500000000000000e+03 2.200412082658718282e+04 7.476099288669398046e-02
6.853500000000000000e+03 2.037611327918706229e+04 9.471195893488847106e-02
6.860500000000000000e+03 1.799158520795555160e+04 1.087590436195435273e-01
6.867500000000000000e+03 1.716760356147274797e+04 8.732084936806616682e-02
6.874500000000000000e+03 1.659315777990561401e+04 9.570095201829753595e-02
6.881500000000000000e+03 1.462989438717903977e+04 1.382852997189187583e-01
6.888500000000000000e+03 1.539766728357357533e+04 1.295596087453874945e-01
6.895500000000000000e+03 1.640309923140311002e+04 1.131951523939132703e-01
6.902500000000000000e+03 1.753032793661610413e+04 1.030011490225156007e-01
6.909500000000000000e+03 1.822658159725380756e+04 1.008515971348274420e-01
6.916500000000000000e+03 1.870613235510580489e+04 9.930706891770829658e-02
6.923500000000000000e+03 1.900081011181432768e+04 9.635031090342884019e-02
6.930500000000000000e+03 1.922644129399583835e+04 9.346672736959910077e-02
6.937500000000000000e+03 1.925719990958822746e+04 9.370213684349328054e-02
6.944500000000000000e+03 1.974032602613228664e+04 8.758558399571575448e-02
6.951500000000000000e+03 2.004158767762590651e+04 8.482129687246654781e-02
6.958500000000000000e+03 2.025452166260819286e+04 7.970777718243909904e-02
6.965500000000000000e+03 2.083003063454591029e+04 7.710024015678659803e-02
6.972500000000000000e+03 2.100345257227101683e+04 7.770874154426099523e-02
6.979500000000000000e+03 2.111117717280925717e+04 7.376254933564420357e-02
6.986500000000000000e+03 2.083906515682689860e+04 7.723310515314305014e-02
6.993500000000000000e+03 2.076352567240072676e+04 7.496417390254711544e-02
7.000500000000000000e+03 2.050121352459173431e+04 7.970695606796811272e-02
7.007500000000000000e+03 2.063691627463389159e+04 7.647167981842485640e-02
7.014500000000000000e+03 2.015456164350285690e+04 7.822460069682471429e-02
7.021500000000000000e+03 2.043008642066465109e+04 7.560596736558895803e-02
7.028500000000000000e+03 2.051648386827721697e+04 7.530882636013851161e-02
7.035500000000000000e+03 2.044871128931104613e+04 7.520044775572223839e-02
7.042500000000000000e+03 2.124096859601500910e+04 6.998240031543047357e-02
7.049500000000000000e+03 2.161703371396638249e+04 6.915570394586939562e-02
7.056500000000000000e+03 2.125050980352429178e+04 6.834113768013133638e-02
7.063500000000000000e+03 2.126663659369305242e+04 6.590253166045453859e-02
7.070500000000000000e+03 2.144640246603843843e+04 6.533525278954034621e-02
7.077500000000000000e+03 2.103810220136310090e+04 6.660134931443618955e-02
7.084500000000000000e+03 2.154271761193923157e+04 6.321269938289104939e-02
7.091500000000000000e+03 2.094820145074513857e+04 6.683651926539445343e-02
7.098500000000000000e+03 2.156076563500148040e+04 6.168383425159065792e-02
7.105500000000000000e+03 2.138548575160378095e+04 5.948460030220380917e-02
7.112500000000000000e+03 2.165407456454721250e+04 5.783342776185353834e-02
7.119500000000000000e+03 2.166965782626334840e+04 5.811790427433505268e-02
7.126500000000000000e+03 2.132935542950105446e+04 5.975928448750060518e-02
7.133500000000000000e+03 2.125747670261203893e+04 6.235212912963050691e-02
7.140500000000000000e+03 2.079877397356170695e+04 6.456410420325169042e-02
7.147500000000000000e+03 2.032746739694794451e+04 6.806692153867602291e-02
7.154500000000000000e+03 1.914207179195134813e+04 7.845096542613061441e-02
7.161500000000000000e+03 1.804951710181388262e+04 9.218007241044356981e-02
7.168500000000000000e+03 1.671767362959681122e+04 1.029062833253653053e-01
7.175500000000000000e+03 1.542478881098137572e+04 1.104302851195116536e-01
7.182500000000000000e+03 1.479062456728090365e+04 1.178893623220945985e-01
7.189500000000000000e+03 1.419347725834903940e+04 1.214351021069179082e-01
7.196500000000000000e+03 1.456662944608208272e+04 1.172802531258631681e-01
7.203500000000000000e+03 1.556365820191495368e+04 1.055637261655194975e-01
7.210500000000000000e+03 1.636750961465906403e+04 1.052120889716225693e-01
7.217500000000000000e+03 1.671317881942676831e+04 1.039609320840253204e-01
7.224500000000000000e+03 1.654972252026053684e+04 9.982556736504909212e-02
7.231500000000000000e+03 1.684793679298521965e+04 9.337234258512866480e-02
7.238500000000000000e+03 1.619376235308584000e+04 9.623813980665173184e-02
7.245500000000000000e+03 1.556947530224886941e+04 1.051117985929799076e-01
7.252500000000000000e+03 1.531337800531981884e+04 1.121513380676581184e-01
7.259500000000000000e+03 1.541949320434167203e+04 1.118397826733845551e-01
7.266500000000000000e+03 1.520935192751116483e+04 1.104855254193372466e-01
7.273500000000000000e+03 1.551344362498537885e+04 1.025476190363455858e-01
7.280500000000000000e+03 1.559429625874393423e+04 1.059355929823203868e-01
7.287500000000000000e+03 1.571651435153473176e+04 1.041522292827394558e-01
7.294500000000000000e+03 1.596247096501210945e+04 1.002878300042726184e-01
7.301500000000000000e+03 1.598549578182803634e+04 9.840688806444217174e-02
7.308500000000000000e+03 1.632569407032364143e+04 9.498451416469680386e-02
7.315500000000000000e+03 1.663797346624384954e+04 8.868831925759282364e-02
7.322500000000000000e+03 1.741152965607443912e+04 8.362458827822581708e-02
7.329500000000000000e+03 1.808281953550669641e+04 7.561035360392132088e-02
7.336500000000000000e+03 1.866957552772543931e+04 7.051111158389317124e-02
7.343500000000000000e+03 1.827935700963791169e+04 6.877980884098876257e-02
7.350500000000000000e+03 1.899922943939469769e+04 6.658158863641706893e-02
7.357500000000000000e+03 1.880962757618543037e+04 6.499678826646852758e-02
7.364500000000000000e+03 1.906198074086369161e+04 6.318545777870865354e-02
7.371500000000000000e+03 1.909331349296068583e+04 6.155281885767088790e-02
7.378500000000000000e+03 1.908764261900493148e+04 5.973154368281467091e-02
7.385500000000000000e+03 1.936056144331828909e+04 5.786689398038008525e-02
7.392500000000000000e+03 1.916632983572010198e+04 5.636703575185937620e-02
7.399500000000000000e+03 1.981959703463487313e+04 5.321362039680096329e-02
7.406500000000000000e+03 1.979903074018335974e+04 5.040540680875318924e-02
7.413500000000000000e+03 1.984922495916224216e+04 5.112385074565737458e-02
7.420500000000000000e+03 1.956035870741396138e+04 4.869258520979601046e-02
7.427500000000000000e+03 1.958340157137807182e+04 4.837445011964908864e-02
7.434500000000000000e+03 1.993206768728870156e+04 4.750668864977962425e-02
7.441500000000000000e+03 1.950537571390886296e+04 4.679900820006682033e-02
7.448500000000000000e+03 1.962298289905956699e+04 4.715162344750688933e-02
7.455500000000000000e+03 1.964025033775767952e+04 4.488447557738264176e-02
7.462500000000000000e+03 1.979491833255461097e+04 4.385139684893133577e-02
7.469500000000000000e+03 1.986896606727219478e+04 4.647509787524489039e-02
7.476500000000000000e+03 2.006455139719754152e+04 4.306064882612573030e-02
7.483500000000000000e+03 1.945334961265846505e+04 4.629429019688854896e-02
7.490500000000000000e+03 1.946283540958740195e+04 4.357752005968620196e-02
7.497500000000000000e+03 1.939513524316316034e+04 4.494437716254325726e-02
7.504500000000000000e+03 1.948995195297320242e+04 4.523017795689812659e-02
7.511500000000000000e+03 1.920689117092678498e+04 4.509329804625809845e-02
7.518500000000000000e+03 1.936867567670558128e+04 4.411980082570943207e-02
7.525500000000000000e+03 1.950747425633137391e+04 4.366518145297024200e-02
7.532500000000000000e+03 1.919985172621605670e+04 4.431109620495045365e-02
7.539500000000000000e+03 1.905741302883952812e+04 4.233991506323095400e-02
7.546500000000000000e+03 1.912190049874116085e+04 4.336236596701593948e-02
7.553500000000000000e+03 1.862328424021461251e+04 4.330799439469371070e-02
7.560500000000000000e+03 1.892200398876094550e+04 4.394895138714276228e-02
7.567500000000000000e+03 1.836839537270273286e+04 4.767489160056428282e-02
7.574500000000000000e+03 1.693560413498240086e+04 6.450570169794389574e-02
7.581500000000000000e+03 1.334604835108711995e+04 1.176014566604001582e-01
7.588500000000000000e+03 9.579882883512369517e+03 1.680772879695951738e-01
7.595500000000000000e+03 7.637588608725692211e+03 1.232258990433091894e-01
7.602500000000000000e+03 6.168909099914596482e+03 6.449129440337050823e-02
7.609500000000000000e+03 3.368636666493149278e+03 2.403112190837055628e-01
7.616500000000000000e+03 2.449150149078087907e+03 3.966557355116911987e-01
7.623500000000000000e+03 2.952998162208780741e+03 3.576327109192002363e-01
7.630500000000000000e+03 3.958009243164076906e+03 2.707175059050253019e-01
7.637500000000000000e+03 4.433792557308673167e+03 2.449247251652198476e-01
7.644500000000000000e+03 5.363941514784407445e+03 2.275319910456738981e-01
7.651500000000000000e+03 6.955021629900955304e+03 1.919358561333660285e-01
7.658500000000000000e+03 8.808581628064017423e+03 1.564270676826190198e-01
7.665500000000000000e+03 1.055476502712763977e+04 1.258907989989051790e-01
7.672500000000000000e+03 1.229275148796303256e+04 1.012950314824498516e-01
7.679500000000000000e+03 1.366059680698971351e+04 8.256860919845895874e-02
7.686500000000000000e+03 1.494879552915903150e+04 7.095340613482535586e-02
7.693500000000000000e+03 1.540500737345811103e+04 6.103738645048210898e-02
7.700500000000000000e+03 1.588996135591398161e+04 5.615857576791101480e-02
7.707500000000000000e+03 1.638628270182645792e+04 5.279998645489955567e-02
7.714500000000000000e+03 1.649568353891425068e+04 4.692732791065366837e-02
7.721500000000000000e+03 1.661941148630276803e+04 4.581636434127359103e-02
7.728500000000000000e+03 1.696170155775987587e+04 4.438731984739883313e-02
7.735500000000000000e+03 1.685300101585702942e+04 4.132630170145575738e-02
7.742500000000000000e+03 1.707790508095733821e+04 4.113104677118417651e-02
7.749500000000000000e+03 1.706505193819062697e+04 4.131465758326672427e-02
7.756500000000000000e+03 1.654824575958728747e+04 4.136106866487594680e-02
7.763500000000000000e+03 1.623703503224109591e+04 3.968379359877600987e-02
7.770500000000000000e+03 1.630428656851433152e+04 3.813552897116674611e-02
7.777500000000000000e+03 1.670740989612733392e+04 3.768765410150035078e-02
7.784500000000000000e+03 1.647091520698629756e+04 3.965406777134385802e-02
7.791500000000000000e+03 1.620398474408952279e+04 4.202488690894097545e-02
7.798500000000000000e+03 1.670174628162159570e+04 3.978432565416509942e-02
7.805500000000000000e+03 1.615331684556037180e+04 3.819338943797873781e-02
7.812500000000000000e+03 1.609665327968308520e+04 3.989607286076658071e-02
7.819500000000000000e+03 1.610025823365702854e+04 3.905823641590587536e-02
7.826500000000000000e+03 1.618167095824992975e+04 3.576528883057116665e-02
7.833500000000000000e+03 1.582124572454149165e+04 3.880877862958838354e-02
7.840500000000000000e+03 1.607788442644765746e+04 3.923847059298151557e-02
7.847500000000000000e+03 1.535513450457479485e+04 4.139034301205431199e-02
7.854500000000000000e+03 1.504534644792145991e+04 4.327145559704839023e-02
7.861500000000000000e+03 1.545363634089707193e+04 4.109235054204037757e-02
7.868500000000000000e+03 1.504669167507247766e+04 4.474099330209503622e-02
7.875500000000000000e+03 1.454819196789244597e+04 4.587684309204922289e-02
7.882500000000000000e+03 1.457776517863888148e+04 4.661888476986388724e-02
7.889500000000000000e+03 1.431138434728890388e+04 4.989001721461025496e-02
7.896500000000000000e+03 1.484448293424433541e+04 4.828730107723510495e-02
7.903500000000000000e+03 1.431819026241338543e+04 5.172920861610751792e-02
7.910500000000000000e+03 1.424712724404411347e+04 4.913587561492739619e-02
7.917500000000000000e+03 1.418751671343560702e+04 4.904932122144079615e-02
7.924500000000000000e+03 1.424011804536966338e+04 4.456398287631797156e-02
7.931500000000000000e+03 1.445868628381162853e+04 4.368363466701483122e-02
7.938500000000000000e+03 1.435589522303745071e+04 4.441673379370514319e-02
7.945500000000000000e+03 1.426025914174686113e+04 4.291701795174827222e-02
7.952500000000000000e+03 1.431942222581339229e+04 4.409741619236250132e-02
7.959500000000000000e+03 1.384455336667720439e+04 4.644031185877313395e-02
7.966500000000000000e+03 1.385945779110005969e+04 4.596652882105256577e-02
7.973500000000000000e+03 1.388363058034038659e+04 4.735710976860744992e-02
7.980500000000000000e+03 1.376171170661788892e+04 4.648798499215305025e-02
7.987500000000000000e+03 1.399080672771413083e+04 4.506880543822890800e-02
7.994500000000000000e+03 1.347010733625874491e+04 4.557259464951724653e-02
8.001500000000000000e+03 1.373140056000512595e+04 4.228493343480150407e-02
8.008500000000000000e+03 1.308759533774640295e+04 5.050468859412445000e-02
8.015500000000000000e+03 1.329232170801091161e+04 4.809573666342337184e-02
8.022500000000000000e+03 1.330395362429041597e+04 4.868642582537602986e-02
8.029500000000000000e+03 1.294075026747784614e+04 5.051082188109147497e-02
8.036500000000000000e+03 1.318303574450763335e+04 4.619106891391311365e-02
8.043500000000000000e+03 1.324522928945605418e+04 4.449830176363329948e-02
8.050500000000000000e+03 1.348699774311751571e+04 4.162184691983169399e-02
8.057500000000000000e+03 1.327666994293928110e+04 4.259966655936706093e-02
8.064500000000000000e+03 1.348328008789350679e+04 4.061935253569171761e-02
8.071500000000000000e+03 1.330285660803987957e+04 4.263817279212190475e-02
8.078500000000000000e+03 1.332839821451142780e+04 4.087955811934730621e-02
8.085500000000000000e+03 1.330162023024791051e+04 4.126550248258493286e-02
8.092500000000000000e+03 1.304774164117355394e+04 4.302430474623785556e-02
8.099500000000000000e+03 1.251335300483893116e+04 4.834495778729278048e-02
8.106500000000000000e+03 1.220048764671948993e+04 5.243287166185250925e-02
8.113500000000000000e+03 1.191515359500463637e+04 5.558481234449336866e-02
8.120500000000000000e+03 1.133874810363466349e+04 6.345961234435548715e-02
8.127500000000000000e+03 1.093088971549115740e+04 7.100981892178832855e-02
8.134500000000000000e+03 1.048348454590326401e+04 7.663529371620504682e-02
8.141500000000000000e+03 9.753292779434395925e+03 9.024374581293977127e-02
8.148500000000000000e+03 9.323703787822856611e+03 9.497309300910383723e-02
8.155500000000000000e+03 8.745833840371888073e+03 9.937966133586996487e-02
8.162500000000000000e+03 8.938443656119630759e+03 9.574930545878582167e-02
8.169500000000000000e+03 8.360282881695937249e+03 1.050290789041564976e-01
8.176500000000000000e+03 8.682380699171715605e+03 9.809207016323137629e-02
8.183500000000000000e+03 8.984157387613020546e+03 9.077172886607676183e-02
8.190500000000000000e+03 9.318465156603146170e+03 8.339714355828438397e-02
8.197500000000000000e+03 9.770256255141905058e+03 7.359215112292648298e-02
8.204500000000000000e+03 9.783445780109866973e+03 8.218344071857479338e-02
8.211500000000000000e+03 9.515839826121344231e+03 9.098889469155392595e-02
8.218500000000000000e+03 9.114925525144963103e+03 9.337790169255687223e-02
8.225500000000000000e+03 9.151488098401472598e+03 6.868700408156440396e-02
8.232500000000000000e+03 9.041357443126940780e+03 6.905606109102711831e-02
8.239500000000000000e+03 9.118717123379197801e+03 8.944651900130928812e-02
8.246500000000000000e+03 9.790729580163013452e+03 8.372731695015432629e-02
8.253500000000000000e+03 1.040435937919309254e+04 6.437710960087408840e-02
8.260500000000000000e+03 1.011782321554134069e+04 6.585013179386174642e-02
8.267500000000000000e+03 9.803072289429330340e+03 7.359774801793696197e-02
8.274500000000000000e+03 9.978226143328623948e+03 6.868140206870833320e-02
8.281500000000000000e+03 9.766445292767672072e+03 6.786504630849271580e-02
8.288500000000000000e+03 9.636507401251341435e+03 7.137142993758729959e-02
8.295500000000000000e+03 9.361873525747896565e+03 7.470833791934777812e-02
8.302500000000000000e+03 9.740486784006890957e+03 6.967555388270703365e-02
8.309500000000000000e+03 9.846661969891067201e+03 6.823971611013793237e-02
8.316500000000000000e+03 1.009425122793582887e+04 6.142394018190099753e-02
8.323500000000000000e+03 1.010913210084709499e+04 5.958495756534164939e-02
8.330500000000000000e+03 1.015342559136647469e+04 6.256677228488642661e-02
8.337500000000000000e+03 1.034647560559389058e+04 5.582938399131968932e-02
8.344500000000000000e+03 1.061840731295023033e+04 5.504415153945409894e-02
8.351500000000000000e+03 1.073977040753981601e+04 5.028983349017160376e-02
8.358500000000000000e+03 1.083745458753642379e+04 4.603306525736980404e-02
8.365500000000000000e+03 1.067155633041455985e+04 4.853322831462673903e-02
8.372500000000000000e+03 1.075348930596871105e+04 4.713572964131072102e-02
8.379500000000000000e+03 1.106228799553838689e+04 4.039763861823784941e-02
8.386500000000000000e+03 1.112926473956349582e+04 4.149147870885355749e-02
8.393500000000000000e+03 1.068158495435953591e+04 4.314392710977647816e-02
8.400500000000000000e+03 1.096364239029292003e+04 4.091060112896034023e-02
8.407500000000000000e+03 1.076325939971328808e+04 4.059615033179119620e-02
8.414500000000000000e+03 1.103084125172027052e+04 3.717963152781825209e-02
8.421500000000000000e+03 1.099578973044970371e+04 3.721870526883869906e-02
8.428500000000000000e+03 1.068247084197729600e+04 3.604672895766170004e-02
8.435500000000000000e+03 1.102808930400596728e+04 3.230491243532082613e-02
8.442500000000000000e+03 1.101645936546692792e+04 2.993400294775325210e-02
8.449500000000000000e+03 1.090757105344797492e+04 3.204722173349495301e-02
8.456500000000000000e+03 1.084368039831544957e+04 3.210587490310470860e-02
8.463500000000000000e+03 1.071693757003153041e+04 3.265962344399641476e-02
8.470500000000000000e+03 1.058437376166451031e+04 3.323341663484524755e-02
8.477500000000000000e+03 1.074011190880590402e+04 3.282889208447952595e-02
8.484500000000000000e+03 1.078740709247382620e+04 3.333844911674505029e-02
8.491500000000000000e+03 1.054673395127512595e+04 3.374372707472713534e-02
8.498500000000000000e+03 1.047535902631959289e+04 3.092699227373929896e-02
8.505500000000000000e+03 1.087357361044709978e+04 2.762257522594244522e-02
8.512500000000000000e+03 1.047906423937693216e+04 2.687635388713433340e-02
8.519500000000000000e+03 1.040270540089642236e+04 3.347565024243748938e-02
8.526500000000000000e+03 1.013182857200532999e+04 3.698580221295993953e-02
8.533500000000000000e+03 1.025101609441795699e+04 3.648101924812990893e-02
8.540500000000000000e+03 1.010916663881763452e+04 2.760150269893921551e-02
8.547500000000000000e+03 1.036411462486161690e+04 2.024512044229300617e-02
8.554500000000000000e+03 1.034199961872031417e+04 2.187947689080327329e-02
8.561500000000000000e+03 1.043568915578591987e+04 3.113580010723040678e-02
8.568500000000000000e+03 1.020104891248870445e+04 3.662221519895780819e-02
8.575500000000000000e+03 1.011495406929676392e+04 3.904986439645533741e-02
8.582500000000000000e+03 1.037113731017985810e+04 3.157780020653132985e-02
8.589500000000000000e+03 1.034946707185651030e+04 2.317224734940010258e-02
8.596500000000000000e+03 1.019000221969844279e+04 2.454019094010564603e-02
8.603500000000000000e+03 1.037681190044654613e+04 2.126757747586018737e-02
8.610500000000000000e+03 1.044544637134103323e+04 2.096469674048975079e-02
8.617500000000000000e+03 1.041837012153695650e+04 2.832927982125596489e-02
8.624500000000000000e+03 1.036708906566541918e+04 3.365600824086115161e-02
8.631500000000000000e+03 1.054036606125819708e+04 3.236996610134373203e-02
8.638500000000000000e+03 1.043684536966554697e+04 3.446008868198398994e-02
8.645500000000000000e+03 1.025065801267717507e+04 3.288669285691554062e-02
8.652500000000000000e+03 9.977888609871997687e+03 3.224633598356859560e-02
8.659500000000000000e+03 9.937065085026410088e+03 2.153082244369475956e-02
8.666500000000000000e+03 1.012922326216325564e+04 1.245997267729865958e-02
8.673500000000000000e+03 9.893949550435110723e+03 1.018672053169433420e-02
8.680500000000000000e+03 9.751801215621233496e+03 2.366739051628797066e-02
8.687500000000000000e+03 9.992023981530204765e+03 3.098660351632056761e-02
8.694500000000000000e+03 1.016766577905188569e+04 3.486684765331366648e-02
8.701500000000000000e+03 1.045243367676383605e+04 3.087358146448240109e-02
8.708500000000000000e+03 1.055688368028462355e+04 3.249402223404931206e-02
8.715500000000000000e+03 1.049199568312643714e+04 3.259062788973766944e-02
8.722500000000000000e+03 1.034486142449087674e+04 3.358068284647000579e-02
8.729500000000000000e+03 1.009659583718050089e+04 3.240159461893066944e-02
8.736500000000000000e+03 9.717412321185373003e+03 2.670583487614781176e-02
8.743500000000000000e+03 9.795710121054304182e+03 1.409548986652666737e-02
8.750500000000000000e+03 9.497535119125574056e+03 8.970435202432576471e-03
8.757500000000000000e+03 9.444119074648768219e+03 1.425837819842621333e-02
8.764500000000000000e+03 9.532594539015415648e+03 2.398484173374978295e-02
8.771500000000000000e+03 9.863126027004251227e+03 2.789899747103017844e-02
8.778500000000000000e+03 1.023554182095671422e+04 2.907336265503686346e-02
8.785500000000000000e+03 1.022945969027450883e+04 3.095928572294079362e-02
8.792500000000000000e+03 1.044150384995885361e+04 2.994262523046021043e-02
8.799500000000000000e+03 1.070377453507744758e+04 3.038860215118752844e-02
8.806500000000000000e+03 1.066850461400750828e+04 2.871308585619348347e-02
8.813500000000000000e+03 1.047982310681273702e+04 2.869347864408849577e-02
8.820500000000000000e+03 1.023914136311064794e+04 2.968421253645455934e-02
8.827500000000000000e+03 9.995724956227502844e+03 3.198986183311279541e-02
8.834500000000000000e+03 9.812644342881867487e+03 3.084299001915703775e-02
8.841500000000000000e+03 9.597002689863466003e+03 3.093512505722252615e-02
8.848500000000000000e+03 9.108279592187225717e+03 2.977308396867000759e-02
8.855500000000000000e+03 8.833872204501647502e+03 2.380901703709933231e-02
8.862500000000000000e+03 8.737247631650630865e+03 1.532215573882944951e-02
8.869500000000000000e+03 8.813351724795531482e+03 1.146153323319051148e-02
8.876500000000000000e+03 9.059356120531367196e+03 1.560863850158379813e-02
8.883500000000000000e+03 9.173726936134085918e+03 2.684321092920457369e-02
8.890500000000000000e+03 9.335119426213470433e+03 3.399615818590761424e-02
8.897500000000000000e+03 9.694282459760303027e+03 3.275340012162143710e-02
8.904500000000000000e+03 9.855415781000025163e+03 3.341358388973016819e-02
8.911500000000000000e+03 9.798747537625180485e+03 3.430227016935269435e-02
8.918500000000000000e+03 9.801505137566360645e+03 3.647908841719008782e-02
8.925500000000000000e+03 9.505722553558172876e+03 3.994707351822003594e-02
8.932500000000000000e+03 9.135885268073454426e+03 4.595302091649507842e-02
8.939500000000000000e+03 8.699807318387591295e+03 5.962932154269106472e-02
8.946500000000000000e+03 8.162150780791134821e+03 6.621670500295882833e-02
8.953500000000000000e+03 7.579184493210405890e+03 7.778228482857035830e-02
8.960500000000000000e+03 7.333524551820458328e+03 8.323380226024587603e-02
8.967500000000000000e+03 6.755311952128299708e+03 9.013571902408053227e-02
8.974500000000000000e+03 6.237963020602239339e+03 1.071633300572034375e-01
8.981500000000000000e+03 5.708439035769873044e+03 1.144192544965261238e-01
8.988500000000000000e+03 5.592091745649415316e+03 1.010842467081702611e-01
8.995500000000000000e+03 5.150900336985748254e+03 1.103091964501614203e-01
9.002500000000000000e+03 5.004924946591456319e+03 1.078461535595889587e-01
9.009500000000000000e+03 5.189974487944137763e+03 8.655194866168361423e-02
9.016500000000000000e+03 5.320435830764050479e+03 7.774621630594753807e-02
9.023500000000000000e+03 5.942807953270978942e+03 6.864536904961139607e-02
9.030500000000000000e+03 6.186193002638516191e+03 7.363717199643531053e-02
9.037500000000000000e+03 6.477830153475505540e+03 8.011759914297339469e-02
9.044500000000000000e+03 6.892392653895261901e+03 7.478065561737241851e-02
9.051500000000000000e+03 7.209897498246561554e+03 7.933029261235818863e-02
9.058500000000000000e+03 6.595586668377803107e+03 9.100268215773663072e-02
9.065500000000000000e+03 6.362104035711387951e+03 8.534241746781393023e-02
9.072500000000000000e+03 6.156985348339653683e+03 9.102962316483045879e-02
9.079500000000000000e+03 5.864196469708272161e+03 1.039282237649028356e-01
9.086500000000000000e+03 5.697286430936998840e+03 1.124151803358561380e-01
9.093500000000000000e+03 5.620619217607841165e+03 1.124359286582105183e-01
9.100500000000000000e+03 6.043067148324416848e+03 1.046167531158691127e-01
9.107500000000000000e+03 5.951828757297908851e+03 1.062548181398792480e-01
9.114500000000000000e+03 5.762177709482906721e+03 1.182209770293559808e-01
9.121500000000000000e+03 5.646953995686735652e+03 1.216507412910007718e-01
9.128500000000000000e+03 5.603936119257791688e+03 1.108994908219189390e-01
9.135500000000000000e+03 5.572327718549466226e+03 1.091786120346821959e-01
9.142500000000000000e+03 4.993778500586095106e+03 1.434866568987871460e-01
9.149500000000000000e+03 5.323460344032272587e+03 1.241026350836701986e-01
9.156500000000000000e+03 5.546316786803364266e+03 1.089373847058858896e-01
9.163500000000000000e+03 5.127468307325795649e+03 1.340823990845477487e-01
9.170500000000000000e+03 5.478563165341775857e+03 1.136008792403650491e-01
9.177500000000000000e+03 5.725767308659673290e+03 9.805982924925622790e-02
9.184500000000000000e+03 5.763619989865580465e+03 1.024991715244698287e-01
9.191500000000000000e+03 6.074783069607376092e+03 9.122071567559576766e-02
9.198500000000000000e+03 6.327748056767467460e+03 8.262617279955891680e-02
9.205500000000000000e+03 6.029374957396495120e+03 8.167880878745895079e-02
9.212500000000000000e+03 5.992753697136400660e+03 7.075042963067067203e-02
9.219500000000000000e+03 5.779656843028665207e+03 6.129745350383777880e-02
9.226500000000000000e+03 5.498364943502242568e+03 5.812506329685938888e-02
9.233500000000000000e+03 5.590197199227625788e+03 5.630389311509696043e-02
9.240500000000000000e+03 5.274865125889083174e+03 7.029027861114002518e-02
9.247500000000000000e+03 5.304631142695484414e+03 8.296536077832680767e-02
9.254500000000000000e+03 5.499614693626542248e+03 9.135052678817215388e-02
9.261500000000000000e+03 5.560183081848421352e+03 9.606889111366403999e-02
9.268500000000000000e+03 5.201951092504245025e+03 1.125789486901762892e-01
9.275500000000000000e+03 4.847367149208106639e+03 1.243757456842615461e-01
9.282500000000000000e+03 4.225654906716387814e+03 1.451816063284024627e-01
9.289500000000000000e+03 3.541001826996447107e+03 1.783085596418491903e-01
9.296500000000000000e+03 3.138700682679606871e+03 1.933375478286044058e-01
9.303500000000000000e+03 2.653121110486972611e+03 2.143118355192303870e-01
9.310500000000000000e+03 2.206447638636510419e+03 2.454630692602172981e-01
9.317500000000000000e+03 1.783797155455477650e+03 2.671014246971413209e-01
9.324500000000000000e+03 1.336204436207362960e+03 3.191524185865536323e-01
9.331500000000000000e+03 1.035480731802548689e+03 3.656583186812997210e-01
9.338500000000000000e+03 1.048239214460949370e+03 3.282616726501665361e-01
9.345500000000000000e+03 1.004304145338065155e+03 3.486635315171215388e-01
9.352500000000000000e+03 9.664776640677512205e+02 3.771870241926690293e-01
9.359500000000000000e+03 1.013976111302235381e+03 3.681151910091622903e-01
9.366500000000000000e+03 1.139465641340912953e+03 3.440488091051045472e-01
9.373500000000000000e+03 1.357832139270059997e+03 2.977075753661704849e-01
9.380500000000000000e+03 1.772386646748471549e+03 2.477704269436728501e-01
9.387500000000000000e+03 2.074201077614376572e+03 2.543315833898159295e-01
9.394500000000000000e+03 2.251473833841913347e+03 2.648815522904360287e-01
9.401500000000000000e+03 2.688979750363128005e+03 2.195417691713090202e-01
9.408500000000000000e+03 2.556944468786177367e+03 2.165269844879737227e-01
9.415500000000000000e+03 2.230474731595626508e+03 2.472913775942368608e-01
9.422500000000000000e+03 2.098733713514003284e+03 2.433130129654076934e-01
9.429500000000000000e+03 2.017228615710268286e+03 2.373503418009525467e-01
9.436500000000000000e+03 1.765075740909786873e+03 2.478980385151674237e-01
9.443500000000000000e+03 1.762669398165988241e+03 2.441307848572235040e-01
9.450500000000000000e+03 1.590206945497514880e+03 2.927933452272837855e-01
9.457500000000000000e+03 1.833220947958373699e+03 2.511395577306574922e-01
9.464500000000000000e+03 1.809766210805218179e+03 2.626744674193263185e-01
9.471500000000000000e+03 1.743229245147782876e+03 2.738607355597795223e-01
9.478500000000000000e+03 2.033958623921161006e+03 2.388407749904927491e-01
9.485500000000000000e+03 1.787182889530462717e+03 2.755467611129075456e-01
9.492500000000000000e+03 1.943891759881269536e+03 2.405607909247996501e-01
9.499500000000000000e+03 2.096917218719356242e+03 1.926080697400190389e-01
9.506500000000000000e+03 1.680340607567757615e+03 2.844256481007553239e-01
9.513500000000000000e+03 1.575345855780248712e+03 2.871500157074957649e-01
9.520500000000000000e+03 1.945374991896624351e+03 2.107249909909162111e-01
9.527500000000000000e+03 1.731135778379036992e+03 2.418283352107937212e-01
9.534500000000000000e+03 1.528629969629633933e+03 2.691555805821376213e-01
9.541500000000000000e+03 1.672963566141742604e+03 2.235676567954833494e-01
9.548500000000000000e+03 1.793757119533146124e+03 1.964254625606186577e-01
9.555500000000000000e+03 1.732289436095512201e+03 2.044755016627323452e-01
9.562500000000000000e+03 1.900370475174596777e+03 1.994044737668098644e-01
9.569500000000000000e+03 1.912866912690351910e+03 2.227666205000635169e-01
9.576500000000000000e+03 1.986279999190654280e+03 2.423290695770417835e-01
9.583500000000000000e+03 2.168914318856336649e+03 2.091290741687256982e-01
9.590500000000000000e+03 2.467350076024949885e+03 1.726060625402667525e-01
9.597500000000000000e+03 2.423919401469906916e+03 1.951300113760735810e-01
9.604500000000000000e+03 2.391644128895709400e+03 2.137755403679439392e-01
9.611500000000000000e+03 2.619632988460302386e+03 1.965368505518872988e-01
9.618500000000000000e+03 3.002233585868747014e+03 1.610306333413044633e-01
9.625500000000000000e+03 2.992792875047377493e+03 1.614921155577614120e-01
9.632500000000000000e+03 2.882912795131730036e+03 1.734103015624488264e-01
9.639500000000000000e+03 3.268246421648993874e+03 1.387033789523579586e-01
9.646500000000000000e+03 3.152796444958516076e+03 1.505102152022789463e-01
9.653500000000000000e+03 3.100596225255988429e+03 1.640030639375343047e-01
9.660500000000000000e+03 3.498314045544836972e+03 1.295561063425927639e-01
9.667500000000000000e+03 3.912981781504768605e+03 1.098981393802783008e-01
9.674500000000000000e+03 4.194406294354384954e+03 1.091765698763277614e-01
9.681500000000000000e+03 4.717278986928180530e+03 8.874876970391355757e-02
9.688500000000000000e+03 4.849547095094194447e+03 8.458708993031902046e-02
9.695500000000000000e+03 4.928133809165720777e+03 7.516303894695830490e-02
9.702500000000000000e+03 5.138997140802081958e+03 7.003483611829734723e-02
9.709500000000000000e+03 5.028862271987505665e+03 7.323662985629157685e-02
9.716500000000000000e+03 4.913520857632158368e+03 7.848765525663618792e-02
9.723500000000000000e+03 4.578716551207345219e+03 8.646917986842656001e-02
9.730500000000000000e+03 4.354073587386931649e+03 8.787911079106354439e-02
9.737500000000000000e+03 4.325434404347869531e+03 8.833262927876014969e-02
9.744500000000000000e+03 4.052162148831184368e+03 9.972945789241885461e-02
9.751500000000000000e+03 4.122369401697066678e+03 9.445740407739504352e-02
9.758500000000000000e+03 4.349946662739954263e+03 8.540096421483305000e-02
9.765500000000000000e+03 4.217103015820668588e+03 9.482839566144812826e-02
9.772500000000000000e+03 4.349383287251076581e+03 9.405230831309289996e-02
9.779500000000000000e+03 4.418530208450137252e+03 8.217322144725794364e-02
9.786500000000000000e+03 4.648501177640106107e+03 7.110845826813105841e-02
9.793500000000000000e+03 4.497621819564848010e+03 6.966617405123483320e-02
9.800500000000000000e+03 4.638729936006952812e+03 6.559080455451038461e-02
9.807500000000000000e+03 4.888931462269825715e+03 6.833846331788739903e-02
9.814500000000000000e+03 4.816956609282348836e+03 6.521199833743991647e-02
9.821500000000000000e+03 4.927030871366479005e+03 5.440148008893870568e-02
9.828500000000000000e+03 4.964944507909968706e+03 5.057047941602938607e-02
9.835500000000000000e+03 5.065412200366139587e+03 5.056283955274299552e-02
9.842500000000000000e+03 4.990165286507452038e+03 4.823756665053643977e-02
9.849500000000000000e+03 5.116946521151384331e+03 3.887820519027516269e-02
9.856500000000000000e+03 5.264162059412898998e+03 4.319622219720434253e-02
9.863500000000000000e+03 5.249956695609626877e+03 3.599801874323425854e-02
9.870500000000000000e+03 5.222266787448300420e+03 2.901596325015272024e-02
9.877500000000000000e+03 5.313243660611160522e+03 2.838111005211184021e-02
9.884500000000000000e+03 5.393653155663927464e+03 2.729183108209879555e-02
9.891500000000000000e+03 5.264898592128753990e+03 2.443512074029938544e-02
9.898500000000000000e+03 5.354824521183469187e+03 2.399915713861190333e-02
9.905500000000000000e+03 5.214126109099105634e+03 2.422693584852806531e-02
9.912500000000000000e+03 5.220838748657772157e+03 2.486405663441307659e-02
9.919500000000000000e+03 5.030792267417779840e+03 2.544229088514563322e-02
9.926500000000000000e+03 4.993628841084814667e+03 2.341652228785302131e-02
9.933500000000000000e+03 4.983906941211374033e+03 2.421293169566594849e-02
9.940500000000000000e+03 4.963786207404438755e+03 2.267657747636326812e-02
9.947500000000000000e+03 5.053906285401191781e+03 2.199781294415449270e-02
9.954500000000000000e+03 5.024568618371244156e+03 1.695342174325481857e-02
9.961500000000000000e+03 4.764635874703459194e+03 2.205512412399801558e-02
9.968500000000000000e+03 4.726821782189477744e+03 2.163906175929927386e-02
9.975500000000000000e+03 4.686516436817803879e+03 2.297216602578006778e-02
9.982500000000000000e+03 4.599368037482974614e+03 1.972807367984122026e-02
9.989500000000000000e+03 4.548051988352493936e+03 1.881828552081730999e-02
9.996500000000000000e+03 4.641898497850072999e+03 1.119841570894105492e-02
