# wavelength angstroms, flux, ext coeff
3.001800000000000182e+03 1.553184592805059100e-06 4.199858363083179391e+00
3.005300000000000182e+03 nan 0.000000000000000000e+00
3.008800000000000182e+03 4.423426787138134308e+00 8.390858004101746648e-01
3.012300000000000182e+03 1.668372913288863302e+01 5.979554399854846158e-01
3.015800000000000182e+03 1.553888966322899134e-01 0.000000000000000000e+00
3.019300000000000182e+03 2.995616444947734602e-01 0.000000000000000000e+00
3.022800000000000182e+03 1.453758490974159379e-01 1.720560619182483597e+00
3.026300000000000182e+03 8.497012201431449085e+00 8.339790001581109946e-01
3.029800000000000182e+03 8.695244276419483498e+00 8.603406689666355245e-01
3.033300000000000182e+03 6.854112570448127606e-01 0.000000000000000000e+00
3.036800000000000182e+03 9.062957805396285038e-02 1.929876700804257439e+00
3.040300000000000182e+03 2.677027327674517565e+00 1.188323675675797775e+00
3.043800000000000182e+03 8.807990987226700375e-01 0.000000000000000000e+00
3.047300000000000182e+03 1.517336034674902967e+00 0.000000000000000000e+00
3.050800000000000182e+03 9.011805473303743375e-01 1.481011595917360868e+00
3.054300000000000182e+03 7.821100793676351026e-01 1.526369921199345114e+00
3.057800000000000182e+03 5.534567808574957226e-01 1.615743711047774589e+00
3.061300000000000182e+03 3.843990514570556627e+00 1.208406919522006406e+00
3.064800000000000182e+03 4.207090528499483284e+00 0.000000000000000000e+00
3.068300000000000182e+03 1.290523923178808374e+00 1.470520009731955735e+00
3.071800000000000182e+03 9.238095038003497628e-01 1.544546524575592050e+00
3.075300000000000182e+03 2.310847096701219155e-02 2.312902160154914899e+00
3.078800000000000182e+03 3.489261183318463633e-02 2.229368302555258641e+00
3.082300000000000182e+03 4.402119276280632570e-02 2.167934651039201022e+00
3.085800000000000182e+03 5.572248579735565865e-01 1.669582952533275266e+00
3.089300000000000182e+03 4.250453719926434171e-01 1.734216501178771130e+00
3.092800000000000182e+03 3.534968904680591884e+00 1.325932178602511557e+00
3.096300000000000182e+03 1.704492073590383461e+00 1.470529861979604336e+00
3.099800000000000182e+03 2.465462320364241178e-01 1.874605092151049757e+00
3.103300000000000182e+03 2.724922538291197904e-01 1.843837866881967713e+00
3.106800000000000182e+03 1.883866602435802173e+00 1.464445758884197257e+00
3.110300000000000182e+03 3.763053899022920645e-01 1.782515699197406711e+00
3.113800000000000182e+03 4.264745038574407898e-01 1.758211055997635830e+00
3.117300000000000182e+03 5.440397943205594888e-01 1.719069294899570721e+00
3.120800000000000182e+03 6.692542616338653660e-01 1.678772951974400574e+00
3.124300000000000182e+03 5.855174069843539719e+00 1.261180318938383227e+00
3.127800000000000182e+03 9.609842097930676452e-01 1.623644396642317300e+00
3.131300000000000182e+03 6.349658942925639593e+00 1.254183690747803670e+00
3.134800000000000182e+03 1.518979267419783064e+00 1.524317133174748928e+00
3.138300000000000182e+03 6.415893335191210411e+00 1.245223093627812361e+00
3.141800000000000182e+03 6.619802403744698971e+00 1.243050024041998602e+00
3.145300000000000182e+03 2.058243941753937101e+00 1.478927048590299664e+00
3.148800000000000182e+03 3.391202490067704467e+00 1.372122248927816202e+00
3.152300000000000182e+03 9.952467313168876117e+00 1.175685357071045045e+00
3.155800000000000182e+03 9.471223627335596973e+00 1.185275633632450587e+00
3.159300000000000182e+03 1.082969192008630621e+01 1.169243396291348880e+00
3.162800000000000182e+03 5.830731374473700157e+00 1.276104085041585900e+00
3.166300000000000182e+03 6.151022321512083835e+00 1.285260864209717635e+00
3.169800000000000182e+03 7.899427417919033800e+00 1.225091814102124310e+00
3.173300000000000182e+03 1.052555944137476196e+01 1.177968463168552304e+00
3.176800000000000182e+03 7.834441487977146679e+00 1.241989777923258265e+00
3.180300000000000182e+03 1.256103968900820966e+01 1.143537287963698468e+00
3.183800000000000182e+03 9.308674656286477500e+00 1.204152508152315004e+00
3.187300000000000182e+03 1.106308097874289764e+01 1.181488917650347359e+00
3.190800000000000182e+03 2.066040697442464236e+01 1.057425975647221739e+00
3.194300000000000182e+03 1.266675705171928890e+01 1.151920028144631791e+00
3.197800000000000182e+03 1.456485155699068734e+01 1.130382084754467664e+00
3.201300000000000182e+03 1.495407532060199962e+01 1.121888641033409462e+00
3.204800000000000182e+03 1.674181652504390172e+01 1.105267260415374375e+00
3.208300000000000182e+03 3.043864919350857079e+01 9.919251214917615966e-01
3.211800000000000182e+03 2.173144235752392817e+01 1.059169946747695823e+00
3.215300000000000182e+03 2.340308161066679915e+01 1.053357062557121360e+00
3.218800000000000182e+03 2.884898416785311781e+01 1.006344628394560514e+00
3.222300000000000182e+03 2.566676652368239075e+01 1.034019538451460107e+00
3.225800000000000182e+03 2.885366383304857862e+01 1.008360065983660681e+00
3.229300000000000182e+03 2.839732970830696601e+01 1.008489692975599095e+00
3.232800000000000182e+03 3.355034868738329834e+01 9.869956799995031060e-01
3.236300000000000182e+03 3.433229747965467027e+01 9.768422959464050370e-01
3.239800000000000182e+03 5.209346105246616077e+01 8.982830488619210074e-01
3.243300000000000182e+03 4.150137881900835168e+01 9.547998804089684599e-01
3.246800000000000182e+03 4.391526645949721086e+01 9.465982517689198739e-01
3.250300000000000182e+03 5.869447444867002872e+01 8.819664829172831899e-01
3.253800000000000182e+03 5.836014724100880358e+01 8.820444966970396594e-01
3.257300000000000182e+03 4.955798203476732056e+01 9.234685350716287378e-01
3.260800000000000182e+03 6.336270327731887875e+01 8.818183139902473489e-01
3.264300000000000182e+03 6.082812382623885838e+01 9.002142423513670444e-01
3.267800000000000182e+03 8.296387742647713992e+01 8.315289544115592735e-01
3.271300000000000182e+03 7.930109943779561377e+01 8.377301946560723467e-01
3.274800000000000182e+03 6.432425625294735028e+01 8.857781394802949348e-01
3.278300000000000182e+03 6.481382553093774845e+01 8.781529578460188779e-01
3.281800000000000182e+03 6.868291600981810063e+01 8.744929859030134978e-01
3.285300000000000182e+03 8.374421565649683430e+01 8.376461716989228590e-01
3.288800000000000182e+03 8.625311621162882147e+01 8.366793778194854259e-01
3.292300000000000182e+03 8.461633468907045597e+01 8.399295928941951095e-01
3.295800000000000182e+03 9.158989859248758592e+01 8.322157128320328834e-01
3.299300000000000182e+03 1.038761136990846410e+02 8.068241658974582009e-01
3.302800000000000182e+03 1.012659849991348722e+02 8.130196476354150104e-01
3.306300000000000182e+03 1.032230112165963192e+02 8.135482258814464851e-01
3.309800000000000182e+03 9.328111798833135992e+01 8.171210570775008231e-01
3.313300000000000182e+03 1.196513631667250479e+02 7.817794537929735332e-01
3.316800000000000182e+03 1.276940484284875197e+02 7.655066365300791098e-01
3.320300000000000182e+03 1.125142787934013882e+02 7.963037012232083711e-01
3.323800000000000182e+03 1.459062898607932937e+02 7.451134426583099213e-01
3.327300000000000182e+03 1.372784766431024366e+02 7.553510995093160041e-01
3.330800000000000182e+03 1.492525352295846801e+02 7.408811087188503786e-01
3.334300000000000182e+03 1.308136689335285894e+02 7.691283958120290754e-01
3.337800000000000182e+03 1.319088914141041187e+02 7.684120281043919087e-01
3.341300000000000182e+03 1.374812242438884766e+02 7.650889553248934050e-01
3.344800000000000182e+03 1.577285880603075441e+02 7.388868815014310032e-01
3.348300000000000182e+03 1.447186202454806789e+02 7.536962053368981840e-01
3.351800000000000182e+03 1.495656722088932042e+02 7.467038439552270424e-01
3.355300000000000182e+03 1.638057710749561693e+02 7.357300859239372937e-01
3.358800000000000182e+03 1.663478184504843114e+02 7.342340337100562442e-01
3.362300000000000182e+03 1.765477670015405067e+02 7.131547634414708847e-01
3.365800000000000182e+03 1.701879978704938310e+02 7.259700157650257335e-01
3.369300000000000182e+03 1.717923566501903281e+02 7.261523870302576400e-01
3.372800000000000182e+03 1.766431169710466804e+02 7.222290434272773396e-01
3.376300000000000182e+03 1.757799292215591436e+02 7.206975534429379548e-01
3.379800000000000182e+03 1.937293111305618822e+02 7.059091712892202608e-01
3.383300000000000182e+03 2.233989588707039786e+02 6.776671894407104713e-01
3.386800000000000182e+03 2.015213076073050615e+02 7.007134570595964229e-01
3.390300000000000182e+03 2.012236007178557315e+02 7.012543312018435504e-01
3.393800000000000182e+03 2.101322781819381476e+02 6.929644695235970264e-01
3.397300000000000182e+03 2.407132456372341665e+02 6.718971837302821770e-01
3.400800000000000182e+03 2.206842187908081030e+02 6.872211752874300972e-01
3.404300000000000182e+03 2.242572629106412023e+02 6.879812889494171246e-01
3.407800000000000182e+03 2.607877994199408249e+02 6.561575447625411783e-01
3.411300000000000182e+03 2.378413980147553275e+02 6.738932403487678524e-01
3.414800000000000182e+03 2.603326206033453332e+02 6.549028427831273813e-01
3.418300000000000182e+03 2.582166697480222979e+02 6.667999610414755418e-01
3.421800000000000182e+03 2.591529108838042248e+02 6.654554838553270457e-01
3.425300000000000182e+03 2.801710217942805912e+02 6.497246587069513968e-01
3.428800000000000182e+03 2.783776133447947814e+02 6.586924421946824815e-01
3.432300000000000182e+03 2.749882133764082255e+02 6.580852347837197192e-01
3.435800000000000182e+03 2.848033825188055630e+02 6.506874046909192355e-01
3.439300000000000182e+03 3.182087783208289125e+02 6.306788465215873440e-01
3.442800000000000182e+03 2.898732162075080510e+02 6.488332692195964979e-01
3.446300000000000182e+03 2.975657599681684928e+02 6.373634165825250442e-01
3.449800000000000182e+03 3.409408590650417068e+02 6.180422226715168721e-01
3.453300000000000182e+03 3.232246052234494300e+02 6.358486556641339549e-01
3.456800000000000182e+03 3.485364061123409556e+02 6.125728932114307135e-01
3.460300000000000182e+03 3.162012472882235556e+02 6.340045276956643994e-01
3.463800000000000182e+03 3.299468238250374270e+02 6.294006121732939052e-01
3.467300000000000182e+03 3.313143029160764286e+02 6.257753517068547211e-01
3.470800000000000182e+03 3.357915450860029409e+02 6.256658111125145139e-01
3.474300000000000182e+03 3.604103853594459679e+02 6.075695785703242313e-01
3.477800000000000182e+03 3.518281553323419075e+02 6.166268456858541303e-01
3.481300000000000182e+03 3.608219288635420980e+02 6.146418361424909049e-01
3.484800000000000182e+03 3.635498090595971235e+02 6.128282401324516293e-01
3.488300000000000182e+03 3.997670336966127138e+02 5.962510707793272635e-01
3.491800000000000182e+03 3.750303826895442967e+02 6.051722117941341628e-01
3.495300000000000182e+03 3.976402091599752566e+02 5.936858240240542317e-01
3.498800000000000182e+03 3.913998455620032360e+02 6.016383279185487654e-01
3.502300000000000182e+03 4.408276425721959981e+02 5.810873681240671385e-01
3.505800000000000182e+03 4.297219857774024376e+02 5.876619744020217251e-01
3.509300000000000182e+03 4.060490692377304640e+02 6.005227361862306434e-01
3.512800000000000182e+03 4.213811451857674228e+02 5.960843663962130945e-01
3.516300000000000182e+03 4.502761806830424689e+02 5.794979481447525282e-01
3.519800000000000182e+03 4.464275050638656808e+02 5.808368230697861234e-01
3.523300000000000182e+03 4.689601357849252850e+02 5.770211464061416606e-01
3.526800000000000182e+03 4.800637903391601640e+02 5.730853305417475951e-01
3.530300000000000182e+03 5.008294561667323705e+02 5.673473151806742720e-01
3.533800000000000182e+03 4.846811994866366717e+02 5.764868282931093768e-01
3.537300000000000182e+03 4.818225962131890014e+02 5.760210169598157792e-01
3.540800000000000182e+03 4.869507508338886055e+02 5.740710875496666254e-01
3.544300000000000182e+03 5.160282436372227721e+02 5.639334548647826351e-01
3.547800000000000182e+03 5.248345204600151419e+02 5.629331258949714645e-01
3.551300000000000182e+03 5.374853094434763534e+02 5.573171569205929154e-01
3.554800000000000182e+03 5.102761382042564833e+02 5.669180772493122022e-01
3.558300000000000182e+03 5.240186321202555746e+02 5.647519443657926796e-01
3.561800000000000182e+03 5.235204329116021427e+02 5.608500661865241099e-01
3.565300000000000182e+03 5.353855774022156311e+02 5.563266129971101703e-01
3.568800000000000182e+03 5.928411252611822420e+02 5.395392832121156390e-01
3.572300000000000182e+03 5.591960273970441904e+02 5.541900988674361983e-01
3.575800000000000182e+03 5.747448266310896088e+02 5.492693138418345278e-01
3.579300000000000182e+03 5.615906369221909245e+02 5.485174489559280220e-01
3.582800000000000182e+03 5.632068714073602678e+02 5.484406450029578606e-01
3.586300000000000182e+03 6.372694464727863988e+02 5.278056653085021477e-01
3.589800000000000182e+03 5.996854543425005204e+02 5.409580066305889057e-01
3.593300000000000182e+03 6.269323225695778774e+02 5.319332873115556470e-01
3.596800000000000182e+03 6.174083543217901706e+02 5.363222714393476309e-01
3.600300000000000182e+03 6.247359468204228961e+02 5.360996510646957036e-01
3.603800000000000182e+03 6.322817820090135683e+02 5.345541401879485566e-01
3.607300000000000182e+03 6.391376550953636979e+02 5.317292036303736813e-01
3.610800000000000182e+03 6.487041665658998681e+02 5.298645085014217493e-01
3.614300000000000182e+03 6.291408630618099096e+02 5.291719378692144593e-01
3.617800000000000182e+03 6.879786243942786541e+02 5.195118123104811581e-01
3.621300000000000182e+03 6.912725561997600607e+02 5.216957796687515803e-01
3.624800000000000182e+03 7.349059600337651545e+02 5.090315438053333308e-01
3.628300000000000182e+03 7.042051130825095697e+02 5.193563524301951784e-01
3.631800000000000182e+03 7.139593501808544715e+02 5.160451469799632873e-01
3.635300000000000182e+03 7.153428576596596713e+02 5.117160965541385220e-01
3.638800000000000182e+03 7.160403730210181266e+02 5.120429708937428437e-01
3.642300000000000182e+03 7.848096138931181258e+02 5.012614553886031166e-01
3.645800000000000182e+03 7.808581057149302751e+02 5.018669285697314741e-01
3.649300000000000182e+03 7.919092332734895763e+02 5.004671634081879761e-01
3.652800000000000182e+03 8.115936221353292694e+02 4.969807293206918164e-01
3.656300000000000182e+03 7.967655740545037588e+02 5.043280973332295858e-01
3.659800000000000182e+03 7.674672360740740942e+02 5.049902200190337087e-01
3.663300000000000182e+03 8.057872382876935262e+02 5.007933146706097238e-01
3.666800000000000182e+03 8.393819925401101045e+02 4.970993716886091263e-01
3.670300000000000182e+03 7.915707856040809247e+02 4.966427595590439115e-01
3.673800000000000182e+03 7.875128737836204209e+02 4.981655654937494071e-01
3.677300000000000182e+03 8.272209544515715152e+02 4.891227129695230880e-01
3.680800000000000182e+03 8.244370336942134827e+02 4.878100319599805168e-01
3.684300000000000182e+03 7.988628839576467726e+02 4.874641048422075351e-01
3.687800000000000182e+03 8.085130847904100619e+02 4.849300953192821062e-01
3.691300000000000182e+03 8.308524850213615309e+02 4.809376701835940682e-01
3.694800000000000182e+03 8.177478152166165728e+02 4.807501351718328486e-01
3.698300000000000182e+03 8.724232511728395139e+02 4.713158428321120308e-01
3.701800000000000182e+03 8.770265997989439484e+02 4.739592000600514332e-01
3.705300000000000182e+03 8.836315879933447377e+02 4.721283561594104561e-01
3.708800000000000182e+03 9.153546256825750334e+02 4.712676693333791578e-01
3.712300000000000182e+03 8.746747103004109931e+02 4.786898688792976531e-01
3.715800000000000182e+03 9.135565004689948410e+02 4.690593537024738691e-01
3.719300000000000182e+03 9.097868319561844146e+02 4.728821256224381986e-01
3.722800000000000182e+03 1.001928531626878566e+03 4.556570559974873480e-01
3.726300000000000182e+03 1.004022312624766869e+03 4.545849423642190912e-01
3.729800000000000182e+03 1.054960518562554626e+03 4.472977486186547891e-01
3.733300000000000182e+03 1.017069423860657594e+03 4.602724801347607975e-01
3.736800000000000182e+03 1.069777531953676089e+03 4.584598264832357994e-01
3.740300000000000182e+03 1.125081938067946794e+03 4.614863160271475695e-01
3.743800000000000182e+03 1.150258968656956313e+03 4.590293191615256729e-01
3.747300000000000182e+03 1.233122722973363580e+03 4.558694514097271222e-01
3.750800000000000182e+03 1.267082644996995668e+03 4.503621499609488099e-01
3.754300000000000182e+03 1.289634594409469628e+03 4.559243433973130810e-01
3.757800000000000182e+03 1.334271521586794279e+03 4.500559197339829010e-01
3.761300000000000182e+03 1.347326782291942209e+03 4.472568724467083645e-01
3.764800000000000182e+03 1.353646455610494968e+03 4.490737407605830400e-01
3.768300000000000182e+03 1.482547885510620063e+03 4.380213274205607688e-01
3.771800000000000182e+03 1.426724655006844614e+03 4.471962022603218623e-01
3.775300000000000182e+03 1.540804533427527986e+03 4.408789904963734685e-01
3.778800000000000182e+03 1.612724815914056990e+03 4.396850845050080392e-01
3.782300000000000182e+03 1.698831629223911023e+03 4.376982492487439536e-01
3.785800000000000182e+03 1.765577652005608115e+03 4.361078768684510942e-01
3.789300000000000182e+03 1.917464978428030690e+03 4.317622954989204231e-01
3.792800000000000182e+03 1.954747832066958836e+03 4.361402743054277331e-01
3.796300000000000182e+03 2.087120965548306231e+03 4.320630958347734252e-01
3.799800000000000182e+03 2.088431254784075918e+03 4.358862048367401765e-01
3.803300000000000182e+03 2.194117165654964083e+03 4.366365286413586011e-01
3.806800000000000182e+03 2.257281754228552472e+03 4.337247277321290562e-01
3.810300000000000182e+03 2.254483750813879396e+03 4.361305281848184556e-01
3.813800000000000182e+03 2.244425746640595662e+03 4.302839972458861184e-01
3.817300000000000182e+03 2.259660217566035499e+03 4.239465287721779219e-01
3.820800000000000182e+03 2.131852185605288923e+03 4.181503642086270567e-01
3.824300000000000182e+03 2.163613966894285568e+03 4.094306650414941129e-01
3.827800000000000182e+03 2.139170481942202059e+03 4.050490752337935763e-01
3.831300000000000182e+03 2.231781905334342810e+03 4.008969922472098157e-01
3.834800000000000182e+03 2.279940269312552573e+03 4.051824616829637904e-01
3.838300000000000182e+03 2.411813599097039059e+03 4.108355242275584240e-01
3.841800000000000182e+03 2.572056155118948482e+03 4.093541589307295170e-01
3.845300000000000182e+03 2.733545500908418944e+03 4.156482119462013292e-01
3.848800000000000182e+03 2.882479725351671732e+03 4.135486422491432834e-01
3.852300000000000182e+03 3.047261878211313615e+03 4.117822313216664698e-01
3.855800000000000182e+03 3.256431011844461409e+03 4.108244288758957641e-01
3.859300000000000182e+03 3.290901018923045285e+03 4.109388396912639907e-01
3.862800000000000182e+03 3.369094015554861926e+03 4.109306603461315710e-01
3.866300000000000182e+03 3.476937385638270371e+03 4.144622460037972189e-01
3.869800000000000182e+03 3.360742130038633150e+03 4.150815968848434734e-01
3.873300000000000182e+03 3.328679517374807801e+03 4.090193071669434022e-01
3.876800000000000182e+03 3.055342360510961953e+03 4.037074772701907399e-01
3.880300000000000182e+03 2.845912436310926296e+03 3.961269625342050960e-01
3.883800000000000182e+03 2.644337238862092818e+03 3.830090666073661665e-01
3.887300000000000182e+03 2.509972947091110200e+03 3.711082587981354153e-01
3.890800000000000182e+03 2.461944870773595540e+03 3.657166748979854831e-01
3.894300000000000182e+03 2.654257658969623662e+03 3.692207485564561464e-01
3.897800000000000182e+03 2.805481050914553634e+03 3.831560429302854898e-01
3.901300000000000182e+03 3.142856305262079331e+03 3.918643684934516869e-01
3.904800000000000182e+03 3.459324265586399179e+03 3.994570211087457579e-01
3.908300000000000182e+03 3.721661777605497264e+03 3.988442774479512010e-01
3.911800000000000182e+03 3.997822123854326492e+03 3.988889319722226379e-01
3.915300000000000182e+03 4.188945135461935024e+03 3.916109209655224688e-01
3.918800000000000182e+03 4.274202972668885195e+03 3.868328043840867925e-01
3.922300000000000182e+03 4.338462917730471418e+03 3.802264793553859490e-01
3.925800000000000182e+03 4.428573216347916969e+03 3.703953117460478950e-01
3.929300000000000182e+03 4.496084852107865117e+03 3.656995395483083611e-01
3.932800000000000182e+03 4.406231590186681387e+03 3.681891509130981177e-01
3.936300000000000182e+03 4.473832691978043840e+03 3.710844928487755379e-01
3.939800000000000182e+03 4.565045128608146115e+03 3.739097877065624687e-01
3.943300000000000182e+03 4.447490697097963675e+03 3.796866824910133387e-01
3.946800000000000182e+03 4.495606405968547733e+03 3.843051675675395185e-01
3.950300000000000182e+03 4.214870831963113233e+03 3.887562213509009323e-01
3.953800000000000182e+03 3.987828689547379781e+03 3.832881118658988395e-01
3.957300000000000182e+03 3.749224911531900489e+03 3.734014919691399648e-01
3.960800000000000182e+03 3.341604276225085414e+03 3.639184978171966511e-01
3.964300000000000182e+03 3.192360353930689143e+03 3.451856441144702248e-01
3.967800000000000182e+03 2.980730589377645174e+03 3.359885821446012555e-01
3.971300000000000182e+03 3.130246663509502923e+03 3.270004165596693824e-01
3.974800000000000182e+03 3.181660096198313568e+03 3.376589146471176139e-01
3.978300000000000182e+03 3.326335927280601027e+03 3.516036205910707535e-01
3.981800000000000182e+03 3.778165291595846611e+03 3.604665392456524731e-01
3.985300000000000182e+03 4.146089805897359838e+03 3.660564989417220971e-01
3.988800000000000182e+03 4.485361105047767524e+03 3.664563929720349167e-01
3.992300000000000182e+03 4.823768470223420991e+03 3.654348134854976671e-01
3.995800000000000182e+03 5.252437307651516676e+03 3.602000208139308768e-01
3.999300000000000182e+03 5.413979701179133372e+03 3.581675023187789741e-01
4.002800000000000182e+03 5.622217566903004808e+03 3.555748981006575105e-01
4.006300000000000182e+03 5.858735910780795166e+03 3.542083056492073001e-01
4.009800000000000182e+03 5.940075401708138997e+03 3.531211451583410321e-01
4.013300000000000182e+03 6.002924184875322680e+03 3.504947373891944551e-01
4.016800000000000182e+03 6.087883301460728035e+03 3.509428979438200535e-01
4.020300000000000182e+03 6.145530176952540387e+03 3.492308174350221006e-01
4.023800000000000182e+03 6.189895555059080834e+03 3.443746584153793977e-01
4.027300000000000182e+03 6.159946412977064938e+03 3.435535472597700535e-01
4.030800000000000182e+03 6.404135593449727821e+03 3.408067791379746359e-01
4.034300000000000182e+03 6.269720212169752813e+03 3.421166019489446652e-01
4.037800000000000182e+03 6.428391787091886727e+03 3.420027791087172364e-01
4.041300000000000182e+03 6.462181868905595366e+03 3.410429645710043034e-01
4.044800000000000182e+03 6.567240520392309008e+03 3.409037432434922077e-01
4.048300000000000182e+03 6.539542623531813661e+03 3.406528065990337972e-01
4.051800000000000182e+03 6.452515025449709356e+03 3.369247645405901159e-01
4.055300000000000182e+03 6.601915320105062165e+03 3.358432477243117886e-01
4.058800000000000182e+03 6.654676694304826924e+03 3.367255296742782122e-01
4.062300000000000182e+03 6.533054900258794987e+03 3.358682322706819656e-01
4.065800000000000182e+03 6.367295944468469315e+03 3.344044019589529904e-01
4.069300000000000182e+03 6.315766540476605769e+03 3.349482650773444314e-01
4.072800000000000182e+03 6.213290832136608515e+03 3.316758419276688574e-01
4.076300000000000182e+03 5.863573946326212535e+03 3.327098144926857182e-01
4.079800000000000182e+03 5.543220757816423429e+03 3.315778158607760595e-01
4.083300000000000182e+03 5.502136614907584772e+03 3.275671854669099381e-01
4.086800000000000182e+03 5.117594275493112946e+03 3.279802192430519847e-01
4.090300000000000182e+03 4.774069626272816095e+03 3.273373746158969033e-01
4.093800000000000182e+03 4.616966018814491690e+03 3.240474957762311536e-01
4.097300000000000182e+03 4.361041897016863913e+03 3.205909594533989937e-01
4.100800000000000182e+03 4.226680917299718203e+03 3.140208297732657861e-01
4.104300000000000182e+03 4.096935908752929208e+03 3.108159590124991434e-01
4.107800000000000182e+03 4.215873661010331489e+03 3.057419606066899553e-01
4.111300000000000182e+03 4.364701639953598715e+03 3.039511424485378255e-01
4.114800000000000182e+03 4.648967873450897059e+03 3.054756481762396780e-01
4.118300000000000182e+03 5.034055598022865524e+03 3.108513711235291743e-01
4.121800000000000182e+03 5.556900085125903388e+03 3.180622968280770735e-01
4.125300000000000182e+03 6.005230780168662932e+03 3.201035954562703734e-01
4.128800000000000182e+03 6.531882917374363387e+03 3.196196282403840350e-01
4.132300000000000182e+03 6.771426299372034009e+03 3.184735723503729909e-01
4.135800000000000182e+03 7.152108146738990399e+03 3.149792214896310338e-01
4.139300000000000182e+03 7.461691176761501993e+03 3.107028123421060051e-01
4.142800000000000182e+03 7.428512258665335139e+03 3.108065300442641177e-01
4.146300000000000182e+03 7.636640230181946208e+03 3.095162931598648970e-01
4.149800000000000182e+03 7.541505468696733260e+03 3.099741343759011558e-01
4.153300000000000182e+03 7.595544234203694032e+03 3.099553587652991160e-01
4.156800000000000182e+03 7.852425471944002311e+03 3.056369276862073714e-01
4.160300000000000182e+03 7.854682159674783179e+03 3.064316140707917802e-01
4.163800000000000182e+03 8.001300058362810887e+03 3.044020444686096338e-01
4.167300000000000182e+03 8.030888692479099518e+03 3.020936119063411529e-01
4.170800000000000182e+03 8.085173548131734606e+03 3.030260313043287024e-01
4.174300000000000182e+03 8.092801214567239185e+03 3.002727740784484345e-01
4.177800000000000182e+03 8.077341686947635026e+03 3.011554738217144256e-01
4.181300000000000182e+03 8.239812996396109156e+03 2.977254883951978015e-01
4.184800000000000182e+03 8.199833994612574315e+03 2.981689657535280813e-01
4.188300000000000182e+03 8.349471381560602822e+03 2.956412709670144245e-01
4.191800000000000182e+03 8.393094800276665410e+03 2.953406055465263580e-01
4.195300000000000182e+03 8.435298749874655186e+03 2.949742977663097343e-01
4.198800000000000182e+03 8.556304443554621685e+03 2.923393734016904166e-01
4.202300000000000182e+03 8.410963456446084820e+03 2.917118075713832637e-01
4.205800000000000182e+03 8.514539728366731651e+03 2.933022567980291262e-01
4.209300000000000182e+03 8.788578320081114725e+03 2.894832474622350826e-01
4.212800000000000182e+03 8.714996849507630031e+03 2.889042786951520059e-01
4.216300000000000182e+03 8.620045884816607213e+03 2.901174215422502312e-01
4.219800000000000182e+03 8.694883005690920982e+03 2.884108477011782523e-01
4.223300000000000182e+03 8.695493664031300796e+03 2.868979377324960001e-01
4.226800000000000182e+03 8.944209052669535595e+03 2.800007226355006873e-01
4.230300000000000182e+03 8.649213010040137306e+03 2.860238265641419919e-01
4.233800000000000182e+03 8.822686638692928682e+03 2.819166461550631775e-01
4.237300000000000182e+03 8.825719887142968219e+03 2.828286018242311406e-01
4.240800000000000182e+03 8.714588294303934163e+03 2.857979678207115959e-01
4.244300000000000182e+03 8.890773493867727666e+03 2.826958077417280335e-01
4.247800000000000182e+03 8.908526636925664207e+03 2.827524370643985097e-01
4.251300000000000182e+03 9.077954623576357335e+03 2.793374983785880672e-01
4.254800000000000182e+03 8.967384236145197065e+03 2.802859522017792648e-01
4.258300000000000182e+03 9.132124301842644854e+03 2.784148755559393562e-01
4.261800000000000182e+03 9.080114129436246003e+03 2.783010774845987578e-01
4.265300000000000182e+03 8.897368938471086949e+03 2.762097371086382758e-01
4.268800000000000182e+03 9.113128159131485518e+03 2.734791258192129093e-01
4.272300000000000182e+03 9.120219846467764000e+03 2.730291259404680759e-01
4.275800000000000182e+03 9.044415324530315047e+03 2.748037775873783395e-01
4.279300000000000182e+03 9.128195439418901515e+03 2.750929495190519991e-01
4.282800000000000182e+03 9.291050487171734858e+03 2.726172511551842592e-01
4.286300000000000182e+03 9.379485214345102577e+03 2.720409826897786099e-01
4.289800000000000182e+03 9.252161710270387630e+03 2.713795416450076048e-01
4.293300000000000182e+03 9.499253883499428412e+03 2.702247899015582933e-01
4.296800000000000182e+03 9.009990347566537821e+03 2.718927549693626045e-01
4.300300000000000182e+03 9.349210455311169426e+03 2.686097334271592696e-01
4.303800000000000182e+03 9.079298948962115901e+03 2.709236576776653527e-01
4.307300000000000182e+03 8.968736398518318310e+03 2.681745742950121802e-01
4.310800000000000182e+03 8.483060472029234006e+03 2.712813490259279314e-01
4.314300000000000182e+03 8.406167418969238497e+03 2.665407903759356989e-01
4.317800000000000182e+03 8.082402276529192932e+03 2.639362134959143957e-01
4.321300000000000182e+03 7.675882529654822974e+03 2.634436232984057047e-01
4.324800000000000182e+03 7.185906041994526277e+03 2.611669283931591368e-01
4.328300000000000182e+03 6.735581431766371679e+03 2.608635863079908357e-01
4.331800000000000182e+03 6.368161743654253769e+03 2.597630029804031682e-01
4.335300000000000182e+03 6.049029086485783409e+03 2.600157508546555585e-01
4.338800000000000182e+03 5.911630574105441156e+03 2.559239879032822462e-01
4.342300000000000182e+03 5.879529856866797672e+03 2.517331423200788731e-01
4.345800000000000182e+03 6.065554877359685634e+03 2.465534981407403459e-01
4.349300000000000182e+03 6.132056825424090675e+03 2.437211274943220651e-01
4.352800000000000182e+03 6.740895557560636007e+03 2.407468180563207272e-01
4.356300000000000182e+03 7.031014498797315355e+03 2.473793489204659801e-01
4.359800000000000182e+03 7.610976782632133109e+03 2.528580921094944478e-01
4.363300000000000182e+03 8.040247266830640001e+03 2.575447837192717526e-01
4.366800000000000182e+03 8.653992616775345596e+03 2.589496611722620356e-01
4.370300000000000182e+03 9.098378658941615868e+03 2.588701769134174047e-01
4.373800000000000182e+03 9.601710092836137846e+03 2.596803261199431834e-01
4.377300000000000182e+03 9.919590768940184716e+03 2.537666307061203774e-01
4.380800000000000182e+03 1.021807917267854646e+04 2.503279472276511153e-01
4.384300000000000182e+03 1.035842810784459289e+04 2.480091744554064337e-01
4.387800000000000182e+03 1.045731159078706332e+04 2.468079495718354111e-01
4.391300000000000182e+03 1.039459943807354284e+04 2.481239493168865273e-01
4.394800000000000182e+03 1.044046008073013763e+04 2.466306222630233469e-01
4.398300000000000182e+03 1.031705436483309495e+04 2.468790905221564524e-01
4.401800000000000182e+03 1.044509332121661100e+04 2.455903830336066407e-01
4.405300000000000182e+03 1.062670762696815655e+04 2.446361078693435609e-01
4.408800000000000182e+03 1.053382770073579013e+04 2.460570830580997570e-01
4.412300000000000182e+03 1.059845344735501567e+04 2.462842427995134420e-01
4.415800000000000182e+03 1.067754968846466181e+04 2.420172662374701356e-01
4.419300000000000182e+03 1.060718884472140235e+04 2.442075657203792161e-01
4.422800000000000182e+03 1.057022449620266161e+04 2.458763820187072624e-01
4.426300000000000182e+03 1.070320030646637133e+04 2.431101745471972164e-01
4.429800000000000182e+03 1.074040636773915139e+04 2.431264711333023520e-01
4.433300000000000182e+03 1.089746866413693715e+04 2.406232633914753283e-01
4.436800000000000182e+03 1.105443293156064465e+04 2.397137734162694267e-01
4.440300000000000182e+03 1.090061828054792750e+04 2.396403852017394420e-01
4.443800000000000182e+03 1.109300297884629617e+04 2.373662108299411655e-01
4.447300000000000182e+03 1.136765802062975490e+04 2.364731580789588561e-01
4.450800000000000182e+03 1.118140934907492920e+04 2.376841043984406765e-01
4.454300000000000182e+03 1.114570543524515415e+04 2.375192719844631539e-01
4.457800000000000182e+03 1.111285307507482867e+04 2.376914548799860805e-01
4.461300000000000182e+03 1.125281741189980858e+04 2.365695365740173584e-01
4.464800000000000182e+03 1.127131075625220001e+04 2.344067027847773765e-01
4.468300000000000182e+03 1.122656948706922049e+04 2.335692014553082396e-01
4.471800000000000182e+03 1.129481925195865915e+04 2.332929845371040645e-01
4.475300000000000182e+03 1.121036408981501700e+04 2.320648954680597509e-01
4.478800000000000182e+03 1.120276406324373056e+04 2.314340619862852999e-01
4.482300000000000182e+03 1.139152775959684732e+04 2.296799784310566417e-01
4.485800000000000182e+03 1.139133431286197629e+04 2.305338298101121397e-01
4.489300000000000182e+03 1.149059551120502329e+04 2.294270621735837179e-01
4.492800000000000182e+03 1.130652180651930939e+04 2.294801685607739949e-01
4.496300000000000182e+03 1.143421246435302055e+04 2.287588151212721910e-01
4.499800000000000182e+03 1.139693907662926358e+04 2.278286318905854424e-01
4.503300000000000182e+03 1.129442595544336473e+04 2.280878214676069216e-01
4.506800000000000182e+03 1.153967107649208810e+04 2.278534429011527529e-01
4.510300000000000182e+03 1.144146314990237806e+04 2.275744025206457299e-01
4.513800000000000182e+03 1.147006689250519776e+04 2.297732696653958795e-01
4.517300000000000182e+03 1.141777482206085733e+04 2.274073429150374470e-01
4.520800000000000182e+03 1.169731355478941077e+04 2.235637202103680499e-01
4.524300000000000182e+03 1.156409647888776271e+04 2.251222178468969271e-01
4.527800000000000182e+03 1.184914295494882026e+04 2.214798887970285401e-01
4.531300000000000182e+03 1.171359351857584807e+04 2.209160518194246414e-01
4.534800000000000182e+03 1.150110305400980178e+04 2.228053246584319746e-01
4.538300000000000182e+03 1.153943577974080836e+04 2.217795601322551102e-01
4.541800000000000182e+03 1.174454623533484300e+04 2.184686622466787131e-01
4.545300000000000182e+03 1.173149059144823150e+04 2.199236850945880950e-01
4.548800000000000182e+03 1.174004965059045753e+04 2.195992147267554206e-01
4.552300000000000182e+03 1.158714552253049624e+04 2.203464373262474241e-01
4.555800000000000182e+03 1.171886301576263213e+04 2.184775541322513392e-01
4.559300000000000182e+03 1.180411355624176031e+04 2.174811767678644925e-01
4.562800000000000182e+03 1.178860062565408771e+04 2.160620437455777754e-01
4.566300000000000182e+03 1.182009557581933950e+04 2.191541333031414296e-01
4.569800000000000182e+03 1.191343763946901345e+04 2.177386120831905358e-01
4.573300000000000182e+03 1.184845733428632957e+04 2.183622839016359507e-01
4.576800000000000182e+03 1.193920122385854302e+04 2.151449004238792095e-01
4.580300000000000182e+03 1.205610316414397857e+04 2.155423998994948631e-01
4.583800000000000182e+03 1.195623580742460217e+04 2.147594380991200702e-01
4.587300000000000182e+03 1.184332280895198164e+04 2.129365452958915661e-01
4.590800000000000182e+03 1.217829987108482419e+04 2.120370319807860227e-01
4.594300000000000182e+03 1.185676408787931723e+04 2.119859167689649160e-01
4.597800000000000182e+03 1.216228705475756396e+04 2.105075606605620875e-01
4.601300000000000182e+03 1.202611692025982484e+04 2.105474792564899222e-01
4.604800000000000182e+03 1.220103150255136461e+04 2.107533671797857666e-01
4.608300000000000182e+03 1.213937705609658406e+04 2.105640591148540686e-01
4.611800000000000182e+03 1.250052583046408290e+04 2.092221306310254603e-01
4.615300000000000182e+03 1.212191787077523441e+04 2.085445440728201649e-01
4.618800000000000182e+03 1.209244040698527715e+04 2.093712621204608659e-01
4.622300000000000182e+03 1.235171120240769778e+04 2.078455981379634110e-01
4.625800000000000182e+03 1.219353008562830837e+04 2.075694372419537304e-01
4.629300000000000182e+03 1.201239910225534186e+04 2.065449427189509635e-01
4.632800000000000182e+03 1.220204078188259700e+04 2.060311076684467058e-01
4.636300000000000182e+03 1.225217686012258309e+04 2.053475698616549217e-01
4.639800000000000182e+03 1.210153978609449223e+04 2.067923889230604273e-01
4.643300000000000182e+03 1.234774074945046414e+04 2.048413344502713618e-01
4.646800000000000182e+03 1.244358863897363153e+04 2.050638154312726391e-01
4.650300000000000182e+03 1.228303108536953187e+04 2.038763259135547290e-01
4.653800000000000182e+03 1.232453195183112257e+04 2.030613269023493206e-01
4.657300000000000182e+03 1.236270106675200441e+04 2.025702522899510971e-01
4.660800000000000182e+03 1.249824381681841442e+04 2.025138907231730512e-01
4.664300000000000182e+03 1.255738083314122014e+04 2.006097888285859054e-01
4.667800000000000182e+03 1.251279129821544302e+04 1.996871875015942821e-01
4.671300000000000182e+03 1.251025294535700232e+04 1.997751831693990177e-01
4.674800000000000182e+03 1.254428327004236235e+04 1.987775781992754398e-01
4.678300000000000182e+03 1.235275111193698285e+04 2.000247671110490510e-01
4.681800000000000182e+03 1.235821212786714568e+04 1.997606890039376193e-01
4.685300000000000182e+03 1.238652591252648199e+04 1.991283521767328035e-01
4.688800000000000182e+03 1.218708122985728369e+04 1.986258374926875570e-01
4.692300000000000182e+03 1.200164068125219455e+04 1.980315223261379654e-01
4.695800000000000182e+03 1.231642423885227254e+04 1.980225794626626346e-01
4.699300000000000182e+03 1.229417701297204985e+04 1.949840161478406386e-01
4.702800000000000182e+03 1.207001899895702809e+04 1.958803271347654140e-01
4.706300000000000182e+03 1.224585770019598567e+04 1.941806270295499959e-01
4.709800000000000182e+03 1.195750194823645143e+04 1.943173947094354315e-01
4.713300000000000182e+03 1.236414986122711343e+04 1.925626204337340941e-01
4.716800000000000182e+03 1.242714540039524582e+04 1.923539631925017535e-01
4.720300000000000182e+03 1.225623417554741900e+04 1.943528330953321892e-01
4.723800000000000182e+03 1.251679845577278684e+04 1.922387083993419288e-01
4.727300000000000182e+03 1.223552023114757503e+04 1.945537039134030977e-01
4.730800000000000182e+03 1.246121962433711451e+04 1.918693214965286331e-01
4.734300000000000182e+03 1.254863164799252081e+04 1.915408335440967336e-01
4.737800000000000182e+03 1.274052425716658217e+04 1.895889940975676036e-01
4.741300000000000182e+03 1.251281240908791551e+04 1.898793313751498124e-01
4.744800000000000182e+03 1.230326419054776125e+04 1.925980690950384877e-01
4.748300000000000182e+03 1.241938444496359443e+04 1.900730166156895662e-01
4.751800000000000182e+03 1.263703552046507502e+04 1.876378646585971366e-01
4.755300000000000182e+03 1.254905152945508780e+04 1.903299898546785829e-01
4.758800000000000182e+03 1.258281579938741379e+04 1.881511166002839130e-01
4.762300000000000182e+03 1.231744458285245855e+04 1.895211626306064212e-01
4.765800000000000182e+03 1.255320467612412176e+04 1.874445004534101289e-01
4.769300000000000182e+03 1.226905961827825558e+04 1.870728782473812524e-01
4.772800000000000182e+03 1.256580492845833942e+04 1.865225936397867934e-01
4.776300000000000182e+03 1.237731705117726233e+04 1.874554355846837772e-01
4.779800000000000182e+03 1.242857972090714611e+04 1.863442768743208966e-01
4.783300000000000182e+03 1.238668600148136466e+04 1.862357087513724918e-01
4.786800000000000182e+03 1.243507553886895403e+04 1.858044955419936306e-01
4.790300000000000182e+03 1.245183003991865553e+04 1.856888753535188841e-01
4.793800000000000182e+03 1.230554265810571087e+04 1.851225197322474425e-01
4.797300000000000182e+03 1.201014023168573840e+04 1.874649909460967545e-01
4.800800000000000182e+03 1.233569990722644980e+04 1.863159142033590787e-01
4.804300000000000182e+03 1.239409580485437800e+04 1.855192554036626251e-01
4.807800000000000182e+03 1.213370903378903313e+04 1.849551580364140191e-01
4.811300000000000182e+03 1.238648787330447885e+04 1.813028408109637890e-01
4.814800000000000182e+03 1.197376056276195413e+04 1.843510591462582948e-01
4.818300000000000182e+03 1.184188968361004481e+04 1.851295965307586666e-01
4.821800000000000182e+03 1.176807152584294636e+04 1.854728707708744317e-01
4.825300000000000182e+03 1.166589047213640333e+04 1.853047712535932368e-01
4.828800000000000182e+03 1.126109374188769652e+04 1.847915387604260606e-01
4.832300000000000182e+03 1.109219828522793432e+04 1.846763506652574771e-01
4.835800000000000182e+03 1.069082303545013019e+04 1.836054803282574921e-01
4.839300000000000182e+03 1.036712161401574303e+04 1.810041224736697318e-01
4.842800000000000182e+03 9.721236977087743071e+03 1.780933465837023499e-01
4.846300000000000182e+03 9.204765775410885908e+03 1.793777199530167676e-01
4.849800000000000182e+03 8.722925845558713263e+03 1.788928878231434427e-01
4.853300000000000182e+03 8.044311799715689631e+03 1.800526699482155046e-01
4.856800000000000182e+03 7.880726288957830548e+03 1.760116374170356823e-01
4.860300000000000182e+03 7.519713226372472491e+03 1.729367390257618153e-01
4.863800000000000182e+03 7.277312080252370833e+03 1.701664108138707110e-01
4.867300000000000182e+03 7.312439213535661111e+03 1.655834182505761254e-01
4.870800000000000182e+03 7.582673718212128733e+03 1.637056119377637287e-01
4.874300000000000182e+03 8.111417275849100406e+03 1.657694831876080077e-01
4.877800000000000182e+03 8.628634988258299927e+03 1.706614595989500160e-01
4.881300000000000182e+03 9.461231288048265924e+03 1.746913707444341934e-01
4.884800000000000182e+03 9.658480461913986801e+03 1.811837294915960850e-01
4.888300000000000182e+03 1.051111881156811978e+04 1.811230131002824761e-01
4.891800000000000182e+03 1.093777576831963415e+04 1.806898489812898412e-01
4.895300000000000182e+03 1.119320226365668168e+04 1.776667577997121106e-01
4.898800000000000182e+03 1.163907993203486876e+04 1.760078700489502990e-01
4.902300000000000182e+03 1.157656517842271569e+04 1.757540962212562341e-01
4.905800000000000182e+03 1.184183802092836777e+04 1.732986243693943884e-01
4.909300000000000182e+03 1.197982258693416406e+04 1.724940552919158321e-01
4.912800000000000182e+03 1.211089378133809078e+04 1.729561857232005950e-01
4.916300000000000182e+03 1.224179615637604002e+04 1.725366100503251399e-01
4.919800000000000182e+03 1.189074304097532695e+04 1.728666778477257748e-01
4.923300000000000182e+03 1.208244455046511757e+04 1.717947696145671332e-01
4.926800000000000182e+03 1.215174464544580769e+04 1.688571941649681385e-01
4.930300000000000182e+03 1.214639276537252226e+04 1.708008729891583588e-01
4.933800000000000182e+03 1.208676166899759301e+04 1.707310651669918244e-01
4.937300000000000182e+03 1.213045099462593134e+04 1.706782062504489939e-01
4.940800000000000182e+03 1.225978560773703612e+04 1.698203659690019629e-01
4.944300000000000182e+03 1.225928807305595365e+04 1.717531485233591559e-01
4.947800000000000182e+03 1.229371216334674500e+04 1.702438094625764453e-01
4.951300000000000182e+03 1.221066189818679049e+04 1.696790622487182598e-01
4.954800000000000182e+03 1.278483717879525466e+04 1.659190217537664935e-01
4.958300000000000182e+03 1.221003051087093445e+04 1.667101511514454126e-01
4.961800000000000182e+03 1.217050299900570826e+04 1.700952896109580725e-01
4.965300000000000182e+03 1.223530888542704997e+04 1.689710935493646538e-01
4.968800000000000182e+03 1.207357271645857509e+04 1.699858888907254950e-01
4.972300000000000182e+03 1.218909916494643221e+04 1.686456761731157661e-01
4.975800000000000182e+03 1.224843117050014371e+04 1.682446889921989097e-01
4.979300000000000182e+03 1.204663891672043246e+04 1.681288914064760776e-01
4.982800000000000182e+03 1.199290394040559477e+04 1.677201032749804643e-01
4.986300000000000182e+03 1.222305756141875827e+04 1.658671987946009341e-01
4.989800000000000182e+03 1.222234048177693512e+04 1.682931365383089906e-01
4.993300000000000182e+03 1.200907129290210287e+04 1.671496894847438741e-01
4.996800000000000182e+03 1.187678441876686884e+04 1.665786983220347295e-01
5.000300000000000182e+03 1.200594913258324777e+04 1.656401439983268276e-01
5.003800000000000182e+03 1.200709377914849938e+04 1.666231788577040573e-01
5.007300000000000182e+03 1.193264218532024461e+04 1.651356282546668774e-01
5.010800000000000182e+03 1.182104875950471978e+04 1.663245482337772363e-01
5.014300000000000182e+03 1.193396963991059602e+04 1.635877564771298087e-01
5.017800000000000182e+03 1.191160625020835323e+04 1.647457745870284651e-01
5.021300000000000182e+03 1.194531911150454653e+04 1.652648199929011852e-01
5.024800000000000182e+03 1.211475566929345223e+04 1.663896191822052950e-01
5.028300000000000182e+03 1.179251877346728907e+04 1.679770740217915448e-01
5.031800000000000182e+03 1.198190384465770694e+04 1.688761945214032056e-01
5.035300000000000182e+03 1.198022963401028210e+04 1.674347811917527018e-01
5.038800000000000182e+03 1.182389050645767020e+04 1.661827123266939044e-01
5.042300000000000182e+03 1.158786168006041407e+04 1.671177803298629916e-01
5.045800000000000182e+03 1.190940245228158892e+04 1.649799971769295437e-01
5.049300000000000182e+03 1.172714997415603830e+04 1.648899952451582662e-01
5.052800000000000182e+03 1.180339095485833968e+04 1.635997594396468580e-01
5.056300000000000182e+03 1.189710640163054268e+04 1.626521240024945691e-01
5.059800000000000182e+03 1.170853747878163085e+04 1.643968175947965182e-01
5.063300000000000182e+03 1.184509345351334014e+04 1.636967802377889969e-01
5.066800000000000182e+03 1.212327817532918198e+04 1.618037677421270415e-01
5.070300000000000182e+03 1.191414941886491761e+04 1.641695200740496408e-01
5.073800000000000182e+03 1.200053460559667292e+04 1.638627195027257955e-01
5.077300000000000182e+03 1.185535575111423168e+04 1.632770180329030929e-01
5.080800000000000182e+03 1.222432525601534871e+04 1.617336896460538354e-01
5.084300000000000182e+03 1.189997911893418313e+04 1.624235608576183321e-01
5.087800000000000182e+03 1.173118931527803034e+04 1.617076685391086732e-01
5.091300000000000182e+03 1.200140548219082848e+04 1.589690229286420120e-01
5.094800000000000182e+03 1.197903582177185308e+04 1.588338172744183929e-01
5.098300000000000182e+03 1.201294575239133883e+04 1.587501236044716602e-01
5.101800000000000182e+03 1.207518385028797638e+04 1.560071230681968346e-01
5.105300000000000182e+03 1.188737815954140206e+04 1.578396632468367089e-01
5.108800000000000182e+03 1.193506651480677829e+04 1.596182630935994995e-01
5.112300000000000182e+03 1.217928798977451152e+04 1.570135651874046967e-01
5.115800000000000182e+03 1.213490145559642406e+04 1.573671573613979746e-01
5.119300000000000182e+03 1.217346868864420503e+04 1.537682436283230869e-01
5.122800000000000182e+03 1.192109444778624311e+04 1.568781944550131646e-01
5.126300000000000182e+03 1.188879176744845972e+04 1.562534432424244057e-01
5.129800000000000182e+03 1.207911288950250673e+04 1.549576921247816375e-01
5.133300000000000182e+03 1.204617722955242607e+04 1.547771262521656088e-01
5.136800000000000182e+03 1.205986480816106450e+04 1.560675566267213377e-01
5.140300000000000182e+03 1.188578534151477470e+04 1.549566276724899938e-01
5.143800000000000182e+03 1.223193044753729555e+04 1.531413169565689625e-01
5.147300000000000182e+03 1.170080302663620023e+04 1.566809007885806293e-01
5.150800000000000182e+03 1.190001044413941418e+04 1.547001239117696270e-01
5.154300000000000182e+03 1.157042248318463680e+04 1.569398919303494067e-01
5.157800000000000182e+03 1.201768408233070113e+04 1.542292294541749709e-01
5.161300000000000182e+03 1.191818992278486985e+04 1.533477271787202501e-01
5.164800000000000182e+03 1.191940340190293136e+04 1.529229108245574176e-01
5.168300000000000182e+03 1.200810269707612497e+04 1.518332440290746654e-01
5.171800000000000182e+03 1.183737939474469749e+04 1.515777561985749700e-01
5.175300000000000182e+03 1.186890268071838364e+04 1.522053260062119218e-01
5.178800000000000182e+03 1.185474321349598722e+04 1.522292660841836620e-01
5.182300000000000182e+03 1.166443198124340597e+04 1.521520311276947923e-01
5.185800000000000182e+03 1.161724739333242542e+04 1.535758298221525375e-01
5.189300000000000182e+03 1.160487308419443252e+04 1.530067765190170626e-01
5.192800000000000182e+03 1.186978399844287196e+04 1.532190453721176404e-01
5.196300000000000182e+03 1.176946348391217361e+04 1.519593492514402788e-01
5.199800000000000182e+03 1.182451600055755625e+04 1.519472471615725129e-01
5.203300000000000182e+03 1.178146741089249372e+04 1.498760625584081296e-01
5.206800000000000182e+03 1.145139716451662753e+04 1.532886420712527842e-01
5.210300000000000182e+03 1.163173511192146907e+04 1.525100401383646109e-01
5.213800000000000182e+03 1.168781618105981761e+04 1.531176901415923497e-01
5.217300000000000182e+03 1.164675295956845730e+04 1.514553586968552523e-01
5.220800000000000182e+03 1.163645531396410115e+04 1.529234546322921495e-01
5.224300000000000182e+03 1.165019016162778098e+04 1.499067129638609608e-01
5.227800000000000182e+03 1.152849065778249678e+04 1.509716074744311132e-01
5.231300000000000182e+03 1.159959302753926568e+04 1.522828885168596158e-01
5.234800000000000182e+03 1.141351719038003648e+04 1.521584832145171096e-01
5.238300000000000182e+03 1.165483742322795479e+04 1.515143695558836545e-01
5.241800000000000182e+03 1.157479965484940658e+04 1.510946755287582710e-01
5.245300000000000182e+03 1.165373000096983378e+04 1.519736693999252375e-01
5.248800000000000182e+03 1.150055684975011900e+04 1.507082378342077811e-01
5.252300000000000182e+03 1.141767741449220375e+04 1.544638148347894369e-01
5.255800000000000182e+03 1.173431221909264787e+04 1.512955501957481685e-01
5.259300000000000182e+03 1.143527306841599238e+04 1.521847689453840191e-01
5.262800000000000182e+03 1.144190457498360229e+04 1.502439523643658015e-01
5.266300000000000182e+03 1.148867056388446326e+04 1.490187214292522655e-01
5.269800000000000182e+03 1.138963379437690674e+04 1.488361910292972934e-01
5.273300000000000182e+03 1.144652300508749795e+04 1.494821137112943010e-01
5.276800000000000182e+03 1.153334785941069276e+04 1.495073831381613094e-01
5.280300000000000182e+03 1.161336791090217957e+04 1.493699340915150553e-01
5.283800000000000182e+03 1.151361761318622666e+04 1.517035271512428563e-01
5.287300000000000182e+03 1.131414442628270626e+04 1.503466986591960319e-01
5.290800000000000182e+03 1.152517726073047379e+04 1.518288045818858290e-01
5.294300000000000182e+03 1.135565818851694712e+04 1.507119840012803302e-01
5.297800000000000182e+03 1.138176546044838869e+04 1.509707978057251432e-01
5.301300000000000182e+03 1.147852047158284040e+04 1.505614109904353515e-01
5.304800000000000182e+03 1.129125051209705452e+04 1.521155487338327894e-01
5.308300000000000182e+03 1.119247038586049712e+04 1.518396171587589050e-01
5.311800000000000182e+03 1.133510737708522902e+04 1.497531178257345830e-01
5.315300000000000182e+03 1.108227248014965880e+04 1.492223166070016649e-01
5.318800000000000182e+03 1.119752672781816545e+04 1.490439910860278938e-01
5.322300000000000182e+03 1.113937531239230157e+04 1.496683759183626561e-01
5.325800000000000182e+03 1.121290270186007001e+04 1.495139398618240967e-01
5.329300000000000182e+03 1.118617809814940483e+04 1.486820033970318589e-01
5.332800000000000182e+03 1.132790027032079161e+04 1.463746105414201748e-01
5.336300000000000182e+03 1.128533006601355919e+04 1.488341512943819611e-01
5.339800000000000182e+03 1.100618130492676028e+04 1.478728463738208931e-01
5.343300000000000182e+03 1.136186343627538372e+04 1.465107433910144696e-01
5.346800000000000182e+03 1.127096795492309684e+04 1.494578625151564144e-01
5.350300000000000182e+03 1.129592283609497463e+04 1.477231072974771464e-01
5.353800000000000182e+03 1.128801210689903019e+04 1.469848774167146488e-01
5.357300000000000182e+03 1.114259713693043705e+04 1.472574627914030321e-01
5.360800000000000182e+03 1.100053846412499297e+04 1.476617192429088843e-01
5.364300000000000182e+03 1.138770754012868565e+04 1.452585659633175152e-01
5.367800000000000182e+03 1.116137782700491152e+04 1.484756014813274072e-01
5.371300000000000182e+03 1.106559844708979654e+04 1.461675380351025733e-01
5.374800000000000182e+03 1.110064302420470631e+04 1.484290557324581261e-01
5.378300000000000182e+03 1.129529328573527346e+04 1.464089332578393798e-01
5.381800000000000182e+03 1.130136961245205202e+04 1.468687514813682982e-01
5.385300000000000182e+03 1.096962031115467471e+04 1.490550510874125156e-01
5.388800000000000182e+03 1.132496152815858659e+04 1.452192265195896281e-01
5.392300000000000182e+03 1.093554038279935230e+04 1.482277723280738535e-01
5.395800000000000182e+03 1.094465000485761993e+04 1.481680950709199640e-01
5.399300000000000182e+03 1.096398870423072913e+04 1.475986451492441454e-01
5.402800000000000182e+03 1.105979104201607333e+04 1.468013171492288937e-01
5.406300000000000182e+03 1.072206254128447108e+04 1.487354098706014649e-01
5.409800000000000182e+03 1.087338625216386754e+04 1.464546115188517517e-01
5.413300000000000182e+03 1.092647080356427614e+04 1.449182212421216975e-01
5.416800000000000182e+03 1.092161495029019898e+04 1.476955923087609757e-01
5.420300000000000182e+03 1.092028732098185355e+04 1.468996464158182080e-01
5.423800000000000182e+03 1.080672814264180488e+04 1.471545255861849977e-01
5.427300000000000182e+03 1.060369598247622162e+04 1.488244731156705691e-01
5.430800000000000182e+03 1.072972848274840544e+04 1.472033716447918028e-01
5.434300000000000182e+03 1.088771115012976588e+04 1.461987347232966139e-01
5.437800000000000182e+03 1.061831471121492359e+04 1.453247252201686213e-01
5.441300000000000182e+03 1.085213039016059702e+04 1.463014416325101597e-01
5.444800000000000182e+03 1.080182114893451217e+04 1.442200722479462238e-01
5.448300000000000182e+03 1.094090138854959514e+04 1.443137949733140912e-01
5.451800000000000182e+03 1.072601584868414648e+04 1.453485451178581078e-01
5.455300000000000182e+03 1.056611106714705966e+04 1.445970869288111527e-01
5.458800000000000182e+03 1.063936813391287433e+04 1.451240777228387513e-01
5.462300000000000182e+03 1.074300818486410026e+04 1.462305507729260712e-01
5.465800000000000182e+03 1.064980474244095785e+04 1.478221110347374967e-01
5.469300000000000182e+03 1.094983477042342383e+04 1.435328189523358555e-01
5.472800000000000182e+03 1.063950026327622800e+04 1.431994093307165372e-01
5.476300000000000182e+03 1.077193194850009786e+04 1.455177390688703332e-01
5.479800000000000182e+03 1.060574383865136224e+04 1.441117634959221128e-01
5.483300000000000182e+03 1.070003170694281835e+04 1.423501226353367510e-01
5.486800000000000182e+03 1.054404566503169190e+04 1.435191194272246173e-01
5.490300000000000182e+03 1.081319199490794745e+04 1.408891347939320027e-01
5.493800000000000182e+03 1.062440053617742342e+04 1.437391969100216549e-01
5.497300000000000182e+03 1.055525285879618423e+04 1.415602953669291564e-01
5.500800000000000182e+03 1.070264054469576877e+04 1.408811841632103268e-01
5.504300000000000182e+03 1.068639785719282918e+04 1.421220402572442865e-01
5.507800000000000182e+03 1.045295773806138641e+04 1.407774456479596314e-01
5.511300000000000182e+03 1.047362183072498374e+04 1.428287139600622757e-01
5.514800000000000182e+03 1.063405447797027591e+04 1.418981904225649071e-01
5.518300000000000182e+03 1.064754947772933883e+04 1.429293356703460471e-01
5.521800000000000182e+03 1.049957686735526477e+04 1.422309590466652174e-01
5.525300000000000182e+03 1.049762887530435000e+04 1.399908187200587240e-01
5.528800000000000182e+03 1.040832631572294849e+04 1.410958811376281929e-01
5.532300000000000182e+03 1.052866949874611419e+04 1.403258353428172012e-01
5.535800000000000182e+03 1.055390576576060994e+04 1.423790705336853701e-01
5.539300000000000182e+03 1.042433186775720060e+04 1.402700052076055470e-01
5.542800000000000182e+03 1.034805550265561214e+04 1.409035758004002492e-01
5.546300000000000182e+03 1.051696890616366545e+04 1.402924214515700874e-01
5.549800000000000182e+03 1.033873590804768173e+04 1.425051082708805594e-01
5.553300000000000182e+03 1.027014533755886987e+04 1.416446917715289411e-01
5.556800000000000182e+03 1.043396678639509264e+04 1.412988158304024633e-01
5.560300000000000182e+03 1.035103802409893615e+04 1.413068140233784131e-01
5.563800000000000182e+03 1.036593751147150579e+04 1.412506507606516581e-01
5.567300000000000182e+03 1.031667163894826263e+04 1.403499436832402192e-01
5.570800000000000182e+03 1.049223171608712437e+04 1.388607532661878807e-01
5.574300000000000182e+03 1.018844100292380426e+04 1.405671983679780412e-01
5.577800000000000182e+03 9.999881863050111861e+03 1.434556112571861719e-01
5.581300000000000182e+03 1.012507436453730952e+04 1.419199048554969644e-01
5.584800000000000182e+03 1.022228485172630280e+04 1.416945544162929727e-01
5.588300000000000182e+03 1.014161204260143313e+04 1.393290155337792990e-01
5.591800000000000182e+03 1.018684050391440178e+04 1.416791687819970169e-01
5.595300000000000182e+03 1.003492540662431566e+04 1.405906968149990555e-01
5.598800000000000182e+03 1.009231348262860411e+04 1.414962890931462935e-01
5.602300000000000182e+03 1.014916215437276514e+04 1.404891682418184795e-01
5.605800000000000182e+03 1.018886377329818242e+04 1.397969989528110302e-01
5.609300000000000182e+03 1.006619127987399042e+04 1.412611299303316581e-01
5.612800000000000182e+03 1.029513100648791442e+04 1.406033548250705256e-01
5.616300000000000182e+03 9.901908282913529547e+03 1.421079710770394022e-01
5.619800000000000182e+03 1.042023531403313063e+04 1.392383994164422822e-01
5.623300000000000182e+03 1.000278269078548874e+04 1.422194401912757200e-01
5.626800000000000182e+03 9.950476679547629828e+03 1.418522116525912091e-01
5.630300000000000182e+03 9.826708696443090957e+03 1.427564043790142123e-01
5.633800000000000182e+03 9.874725423434749246e+03 1.430870265330892732e-01
5.637300000000000182e+03 9.962656105668127566e+03 1.412123631152527869e-01
5.640800000000000182e+03 9.923745828822182375e+03 1.410768693942245078e-01
5.644300000000000182e+03 9.754911628082090829e+03 1.413441648992518063e-01
5.647800000000000182e+03 9.961722472093739270e+03 1.414047900309899630e-01
5.651300000000000182e+03 9.941144391400523091e+03 1.383446150634380090e-01
5.654800000000000182e+03 9.799324099353811107e+03 1.396452748301009184e-01
5.658300000000000182e+03 9.680381128732327852e+03 1.438982032637334540e-01
5.661800000000000182e+03 9.807629005924431112e+03 1.389886348568318275e-01
5.665300000000000182e+03 9.807432384459763853e+03 1.408191241195460297e-01
5.668800000000000182e+03 9.914145054018203155e+03 1.393390311128752113e-01
5.672300000000000182e+03 9.780806950747199153e+03 1.404380993723425286e-01
5.675800000000000182e+03 9.687914136632663940e+03 1.421895158167949813e-01
5.679300000000000182e+03 9.624024452963414660e+03 1.415983971958439114e-01
5.682800000000000182e+03 9.565588488869574576e+03 1.453167380170752032e-01
5.686300000000000182e+03 9.522503798276195084e+03 1.446442113714236088e-01
5.689800000000000182e+03 9.446828227409458123e+03 1.439309569609743544e-01
5.693300000000000182e+03 9.653122692830314918e+03 1.447726095149137193e-01
5.696800000000000182e+03 9.487193205310712074e+03 1.426964781615060462e-01
5.700300000000000182e+03 9.585508090897592410e+03 1.421198276084253420e-01
5.703800000000000182e+03 9.403414819758983867e+03 1.424149939607931847e-01
5.707300000000000182e+03 9.702993601735752236e+03 1.415628038772141495e-01
5.710800000000000182e+03 9.585462852792454214e+03 1.417335454413535534e-01
5.714300000000000182e+03 9.470152311315625411e+03 1.421147658860048013e-01
5.717800000000000182e+03 9.764193150116474499e+03 1.394884244719870048e-01
5.721300000000000182e+03 9.434754594152069330e+03 1.422784308136348930e-01
5.724800000000000182e+03 9.444914851588246165e+03 1.430568564808691878e-01
5.728300000000000182e+03 9.304930710154590997e+03 1.433626061316760625e-01
5.731800000000000182e+03 9.479415623938100907e+03 1.415428865696368721e-01
5.735300000000000182e+03 9.374940933608982959e+03 1.434806773288292148e-01
5.738800000000000182e+03 9.368609436355991420e+03 1.393826446121874951e-01
5.742300000000000182e+03 9.395371016090402918e+03 1.414116432227376097e-01
5.745800000000000182e+03 9.624521902483600570e+03 1.377050357658052560e-01
5.749300000000000182e+03 9.486145025933068609e+03 1.406686086919385903e-01
5.752800000000000182e+03 9.605667362959637103e+03 1.407910646895279838e-01
5.756300000000000182e+03 9.298270290259048124e+03 1.388862785314256831e-01
5.759800000000000182e+03 9.325234125552669866e+03 1.382278796162928480e-01
5.763300000000000182e+03 9.214737600070620829e+03 1.389607720854033335e-01
5.766800000000000182e+03 9.095694325983369708e+03 1.403906080073992202e-01
5.770300000000000182e+03 9.575812671442587089e+03 1.365412280422281799e-01
5.773800000000000182e+03 9.318076547344233404e+03 1.389464678195455327e-01
5.777300000000000182e+03 9.383535584635372288e+03 1.371696035595862673e-01
5.780800000000000182e+03 9.690435114157868156e+03 1.350432571030627527e-01
5.784300000000000182e+03 9.483263184520486902e+03 1.350194717994576410e-01
5.787800000000000182e+03 9.443987658894511696e+03 1.357379558929846519e-01
5.791300000000000182e+03 9.504720791786923655e+03 1.343494616673162612e-01
5.794800000000000182e+03 9.412134981711380533e+03 1.343205686575686120e-01
5.798300000000000182e+03 9.496092182155933187e+03 1.336160977333906152e-01
5.801800000000000182e+03 9.545267560582362421e+03 1.348025069670322762e-01
5.805300000000000182e+03 9.351311194167747090e+03 1.348738885497764162e-01
5.808800000000000182e+03 9.291900420142346775e+03 1.353034718486243182e-01
5.812300000000000182e+03 9.421489654753228024e+03 1.327739373918041532e-01
5.815800000000000182e+03 9.513472167322086534e+03 1.322111493862198617e-01
5.819300000000000182e+03 9.374989927813616305e+03 1.309966162247141463e-01
5.822800000000000182e+03 9.354399099793605274e+03 1.334564271008928660e-01
5.826300000000000182e+03 9.276618315760397309e+03 1.324623821602435303e-01
5.829800000000000182e+03 9.263502279455549797e+03 1.320772589390786511e-01
5.833300000000000182e+03 9.460518918338715594e+03 1.297698387717876600e-01
5.836800000000000182e+03 9.323199562328614775e+03 1.312079393987414244e-01
5.840300000000000182e+03 9.404365767400473487e+03 1.302886210946900269e-01
5.843800000000000182e+03 9.357009644113319155e+03 1.293382249844878540e-01
5.847300000000000182e+03 9.549301603233552669e+03 1.292181220746362602e-01
5.850800000000000182e+03 9.166572545385193735e+03 1.316383684441295998e-01
5.854300000000000182e+03 9.282488535093340033e+03 1.309699583180342630e-01
5.857800000000000182e+03 9.113479228404579771e+03 1.302337772772532987e-01
5.861300000000000182e+03 9.037849219709591125e+03 1.322458284913704263e-01
5.864800000000000182e+03 9.203922723462555950e+03 1.327006798342406646e-01
5.868300000000000182e+03 9.057779573663839983e+03 1.309582011604848162e-01
5.871800000000000182e+03 8.920622886802599169e+03 1.333424489489156706e-01
5.875300000000000182e+03 8.778781168960593277e+03 1.361628662864781403e-01
5.878800000000000182e+03 8.666097624456271660e+03 1.392922217579944388e-01
5.882300000000000182e+03 8.165378528319681209e+03 1.431114653001021031e-01
5.885800000000000182e+03 8.210923212132905974e+03 1.440452745722307082e-01
5.889300000000000182e+03 8.270604600242075321e+03 1.448123141018298476e-01
5.892800000000000182e+03 8.395577528838046419e+03 1.470220981199952537e-01
5.896300000000000182e+03 8.185944720229362247e+03 1.461151010643296777e-01
5.899800000000000182e+03 8.154461968516158777e+03 1.444929192014283159e-01
5.903300000000000182e+03 8.246504775358516781e+03 1.441795174547063074e-01
5.906800000000000182e+03 8.255268427323824653e+03 1.438193321209536579e-01
5.910300000000000182e+03 8.100969942650624034e+03 1.458972179094935873e-01
5.913800000000000182e+03 8.077817063948530631e+03 1.471820305938951468e-01
5.917300000000000182e+03 8.066353292017910462e+03 1.462854146711079772e-01
5.920800000000000182e+03 8.044774768969748038e+03 1.427691874491765489e-01
5.924300000000000182e+03 7.924685333261039887e+03 1.446816324904248718e-01
5.927800000000000182e+03 8.209580795251629752e+03 1.405892321803035860e-01
5.931300000000000182e+03 8.110344450200255778e+03 1.402933949805848513e-01
5.934800000000000182e+03 8.149439971355528542e+03 1.436325570123070106e-01
5.938300000000000182e+03 7.906135502658323276e+03 1.434401474681416266e-01
5.941800000000000182e+03 7.725651104430404303e+03 1.435702472157932286e-01
5.945300000000000182e+03 7.701749056601288430e+03 1.455966105126774712e-01
5.948800000000000182e+03 7.870188407836279112e+03 1.444072311678853138e-01
5.952300000000000182e+03 7.794829970814370427e+03 1.439087589600729911e-01
5.955800000000000182e+03 8.072911427565586564e+03 1.395157796162721786e-01
5.959300000000000182e+03 7.970354461946738411e+03 1.411486332657685416e-01
5.962800000000000182e+03 7.999552492556465040e+03 1.366493091690101080e-01
5.966300000000000182e+03 7.874157122094235092e+03 1.374690991282460084e-01
5.969800000000000182e+03 7.961909496053015573e+03 1.357908174398242962e-01
5.973300000000000182e+03 8.042055257248710404e+03 1.355713868798274213e-01
5.976800000000000182e+03 7.972930800266260121e+03 1.358903355630053655e-01
5.980300000000000182e+03 7.770115275937960178e+03 1.354524437413647808e-01
5.983800000000000182e+03 7.879891691385762897e+03 1.340113803921998692e-01
5.987300000000000182e+03 7.737605297126782716e+03 1.337703734076935713e-01
5.990800000000000182e+03 7.861203883257718189e+03 1.340495484297396234e-01
5.994300000000000182e+03 7.883105829641828677e+03 1.319406654997207218e-01
5.997800000000000182e+03 7.719689150683030675e+03 1.320379977512801672e-01
