# wavelength angstroms, flux, ext coeff
3.001800000000000182e+03 4.339939269041288017e-01 4.199858363083179391e+00
3.005300000000000182e+03 3.951337770571695529e+01 0.000000000000000000e+00
3.008800000000000182e+03 2.853076669594608816e+01 8.390858004101746648e-01
3.012300000000000182e+03 5.509595618673809980e+01 5.979554399854846158e-01
3.015800000000000182e+03 5.856045553785743607e+01 0.000000000000000000e+00
3.019300000000000182e+03 6.610761129742138564e+01 0.000000000000000000e+00
3.022800000000000182e+03 1.379728390816803341e+01 1.720560619182483597e+00
3.026300000000000182e+03 5.643229120304891921e+01 8.339790001581109946e-01
3.029800000000000182e+03 6.440249624328311029e+01 8.603406689666355245e-01
3.033300000000000182e+03 1.181784734768037026e+02 0.000000000000000000e+00
3.036800000000000182e+03 1.897765227078283701e+01 1.929876700804257439e+00
3.040300000000000182e+03 5.492419488395749738e+01 1.188323675675797775e+00
3.043800000000000182e+03 1.639918962570731651e+02 0.000000000000000000e+00
3.047300000000000182e+03 1.826364783686662463e+02 0.000000000000000000e+00
3.050800000000000182e+03 4.962841876094414317e+01 1.481011595917360868e+00
3.054300000000000182e+03 5.137957779027677674e+01 1.526369921199345114e+00
3.057800000000000182e+03 4.882408397864739413e+01 1.615743711047774589e+00
3.061300000000000182e+03 9.268654781593393466e+01 1.208406919522006406e+00
3.064800000000000182e+03 2.920338007496484920e+02 0.000000000000000000e+00
3.068300000000000182e+03 7.719992076582551022e+01 1.470520009731955735e+00
3.071800000000000182e+03 7.567892884888929927e+01 1.544546524575592050e+00
3.075300000000000182e+03 3.574623675082266061e+01 2.312902160154914899e+00
3.078800000000000182e+03 4.144845302434555379e+01 2.229368302555258641e+00
3.082300000000000182e+03 4.759746734902834930e+01 2.167934651039201022e+00
3.085800000000000182e+03 8.905838663665072374e+01 1.669582952533275266e+00
3.089300000000000182e+03 9.055121631745949173e+01 1.734216501178771130e+00
3.092800000000000182e+03 1.618068745080641122e+02 1.325932178602511557e+00
3.096300000000000182e+03 1.418291429283624154e+02 1.470529861979604336e+00
3.099800000000000182e+03 9.366851918508793062e+01 1.874605092151049757e+00
3.103300000000000182e+03 1.024587460350851700e+02 1.843837866881967713e+00
3.106800000000000182e+03 1.651217946896630622e+02 1.464445758884197257e+00
3.110300000000000182e+03 1.183320250849528605e+02 1.782515699197406711e+00
3.113800000000000182e+03 1.232868412466524575e+02 1.758211055997635830e+00
3.117300000000000182e+03 1.325710969920174875e+02 1.719069294899570721e+00
3.120800000000000182e+03 1.480616083741374496e+02 1.678772951974400574e+00
3.124300000000000182e+03 2.554060257088372907e+02 1.261180318938383227e+00
3.127800000000000182e+03 1.726641608104568775e+02 1.623644396642317300e+00
3.131300000000000182e+03 2.811934388395214910e+02 1.254183690747803670e+00
3.134800000000000182e+03 2.062589074238944988e+02 1.524317133174748928e+00
3.138300000000000182e+03 2.955829801602361044e+02 1.245223093627812361e+00
3.141800000000000182e+03 3.081945865728937974e+02 1.243050024041998602e+00
3.145300000000000182e+03 2.433409023517680509e+02 1.478927048590299664e+00
3.148800000000000182e+03 2.885242276045005383e+02 1.372122248927816202e+00
3.152300000000000182e+03 3.875517705755488578e+02 1.175685357071045045e+00
3.155800000000000182e+03 3.867096538418629166e+02 1.185275633632450587e+00
3.159300000000000182e+03 4.023390926359714967e+02 1.169243396291348880e+00
3.162800000000000182e+03 3.597060677598407779e+02 1.276104085041585900e+00
3.166300000000000182e+03 3.840115149157860515e+02 1.285260864209717635e+00
3.169800000000000182e+03 4.177693384691009442e+02 1.225091814102124310e+00
3.173300000000000182e+03 4.532047355572346419e+02 1.177968463168552304e+00
3.176800000000000182e+03 4.253873027404683853e+02 1.241989777923258265e+00
3.180300000000000182e+03 4.860679704385172499e+02 1.143537287963698468e+00
3.183800000000000182e+03 4.623455115450855715e+02 1.204152508152315004e+00
3.187300000000000182e+03 4.984234637352183768e+02 1.181488917650347359e+00
3.190800000000000182e+03 5.956542869478658986e+02 1.057425975647221739e+00
3.194300000000000182e+03 5.403748656497592719e+02 1.151920028144631791e+00
3.197800000000000182e+03 5.639803315131877071e+02 1.130382084754467664e+00
3.201300000000000182e+03 5.728777117300385271e+02 1.121888641033409462e+00
3.204800000000000182e+03 5.989593786209221662e+02 1.105267260415374375e+00
3.208300000000000182e+03 7.196185113043841284e+02 9.919251214917615966e-01
3.211800000000000182e+03 6.830333338758962327e+02 1.059169946747695823e+00
3.215300000000000182e+03 7.111305026460512408e+02 1.053357062557121360e+00
3.218800000000000182e+03 7.480268508713684241e+02 1.006344628394560514e+00
3.222300000000000182e+03 7.168991001156673519e+02 1.034019538451460107e+00
3.225800000000000182e+03 7.550917595123318051e+02 1.008360065983660681e+00
3.229300000000000182e+03 7.679884955431708704e+02 1.008489692975599095e+00
3.232800000000000182e+03 8.091104504165575690e+02 9.869956799995031060e-01
3.236300000000000182e+03 8.524412332269495209e+02 9.768422959464050370e-01
3.239800000000000182e+03 9.625578641874986943e+02 8.982830488619210074e-01
3.243300000000000182e+03 9.045612277444942038e+02 9.547998804089684599e-01
3.246800000000000182e+03 9.187424711671073965e+02 9.465982517689198739e-01
3.250300000000000182e+03 1.010423260611260957e+03 8.819664829172831899e-01
3.253800000000000182e+03 1.014827044736250173e+03 8.820444966970396594e-01
3.257300000000000182e+03 9.769870921644546797e+02 9.234685350716287378e-01
3.260800000000000182e+03 1.051558135679635825e+03 8.818183139902473489e-01
3.264300000000000182e+03 1.066236995953193400e+03 9.002142423513670444e-01
3.267800000000000182e+03 1.175599820000715454e+03 8.315289544115592735e-01
3.271300000000000182e+03 1.182408804655366794e+03 8.377301946560723467e-01
3.274800000000000182e+03 1.109723207231636025e+03 8.857781394802949348e-01
3.278300000000000182e+03 1.113918217137091005e+03 8.781529578460188779e-01
3.281800000000000182e+03 1.116402342758561645e+03 8.744929859030134978e-01
3.285300000000000182e+03 1.199802073066882713e+03 8.376461716989228590e-01
3.288800000000000182e+03 1.216860138757238929e+03 8.366793778194854259e-01
3.292300000000000182e+03 1.241958565799682219e+03 8.399295928941951095e-01
3.295800000000000182e+03 1.294125434838393176e+03 8.322157128320328834e-01
3.299300000000000182e+03 1.350080473063698946e+03 8.068241658974582009e-01
3.302800000000000182e+03 1.347401662426343592e+03 8.130196476354150104e-01
3.306300000000000182e+03 1.336071987441889178e+03 8.135482258814464851e-01
3.309800000000000182e+03 1.330619858310928066e+03 8.171210570775008231e-01
3.313300000000000182e+03 1.423810484607896342e+03 7.817794537929735332e-01
3.316800000000000182e+03 1.468156039410777112e+03 7.655066365300791098e-01
3.320300000000000182e+03 1.417275280547331022e+03 7.963037012232083711e-01
3.323800000000000182e+03 1.564936254989873078e+03 7.451134426583099213e-01
3.327300000000000182e+03 1.568909223140828090e+03 7.553510995093160041e-01
3.330800000000000182e+03 1.598919083224519909e+03 7.408811087188503786e-01
3.334300000000000182e+03 1.552941742248509172e+03 7.691283958120290754e-01
3.337800000000000182e+03 1.547713973933161924e+03 7.684120281043919087e-01
3.341300000000000182e+03 1.559717972189401053e+03 7.650889553248934050e-01
3.344800000000000182e+03 1.615070527422741407e+03 7.388868815014310032e-01
3.348300000000000182e+03 1.613398806178495079e+03 7.536962053368981840e-01
3.351800000000000182e+03 1.638635379813923009e+03 7.467038439552270424e-01
3.355300000000000182e+03 1.686856061151590893e+03 7.357300859239372937e-01
3.358800000000000182e+03 1.692526180240196709e+03 7.342340337100562442e-01
3.362300000000000182e+03 1.768083568557319268e+03 7.131547634414708847e-01
3.365800000000000182e+03 1.748991068378614727e+03 7.259700157650257335e-01
3.369300000000000182e+03 1.751669032789803396e+03 7.261523870302576400e-01
3.372800000000000182e+03 1.769403996839086403e+03 7.222290434272773396e-01
3.376300000000000182e+03 1.784256550562295388e+03 7.206975534429379548e-01
3.379800000000000182e+03 1.814609068023873306e+03 7.059091712892202608e-01
3.383300000000000182e+03 1.924137856119739126e+03 6.776671894407104713e-01
3.386800000000000182e+03 1.885400469783555309e+03 7.007134570595964229e-01
3.390300000000000182e+03 1.919128009112343761e+03 7.012543312018435504e-01
3.393800000000000182e+03 1.932153659156985668e+03 6.929644695235970264e-01
3.397300000000000182e+03 2.003051300958007459e+03 6.718971837302821770e-01
3.400800000000000182e+03 1.971442398201181277e+03 6.872211752874300972e-01
3.404300000000000182e+03 1.969861870313776535e+03 6.879812889494171246e-01
3.407800000000000182e+03 2.108194584754459811e+03 6.561575447625411783e-01
3.411300000000000182e+03 2.053436439354976301e+03 6.738932403487678524e-01
3.414800000000000182e+03 2.132369980854810365e+03 6.549028427831273813e-01
3.418300000000000182e+03 2.106219070008388371e+03 6.667999610414755418e-01
3.421800000000000182e+03 2.110144643648036435e+03 6.654554838553270457e-01
3.425300000000000182e+03 2.178116493513723526e+03 6.497246587069513968e-01
3.428800000000000182e+03 2.147860603389416156e+03 6.586924421946824815e-01
3.432300000000000182e+03 2.158701961089627730e+03 6.580852347837197192e-01
3.435800000000000182e+03 2.220156801150708361e+03 6.506874046909192355e-01
3.439300000000000182e+03 2.272374915405057891e+03 6.306788465215873440e-01
3.442800000000000182e+03 2.239812253964780211e+03 6.488332692195964979e-01
3.446300000000000182e+03 2.271745132218551134e+03 6.373634165825250442e-01
3.449800000000000182e+03 2.360811406413114582e+03 6.180422226715168721e-01
3.453300000000000182e+03 2.310669717134518578e+03 6.358486556641339549e-01
3.456800000000000182e+03 2.414692528979041981e+03 6.125728932114307135e-01
3.460300000000000182e+03 2.318494666130652149e+03 6.340045276956643994e-01
3.463800000000000182e+03 2.363301391805543062e+03 6.294006121732939052e-01
3.467300000000000182e+03 2.404920477168765046e+03 6.257753517068547211e-01
3.470800000000000182e+03 2.398664162998612483e+03 6.256658111125145139e-01
3.474300000000000182e+03 2.489046935584352468e+03 6.075695785703242313e-01
3.477800000000000182e+03 2.451340207417809779e+03 6.166268456858541303e-01
3.481300000000000182e+03 2.487800613310665085e+03 6.146418361424909049e-01
3.484800000000000182e+03 2.495281986207547561e+03 6.128282401324516293e-01
3.488300000000000182e+03 2.601324032943944530e+03 5.962510707793272635e-01
3.491800000000000182e+03 2.540641084704067907e+03 6.051722117941341628e-01
3.495300000000000182e+03 2.615167424644073435e+03 5.936858240240542317e-01
3.498800000000000182e+03 2.597066585805353952e+03 6.016383279185487654e-01
3.502300000000000182e+03 2.676331806257318021e+03 5.810873681240671385e-01
3.505800000000000182e+03 2.669298931054858258e+03 5.876619744020217251e-01
3.509300000000000182e+03 2.633710602448340978e+03 6.005227361862306434e-01
3.512800000000000182e+03 2.662335449903350764e+03 5.960843663962130945e-01
3.516300000000000182e+03 2.765057382241210234e+03 5.794979481447525282e-01
3.519800000000000182e+03 2.742024414404267191e+03 5.808368230697861234e-01
3.523300000000000182e+03 2.793478309002619426e+03 5.770211464061416606e-01
3.526800000000000182e+03 2.812889224625686438e+03 5.730853305417475951e-01
3.530300000000000182e+03 2.835568906765997326e+03 5.673473151806742720e-01
3.533800000000000182e+03 2.810307757741366459e+03 5.764868282931093768e-01
3.537300000000000182e+03 2.817615697651709979e+03 5.760210169598157792e-01
3.540800000000000182e+03 2.840366877328443024e+03 5.740710875496666254e-01
3.544300000000000182e+03 2.924620167296830914e+03 5.639334548647826351e-01
3.547800000000000182e+03 2.890729247578116883e+03 5.629331258949714645e-01
3.551300000000000182e+03 2.970816028790195560e+03 5.573171569205929154e-01
3.554800000000000182e+03 2.924458582226935505e+03 5.669180772493122022e-01
3.558300000000000182e+03 2.946748100991569117e+03 5.647519443657926796e-01
3.561800000000000182e+03 2.969285271537955396e+03 5.608500661865241099e-01
3.565300000000000182e+03 3.015142913203128956e+03 5.563266129971101703e-01
3.568800000000000182e+03 3.117985269284417882e+03 5.395392832121156390e-01
3.572300000000000182e+03 3.031330938188503296e+03 5.541900988674361983e-01
3.575800000000000182e+03 3.055326052647260440e+03 5.492693138418345278e-01
3.579300000000000182e+03 3.064381552828142503e+03 5.485174489559280220e-01
3.582800000000000182e+03 3.101056208826671536e+03 5.484406450029578606e-01
3.586300000000000182e+03 3.187719511216211686e+03 5.278056653085021477e-01
3.589800000000000182e+03 3.139596324988123797e+03 5.409580066305889057e-01
3.593300000000000182e+03 3.209753037802607651e+03 5.319332873115556470e-01
3.596800000000000182e+03 3.176084331181484231e+03 5.363222714393476309e-01
3.600300000000000182e+03 3.200049340769611263e+03 5.360996510646957036e-01
3.603800000000000182e+03 3.225430787661116938e+03 5.345541401879485566e-01
3.607300000000000182e+03 3.246055648193659636e+03 5.317292036303736813e-01
3.610800000000000182e+03 3.265448549868657665e+03 5.298645085014217493e-01
3.614300000000000182e+03 3.254986642134173508e+03 5.291719378692144593e-01
3.617800000000000182e+03 3.320558380136153573e+03 5.195118123104811581e-01
3.621300000000000182e+03 3.352722023977229583e+03 5.216957796687515803e-01
3.624800000000000182e+03 3.431692139021079129e+03 5.090315438053333308e-01
3.628300000000000182e+03 3.370247660807530792e+03 5.193563524301951784e-01
3.631800000000000182e+03 3.379169330496032671e+03 5.160451469799632873e-01
3.635300000000000182e+03 3.467288502429161326e+03 5.117160965541385220e-01
3.638800000000000182e+03 3.454401748067260996e+03 5.120429708937428437e-01
3.642300000000000182e+03 3.504356918916512313e+03 5.012614553886031166e-01
3.645800000000000182e+03 3.535494204136292865e+03 5.018669285697314741e-01
3.649300000000000182e+03 3.533239593184984187e+03 5.004671634081879761e-01
3.652800000000000182e+03 3.624006377457392773e+03 4.969807293206918164e-01
3.656300000000000182e+03 3.563884014231753554e+03 5.043280973332295858e-01
3.659800000000000182e+03 3.566647927952104055e+03 5.049902200190337087e-01
3.663300000000000182e+03 3.609606261996587364e+03 5.007933146706097238e-01
3.666800000000000182e+03 3.652623516900948289e+03 4.970993716886091263e-01
3.670300000000000182e+03 3.605737791843672312e+03 4.966427595590439115e-01
3.673800000000000182e+03 3.581929196506648623e+03 4.981655654937494071e-01
3.677300000000000182e+03 3.650122215194347518e+03 4.891227129695230880e-01
3.680800000000000182e+03 3.576781626593849069e+03 4.878100319599805168e-01
3.684300000000000182e+03 3.583819434854105111e+03 4.874641048422075351e-01
3.687800000000000182e+03 3.552479275552856961e+03 4.849300953192821062e-01
3.691300000000000182e+03 3.545100797641993267e+03 4.809376701835940682e-01
3.694800000000000182e+03 3.622639069733227188e+03 4.807501351718328486e-01
3.698300000000000182e+03 3.615206439307708024e+03 4.713158428321120308e-01
3.701800000000000182e+03 3.621243147348288403e+03 4.739592000600514332e-01
3.705300000000000182e+03 3.631515876660526374e+03 4.721283561594104561e-01
3.708800000000000182e+03 3.670314615147061886e+03 4.712676693333791578e-01
3.712300000000000182e+03 3.629653379891769418e+03 4.786898688792976531e-01
3.715800000000000182e+03 3.643728993256375361e+03 4.690593537024738691e-01
3.719300000000000182e+03 3.641841429822757163e+03 4.728821256224381986e-01
3.722800000000000182e+03 3.768184700651935600e+03 4.556570559974873480e-01
3.726300000000000182e+03 3.825182077544083313e+03 4.545849423642190912e-01
3.729800000000000182e+03 3.854620547737614288e+03 4.472977486186547891e-01
3.733300000000000182e+03 3.857870554600704509e+03 4.602724801347607975e-01
3.736800000000000182e+03 3.973939591103168823e+03 4.584598264832357994e-01
3.740300000000000182e+03 4.099271570727942162e+03 4.614863160271475695e-01
3.743800000000000182e+03 4.227900427124268390e+03 4.590293191615256729e-01
3.747300000000000182e+03 4.384900850719514892e+03 4.558694514097271222e-01
3.750800000000000182e+03 4.501483987607069139e+03 4.503621499609488099e-01
3.754300000000000182e+03 4.475313569875799658e+03 4.559243433973130810e-01
3.757800000000000182e+03 4.578987272649057559e+03 4.500559197339829010e-01
3.761300000000000182e+03 4.625637240705627846e+03 4.472568724467083645e-01
3.764800000000000182e+03 4.618713323978811786e+03 4.490737407605830400e-01
3.768300000000000182e+03 4.765616354970642533e+03 4.380213274205607688e-01
3.771800000000000182e+03 4.734741262290874147e+03 4.471962022603218623e-01
3.775300000000000182e+03 4.909077499591947344e+03 4.408789904963734685e-01
3.778800000000000182e+03 4.996893515959181059e+03 4.396850845050080392e-01
3.782300000000000182e+03 5.204200927696541839e+03 4.376982492487439536e-01
3.785800000000000182e+03 5.330979114276332439e+03 4.361078768684510942e-01
3.789300000000000182e+03 5.546788067693639277e+03 4.317622954989204231e-01
3.792800000000000182e+03 5.581022310977831694e+03 4.361402743054277331e-01
3.796300000000000182e+03 5.859972407273005956e+03 4.320630958347734252e-01
3.799800000000000182e+03 5.960195221468474301e+03 4.358862048367401765e-01
3.803300000000000182e+03 6.096070418870585854e+03 4.366365286413586011e-01
3.806800000000000182e+03 6.242482881576609543e+03 4.337247277321290562e-01
3.810300000000000182e+03 6.240752203073111559e+03 4.361305281848184556e-01
3.813800000000000182e+03 6.203804210637747929e+03 4.302839972458861184e-01
3.817300000000000182e+03 6.068729625611884330e+03 4.239465287721779219e-01
3.820800000000000182e+03 5.897224373654671581e+03 4.181503642086270567e-01
3.824300000000000182e+03 5.740567052206298285e+03 4.094306650414941129e-01
3.827800000000000182e+03 5.638017194821319208e+03 4.050490752337935763e-01
3.831300000000000182e+03 5.705801897941933021e+03 4.008969922472098157e-01
3.834800000000000182e+03 5.834404465681012880e+03 4.051824616829637904e-01
3.838300000000000182e+03 6.107240823725893279e+03 4.108355242275584240e-01
3.841800000000000182e+03 6.454309093231707266e+03 4.093541589307295170e-01
3.845300000000000182e+03 6.669024957287757388e+03 4.156482119462013292e-01
3.848800000000000182e+03 7.011360804164594811e+03 4.135486422491432834e-01
3.852300000000000182e+03 7.280324040022629561e+03 4.117822313216664698e-01
3.855800000000000182e+03 7.532132857787482862e+03 4.108244288758957641e-01
3.859300000000000182e+03 7.703439076786304213e+03 4.109388396912639907e-01
3.862800000000000182e+03 7.793623257242475120e+03 4.109306603461315710e-01
3.866300000000000182e+03 7.837412951429739223e+03 4.144622460037972189e-01
3.869800000000000182e+03 7.755704079497148996e+03 4.150815968848434734e-01
3.873300000000000182e+03 7.582225651041698256e+03 4.090193071669434022e-01
3.876800000000000182e+03 7.164435681055707391e+03 4.037074772701907399e-01
3.880300000000000182e+03 6.595615406319062458e+03 3.961269625342050960e-01
3.883800000000000182e+03 6.167038992774889266e+03 3.830090666073661665e-01
3.887300000000000182e+03 5.873505724387057853e+03 3.711082587981354153e-01
3.890800000000000182e+03 5.795257274284792402e+03 3.657166748979854831e-01
3.894300000000000182e+03 6.091946180420297424e+03 3.692207485564561464e-01
3.897800000000000182e+03 6.455857468224226068e+03 3.831560429302854898e-01
3.901300000000000182e+03 6.956294673196240183e+03 3.918643684934516869e-01
3.904800000000000182e+03 7.586830254767014594e+03 3.994570211087457579e-01
3.908300000000000182e+03 8.095761409176013331e+03 3.988442774479512010e-01
3.911800000000000182e+03 8.373694939295639415e+03 3.988889319722226379e-01
3.915300000000000182e+03 8.655636357971099642e+03 3.916109209655224688e-01
3.918800000000000182e+03 8.681673162943143325e+03 3.868328043840867925e-01
3.922300000000000182e+03 8.803535663183465658e+03 3.802264793553859490e-01
3.925800000000000182e+03 8.905031056439269378e+03 3.703953117460478950e-01
3.929300000000000182e+03 8.901601299556034064e+03 3.656995395483083611e-01
3.932800000000000182e+03 8.861499211060889138e+03 3.681891509130981177e-01
3.936300000000000182e+03 8.977381416308569897e+03 3.710844928487755379e-01
3.939800000000000182e+03 9.023683923931275785e+03 3.739097877065624687e-01
3.943300000000000182e+03 8.935113193651863185e+03 3.796866824910133387e-01
3.946800000000000182e+03 8.750128681750265969e+03 3.843051675675395185e-01
3.950300000000000182e+03 8.505469546448533947e+03 3.887562213509009323e-01
3.953800000000000182e+03 8.143991625723621837e+03 3.832881118658988395e-01
3.957300000000000182e+03 7.643601133121823295e+03 3.734014919691399648e-01
3.960800000000000182e+03 7.094313586811324058e+03 3.639184978171966511e-01
3.964300000000000182e+03 6.659837040792135667e+03 3.451856441144702248e-01
3.967800000000000182e+03 6.380664638871571697e+03 3.359885821446012555e-01
3.971300000000000182e+03 6.345055176883904096e+03 3.270004165596693824e-01
3.974800000000000182e+03 6.561148982225136024e+03 3.376589146471176139e-01
3.978300000000000182e+03 6.953227991760672921e+03 3.516036205910707535e-01
3.981800000000000182e+03 7.516218692517592899e+03 3.604665392456524731e-01
3.985300000000000182e+03 8.111453931638108770e+03 3.660564989417220971e-01
3.988800000000000182e+03 8.609779787747957016e+03 3.664563929720349167e-01
3.992300000000000182e+03 8.951100648767920575e+03 3.654348134854976671e-01
3.995800000000000182e+03 9.162840386339363249e+03 3.602000208139308768e-01
3.999300000000000182e+03 9.371608376110369136e+03 3.581675023187789741e-01
4.002800000000000182e+03 9.410212978354235020e+03 3.555748981006575105e-01
4.006300000000000182e+03 9.560195367457756220e+03 3.542083056492073001e-01
4.009800000000000182e+03 9.582015760591180879e+03 3.531211451583410321e-01
4.013300000000000182e+03 9.613447046019360641e+03 3.504947373891944551e-01
4.016800000000000182e+03 9.596155175658794178e+03 3.509428979438200535e-01
4.020300000000000182e+03 9.638228653305839543e+03 3.492308174350221006e-01
4.023800000000000182e+03 9.553566232329492777e+03 3.443746584153793977e-01
4.027300000000000182e+03 9.630139835713438515e+03 3.435535472597700535e-01
4.030800000000000182e+03 9.729675085346139895e+03 3.408067791379746359e-01
4.034300000000000182e+03 9.744576946512304858e+03 3.421166019489446652e-01
4.037800000000000182e+03 9.799954377264750292e+03 3.420027791087172364e-01
4.041300000000000182e+03 9.841056249918139656e+03 3.410429645710043034e-01
4.044800000000000182e+03 9.882477107618071386e+03 3.409037432434922077e-01
4.048300000000000182e+03 9.950817289307295141e+03 3.406528065990337972e-01
4.051800000000000182e+03 1.000895427487529741e+04 3.369247645405901159e-01
4.055300000000000182e+03 1.011996771128879300e+04 3.358432477243117886e-01
4.058800000000000182e+03 1.006439929242785911e+04 3.367255296742782122e-01
4.062300000000000182e+03 1.000902507197385057e+04 3.358682322706819656e-01
4.065800000000000182e+03 9.987956581128053585e+03 3.344044019589529904e-01
4.069300000000000182e+03 9.935643299823603229e+03 3.349482650773444314e-01
4.072800000000000182e+03 9.845031471525760935e+03 3.316758419276688574e-01
4.076300000000000182e+03 9.585530654242204037e+03 3.327098144926857182e-01
4.079800000000000182e+03 9.331223165105904627e+03 3.315778158607760595e-01
4.083300000000000182e+03 9.096746755888760163e+03 3.275671854669099381e-01
4.086800000000000182e+03 8.841108484710730409e+03 3.279802192430519847e-01
4.090300000000000182e+03 8.547693098362886303e+03 3.273373746158969033e-01
4.093800000000000182e+03 8.261191712522564558e+03 3.240474957762311536e-01
4.097300000000000182e+03 8.013221757296101714e+03 3.205909594533989937e-01
4.100800000000000182e+03 7.803296642716111819e+03 3.140208297732657861e-01
4.104300000000000182e+03 7.546515535646640274e+03 3.108159590124991434e-01
4.107800000000000182e+03 7.429860293128487683e+03 3.057419606066899553e-01
4.111300000000000182e+03 7.563206211478663135e+03 3.039511424485378255e-01
4.114800000000000182e+03 7.817422598322534213e+03 3.054756481762396780e-01
4.118300000000000182e+03 8.294173093438015712e+03 3.108513711235291743e-01
4.121800000000000182e+03 8.761733397753645477e+03 3.180622968280770735e-01
4.125300000000000182e+03 9.316103436545994555e+03 3.201035954562703734e-01
4.128800000000000182e+03 9.763382717564594714e+03 3.196196282403840350e-01
4.132300000000000182e+03 1.008570284678172538e+04 3.184735723503729909e-01
4.135800000000000182e+03 1.032389719758403044e+04 3.149792214896310338e-01
4.139300000000000182e+03 1.041027793048102831e+04 3.107028123421060051e-01
4.142800000000000182e+03 1.045438593803992080e+04 3.108065300442641177e-01
4.146300000000000182e+03 1.048546372587589758e+04 3.095162931598648970e-01
4.149800000000000182e+03 1.047952335273944482e+04 3.099741343759011558e-01
4.153300000000000182e+03 1.059964293410143546e+04 3.099553587652991160e-01
4.156800000000000182e+03 1.068928884483196271e+04 3.056369276862073714e-01
4.160300000000000182e+03 1.071798038589357748e+04 3.064316140707917802e-01
4.163800000000000182e+03 1.070183463036761350e+04 3.044020444686096338e-01
4.167300000000000182e+03 1.075075854579946099e+04 3.020936119063411529e-01
4.170800000000000182e+03 1.070332438070762873e+04 3.030260313043287024e-01
4.174300000000000182e+03 1.076899106581827800e+04 3.002727740784484345e-01
4.177800000000000182e+03 1.082458282519739441e+04 3.011554738217144256e-01
4.181300000000000182e+03 1.087825675674949889e+04 2.977254883951978015e-01
4.184800000000000182e+03 1.097582822308147661e+04 2.981689657535280813e-01
4.188300000000000182e+03 1.091644614084921886e+04 2.956412709670144245e-01
4.191800000000000182e+03 1.096781805429750420e+04 2.953406055465263580e-01
4.195300000000000182e+03 1.090162440832162793e+04 2.949742977663097343e-01
4.198800000000000182e+03 1.099104727710328370e+04 2.923393734016904166e-01
4.202300000000000182e+03 1.103778823814178031e+04 2.917118075713832637e-01
4.205800000000000182e+03 1.100370594645452547e+04 2.933022567980291262e-01
4.209300000000000182e+03 1.112182117744781499e+04 2.894832474622350826e-01
4.212800000000000182e+03 1.114335732448194722e+04 2.889042786951520059e-01
4.216300000000000182e+03 1.113374446816907403e+04 2.901174215422502312e-01
4.219800000000000182e+03 1.100256922645680970e+04 2.884108477011782523e-01
4.223300000000000182e+03 1.119583652011428421e+04 2.868979377324960001e-01
4.226800000000000182e+03 1.124474720665692985e+04 2.800007226355006873e-01
4.230300000000000182e+03 1.117854036853220714e+04 2.860238265641419919e-01
4.233800000000000182e+03 1.119829935329893669e+04 2.819166461550631775e-01
4.237300000000000182e+03 1.118365396724181846e+04 2.828286018242311406e-01
4.240800000000000182e+03 1.109725189386748025e+04 2.857979678207115959e-01
4.244300000000000182e+03 1.116553596795310114e+04 2.826958077417280335e-01
4.247800000000000182e+03 1.117529440166472523e+04 2.827524370643985097e-01
4.251300000000000182e+03 1.125376582603341012e+04 2.793374983785880672e-01
4.254800000000000182e+03 1.120960419492060464e+04 2.802859522017792648e-01
4.258300000000000182e+03 1.132914860228759062e+04 2.784148755559393562e-01
4.261800000000000182e+03 1.125002110296033243e+04 2.783010774845987578e-01
4.265300000000000182e+03 1.121938275256706038e+04 2.762097371086382758e-01
4.268800000000000182e+03 1.126546365256736135e+04 2.734791258192129093e-01
4.272300000000000182e+03 1.125736073040288647e+04 2.730291259404680759e-01
4.275800000000000182e+03 1.127501347600976260e+04 2.748037775873783395e-01
4.279300000000000182e+03 1.126333004466367674e+04 2.750929495190519991e-01
4.282800000000000182e+03 1.137345241998807433e+04 2.726172511551842592e-01
4.286300000000000182e+03 1.140749128216106510e+04 2.720409826897786099e-01
4.289800000000000182e+03 1.134161665550091857e+04 2.713795416450076048e-01
4.293300000000000182e+03 1.135115445430776163e+04 2.702247899015582933e-01
4.296800000000000182e+03 1.135443412758548402e+04 2.718927549693626045e-01
4.300300000000000182e+03 1.141851573423938135e+04 2.686097334271592696e-01
4.303800000000000182e+03 1.129671533485264808e+04 2.709236576776653527e-01
4.307300000000000182e+03 1.131667189773171413e+04 2.681745742950121802e-01
4.310800000000000182e+03 1.106005459282513766e+04 2.712813490259279314e-01
4.314300000000000182e+03 1.089726693827939562e+04 2.665407903759356989e-01
4.317800000000000182e+03 1.061092130416329564e+04 2.639362134959143957e-01
4.321300000000000182e+03 1.021709888877865342e+04 2.634436232984057047e-01
4.324800000000000182e+03 9.899971803425994949e+03 2.611669283931591368e-01
4.328300000000000182e+03 9.606586058169892567e+03 2.608635863079908357e-01
4.331800000000000182e+03 9.321921865307473126e+03 2.597630029804031682e-01
4.335300000000000182e+03 9.028027902366866329e+03 2.600157508546555585e-01
4.338800000000000182e+03 8.867676645382223796e+03 2.559239879032822462e-01
4.342300000000000182e+03 8.593817252076056320e+03 2.517331423200788731e-01
4.345800000000000182e+03 8.590184145550098037e+03 2.465534981407403459e-01
4.349300000000000182e+03 8.757954207997665435e+03 2.437211274943220651e-01
4.352800000000000182e+03 8.979195156328241865e+03 2.407468180563207272e-01
4.356300000000000182e+03 9.268555436419452235e+03 2.473793489204659801e-01
4.359800000000000182e+03 9.808565620391133052e+03 2.528580921094944478e-01
4.363300000000000182e+03 1.033846506938068524e+04 2.575447837192717526e-01
4.366800000000000182e+03 1.089404214230143953e+04 2.589496611722620356e-01
4.370300000000000182e+03 1.123183488787774149e+04 2.588701769134174047e-01
4.373800000000000182e+03 1.136249346160056484e+04 2.596803261199431834e-01
4.377300000000000182e+03 1.154549216956129567e+04 2.537666307061203774e-01
4.380800000000000182e+03 1.163584241487988584e+04 2.503279472276511153e-01
4.384300000000000182e+03 1.164780710072392139e+04 2.480091744554064337e-01
4.387800000000000182e+03 1.160650966156108007e+04 2.468079495718354111e-01
4.391300000000000182e+03 1.158723706909153952e+04 2.481239493168865273e-01
4.394800000000000182e+03 1.169207370589232050e+04 2.466306222630233469e-01
4.398300000000000182e+03 1.162067158866202954e+04 2.468790905221564524e-01
4.401800000000000182e+03 1.168851727970154934e+04 2.455903830336066407e-01
4.405300000000000182e+03 1.174526874753182528e+04 2.446361078693435609e-01
4.408800000000000182e+03 1.176388431478811617e+04 2.460570830580997570e-01
4.412300000000000182e+03 1.171680358566317045e+04 2.462842427995134420e-01
4.415800000000000182e+03 1.184169343357198341e+04 2.420172662374701356e-01
4.419300000000000182e+03 1.165744585473462030e+04 2.442075657203792161e-01
4.422800000000000182e+03 1.168698198249686357e+04 2.458763820187072624e-01
4.426300000000000182e+03 1.178432000630577386e+04 2.431101745471972164e-01
4.429800000000000182e+03 1.178485407618825775e+04 2.431264711333023520e-01
4.433300000000000182e+03 1.172373955137641678e+04 2.406232633914753283e-01
4.436800000000000182e+03 1.182775194115907652e+04 2.397137734162694267e-01
4.440300000000000182e+03 1.185548576073127333e+04 2.396403852017394420e-01
4.443800000000000182e+03 1.190979042548882717e+04 2.373662108299411655e-01
4.447300000000000182e+03 1.187115104203087503e+04 2.364731580789588561e-01
4.450800000000000182e+03 1.181978414408038770e+04 2.376841043984406765e-01
4.454300000000000182e+03 1.186690117418606860e+04 2.375192719844631539e-01
4.457800000000000182e+03 1.184776840889360756e+04 2.376914548799860805e-01
4.461300000000000182e+03 1.168658176096925126e+04 2.365695365740173584e-01
4.464800000000000182e+03 1.176732103039620779e+04 2.344067027847773765e-01
4.468300000000000182e+03 1.160502006697709294e+04 2.335692014553082396e-01
4.471800000000000182e+03 1.160057556942074734e+04 2.332929845371040645e-01
4.475300000000000182e+03 1.163360949325727051e+04 2.320648954680597509e-01
4.478800000000000182e+03 1.160891861086070821e+04 2.314340619862852999e-01
4.482300000000000182e+03 1.180110920598105804e+04 2.296799784310566417e-01
4.485800000000000182e+03 1.169497078222189339e+04 2.305338298101121397e-01
4.489300000000000182e+03 1.178112197857271167e+04 2.294270621735837179e-01
4.492800000000000182e+03 1.177662930150311149e+04 2.294801685607739949e-01
4.496300000000000182e+03 1.175794124528043722e+04 2.287588151212721910e-01
4.499800000000000182e+03 1.182225828212588385e+04 2.278286318905854424e-01
4.503300000000000182e+03 1.182222062037931937e+04 2.280878214676069216e-01
4.506800000000000182e+03 1.186585332083916182e+04 2.278534429011527529e-01
4.510300000000000182e+03 1.181269533165066787e+04 2.275744025206457299e-01
4.513800000000000182e+03 1.176664097792478242e+04 2.297732696653958795e-01
4.517300000000000182e+03 1.175910058519725681e+04 2.274073429150374470e-01
4.520800000000000182e+03 1.182620903018164609e+04 2.235637202103680499e-01
4.524300000000000182e+03 1.179719263283383043e+04 2.251222178468969271e-01
4.527800000000000182e+03 1.192552857617413792e+04 2.214798887970285401e-01
4.531300000000000182e+03 1.186196231142435681e+04 2.209160518194246414e-01
4.534800000000000182e+03 1.184161421606127078e+04 2.228053246584319746e-01
4.538300000000000182e+03 1.180715733943878877e+04 2.217795601322551102e-01
4.541800000000000182e+03 1.176219575316439295e+04 2.184686622466787131e-01
4.545300000000000182e+03 1.182503867153951069e+04 2.199236850945880950e-01
4.548800000000000182e+03 1.185267214858679836e+04 2.195992147267554206e-01
4.552300000000000182e+03 1.172921286275867715e+04 2.203464373262474241e-01
4.555800000000000182e+03 1.182872614393320691e+04 2.184775541322513392e-01
4.559300000000000182e+03 1.186008738092050953e+04 2.174811767678644925e-01
4.562800000000000182e+03 1.187557597128401903e+04 2.160620437455777754e-01
4.566300000000000182e+03 1.182569652597666936e+04 2.191541333031414296e-01
4.569800000000000182e+03 1.184923170940525597e+04 2.177386120831905358e-01
4.573300000000000182e+03 1.175218535090870682e+04 2.183622839016359507e-01
4.576800000000000182e+03 1.187342816217622203e+04 2.151449004238792095e-01
4.580300000000000182e+03 1.177890759485120179e+04 2.155423998994948631e-01
4.583800000000000182e+03 1.168502267155935806e+04 2.147594380991200702e-01
4.587300000000000182e+03 1.178578868152429277e+04 2.129365452958915661e-01
4.590800000000000182e+03 1.177716929156370861e+04 2.120370319807860227e-01
4.594300000000000182e+03 1.177267916201977096e+04 2.119859167689649160e-01
4.597800000000000182e+03 1.175372266430331183e+04 2.105075606605620875e-01
4.601300000000000182e+03 1.180571028408273924e+04 2.105474792564899222e-01
4.604800000000000182e+03 1.175462408262233839e+04 2.107533671797857666e-01
4.608300000000000182e+03 1.174625789108381468e+04 2.105640591148540686e-01
4.611800000000000182e+03 1.177910193057439938e+04 2.092221306310254603e-01
4.615300000000000182e+03 1.173288072790272417e+04 2.085445440728201649e-01
4.618800000000000182e+03 1.170270921040511894e+04 2.093712621204608659e-01
4.622300000000000182e+03 1.166521579832339012e+04 2.078455981379634110e-01
4.625800000000000182e+03 1.160397936611560726e+04 2.075694372419537304e-01
4.629300000000000182e+03 1.166814394829861885e+04 2.065449427189509635e-01
4.632800000000000182e+03 1.161452066668388761e+04 2.060311076684467058e-01
4.636300000000000182e+03 1.164099299568414608e+04 2.053475698616549217e-01
4.639800000000000182e+03 1.161188393874608846e+04 2.067923889230604273e-01
4.643300000000000182e+03 1.157389390347332483e+04 2.048413344502713618e-01
4.646800000000000182e+03 1.160778729893262607e+04 2.050638154312726391e-01
4.650300000000000182e+03 1.156528713375565530e+04 2.038763259135547290e-01
4.653800000000000182e+03 1.161703292940374558e+04 2.030613269023493206e-01
4.657300000000000182e+03 1.158297848888731642e+04 2.025702522899510971e-01
4.660800000000000182e+03 1.161321575513242169e+04 2.025138907231730512e-01
4.664300000000000182e+03 1.158929219880074925e+04 2.006097888285859054e-01
4.667800000000000182e+03 1.156410032127261729e+04 1.996871875015942821e-01
4.671300000000000182e+03 1.148273387009390899e+04 1.997751831693990177e-01
4.674800000000000182e+03 1.158214505834741249e+04 1.987775781992754398e-01
4.678300000000000182e+03 1.143039407322623811e+04 2.000247671110490510e-01
4.681800000000000182e+03 1.158099931767262751e+04 1.997606890039376193e-01
4.685300000000000182e+03 1.147105216407457010e+04 1.991283521767328035e-01
4.688800000000000182e+03 1.148686554892753156e+04 1.986258374926875570e-01
4.692300000000000182e+03 1.143678568267605988e+04 1.980315223261379654e-01
4.695800000000000182e+03 1.141555524917774346e+04 1.980225794626626346e-01
4.699300000000000182e+03 1.139634089623176078e+04 1.949840161478406386e-01
4.702800000000000182e+03 1.132389563242047552e+04 1.958803271347654140e-01
4.706300000000000182e+03 1.129167399291450420e+04 1.941806270295499959e-01
4.709800000000000182e+03 1.127150986770585769e+04 1.943173947094354315e-01
4.713300000000000182e+03 1.131067962287157570e+04 1.925626204337340941e-01
4.716800000000000182e+03 1.129800436568235818e+04 1.923539631925017535e-01
4.720300000000000182e+03 1.123710672099754811e+04 1.943528330953321892e-01
4.723800000000000182e+03 1.132435529939899061e+04 1.922387083993419288e-01
4.727300000000000182e+03 1.125526115750256940e+04 1.945537039134030977e-01
4.730800000000000182e+03 1.127066848552175179e+04 1.918693214965286331e-01
4.734300000000000182e+03 1.132145102706241050e+04 1.915408335440967336e-01
4.737800000000000182e+03 1.129556688025774019e+04 1.895889940975676036e-01
4.741300000000000182e+03 1.128285730585917008e+04 1.898793313751498124e-01
4.744800000000000182e+03 1.119978472526575752e+04 1.925980690950384877e-01
4.748300000000000182e+03 1.119454919655544290e+04 1.900730166156895662e-01
4.751800000000000182e+03 1.132387187156690015e+04 1.876378646585971366e-01
4.755300000000000182e+03 1.115617835566918984e+04 1.903299898546785829e-01
4.758800000000000182e+03 1.117198064200976660e+04 1.881511166002839130e-01
4.762300000000000182e+03 1.122168266085249161e+04 1.895211626306064212e-01
4.765800000000000182e+03 1.113755445345147200e+04 1.874445004534101289e-01
4.769300000000000182e+03 1.112936437022316204e+04 1.870728782473812524e-01
4.772800000000000182e+03 1.111868708953921850e+04 1.865225936397867934e-01
4.776300000000000182e+03 1.113854236139416025e+04 1.874554355846837772e-01
4.779800000000000182e+03 1.109742991471047389e+04 1.863442768743208966e-01
4.783300000000000182e+03 1.102117704369744570e+04 1.862357087513724918e-01
4.786800000000000182e+03 1.102541276488322910e+04 1.858044955419936306e-01
4.790300000000000182e+03 1.103725992580701859e+04 1.856888753535188841e-01
4.793800000000000182e+03 1.097000354094874456e+04 1.851225197322474425e-01
4.797300000000000182e+03 1.085171966050203991e+04 1.874649909460967545e-01
4.800800000000000182e+03 1.088558401272453375e+04 1.863159142033590787e-01
4.804300000000000182e+03 1.087193499585955033e+04 1.855192554036626251e-01
4.807800000000000182e+03 1.088938350807026109e+04 1.849551580364140191e-01
4.811300000000000182e+03 1.086557346194382808e+04 1.813028408109637890e-01
4.814800000000000182e+03 1.072098325785559427e+04 1.843510591462582948e-01
4.818300000000000182e+03 1.076731056638421796e+04 1.851295965307586666e-01
4.821800000000000182e+03 1.070854330871703678e+04 1.854728707708744317e-01
4.825300000000000182e+03 1.063303734733628698e+04 1.853047712535932368e-01
4.828800000000000182e+03 1.055438235790098224e+04 1.847915387604260606e-01
4.832300000000000182e+03 1.032030271200787683e+04 1.846763506652574771e-01
4.835800000000000182e+03 1.020490364836830122e+04 1.836054803282574921e-01
4.839300000000000182e+03 9.815264173064753777e+03 1.810041224736697318e-01
4.842800000000000182e+03 9.522412665254909371e+03 1.780933465837023499e-01
4.846300000000000182e+03 9.299560843131972433e+03 1.793777199530167676e-01
4.849800000000000182e+03 8.963874360842561146e+03 1.788928878231434427e-01
4.853300000000000182e+03 8.655479692976652586e+03 1.800526699482155046e-01
4.856800000000000182e+03 8.414604030916323609e+03 1.760116374170356823e-01
4.860300000000000182e+03 8.131699324208238068e+03 1.729367390257618153e-01
4.863800000000000182e+03 7.931363453154870513e+03 1.701664108138707110e-01
4.867300000000000182e+03 7.816982860077116129e+03 1.655834182505761254e-01
4.870800000000000182e+03 7.956022642855409686e+03 1.637056119377637287e-01
4.874300000000000182e+03 8.162178990539853658e+03 1.657694831876080077e-01
4.877800000000000182e+03 8.602238824214911801e+03 1.706614595989500160e-01
4.881300000000000182e+03 9.042828996832644407e+03 1.746913707444341934e-01
4.884800000000000182e+03 9.422951847875237945e+03 1.811837294915960850e-01
4.888300000000000182e+03 9.850160240595090727e+03 1.811230131002824761e-01
4.891800000000000182e+03 1.010324354726169804e+04 1.806898489812898412e-01
4.895300000000000182e+03 1.021238620325297052e+04 1.776667577997121106e-01
4.898800000000000182e+03 1.024723472516336551e+04 1.760078700489502990e-01
4.902300000000000182e+03 1.025029706690776220e+04 1.757540962212562341e-01
4.905800000000000182e+03 1.036447911293531979e+04 1.732986243693943884e-01
4.909300000000000182e+03 1.036704698585159349e+04 1.724940552919158321e-01
4.912800000000000182e+03 1.030291838063243449e+04 1.729561857232005950e-01
4.916300000000000182e+03 1.030404608127441315e+04 1.725366100503251399e-01
4.919800000000000182e+03 1.026401100934367787e+04 1.728666778477257748e-01
4.923300000000000182e+03 1.026203103628284953e+04 1.717947696145671332e-01
4.926800000000000182e+03 1.032284545774925755e+04 1.688571941649681385e-01
4.930300000000000182e+03 1.017062100196566098e+04 1.708008729891583588e-01
4.933800000000000182e+03 1.015743582510127271e+04 1.707310651669918244e-01
4.937300000000000182e+03 1.024918117541767970e+04 1.706782062504489939e-01
4.940800000000000182e+03 1.024505400827223821e+04 1.698203659690019629e-01
4.944300000000000182e+03 1.017001434011759920e+04 1.717531485233591559e-01
4.947800000000000182e+03 1.023531992129898936e+04 1.702438094625764453e-01
4.951300000000000182e+03 1.021315991876343287e+04 1.696790622487182598e-01
4.954800000000000182e+03 1.030024377648174413e+04 1.659190217537664935e-01
4.958300000000000182e+03 1.025443021484186102e+04 1.667101511514454126e-01
4.961800000000000182e+03 1.018183129758675386e+04 1.700952896109580725e-01
4.965300000000000182e+03 1.026336749176708690e+04 1.689710935493646538e-01
4.968800000000000182e+03 1.018752327035241433e+04 1.699858888907254950e-01
4.972300000000000182e+03 1.013210370891944513e+04 1.686456761731157661e-01
4.975800000000000182e+03 1.006131890293554898e+04 1.682446889921989097e-01
4.979300000000000182e+03 1.009987013772435603e+04 1.681288914064760776e-01
4.982800000000000182e+03 1.005037202226214504e+04 1.677201032749804643e-01
4.986300000000000182e+03 1.004260931475196230e+04 1.658671987946009341e-01
4.989800000000000182e+03 1.006487497094379069e+04 1.682931365383089906e-01
4.993300000000000182e+03 9.981418371118697905e+03 1.671496894847438741e-01
4.996800000000000182e+03 9.875044328540925562e+03 1.665786983220347295e-01
5.000300000000000182e+03 9.936145728695377329e+03 1.656401439983268276e-01
5.003800000000000182e+03 9.838214680315943042e+03 1.666231788577040573e-01
5.007300000000000182e+03 9.859584948037190770e+03 1.651356282546668774e-01
5.010800000000000182e+03 9.737494404788641987e+03 1.663245482337772363e-01
5.014300000000000182e+03 9.793306996896406417e+03 1.635877564771298087e-01
5.017800000000000182e+03 9.788414512938545158e+03 1.647457745870284651e-01
5.021300000000000182e+03 9.840016170830120245e+03 1.652648199929011852e-01
5.024800000000000182e+03 9.814367938635574319e+03 1.663896191822052950e-01
5.028300000000000182e+03 9.765248243612133592e+03 1.679770740217915448e-01
5.031800000000000182e+03 9.714408447108387918e+03 1.688761945214032056e-01
5.035300000000000182e+03 9.714053021503414129e+03 1.674347811917527018e-01
5.038800000000000182e+03 9.616329325589807922e+03 1.661827123266939044e-01
5.042300000000000182e+03 9.529809636810596203e+03 1.671177803298629916e-01
5.045800000000000182e+03 9.611457835583256383e+03 1.649799971769295437e-01
5.049300000000000182e+03 9.519374687915147661e+03 1.648899952451582662e-01
5.052800000000000182e+03 9.539717618081582259e+03 1.635997594396468580e-01
5.056300000000000182e+03 9.597250415416414398e+03 1.626521240024945691e-01
5.059800000000000182e+03 9.554014412682594411e+03 1.643968175947965182e-01
5.063300000000000182e+03 9.606182582199829994e+03 1.636967802377889969e-01
5.066800000000000182e+03 9.613256706354182825e+03 1.618037677421270415e-01
5.070300000000000182e+03 9.652847388193233201e+03 1.641695200740496408e-01
5.073800000000000182e+03 9.539255788042359200e+03 1.638627195027257955e-01
5.077300000000000182e+03 9.617975888600083636e+03 1.632770180329030929e-01
5.080800000000000182e+03 9.664949338325550343e+03 1.617336896460538354e-01
5.084300000000000182e+03 9.571389994806761024e+03 1.624235608576183321e-01
5.087800000000000182e+03 9.592738095868273376e+03 1.617076685391086732e-01
5.091300000000000182e+03 9.560756177959921843e+03 1.589690229286420120e-01
5.094800000000000182e+03 9.597221769999967364e+03 1.588338172744183929e-01
5.098300000000000182e+03 9.551612371717179485e+03 1.587501236044716602e-01
5.101800000000000182e+03 9.616147370632756065e+03 1.560071230681968346e-01
5.105300000000000182e+03 9.543738583914904666e+03 1.578396632468367089e-01
5.108800000000000182e+03 9.469381327776663966e+03 1.596182630935994995e-01
5.112300000000000182e+03 9.471448574481832111e+03 1.570135651874046967e-01
5.115800000000000182e+03 9.521488099081469045e+03 1.573671573613979746e-01
5.119300000000000182e+03 9.531632918392357169e+03 1.537682436283230869e-01
5.122800000000000182e+03 9.416130240078229690e+03 1.568781944550131646e-01
5.126300000000000182e+03 9.424710276023481129e+03 1.562534432424244057e-01
5.129800000000000182e+03 9.475942164779651648e+03 1.549576921247816375e-01
5.133300000000000182e+03 9.513287579731131700e+03 1.547771262521656088e-01
5.136800000000000182e+03 9.460285926968781496e+03 1.560675566267213377e-01
5.140300000000000182e+03 9.404013708915297684e+03 1.549566276724899938e-01
5.143800000000000182e+03 9.365703300680648681e+03 1.531413169565689625e-01
5.147300000000000182e+03 9.350039003333571600e+03 1.566809007885806293e-01
5.150800000000000182e+03 9.350134155071527857e+03 1.547001239117696270e-01
5.154300000000000182e+03 9.276542732970823636e+03 1.569398919303494067e-01
5.157800000000000182e+03 9.246855000120818659e+03 1.542292294541749709e-01
5.161300000000000182e+03 9.362102583427014906e+03 1.533477271787202501e-01
5.164800000000000182e+03 9.318438739420616912e+03 1.529229108245574176e-01
5.168300000000000182e+03 9.350690198203245018e+03 1.518332440290746654e-01
5.171800000000000182e+03 9.279940320102152327e+03 1.515777561985749700e-01
5.175300000000000182e+03 9.359835679867208455e+03 1.522053260062119218e-01
5.178800000000000182e+03 9.242392414703163013e+03 1.522292660841836620e-01
5.182300000000000182e+03 9.272649413718427240e+03 1.521520311276947923e-01
5.185800000000000182e+03 9.206026348684654295e+03 1.535758298221525375e-01
5.189300000000000182e+03 9.187653251146570256e+03 1.530067765190170626e-01
5.192800000000000182e+03 9.258581557665849687e+03 1.532190453721176404e-01
5.196300000000000182e+03 9.225128143049889331e+03 1.519593492514402788e-01
5.199800000000000182e+03 9.116602567953847029e+03 1.519472471615725129e-01
5.203300000000000182e+03 9.194207395063845979e+03 1.498760625584081296e-01
5.206800000000000182e+03 9.087586832734978088e+03 1.532886420712527842e-01
5.210300000000000182e+03 9.019413043585060223e+03 1.525100401383646109e-01
5.213800000000000182e+03 9.042976701999794386e+03 1.531176901415923497e-01
5.217300000000000182e+03 9.060726164741143293e+03 1.514553586968552523e-01
5.220800000000000182e+03 9.046164678254968749e+03 1.529234546322921495e-01
5.224300000000000182e+03 9.077136047940553908e+03 1.499067129638609608e-01
5.227800000000000182e+03 9.021440361847508029e+03 1.509716074744311132e-01
5.231300000000000182e+03 9.037863062267655550e+03 1.522828885168596158e-01
5.234800000000000182e+03 8.926903040691946444e+03 1.521584832145171096e-01
5.238300000000000182e+03 8.970802901932045643e+03 1.515143695558836545e-01
5.241800000000000182e+03 8.984664023967634421e+03 1.510946755287582710e-01
5.245300000000000182e+03 9.006498385264125318e+03 1.519736693999252375e-01
5.248800000000000182e+03 8.963539948535812073e+03 1.507082378342077811e-01
5.252300000000000182e+03 8.942449410952365724e+03 1.544638148347894369e-01
5.255800000000000182e+03 8.970610297472538150e+03 1.512955501957481685e-01
5.259300000000000182e+03 8.852502538185484809e+03 1.521847689453840191e-01
5.262800000000000182e+03 8.795998507503209112e+03 1.502439523643658015e-01
5.266300000000000182e+03 8.869905653961192002e+03 1.490187214292522655e-01
5.269800000000000182e+03 8.930102612629118084e+03 1.488361910292972934e-01
5.273300000000000182e+03 8.785398109626770747e+03 1.494821137112943010e-01
5.276800000000000182e+03 8.803643420629499815e+03 1.495073831381613094e-01
5.280300000000000182e+03 8.737864942462647377e+03 1.493699340915150553e-01
5.283800000000000182e+03 8.728570054670488389e+03 1.517035271512428563e-01
5.287300000000000182e+03 8.730913575017159019e+03 1.503466986591960319e-01
5.290800000000000182e+03 8.756036297856056990e+03 1.518288045818858290e-01
5.294300000000000182e+03 8.818476917292920916e+03 1.507119840012803302e-01
5.297800000000000182e+03 8.774781334135230281e+03 1.509707978057251432e-01
5.301300000000000182e+03 8.723940184906796276e+03 1.505614109904353515e-01
5.304800000000000182e+03 8.696698806252581562e+03 1.521155487338327894e-01
5.308300000000000182e+03 8.624185571446490940e+03 1.518396171587589050e-01
5.311800000000000182e+03 8.617094117049653505e+03 1.497531178257345830e-01
5.315300000000000182e+03 8.608681875648728237e+03 1.492223166070016649e-01
5.318800000000000182e+03 8.653512373903233311e+03 1.490439910860278938e-01
5.322300000000000182e+03 8.568848132561741295e+03 1.496683759183626561e-01
5.325800000000000182e+03 8.619832991017159657e+03 1.495139398618240967e-01
5.329300000000000182e+03 8.600552266776050601e+03 1.486820033970318589e-01
5.332800000000000182e+03 8.646359276835475612e+03 1.463746105414201748e-01
5.336300000000000182e+03 8.624387995402397792e+03 1.488341512943819611e-01
5.339800000000000182e+03 8.596122683736723047e+03 1.478728463738208931e-01
5.343300000000000182e+03 8.561076032081991798e+03 1.465107433910144696e-01
5.346800000000000182e+03 8.490664527080682092e+03 1.494578625151564144e-01
5.350300000000000182e+03 8.548462603878831942e+03 1.477231072974771464e-01
5.353800000000000182e+03 8.423790707448084504e+03 1.469848774167146488e-01
5.357300000000000182e+03 8.587261104515153420e+03 1.472574627914030321e-01
5.360800000000000182e+03 8.465670650658048544e+03 1.476617192429088843e-01
5.364300000000000182e+03 8.478436846877457356e+03 1.452585659633175152e-01
5.367800000000000182e+03 8.452102574871496472e+03 1.484756014813274072e-01
5.371300000000000182e+03 8.455230890331235059e+03 1.461675380351025733e-01
5.374800000000000182e+03 8.399780351560604686e+03 1.484290557324581261e-01
5.378300000000000182e+03 8.414981407403536650e+03 1.464089332578393798e-01
5.381800000000000182e+03 8.453619717390047299e+03 1.468687514813682982e-01
5.385300000000000182e+03 8.419551795744957417e+03 1.490550510874125156e-01
5.388800000000000182e+03 8.272639781327610763e+03 1.452192265195896281e-01
5.392300000000000182e+03 8.390877331267840418e+03 1.482277723280738535e-01
5.395800000000000182e+03 8.279812444192077237e+03 1.481680950709199640e-01
5.399300000000000182e+03 8.349889461574686720e+03 1.475986451492441454e-01
5.402800000000000182e+03 8.306615481054881457e+03 1.468013171492288937e-01
5.406300000000000182e+03 8.162495266619424910e+03 1.487354098706014649e-01
5.409800000000000182e+03 8.171934796704280416e+03 1.464546115188517517e-01
5.413300000000000182e+03 8.310281003020709250e+03 1.449182212421216975e-01
5.416800000000000182e+03 8.239370734439848093e+03 1.476955923087609757e-01
5.420300000000000182e+03 8.163649038807019679e+03 1.468996464158182080e-01
5.423800000000000182e+03 8.206300143838185249e+03 1.471545255861849977e-01
5.427300000000000182e+03 8.126339739358179031e+03 1.488244731156705691e-01
5.430800000000000182e+03 8.140194122244638493e+03 1.472033716447918028e-01
5.434300000000000182e+03 8.103826380637237889e+03 1.461987347232966139e-01
5.437800000000000182e+03 8.112563010939168635e+03 1.453247252201686213e-01
5.441300000000000182e+03 8.099255716802121242e+03 1.463014416325101597e-01
5.444800000000000182e+03 8.137322638499633285e+03 1.442200722479462238e-01
5.448300000000000182e+03 8.155471904100611027e+03 1.443137949733140912e-01
5.451800000000000182e+03 8.073824703683611915e+03 1.453485451178581078e-01
5.455300000000000182e+03 8.042898618724707376e+03 1.445970869288111527e-01
5.458800000000000182e+03 8.058112448785523156e+03 1.451240777228387513e-01
5.462300000000000182e+03 7.989793215190707087e+03 1.462305507729260712e-01
5.465800000000000182e+03 7.965826867494348335e+03 1.478221110347374967e-01
5.469300000000000182e+03 8.049261150871923746e+03 1.435328189523358555e-01
5.472800000000000182e+03 8.050682410987882577e+03 1.431994093307165372e-01
5.476300000000000182e+03 7.974899351483763894e+03 1.455177390688703332e-01
5.479800000000000182e+03 7.956470848996986206e+03 1.441117634959221128e-01
5.483300000000000182e+03 8.046760675753553187e+03 1.423501226353367510e-01
5.486800000000000182e+03 7.894074888905014632e+03 1.435191194272246173e-01
5.490300000000000182e+03 7.941001089645657885e+03 1.408891347939320027e-01
5.493800000000000182e+03 7.915870026702831638e+03 1.437391969100216549e-01
5.497300000000000182e+03 7.886322764431266478e+03 1.415602953669291564e-01
5.500800000000000182e+03 7.885454456400598247e+03 1.408811841632103268e-01
5.504300000000000182e+03 7.916555691416328955e+03 1.421220402572442865e-01
5.507800000000000182e+03 7.801606835543267152e+03 1.407774456479596314e-01
5.511300000000000182e+03 7.795945004313735808e+03 1.428287139600622757e-01
5.514800000000000182e+03 7.778721622004689380e+03 1.418981904225649071e-01
5.518300000000000182e+03 7.800412255375651512e+03 1.429293356703460471e-01
5.521800000000000182e+03 7.760498402297344910e+03 1.422309590466652174e-01
5.525300000000000182e+03 7.787849678775015491e+03 1.399908187200587240e-01
5.528800000000000182e+03 7.727261197964765415e+03 1.410958811376281929e-01
5.532300000000000182e+03 7.763078918261696344e+03 1.403258353428172012e-01
5.535800000000000182e+03 7.703061873893184384e+03 1.423790705336853701e-01
5.539300000000000182e+03 7.756831833994625413e+03 1.402700052076055470e-01
5.542800000000000182e+03 7.688845384059109165e+03 1.409035758004002492e-01
5.546300000000000182e+03 7.700779676564633519e+03 1.402924214515700874e-01
5.549800000000000182e+03 7.648504095139077435e+03 1.425051082708805594e-01
5.553300000000000182e+03 7.629257428687987158e+03 1.416446917715289411e-01
5.556800000000000182e+03 7.590854508092533251e+03 1.412988158304024633e-01
5.560300000000000182e+03 7.599183354800236884e+03 1.413068140233784131e-01
5.563800000000000182e+03 7.647622248533401944e+03 1.412506507606516581e-01
5.567300000000000182e+03 7.560623229883495696e+03 1.403499436832402192e-01
5.570800000000000182e+03 7.568850821289177475e+03 1.388607532661878807e-01
5.574300000000000182e+03 7.524095326720810590e+03 1.405671983679780412e-01
5.577800000000000182e+03 7.525838019820424051e+03 1.434556112571861719e-01
5.581300000000000182e+03 7.494106380230769901e+03 1.419199048554969644e-01
5.584800000000000182e+03 7.566063640914186180e+03 1.416945544162929727e-01
5.588300000000000182e+03 7.506103295053560942e+03 1.393290155337792990e-01
5.591800000000000182e+03 7.498594757237270642e+03 1.416791687819970169e-01
5.595300000000000182e+03 7.505712126044083561e+03 1.405906968149990555e-01
5.598800000000000182e+03 7.440116797764061630e+03 1.414962890931462935e-01
5.602300000000000182e+03 7.452100248559588181e+03 1.404891682418184795e-01
5.605800000000000182e+03 7.466856958044994826e+03 1.397969989528110302e-01
5.609300000000000182e+03 7.417982644964139581e+03 1.412611299303316581e-01
5.612800000000000182e+03 7.379368711008090031e+03 1.406033548250705256e-01
5.616300000000000182e+03 7.383961818357220181e+03 1.421079710770394022e-01
5.619800000000000182e+03 7.403632935899268887e+03 1.392383994164422822e-01
5.623300000000000182e+03 7.400293449960512589e+03 1.422194401912757200e-01
5.626800000000000182e+03 7.324426795495597617e+03 1.418522116525912091e-01
5.630300000000000182e+03 7.309871539376946203e+03 1.427564043790142123e-01
5.633800000000000182e+03 7.279560035633469852e+03 1.430870265330892732e-01
5.637300000000000182e+03 7.298487108837356573e+03 1.412123631152527869e-01
5.640800000000000182e+03 7.274820785148026516e+03 1.410768693942245078e-01
5.644300000000000182e+03 7.275732824627433729e+03 1.413441648992518063e-01
5.647800000000000182e+03 7.228352094599606971e+03 1.414047900309899630e-01
5.651300000000000182e+03 7.261435915191704225e+03 1.383446150634380090e-01
5.654800000000000182e+03 7.214689739096696940e+03 1.396452748301009184e-01
5.658300000000000182e+03 7.156609626716592174e+03 1.438982032637334540e-01
5.661800000000000182e+03 7.196423188601571383e+03 1.389886348568318275e-01
5.665300000000000182e+03 7.185788648537247354e+03 1.408191241195460297e-01
5.668800000000000182e+03 7.113983738678900409e+03 1.393390311128752113e-01
5.672300000000000182e+03 7.113135829811945769e+03 1.404380993723425286e-01
5.675800000000000182e+03 7.119233447176066875e+03 1.421895158167949813e-01
5.679300000000000182e+03 7.124668805284055452e+03 1.415983971958439114e-01
5.682800000000000182e+03 7.061266910430412281e+03 1.453167380170752032e-01
5.686300000000000182e+03 7.080475729745217905e+03 1.446442113714236088e-01
5.689800000000000182e+03 7.024428793312407834e+03 1.439309569609743544e-01
5.693300000000000182e+03 7.021182954744273047e+03 1.447726095149137193e-01
5.696800000000000182e+03 7.007585978133856770e+03 1.426964781615060462e-01
5.700300000000000182e+03 7.009227397943947835e+03 1.421198276084253420e-01
5.703800000000000182e+03 6.984144146937785990e+03 1.424149939607931847e-01
5.707300000000000182e+03 6.961560700269118570e+03 1.415628038772141495e-01
5.710800000000000182e+03 6.971710662558378317e+03 1.417335454413535534e-01
5.714300000000000182e+03 7.001093170353783535e+03 1.421147658860048013e-01
5.717800000000000182e+03 7.007653381902548062e+03 1.394884244719870048e-01
5.721300000000000182e+03 6.950946631093811447e+03 1.422784308136348930e-01
5.724800000000000182e+03 6.953560873006461406e+03 1.430568564808691878e-01
5.728300000000000182e+03 6.947693365018068107e+03 1.433626061316760625e-01
5.731800000000000182e+03 6.891689583957614559e+03 1.415428865696368721e-01
5.735300000000000182e+03 6.868595785562615674e+03 1.434806773288292148e-01
5.738800000000000182e+03 6.887890782522321388e+03 1.393826446121874951e-01
5.742300000000000182e+03 6.818616993880022164e+03 1.414116432227376097e-01
5.745800000000000182e+03 6.988883688739207173e+03 1.377050357658052560e-01
5.749300000000000182e+03 6.889111521290660676e+03 1.406686086919385903e-01
5.752800000000000182e+03 6.890619558063503064e+03 1.407910646895279838e-01
5.756300000000000182e+03 6.845399737546444157e+03 1.388862785314256831e-01
5.759800000000000182e+03 6.815240060903361154e+03 1.382278796162928480e-01
5.763300000000000182e+03 6.849822341509909165e+03 1.389607720854033335e-01
5.766800000000000182e+03 6.823246964603343258e+03 1.403906080073992202e-01
5.770300000000000182e+03 6.847711076348686220e+03 1.365412280422281799e-01
5.773800000000000182e+03 6.820835635590025959e+03 1.389464678195455327e-01
5.777300000000000182e+03 6.777887425182413608e+03 1.371696035595862673e-01
5.780800000000000182e+03 6.840831741560717091e+03 1.350432571030627527e-01
5.784300000000000182e+03 6.771277792555504675e+03 1.350194717994576410e-01
5.787800000000000182e+03 6.712748329050990833e+03 1.357379558929846519e-01
5.791300000000000182e+03 6.781955158840983131e+03 1.343494616673162612e-01
5.794800000000000182e+03 6.728868768389032084e+03 1.343205686575686120e-01
5.798300000000000182e+03 6.680617640338997262e+03 1.336160977333906152e-01
5.801800000000000182e+03 6.695787841056052457e+03 1.348025069670322762e-01
5.805300000000000182e+03 6.669895392075206473e+03 1.348738885497764162e-01
5.808800000000000182e+03 6.630079351540289281e+03 1.353034718486243182e-01
5.812300000000000182e+03 6.706538725830740987e+03 1.327739373918041532e-01
5.815800000000000182e+03 6.668627849425789464e+03 1.322111493862198617e-01
5.819300000000000182e+03 6.648830773796644280e+03 1.309966162247141463e-01
5.822800000000000182e+03 6.633261836671543278e+03 1.334564271008928660e-01
5.826300000000000182e+03 6.620012063508238498e+03 1.324623821602435303e-01
5.829800000000000182e+03 6.615969576624256661e+03 1.320772589390786511e-01
5.833300000000000182e+03 6.556657430110233690e+03 1.297698387717876600e-01
5.836800000000000182e+03 6.546130100643787046e+03 1.312079393987414244e-01
5.840300000000000182e+03 6.570380077011234789e+03 1.302886210946900269e-01
5.843800000000000182e+03 6.525711564348847787e+03 1.293382249844878540e-01
5.847300000000000182e+03 6.481695938748841400e+03 1.292181220746362602e-01
5.850800000000000182e+03 6.418187860175311471e+03 1.316383684441295998e-01
5.854300000000000182e+03 6.429675564714327265e+03 1.309699583180342630e-01
5.857800000000000182e+03 6.368346571079654495e+03 1.302337772772532987e-01
5.861300000000000182e+03 6.355383277884438940e+03 1.322458284913704263e-01
5.864800000000000182e+03 6.363350892106060201e+03 1.327006798342406646e-01
5.868300000000000182e+03 6.295490742953260451e+03 1.309582011604848162e-01
5.871800000000000182e+03 6.232952245197094271e+03 1.333424489489156706e-01
5.875300000000000182e+03 6.175430559110618560e+03 1.361628662864781403e-01
5.878800000000000182e+03 6.165592005061345844e+03 1.392922217579944388e-01
5.882300000000000182e+03 6.094161115241112384e+03 1.431114653001021031e-01
5.885800000000000182e+03 6.061633389579621507e+03 1.440452745722307082e-01
5.889300000000000182e+03 6.032688586041114831e+03 1.448123141018298476e-01
5.892800000000000182e+03 6.083750380428079552e+03 1.470220981199952537e-01
5.896300000000000182e+03 6.038179284643977553e+03 1.461151010643296777e-01
5.899800000000000182e+03 5.995321962557729421e+03 1.444929192014283159e-01
5.903300000000000182e+03 5.973718294101716310e+03 1.441795174547063074e-01
5.906800000000000182e+03 6.045819681999383647e+03 1.438193321209536579e-01
5.910300000000000182e+03 5.952022505955847919e+03 1.458972179094935873e-01
5.913800000000000182e+03 5.963876497797557931e+03 1.471820305938951468e-01
5.917300000000000182e+03 5.909523212940957819e+03 1.462854146711079772e-01
5.920800000000000182e+03 5.902711221264964479e+03 1.427691874491765489e-01
5.924300000000000182e+03 5.866296346850091140e+03 1.446816324904248718e-01
5.927800000000000182e+03 5.878190522760068234e+03 1.405892321803035860e-01
5.931300000000000182e+03 5.878765032426289508e+03 1.402933949805848513e-01
5.934800000000000182e+03 5.823423986730605066e+03 1.436325570123070106e-01
5.938300000000000182e+03 5.791558017708927764e+03 1.434401474681416266e-01
5.941800000000000182e+03 5.726189424862954183e+03 1.435702472157932286e-01
5.945300000000000182e+03 5.659470632288612251e+03 1.455966105126774712e-01
5.948800000000000182e+03 5.668446775844636250e+03 1.444072311678853138e-01
5.952300000000000182e+03 5.692714059927427115e+03 1.439087589600729911e-01
5.955800000000000182e+03 5.664681114700249964e+03 1.395157796162721786e-01
5.959300000000000182e+03 5.646988958588513015e+03 1.411486332657685416e-01
5.962800000000000182e+03 5.732953435362856908e+03 1.366493091690101080e-01
5.966300000000000182e+03 5.608399498593929820e+03 1.374690991282460084e-01
5.969800000000000182e+03 5.628739224891216509e+03 1.357908174398242962e-01
5.973300000000000182e+03 5.633959070363558567e+03 1.355713868798274213e-01
5.976800000000000182e+03 5.582277084518354968e+03 1.358903355630053655e-01
5.980300000000000182e+03 5.547496143696691433e+03 1.354524437413647808e-01
5.983800000000000182e+03 5.549352617896762240e+03 1.340113803921998692e-01
5.987300000000000182e+03 5.488317497941688998e+03 1.337703734076935713e-01
5.990800000000000182e+03 5.478177144426577797e+03 1.340495484297396234e-01
5.994300000000000182e+03 5.492989360790995306e+03 1.319406654997207218e-01
5.997800000000000182e+03 5.455863162335515881e+03 1.320379977512801672e-01
