# wavelength angstroms, flux, ext coeff
3.001800000000000182e+03 8.143342904312960914e-03 4.199858363083179391e+00
3.005300000000000182e+03 1.767121406842667497e+00 0.000000000000000000e+00
3.008800000000000182e+03 5.300821241412926099e+00 8.390858004101746648e-01
3.012300000000000182e+03 1.388656865647130800e+01 5.979554399854846158e-01
3.015800000000000182e+03 3.166274428341901537e+00 0.000000000000000000e+00
3.019300000000000182e+03 3.823755882194647349e+00 0.000000000000000000e+00
3.022800000000000182e+03 9.308756944055274207e-01 1.720560619182483597e+00
3.026300000000000182e+03 1.032164738916716473e+01 8.339790001581109946e-01
3.029800000000000182e+03 1.123776538501297573e+01 8.603406689666355245e-01
3.033300000000000182e+03 6.893272476177382480e+00 0.000000000000000000e+00
3.036800000000000182e+03 1.151447793718355150e+00 1.929876700804257439e+00
3.040300000000000182e+03 6.380286982349397285e+00 1.188323675675797775e+00
3.043800000000000182e+03 1.230876665506094270e+01 0.000000000000000000e+00
3.047300000000000182e+03 1.312370586008012552e+01 0.000000000000000000e+00
3.050800000000000182e+03 4.328437064109221133e+00 1.481011595917360868e+00
3.054300000000000182e+03 4.061864919662759199e+00 1.526369921199345114e+00
3.057800000000000182e+03 3.726276054740035537e+00 1.615743711047774589e+00
3.061300000000000182e+03 1.027784981643852191e+01 1.208406919522006406e+00
3.064800000000000182e+03 2.261223104526187200e+01 0.000000000000000000e+00
3.068300000000000182e+03 6.720235458154510511e+00 1.470520009731955735e+00
3.071800000000000182e+03 6.319195350838516134e+00 1.544546524575592050e+00
3.075300000000000182e+03 1.676928717686749559e+00 2.312902160154914899e+00
3.078800000000000182e+03 2.137152376959869926e+00 2.229368302555258641e+00
3.082300000000000182e+03 2.538930586919680987e+00 2.167934651039201022e+00
3.085800000000000182e+03 6.484199936153273391e+00 1.669582952533275266e+00
3.089300000000000182e+03 5.818130508847674243e+00 1.734216501178771130e+00
3.092800000000000182e+03 1.559105195128435106e+01 1.325932178602511557e+00
3.096300000000000182e+03 1.186401128086092704e+01 1.470529861979604336e+00
3.099800000000000182e+03 5.917061483171062619e+00 1.874605092151049757e+00
3.103300000000000182e+03 6.323016708864988900e+00 1.843837866881967713e+00
3.106800000000000182e+03 1.293223028572568012e+01 1.464445758884197257e+00
3.110300000000000182e+03 7.646583443050688267e+00 1.782515699197406711e+00
3.113800000000000182e+03 8.061405914386556404e+00 1.758211055997635830e+00
3.117300000000000182e+03 8.243725996556486635e+00 1.719069294899570721e+00
3.120800000000000182e+03 9.801312082486509425e+00 1.678772951974400574e+00
3.124300000000000182e+03 2.392555849740791984e+01 1.261180318938383227e+00
3.127800000000000182e+03 1.220548635337075538e+01 1.623644396642317300e+00
3.131300000000000182e+03 2.588583632448660055e+01 1.254183690747803670e+00
3.134800000000000182e+03 1.498660167593911652e+01 1.524317133174748928e+00
3.138300000000000182e+03 2.701546052487683980e+01 1.245223093627812361e+00
3.141800000000000182e+03 2.728244251698030354e+01 1.243050024041998602e+00
3.145300000000000182e+03 1.803684719097805100e+01 1.478927048590299664e+00
3.148800000000000182e+03 2.326811885828261595e+01 1.372122248927816202e+00
3.152300000000000182e+03 3.691982456708423399e+01 1.175685357071045045e+00
3.155800000000000182e+03 3.627463449709465237e+01 1.185275633632450587e+00
3.159300000000000182e+03 3.842154902768946556e+01 1.169243396291348880e+00
3.162800000000000182e+03 3.044481495621314338e+01 1.276104085041585900e+00
3.166300000000000182e+03 3.068443018399332445e+01 1.285260864209717635e+00
3.169800000000000182e+03 3.614702158755708439e+01 1.225091814102124310e+00
3.173300000000000182e+03 4.058751019927079540e+01 1.177968463168552304e+00
3.176800000000000182e+03 3.461588497531715802e+01 1.241989777923258265e+00
3.180300000000000182e+03 4.329351029090756242e+01 1.143537287963698468e+00
3.183800000000000182e+03 3.726207241732302577e+01 1.204152508152315004e+00
3.187300000000000182e+03 4.025394018786770545e+01 1.181488917650347359e+00
3.190800000000000182e+03 5.516961301698475495e+01 1.057425975647221739e+00
3.194300000000000182e+03 4.600166995871850162e+01 1.151920028144631791e+00
3.197800000000000182e+03 4.724212038115403089e+01 1.130382084754467664e+00
3.201300000000000182e+03 5.035010977529775289e+01 1.121888641033409462e+00
3.204800000000000182e+03 5.405910126423302842e+01 1.105267260415374375e+00
3.208300000000000182e+03 7.163989239059254999e+01 9.919251214917615966e-01
3.211800000000000182e+03 6.395604397365744376e+01 1.059169946747695823e+00
3.215300000000000182e+03 6.306104337619541411e+01 1.053357062557121360e+00
3.218800000000000182e+03 7.004325830080580317e+01 1.006344628394560514e+00
3.222300000000000182e+03 6.336834549104737846e+01 1.034019538451460107e+00
3.225800000000000182e+03 6.709249464706151400e+01 1.008360065983660681e+00
3.229300000000000182e+03 6.812025773350542579e+01 1.008489692975599095e+00
3.232800000000000182e+03 7.176483094131648954e+01 9.869956799995031060e-01
3.236300000000000182e+03 7.569289466254403465e+01 9.768422959464050370e-01
3.239800000000000182e+03 9.904189316344945837e+01 8.982830488619210074e-01
3.243300000000000182e+03 8.713068248022096896e+01 9.547998804089684599e-01
3.246800000000000182e+03 8.978348827570628998e+01 9.465982517689198739e-01
3.250300000000000182e+03 1.099295127543293091e+02 8.819664829172831899e-01
3.253800000000000182e+03 1.127897710154108211e+02 8.820444966970396594e-01
3.257300000000000182e+03 1.031519064242633874e+02 9.234685350716287378e-01
3.260800000000000182e+03 1.173668100882751872e+02 8.818183139902473489e-01
3.264300000000000182e+03 1.177242035251653789e+02 9.002142423513670444e-01
3.267800000000000182e+03 1.433684114189593686e+02 8.315289544115592735e-01
3.271300000000000182e+03 1.409236673315335509e+02 8.377301946560723467e-01
3.274800000000000182e+03 1.250293989695116181e+02 8.857781394802949348e-01
3.278300000000000182e+03 1.276685385177959375e+02 8.781529578460188779e-01
3.281800000000000182e+03 1.270280302590361714e+02 8.744929859030134978e-01
3.285300000000000182e+03 1.396579452926011697e+02 8.376461716989228590e-01
3.288800000000000182e+03 1.426961225851523807e+02 8.366793778194854259e-01
3.292300000000000182e+03 1.422196661620473037e+02 8.399295928941951095e-01
3.295800000000000182e+03 1.506757232623000107e+02 8.322157128320328834e-01
3.299300000000000182e+03 1.621466785078483213e+02 8.068241658974582009e-01
3.302800000000000182e+03 1.606486985435548149e+02 8.130196476354150104e-01
3.306300000000000182e+03 1.608732206967316074e+02 8.135482258814464851e-01
3.309800000000000182e+03 1.628558484953236416e+02 8.171210570775008231e-01
3.313300000000000182e+03 1.784357551395031010e+02 7.817794537929735332e-01
3.316800000000000182e+03 1.883937877503243499e+02 7.655066365300791098e-01
3.320300000000000182e+03 1.762573320297074417e+02 7.963037012232083711e-01
3.323800000000000182e+03 2.009510114971153882e+02 7.451134426583099213e-01
3.327300000000000182e+03 1.976540009137106324e+02 7.553510995093160041e-01
3.330800000000000182e+03 2.054122071964330871e+02 7.408811087188503786e-01
3.334300000000000182e+03 1.899067303583553610e+02 7.691283958120290754e-01
3.337800000000000182e+03 1.937051313121553164e+02 7.684120281043919087e-01
3.341300000000000182e+03 1.956610470361635521e+02 7.650889553248934050e-01
3.344800000000000182e+03 2.122404310643676126e+02 7.388868815014310032e-01
3.348300000000000182e+03 2.025471182719713568e+02 7.536962053368981840e-01
3.351800000000000182e+03 2.045891510777425992e+02 7.467038439552270424e-01
3.355300000000000182e+03 2.122081193772316681e+02 7.357300859239372937e-01
3.358800000000000182e+03 2.125458240193978270e+02 7.342340337100562442e-01
3.362300000000000182e+03 2.190591238227048336e+02 7.131547634414708847e-01
3.365800000000000182e+03 2.158519140654457544e+02 7.259700157650257335e-01
3.369300000000000182e+03 2.110550636315789177e+02 7.261523870302576400e-01
3.372800000000000182e+03 2.165905183250019661e+02 7.222290434272773396e-01
3.376300000000000182e+03 2.215086924298034603e+02 7.206975534429379548e-01
3.379800000000000182e+03 2.268676651001597122e+02 7.059091712892202608e-01
3.383300000000000182e+03 2.564171001091085600e+02 6.776671894407104713e-01
3.386800000000000182e+03 2.448848082940943698e+02 7.007134570595964229e-01
3.390300000000000182e+03 2.433376186169396078e+02 7.012543312018435504e-01
3.393800000000000182e+03 2.487252932186502505e+02 6.929644695235970264e-01
3.397300000000000182e+03 2.667100422013963339e+02 6.718971837302821770e-01
3.400800000000000182e+03 2.524452427145265290e+02 6.872211752874300972e-01
3.404300000000000182e+03 2.582294787681098001e+02 6.879812889494171246e-01
3.407800000000000182e+03 2.823927165211125043e+02 6.561575447625411783e-01
3.411300000000000182e+03 2.675093941844307892e+02 6.738932403487678524e-01
3.414800000000000182e+03 2.869774225694563938e+02 6.549028427831273813e-01
3.418300000000000182e+03 2.739364841855929740e+02 6.667999610414755418e-01
3.421800000000000182e+03 2.808104894615985359e+02 6.654554838553270457e-01
3.425300000000000182e+03 2.933525839001605391e+02 6.497246587069513968e-01
3.428800000000000182e+03 2.893093597052239261e+02 6.586924421946824815e-01
3.432300000000000182e+03 2.883429404461019772e+02 6.580852347837197192e-01
3.435800000000000182e+03 2.977594520659513933e+02 6.506874046909192355e-01
3.439300000000000182e+03 3.157302459609136918e+02 6.306788465215873440e-01
3.442800000000000182e+03 3.020501641567505544e+02 6.488332692195964979e-01
3.446300000000000182e+03 3.211538025970214676e+02 6.373634165825250442e-01
3.449800000000000182e+03 3.420097134504773067e+02 6.180422226715168721e-01
3.453300000000000182e+03 3.254529961800370756e+02 6.358486556641339549e-01
3.456800000000000182e+03 3.476325671631344676e+02 6.125728932114307135e-01
3.460300000000000182e+03 3.288628054472619624e+02 6.340045276956643994e-01
3.463800000000000182e+03 3.359230044196805238e+02 6.294006121732939052e-01
3.467300000000000182e+03 3.375096842799439969e+02 6.257753517068547211e-01
3.470800000000000182e+03 3.367531813121260598e+02 6.256658111125145139e-01
3.474300000000000182e+03 3.681911566739325963e+02 6.075695785703242313e-01
3.477800000000000182e+03 3.554837522786926343e+02 6.166268456858541303e-01
3.481300000000000182e+03 3.634846021403981808e+02 6.146418361424909049e-01
3.484800000000000182e+03 3.661993364543387770e+02 6.128282401324516293e-01
3.488300000000000182e+03 3.865590137734272389e+02 5.962510707793272635e-01
3.491800000000000182e+03 3.787922890660965436e+02 6.051722117941341628e-01
3.495300000000000182e+03 4.010043625032092223e+02 5.936858240240542317e-01
3.498800000000000182e+03 3.936964103618315107e+02 6.016383279185487654e-01
3.502300000000000182e+03 4.150012041362737705e+02 5.810873681240671385e-01
3.505800000000000182e+03 4.072941648135707169e+02 5.876619744020217251e-01
3.509300000000000182e+03 3.970003749903912080e+02 6.005227361862306434e-01
3.512800000000000182e+03 4.085603310533121544e+02 5.960843663962130945e-01
3.516300000000000182e+03 4.268812042831771123e+02 5.794979481447525282e-01
3.519800000000000182e+03 4.199469943266225300e+02 5.808368230697861234e-01
3.523300000000000182e+03 4.239551080759037518e+02 5.770211464061416606e-01
3.526800000000000182e+03 4.287721528477017614e+02 5.730853305417475951e-01
3.530300000000000182e+03 4.407488106629718914e+02 5.673473151806742720e-01
3.533800000000000182e+03 4.323783554473620256e+02 5.764868282931093768e-01
3.537300000000000182e+03 4.336945147589675003e+02 5.760210169598157792e-01
3.540800000000000182e+03 4.660367117353615072e+02 5.740710875496666254e-01
3.544300000000000182e+03 4.810011696394242904e+02 5.639334548647826351e-01
3.547800000000000182e+03 4.884995049628606125e+02 5.629331258949714645e-01
3.551300000000000182e+03 5.062901649445142880e+02 5.573171569205929154e-01
3.554800000000000182e+03 4.808079954030313274e+02 5.669180772493122022e-01
3.558300000000000182e+03 4.773619006762964432e+02 5.647519443657926796e-01
3.561800000000000182e+03 4.722057680787926870e+02 5.608500661865241099e-01
3.565300000000000182e+03 4.653086023862455249e+02 5.563266129971101703e-01
3.568800000000000182e+03 4.900977449812287432e+02 5.395392832121156390e-01
3.572300000000000182e+03 4.659505189094920183e+02 5.541900988674361983e-01
3.575800000000000182e+03 4.605646140550121572e+02 5.492693138418345278e-01
3.579300000000000182e+03 4.650666873545684439e+02 5.485174489559280220e-01
3.582800000000000182e+03 4.688104578709040879e+02 5.484406450029578606e-01
3.586300000000000182e+03 4.946987747808694280e+02 5.278056653085021477e-01
3.589800000000000182e+03 4.720408935870028131e+02 5.409580066305889057e-01
3.593300000000000182e+03 4.808397341080819274e+02 5.319332873115556470e-01
3.596800000000000182e+03 4.885344377209249842e+02 5.363222714393476309e-01
3.600300000000000182e+03 4.901024635029666001e+02 5.360996510646957036e-01
3.603800000000000182e+03 5.072168727416334377e+02 5.345541401879485566e-01
3.607300000000000182e+03 5.114958016256427982e+02 5.317292036303736813e-01
3.610800000000000182e+03 5.199275144184689452e+02 5.298645085014217493e-01
3.614300000000000182e+03 5.261304128401611706e+02 5.291719378692144593e-01
3.617800000000000182e+03 5.488538113397645475e+02 5.195118123104811581e-01
3.621300000000000182e+03 5.342357428219997928e+02 5.216957796687515803e-01
3.624800000000000182e+03 5.631662948017992676e+02 5.090315438053333308e-01
3.628300000000000182e+03 5.474924726089616343e+02 5.193563524301951784e-01
3.631800000000000182e+03 5.486183745446581952e+02 5.160451469799632873e-01
3.635300000000000182e+03 5.666542551442623790e+02 5.117160965541385220e-01
3.638800000000000182e+03 5.730717472364344758e+02 5.120429708937428437e-01
3.642300000000000182e+03 6.003582746713639153e+02 5.012614553886031166e-01
3.645800000000000182e+03 6.173844528217518928e+02 5.018669285697314741e-01
3.649300000000000182e+03 6.444077960918704093e+02 5.004671634081879761e-01
3.652800000000000182e+03 6.666621147814722690e+02 4.969807293206918164e-01
3.656300000000000182e+03 6.416301461529794778e+02 5.043280973332295858e-01
3.659800000000000182e+03 6.457323069166270670e+02 5.049902200190337087e-01
3.663300000000000182e+03 6.449715773487823753e+02 5.007933146706097238e-01
3.666800000000000182e+03 6.586944969785205330e+02 4.970993716886091263e-01
3.670300000000000182e+03 6.437354754802191792e+02 4.966427595590439115e-01
3.673800000000000182e+03 6.387535843430750901e+02 4.981655654937494071e-01
3.677300000000000182e+03 6.437852777675140032e+02 4.891227129695230880e-01
3.680800000000000182e+03 6.379825009207648918e+02 4.878100319599805168e-01
3.684300000000000182e+03 6.293866591666950399e+02 4.874641048422075351e-01
3.687800000000000182e+03 6.173758280788135835e+02 4.849300953192821062e-01
3.691300000000000182e+03 6.359635315064812175e+02 4.809376701835940682e-01
3.694800000000000182e+03 6.457262527506520655e+02 4.807501351718328486e-01
3.698300000000000182e+03 6.655739295254441004e+02 4.713158428321120308e-01
3.701800000000000182e+03 6.836223075280710191e+02 4.739592000600514332e-01
3.705300000000000182e+03 6.946739084111568445e+02 4.721283561594104561e-01
3.708800000000000182e+03 6.998054471943382850e+02 4.712676693333791578e-01
3.712300000000000182e+03 6.850075204863368299e+02 4.786898688792976531e-01
3.715800000000000182e+03 6.970909147159958366e+02 4.690593537024738691e-01
3.719300000000000182e+03 6.936453253929222456e+02 4.728821256224381986e-01
3.722800000000000182e+03 7.207557576399130994e+02 4.556570559974873480e-01
3.726300000000000182e+03 7.243709095053559395e+02 4.545849423642190912e-01
3.729800000000000182e+03 7.306085086786133616e+02 4.472977486186547891e-01
3.733300000000000182e+03 7.171219166239743572e+02 4.602724801347607975e-01
3.736800000000000182e+03 7.287891466756530008e+02 4.584598264832357994e-01
3.740300000000000182e+03 7.592402346506934236e+02 4.614863160271475695e-01
3.743800000000000182e+03 7.874992574085941897e+02 4.590293191615256729e-01
3.747300000000000182e+03 8.233039334038509196e+02 4.558694514097271222e-01
3.750800000000000182e+03 8.534819292496847538e+02 4.503621499609488099e-01
3.754300000000000182e+03 8.455442342374699365e+02 4.559243433973130810e-01
3.757800000000000182e+03 8.763868950243765994e+02 4.500559197339829010e-01
3.761300000000000182e+03 8.855441598479601453e+02 4.472568724467083645e-01
3.764800000000000182e+03 8.998887627840229015e+02 4.490737407605830400e-01
3.768300000000000182e+03 9.565516817330860704e+02 4.380213274205607688e-01
3.771800000000000182e+03 9.490664521283854356e+02 4.471962022603218623e-01
3.775300000000000182e+03 9.742079380887744264e+02 4.408789904963734685e-01
3.778800000000000182e+03 9.934039086730706458e+02 4.396850845050080392e-01
3.782300000000000182e+03 1.025330762903435698e+03 4.376982492487439536e-01
3.785800000000000182e+03 1.055267846770107553e+03 4.361078768684510942e-01
3.789300000000000182e+03 1.114167422393016750e+03 4.317622954989204231e-01
3.792800000000000182e+03 1.124023958487042592e+03 4.361402743054277331e-01
3.796300000000000182e+03 1.165590190960238942e+03 4.320630958347734252e-01
3.799800000000000182e+03 1.180983975724473112e+03 4.358862048367401765e-01
3.803300000000000182e+03 1.208431190436173210e+03 4.366365286413586011e-01
3.806800000000000182e+03 1.244261693559380774e+03 4.337247277321290562e-01
3.810300000000000182e+03 1.241371865486477873e+03 4.361305281848184556e-01
3.813800000000000182e+03 1.229687375673644055e+03 4.302839972458861184e-01
3.817300000000000182e+03 1.180961124528901564e+03 4.239465287721779219e-01
3.820800000000000182e+03 1.119571816158094180e+03 4.181503642086270567e-01
3.824300000000000182e+03 1.095189495180236008e+03 4.094306650414941129e-01
3.827800000000000182e+03 1.055815548729047578e+03 4.050490752337935763e-01
3.831300000000000182e+03 1.083028010390256895e+03 4.008969922472098157e-01
3.834800000000000182e+03 1.103028799929471688e+03 4.051824616829637904e-01
3.838300000000000182e+03 1.156946790914252460e+03 4.108355242275584240e-01
3.841800000000000182e+03 1.277915909014839826e+03 4.093541589307295170e-01
3.845300000000000182e+03 1.333375306070270199e+03 4.156482119462013292e-01
3.848800000000000182e+03 1.392126197977229594e+03 4.135486422491432834e-01
3.852300000000000182e+03 1.480498043222740534e+03 4.117822313216664698e-01
3.855800000000000182e+03 1.510074210142468246e+03 4.108244288758957641e-01
3.859300000000000182e+03 1.536707839533528386e+03 4.109388396912639907e-01
3.862800000000000182e+03 1.564461316297915346e+03 4.109306603461315710e-01
3.866300000000000182e+03 1.563157269992746933e+03 4.144622460037972189e-01
3.869800000000000182e+03 1.545695672536091479e+03 4.150815968848434734e-01
3.873300000000000182e+03 1.533188094211121324e+03 4.090193071669434022e-01
3.876800000000000182e+03 1.476281360626265723e+03 4.037074772701907399e-01
3.880300000000000182e+03 1.405311756334762549e+03 3.961269625342050960e-01
3.883800000000000182e+03 1.346671985089047212e+03 3.830090666073661665e-01
3.887300000000000182e+03 1.321379979791835922e+03 3.711082587981354153e-01
3.890800000000000182e+03 1.327044140286908714e+03 3.657166748979854831e-01
3.894300000000000182e+03 1.368045037485005878e+03 3.692207485564561464e-01
3.897800000000000182e+03 1.418922672207462711e+03 3.831560429302854898e-01
3.901300000000000182e+03 1.495912569645159238e+03 3.918643684934516869e-01
3.904800000000000182e+03 1.569671739587292222e+03 3.994570211087457579e-01
3.908300000000000182e+03 1.635364475342506012e+03 3.988442774479512010e-01
3.911800000000000182e+03 1.599428000503408839e+03 3.988889319722226379e-01
3.915300000000000182e+03 1.530946336869337756e+03 3.916109209655224688e-01
3.918800000000000182e+03 1.394261183033666157e+03 3.868328043840867925e-01
3.922300000000000182e+03 1.254336907367299091e+03 3.802264793553859490e-01
3.925800000000000182e+03 1.166094351449748046e+03 3.703953117460478950e-01
3.929300000000000182e+03 1.102452002364229656e+03 3.656995395483083611e-01
3.932800000000000182e+03 1.089759443367994209e+03 3.681891509130981177e-01
3.936300000000000182e+03 1.163565024055192680e+03 3.710844928487755379e-01
3.939800000000000182e+03 1.289609643231296332e+03 3.739097877065624687e-01
3.943300000000000182e+03 1.391622827843939604e+03 3.796866824910133387e-01
3.946800000000000182e+03 1.475943039188719467e+03 3.843051675675395185e-01
3.950300000000000182e+03 1.478823486922847906e+03 3.887562213509009323e-01
3.953800000000000182e+03 1.457257764680376340e+03 3.832881118658988395e-01
3.957300000000000182e+03 1.381830054000789005e+03 3.734014919691399648e-01
3.960800000000000182e+03 1.290153339117195401e+03 3.639184978171966511e-01
3.964300000000000182e+03 1.206352792571324244e+03 3.451856441144702248e-01
3.967800000000000182e+03 1.166770201363451179e+03 3.359885821446012555e-01
3.971300000000000182e+03 1.224476711049744608e+03 3.270004165596693824e-01
3.974800000000000182e+03 1.285696367122419815e+03 3.376589146471176139e-01
3.978300000000000182e+03 1.402459122831106242e+03 3.516036205910707535e-01
3.981800000000000182e+03 1.579593772188732601e+03 3.604665392456524731e-01
3.985300000000000182e+03 1.768389150201308212e+03 3.660564989417220971e-01
3.988800000000000182e+03 1.912340725579855643e+03 3.664563929720349167e-01
3.992300000000000182e+03 2.000096510966056030e+03 3.654348134854976671e-01
3.995800000000000182e+03 2.076325766691016270e+03 3.602000208139308768e-01
3.999300000000000182e+03 2.121573927725336944e+03 3.581675023187789741e-01
4.002800000000000182e+03 2.152412059425348161e+03 3.555748981006575105e-01
4.006300000000000182e+03 2.177528987086523557e+03 3.542083056492073001e-01
4.009800000000000182e+03 2.202877330295675620e+03 3.531211451583410321e-01
4.013300000000000182e+03 2.244812716021128836e+03 3.504947373891944551e-01
4.016800000000000182e+03 2.258673986345361755e+03 3.509428979438200535e-01
4.020300000000000182e+03 2.273036686980216473e+03 3.492308174350221006e-01
4.023800000000000182e+03 2.288600666248780726e+03 3.443746584153793977e-01
4.027300000000000182e+03 2.343992492045745621e+03 3.435535472597700535e-01
4.030800000000000182e+03 2.355157630696908200e+03 3.408067791379746359e-01
4.034300000000000182e+03 2.328296633109880531e+03 3.421166019489446652e-01
4.037800000000000182e+03 2.330765379022417164e+03 3.420027791087172364e-01
4.041300000000000182e+03 2.326051745100858170e+03 3.410429645710043034e-01
4.044800000000000182e+03 2.329929195879282361e+03 3.409037432434922077e-01
4.048300000000000182e+03 2.348783414704908409e+03 3.406528065990337972e-01
4.051800000000000182e+03 2.353831676723118107e+03 3.369247645405901159e-01
4.055300000000000182e+03 2.387125035740652947e+03 3.358432477243117886e-01
4.058800000000000182e+03 2.342026778365665905e+03 3.367255296742782122e-01
4.062300000000000182e+03 2.358701713145349913e+03 3.358682322706819656e-01
4.065800000000000182e+03 2.342197187633444628e+03 3.344044019589529904e-01
4.069300000000000182e+03 2.364860246356278367e+03 3.349482650773444314e-01
4.072800000000000182e+03 2.381946073673676437e+03 3.316758419276688574e-01
4.076300000000000182e+03 2.339072713986299277e+03 3.327098144926857182e-01
4.079800000000000182e+03 2.315470877516161636e+03 3.315778158607760595e-01
4.083300000000000182e+03 2.310458341407174885e+03 3.275671854669099381e-01
4.086800000000000182e+03 2.301382388680530767e+03 3.279802192430519847e-01
4.090300000000000182e+03 2.252653147387627087e+03 3.273373746158969033e-01
4.093800000000000182e+03 2.217923253332935928e+03 3.240474957762311536e-01
4.097300000000000182e+03 2.160372812009395602e+03 3.205909594533989937e-01
4.100800000000000182e+03 2.136700200454321930e+03 3.140208297732657861e-01
4.104300000000000182e+03 2.092479611187306091e+03 3.108159590124991434e-01
4.107800000000000182e+03 2.058219902613241629e+03 3.057419606066899553e-01
4.111300000000000182e+03 2.080188699189509862e+03 3.039511424485378255e-01
4.114800000000000182e+03 2.140272398385186989e+03 3.054756481762396780e-01
4.118300000000000182e+03 2.242753966321467942e+03 3.108513711235291743e-01
4.121800000000000182e+03 2.342656027123595777e+03 3.180622968280770735e-01
4.125300000000000182e+03 2.448839902845408233e+03 3.201035954562703734e-01
4.128800000000000182e+03 2.567817448472863816e+03 3.196196282403840350e-01
4.132300000000000182e+03 2.651647614298854023e+03 3.184735723503729909e-01
4.135800000000000182e+03 2.714797867266945559e+03 3.149792214896310338e-01
4.139300000000000182e+03 2.722979514587206722e+03 3.107028123421060051e-01
4.142800000000000182e+03 2.757044219378732123e+03 3.108065300442641177e-01
4.146300000000000182e+03 2.792542407662399910e+03 3.095162931598648970e-01
4.149800000000000182e+03 2.809445253074679385e+03 3.099741343759011558e-01
4.153300000000000182e+03 2.830019936005550790e+03 3.099553587652991160e-01
4.156800000000000182e+03 2.856757450180735759e+03 3.056369276862073714e-01
4.160300000000000182e+03 2.851689197521410733e+03 3.064316140707917802e-01
4.163800000000000182e+03 2.856423319811420697e+03 3.044020444686096338e-01
4.167300000000000182e+03 2.869012183912541332e+03 3.020936119063411529e-01
4.170800000000000182e+03 2.875933834643888076e+03 3.030260313043287024e-01
4.174300000000000182e+03 2.897441480328572197e+03 3.002727740784484345e-01
4.177800000000000182e+03 2.891121964197303441e+03 3.011554738217144256e-01
4.181300000000000182e+03 2.900995764471079383e+03 2.977254883951978015e-01
4.184800000000000182e+03 2.894451949251998030e+03 2.981689657535280813e-01
4.188300000000000182e+03 2.923751293188252930e+03 2.956412709670144245e-01
4.191800000000000182e+03 2.936025828939014900e+03 2.953406055465263580e-01
4.195300000000000182e+03 2.948421498239614266e+03 2.949742977663097343e-01
4.198800000000000182e+03 2.951915592178446332e+03 2.923393734016904166e-01
4.202300000000000182e+03 2.976551634511218708e+03 2.917118075713832637e-01
4.205800000000000182e+03 2.978555670662275588e+03 2.933022567980291262e-01
4.209300000000000182e+03 2.994102153177904711e+03 2.894832474622350826e-01
4.212800000000000182e+03 3.000037998650243480e+03 2.889042786951520059e-01
4.216300000000000182e+03 2.986680264301516218e+03 2.901174215422502312e-01
4.219800000000000182e+03 2.974476524597806474e+03 2.884108477011782523e-01
4.223300000000000182e+03 2.977144429537917404e+03 2.868979377324960001e-01
4.226800000000000182e+03 3.012900501734095997e+03 2.800007226355006873e-01
4.230300000000000182e+03 2.962042901493903173e+03 2.860238265641419919e-01
4.233800000000000182e+03 2.999441335946276467e+03 2.819166461550631775e-01
4.237300000000000182e+03 3.050845750745264468e+03 2.828286018242311406e-01
4.240800000000000182e+03 3.035348625997942236e+03 2.857979678207115959e-01
4.244300000000000182e+03 3.079245739898909051e+03 2.826958077417280335e-01
4.247800000000000182e+03 3.067686347087718786e+03 2.827524370643985097e-01
4.251300000000000182e+03 3.133688217451327091e+03 2.793374983785880672e-01
4.254800000000000182e+03 3.109715469940404546e+03 2.802859522017792648e-01
4.258300000000000182e+03 3.113726088382803937e+03 2.784148755559393562e-01
4.261800000000000182e+03 3.142721207268128637e+03 2.783010774845987578e-01
4.265300000000000182e+03 3.089572331318488068e+03 2.762097371086382758e-01
4.268800000000000182e+03 3.117176467458369643e+03 2.734791258192129093e-01
4.272300000000000182e+03 3.100356895645280474e+03 2.730291259404680759e-01
4.275800000000000182e+03 3.121550566022789098e+03 2.748037775873783395e-01
4.279300000000000182e+03 3.093491188697759299e+03 2.750929495190519991e-01
4.282800000000000182e+03 3.134976904254306646e+03 2.726172511551842592e-01
4.286300000000000182e+03 3.086169218436817118e+03 2.720409826897786099e-01
4.289800000000000182e+03 3.106600017052899602e+03 2.713795416450076048e-01
4.293300000000000182e+03 3.089722470686122506e+03 2.702247899015582933e-01
4.296800000000000182e+03 3.073158484301620774e+03 2.718927549693626045e-01
4.300300000000000182e+03 3.040704191691369942e+03 2.686097334271592696e-01
4.303800000000000182e+03 2.960266377859152726e+03 2.709236576776653527e-01
4.307300000000000182e+03 2.926613324265817482e+03 2.681745742950121802e-01
4.310800000000000182e+03 2.905797747017201800e+03 2.712813490259279314e-01
4.314300000000000182e+03 2.905462771391563365e+03 2.665407903759356989e-01
4.317800000000000182e+03 2.948610020149058073e+03 2.639362134959143957e-01
4.321300000000000182e+03 2.926209412915555731e+03 2.634436232984057047e-01
4.324800000000000182e+03 2.926501446244653835e+03 2.611669283931591368e-01
4.328300000000000182e+03 2.927957851475075586e+03 2.608635863079908357e-01
4.331800000000000182e+03 2.882443621201320184e+03 2.597630029804031682e-01
4.335300000000000182e+03 2.841595146574390128e+03 2.600157508546555585e-01
4.338800000000000182e+03 2.790648106040281164e+03 2.559239879032822462e-01
4.342300000000000182e+03 2.748959218028880514e+03 2.517331423200788731e-01
4.345800000000000182e+03 2.751117217923172575e+03 2.465534981407403459e-01
4.349300000000000182e+03 2.743300748469922837e+03 2.437211274943220651e-01
4.352800000000000182e+03 2.858400758438610865e+03 2.407468180563207272e-01
4.356300000000000182e+03 2.959483011253014865e+03 2.473793489204659801e-01
4.359800000000000182e+03 3.118319918152098126e+03 2.528580921094944478e-01
4.363300000000000182e+03 3.216002665783404154e+03 2.575447837192717526e-01
4.366800000000000182e+03 3.374199560211995959e+03 2.589496611722620356e-01
4.370300000000000182e+03 3.500529176237950651e+03 2.588701769134174047e-01
4.373800000000000182e+03 3.527766331392941538e+03 2.596803261199431834e-01
4.377300000000000182e+03 3.592988882203750563e+03 2.537666307061203774e-01
4.380800000000000182e+03 3.590108927722313638e+03 2.503279472276511153e-01
4.384300000000000182e+03 3.574707369549699706e+03 2.480091744554064337e-01
4.387800000000000182e+03 3.577192481656278233e+03 2.468079495718354111e-01
4.391300000000000182e+03 3.554066158716721475e+03 2.481239493168865273e-01
4.394800000000000182e+03 3.579481593271526435e+03 2.466306222630233469e-01
4.398300000000000182e+03 3.593645013672775804e+03 2.468790905221564524e-01
4.401800000000000182e+03 3.601768468286620191e+03 2.455903830336066407e-01
4.405300000000000182e+03 3.616332565181255632e+03 2.446361078693435609e-01
4.408800000000000182e+03 3.586194121302618441e+03 2.460570830580997570e-01
4.412300000000000182e+03 3.623400344123170726e+03 2.462842427995134420e-01
4.415800000000000182e+03 3.665254513630533438e+03 2.420172662374701356e-01
4.419300000000000182e+03 3.622106876532696333e+03 2.442075657203792161e-01
4.422800000000000182e+03 3.626277031662719310e+03 2.458763820187072624e-01
4.426300000000000182e+03 3.694864705876905191e+03 2.431101745471972164e-01
4.429800000000000182e+03 3.662869089995171180e+03 2.431264711333023520e-01
4.433300000000000182e+03 3.668771236693878109e+03 2.406232633914753283e-01
4.436800000000000182e+03 3.708647718267547589e+03 2.397137734162694267e-01
4.440300000000000182e+03 3.692214285402167206e+03 2.396403852017394420e-01
4.443800000000000182e+03 3.735413556270129902e+03 2.373662108299411655e-01
4.447300000000000182e+03 3.716192747539038919e+03 2.364731580789588561e-01
4.450800000000000182e+03 3.751253673968234580e+03 2.376841043984406765e-01
4.454300000000000182e+03 3.756573028228724525e+03 2.375192719844631539e-01
4.457800000000000182e+03 3.773054974135071006e+03 2.376914548799860805e-01
4.461300000000000182e+03 3.805087180724753125e+03 2.365695365740173584e-01
4.464800000000000182e+03 3.848630235893902409e+03 2.344067027847773765e-01
4.468300000000000182e+03 3.823075921150401882e+03 2.335692014553082396e-01
4.471800000000000182e+03 3.865154743198195320e+03 2.332929845371040645e-01
4.475300000000000182e+03 3.881151198568858945e+03 2.320648954680597509e-01
4.478800000000000182e+03 3.876159345660441431e+03 2.314340619862852999e-01
4.482300000000000182e+03 3.880953586116184397e+03 2.296799784310566417e-01
4.485800000000000182e+03 3.879003806228852227e+03 2.305338298101121397e-01
4.489300000000000182e+03 3.919726384023047103e+03 2.294270621735837179e-01
4.492800000000000182e+03 3.907129071343855685e+03 2.294801685607739949e-01
4.496300000000000182e+03 3.972228269779078801e+03 2.287588151212721910e-01
4.499800000000000182e+03 4.048779107999985172e+03 2.278286318905854424e-01
4.503300000000000182e+03 4.073504453070796899e+03 2.280878214676069216e-01
4.506800000000000182e+03 4.141085292312774072e+03 2.278534429011527529e-01
4.510300000000000182e+03 4.128433118722938161e+03 2.275744025206457299e-01
4.513800000000000182e+03 4.102121196739725747e+03 2.297732696653958795e-01
4.517300000000000182e+03 4.054668758920287928e+03 2.274073429150374470e-01
4.520800000000000182e+03 4.044006777054700251e+03 2.235637202103680499e-01
4.524300000000000182e+03 4.002474975659455140e+03 2.251222178468969271e-01
4.527800000000000182e+03 3.980773714827535059e+03 2.214798887970285401e-01
4.531300000000000182e+03 3.958454709833812103e+03 2.209160518194246414e-01
4.534800000000000182e+03 3.918875055014850204e+03 2.228053246584319746e-01
4.538300000000000182e+03 3.949278956219518477e+03 2.217795601322551102e-01
4.541800000000000182e+03 3.996863361956969584e+03 2.184686622466787131e-01
4.545300000000000182e+03 3.977545074079571350e+03 2.199236850945880950e-01
4.548800000000000182e+03 4.052220806473938865e+03 2.195992147267554206e-01
4.552300000000000182e+03 4.032383531799685898e+03 2.203464373262474241e-01
4.555800000000000182e+03 4.074997365842009003e+03 2.184775541322513392e-01
4.559300000000000182e+03 4.151375577653922846e+03 2.174811767678644925e-01
4.562800000000000182e+03 4.239357584900596521e+03 2.160620437455777754e-01
4.566300000000000182e+03 4.222948718455724702e+03 2.191541333031414296e-01
4.569800000000000182e+03 4.250027418386041063e+03 2.177386120831905358e-01
4.573300000000000182e+03 4.221459686900763700e+03 2.183622839016359507e-01
4.576800000000000182e+03 4.216209603700304797e+03 2.151449004238792095e-01
4.580300000000000182e+03 4.150173176571190197e+03 2.155423998994948631e-01
4.583800000000000182e+03 4.155263965793721582e+03 2.147594380991200702e-01
4.587300000000000182e+03 4.147692743311407867e+03 2.129365452958915661e-01
4.590800000000000182e+03 4.136668935541009887e+03 2.120370319807860227e-01
4.594300000000000182e+03 4.132800616752295355e+03 2.119859167689649160e-01
4.597800000000000182e+03 4.158296037238546887e+03 2.105075606605620875e-01
4.601300000000000182e+03 4.155770378651876854e+03 2.105474792564899222e-01
4.604800000000000182e+03 4.197218211882369360e+03 2.107533671797857666e-01
4.608300000000000182e+03 4.237192777501514684e+03 2.105640591148540686e-01
4.611800000000000182e+03 4.208204791057038165e+03 2.092221306310254603e-01
4.615300000000000182e+03 4.211419427448629904e+03 2.085445440728201649e-01
4.618800000000000182e+03 4.158034326163773585e+03 2.093712621204608659e-01
4.622300000000000182e+03 4.191024471045735481e+03 2.078455981379634110e-01
4.625800000000000182e+03 4.183503605432433687e+03 2.075694372419537304e-01
4.629300000000000182e+03 4.149110485157068979e+03 2.065449427189509635e-01
4.632800000000000182e+03 4.183898353173091891e+03 2.060311076684467058e-01
4.636300000000000182e+03 4.189057363813301890e+03 2.053475698616549217e-01
4.639800000000000182e+03 4.191345681859943397e+03 2.067923889230604273e-01
4.643300000000000182e+03 4.189166594472314500e+03 2.048413344502713618e-01
4.646800000000000182e+03 4.199649829935112393e+03 2.050638154312726391e-01
4.650300000000000182e+03 4.259268649699874004e+03 2.038763259135547290e-01
4.653800000000000182e+03 4.228726871428501909e+03 2.030613269023493206e-01
4.657300000000000182e+03 4.286176672443280040e+03 2.025702522899510971e-01
4.660800000000000182e+03 4.316406956908901520e+03 2.025138907231730512e-01
4.664300000000000182e+03 4.329130944102614194e+03 2.006097888285859054e-01
4.667800000000000182e+03 4.327155882202538123e+03 1.996871875015942821e-01
4.671300000000000182e+03 4.297319392702802361e+03 1.997751831693990177e-01
4.674800000000000182e+03 4.316654416000347737e+03 1.987775781992754398e-01
4.678300000000000182e+03 4.278439808678625013e+03 2.000247671110490510e-01
4.681800000000000182e+03 4.278416074528724494e+03 1.997606890039376193e-01
4.685300000000000182e+03 4.237243249140206899e+03 1.991283521767328035e-01
4.688800000000000182e+03 4.236254497799289311e+03 1.986258374926875570e-01
4.692300000000000182e+03 4.195461780897372591e+03 1.980315223261379654e-01
4.695800000000000182e+03 4.192739062209465374e+03 1.980225794626626346e-01
4.699300000000000182e+03 4.154684922942406956e+03 1.949840161478406386e-01
4.702800000000000182e+03 4.135760801229363096e+03 1.958803271347654140e-01
4.706300000000000182e+03 4.145233602543513371e+03 1.941806270295499959e-01
4.709800000000000182e+03 4.135066935481432665e+03 1.943173947094354315e-01
4.713300000000000182e+03 4.163766193303978071e+03 1.925626204337340941e-01
4.716800000000000182e+03 4.177370099460709753e+03 1.923539631925017535e-01
4.720300000000000182e+03 4.185144933261463848e+03 1.943528330953321892e-01
4.723800000000000182e+03 4.246762976352608348e+03 1.922387083993419288e-01
4.727300000000000182e+03 4.263911839260642409e+03 1.945537039134030977e-01
4.730800000000000182e+03 4.315660469680854476e+03 1.918693214965286331e-01
4.734300000000000182e+03 4.391823901118383219e+03 1.915408335440967336e-01
4.737800000000000182e+03 4.380501270774907425e+03 1.895889940975676036e-01
4.741300000000000182e+03 4.348113889997345723e+03 1.898793313751498124e-01
4.744800000000000182e+03 4.359929378431715122e+03 1.925980690950384877e-01
4.748300000000000182e+03 4.378110277840793060e+03 1.900730166156895662e-01
4.751800000000000182e+03 4.414069697715238362e+03 1.876378646585971366e-01
4.755300000000000182e+03 4.369760196110797551e+03 1.903299898546785829e-01
4.758800000000000182e+03 4.392419236061356060e+03 1.881511166002839130e-01
4.762300000000000182e+03 4.347157955910432065e+03 1.895211626306064212e-01
4.765800000000000182e+03 4.336511942857379836e+03 1.874445004534101289e-01
4.769300000000000182e+03 4.326376972105044842e+03 1.870728782473812524e-01
4.772800000000000182e+03 4.368816116961467742e+03 1.865225936397867934e-01
4.776300000000000182e+03 4.352788740889566725e+03 1.874554355846837772e-01
4.779800000000000182e+03 4.356231147333484842e+03 1.863442768743208966e-01
4.783300000000000182e+03 4.332518561308122116e+03 1.862357087513724918e-01
4.786800000000000182e+03 4.290151659541837944e+03 1.858044955419936306e-01
4.790300000000000182e+03 4.334704876834286551e+03 1.856888753535188841e-01
4.793800000000000182e+03 4.353801556062280724e+03 1.851225197322474425e-01
4.797300000000000182e+03 4.279474261165220923e+03 1.874649909460967545e-01
4.800800000000000182e+03 4.272386306480279927e+03 1.863159142033590787e-01
4.804300000000000182e+03 4.285663185921860531e+03 1.855192554036626251e-01
4.807800000000000182e+03 4.253707799639206314e+03 1.849551580364140191e-01
4.811300000000000182e+03 4.268322650933816476e+03 1.813028408109637890e-01
4.814800000000000182e+03 4.316390230043539304e+03 1.843510591462582948e-01
4.818300000000000182e+03 4.282916790047285758e+03 1.851295965307586666e-01
4.821800000000000182e+03 4.299984345111875882e+03 1.854728707708744317e-01
4.825300000000000182e+03 4.258536689917273179e+03 1.853047712535932368e-01
4.828800000000000182e+03 4.209878366024829120e+03 1.847915387604260606e-01
4.832300000000000182e+03 4.143151360176102571e+03 1.846763506652574771e-01
4.835800000000000182e+03 4.095451618250598131e+03 1.836054803282574921e-01
4.839300000000000182e+03 4.017468867068195323e+03 1.810041224736697318e-01
4.842800000000000182e+03 3.875818297772394999e+03 1.780933465837023499e-01
4.846300000000000182e+03 3.804341935683206430e+03 1.793777199530167676e-01
4.849800000000000182e+03 3.678111651363156852e+03 1.788928878231434427e-01
4.853300000000000182e+03 3.540943402865039388e+03 1.800526699482155046e-01
4.856800000000000182e+03 3.421159054789815400e+03 1.760116374170356823e-01
4.860300000000000182e+03 3.304331267116151139e+03 1.729367390257618153e-01
4.863800000000000182e+03 3.204565658724114201e+03 1.701664108138707110e-01
4.867300000000000182e+03 3.191321437269642502e+03 1.655834182505761254e-01
4.870800000000000182e+03 3.211133905387477171e+03 1.637056119377637287e-01
4.874300000000000182e+03 3.307430086498023229e+03 1.657694831876080077e-01
4.877800000000000182e+03 3.456422885132337797e+03 1.706614595989500160e-01
4.881300000000000182e+03 3.629361677867692833e+03 1.746913707444341934e-01
4.884800000000000182e+03 3.792623263955830680e+03 1.811837294915960850e-01
4.888300000000000182e+03 3.937778262188717690e+03 1.811230131002824761e-01
4.891800000000000182e+03 4.056236024109621667e+03 1.806898489812898412e-01
4.895300000000000182e+03 4.132031402737318786e+03 1.776667577997121106e-01
4.898800000000000182e+03 4.146314889839329226e+03 1.760078700489502990e-01
4.902300000000000182e+03 4.141036614747902604e+03 1.757540962212562341e-01
4.905800000000000182e+03 4.161342658684548041e+03 1.732986243693943884e-01
4.909300000000000182e+03 4.214681338047926147e+03 1.724940552919158321e-01
4.912800000000000182e+03 4.184797825711531004e+03 1.729561857232005950e-01
4.916300000000000182e+03 4.144229191721132338e+03 1.725366100503251399e-01
4.919800000000000182e+03 4.125299855051359373e+03 1.728666778477257748e-01
4.923300000000000182e+03 4.155686787631948391e+03 1.717947696145671332e-01
4.926800000000000182e+03 4.171169898649772222e+03 1.688571941649681385e-01
4.930300000000000182e+03 4.162315477688604005e+03 1.708008729891583588e-01
4.933800000000000182e+03 4.135046679009215040e+03 1.707310651669918244e-01
4.937300000000000182e+03 4.205822552681108391e+03 1.706782062504489939e-01
4.940800000000000182e+03 4.237281213498204124e+03 1.698203659690019629e-01
4.944300000000000182e+03 4.237271756814992841e+03 1.717531485233591559e-01
4.947800000000000182e+03 4.268124453491704116e+03 1.702438094625764453e-01
4.951300000000000182e+03 4.266528645340499679e+03 1.696790622487182598e-01
4.954800000000000182e+03 4.315073626193646305e+03 1.659190217537664935e-01
4.958300000000000182e+03 4.324800958685179467e+03 1.667101511514454126e-01
4.961800000000000182e+03 4.291535794755661300e+03 1.700952896109580725e-01
4.965300000000000182e+03 4.323365852084538346e+03 1.689710935493646538e-01
4.968800000000000182e+03 4.269278487190570559e+03 1.699858888907254950e-01
4.972300000000000182e+03 4.302089117983006872e+03 1.686456761731157661e-01
4.975800000000000182e+03 4.251725850893320057e+03 1.682446889921989097e-01
4.979300000000000182e+03 4.193227949925787470e+03 1.681288914064760776e-01
4.982800000000000182e+03 4.192818548486699910e+03 1.677201032749804643e-01
4.986300000000000182e+03 4.160889390213813385e+03 1.658671987946009341e-01
4.989800000000000182e+03 4.098149210416499045e+03 1.682931365383089906e-01
4.993300000000000182e+03 4.088666688426495966e+03 1.671496894847438741e-01
4.996800000000000182e+03 4.060180263762990762e+03 1.665786983220347295e-01
5.000300000000000182e+03 4.030321105559236457e+03 1.656401439983268276e-01
5.003800000000000182e+03 4.026864527274681677e+03 1.666231788577040573e-01
5.007300000000000182e+03 3.999411978610085043e+03 1.651356282546668774e-01
5.010800000000000182e+03 4.001954751479109291e+03 1.663245482337772363e-01
5.014300000000000182e+03 4.037440902617372558e+03 1.635877564771298087e-01
5.017800000000000182e+03 4.059952774968573067e+03 1.647457745870284651e-01
5.021300000000000182e+03 4.097256469855300566e+03 1.652648199929011852e-01
5.024800000000000182e+03 4.117316250337888960e+03 1.663896191822052950e-01
5.028300000000000182e+03 4.152063315387368675e+03 1.679770740217915448e-01
5.031800000000000182e+03 4.135518626991652127e+03 1.688761945214032056e-01
5.035300000000000182e+03 4.172624246877773658e+03 1.674347811917527018e-01
5.038800000000000182e+03 4.153421965301200544e+03 1.661827123266939044e-01
5.042300000000000182e+03 4.127417080066566086e+03 1.671177803298629916e-01
5.045800000000000182e+03 4.132277367098856303e+03 1.649799971769295437e-01
5.049300000000000182e+03 4.104023477953154725e+03 1.648899952451582662e-01
5.052800000000000182e+03 4.179960640760428760e+03 1.635997594396468580e-01
5.056300000000000182e+03 4.163404268540739395e+03 1.626521240024945691e-01
5.059800000000000182e+03 4.149834525035489605e+03 1.643968175947965182e-01
5.063300000000000182e+03 4.215040866240013202e+03 1.636967802377889969e-01
5.066800000000000182e+03 4.230664270437314372e+03 1.618037677421270415e-01
5.070300000000000182e+03 4.241960088819500015e+03 1.641695200740496408e-01
5.073800000000000182e+03 4.236123360880382279e+03 1.638627195027257955e-01
5.077300000000000182e+03 4.238328704595821364e+03 1.632770180329030929e-01
5.080800000000000182e+03 4.226327187901544676e+03 1.617336896460538354e-01
5.084300000000000182e+03 4.209258962440604591e+03 1.624235608576183321e-01
5.087800000000000182e+03 4.190631710634151204e+03 1.617076685391086732e-01
5.091300000000000182e+03 4.182410345768823390e+03 1.589690229286420120e-01
5.094800000000000182e+03 4.243361071999008345e+03 1.588338172744183929e-01
5.098300000000000182e+03 4.223808377710156492e+03 1.587501236044716602e-01
5.101800000000000182e+03 4.236819444422377273e+03 1.560071230681968346e-01
5.105300000000000182e+03 4.270338016738201986e+03 1.578396632468367089e-01
5.108800000000000182e+03 4.220219454216336089e+03 1.596182630935994995e-01
5.112300000000000182e+03 4.266866068058109704e+03 1.570135651874046967e-01
5.115800000000000182e+03 4.259193347566450939e+03 1.573671573613979746e-01
5.119300000000000182e+03 4.255075147913427827e+03 1.537682436283230869e-01
5.122800000000000182e+03 4.242707191479900757e+03 1.568781944550131646e-01
5.126300000000000182e+03 4.203399019957805649e+03 1.562534432424244057e-01
5.129800000000000182e+03 4.217781540550347017e+03 1.549576921247816375e-01
5.133300000000000182e+03 4.145381863522299682e+03 1.547771262521656088e-01
5.136800000000000182e+03 4.155669540257620611e+03 1.560675566267213377e-01
5.140300000000000182e+03 4.169628220994582080e+03 1.549566276724899938e-01
5.143800000000000182e+03 4.161698313046167641e+03 1.531413169565689625e-01
5.147300000000000182e+03 4.108867584730531235e+03 1.566809007885806293e-01
5.150800000000000182e+03 4.072608843554012310e+03 1.547001239117696270e-01
5.154300000000000182e+03 4.080779434611833040e+03 1.569398919303494067e-01
5.157800000000000182e+03 4.075423695897302878e+03 1.542292294541749709e-01
5.161300000000000182e+03 4.042633944831014105e+03 1.533477271787202501e-01
5.164800000000000182e+03 4.013599929389357385e+03 1.529229108245574176e-01
5.168300000000000182e+03 4.024500988517901078e+03 1.518332440290746654e-01
5.171800000000000182e+03 3.981986564522644585e+03 1.515777561985749700e-01
5.175300000000000182e+03 3.976292782034353877e+03 1.522053260062119218e-01
5.178800000000000182e+03 4.018649932017631727e+03 1.522292660841836620e-01
5.182300000000000182e+03 4.007178909689939701e+03 1.521520311276947923e-01
5.185800000000000182e+03 3.966201906356136533e+03 1.535758298221525375e-01
5.189300000000000182e+03 4.004503356885713401e+03 1.530067765190170626e-01
5.192800000000000182e+03 3.996780217393943985e+03 1.532190453721176404e-01
5.196300000000000182e+03 3.986089544254824887e+03 1.519593492514402788e-01
5.199800000000000182e+03 4.036754994843949589e+03 1.519472471615725129e-01
5.203300000000000182e+03 4.048137197312099943e+03 1.498760625584081296e-01
5.206800000000000182e+03 4.054755010622495320e+03 1.532886420712527842e-01
5.210300000000000182e+03 4.084357075786929272e+03 1.525100401383646109e-01
5.213800000000000182e+03 4.097324178950904752e+03 1.531176901415923497e-01
5.217300000000000182e+03 4.115910331349279659e+03 1.514553586968552523e-01
5.220800000000000182e+03 4.094855097705524258e+03 1.529234546322921495e-01
5.224300000000000182e+03 4.115897063146785513e+03 1.499067129638609608e-01
5.227800000000000182e+03 4.110405013645296094e+03 1.509716074744311132e-01
5.231300000000000182e+03 4.122900733568935721e+03 1.522828885168596158e-01
5.234800000000000182e+03 4.138567012990174590e+03 1.521584832145171096e-01
5.238300000000000182e+03 4.146637580145379616e+03 1.515143695558836545e-01
5.241800000000000182e+03 4.168217897864807128e+03 1.510946755287582710e-01
5.245300000000000182e+03 4.171835104064771258e+03 1.519736693999252375e-01
5.248800000000000182e+03 4.192494630605958264e+03 1.507082378342077811e-01
5.252300000000000182e+03 4.130635380792740762e+03 1.544638148347894369e-01
5.255800000000000182e+03 4.087843373914285621e+03 1.512955501957481685e-01
5.259300000000000182e+03 3.998637382956377223e+03 1.521847689453840191e-01
5.262800000000000182e+03 3.974776792327322255e+03 1.502439523643658015e-01
5.266300000000000182e+03 3.961865585380843640e+03 1.490187214292522655e-01
5.269800000000000182e+03 3.919487957778982036e+03 1.488361910292972934e-01
5.273300000000000182e+03 3.926336109941483301e+03 1.494821137112943010e-01
5.276800000000000182e+03 3.968112577720208719e+03 1.495073831381613094e-01
5.280300000000000182e+03 3.989251032414609199e+03 1.493699340915150553e-01
5.283800000000000182e+03 4.025789647512202464e+03 1.517035271512428563e-01
5.287300000000000182e+03 4.090707610725445647e+03 1.503466986591960319e-01
5.290800000000000182e+03 4.117082720413597599e+03 1.518288045818858290e-01
5.294300000000000182e+03 4.149682632774421108e+03 1.507119840012803302e-01
5.297800000000000182e+03 4.171774631352360302e+03 1.509707978057251432e-01
5.301300000000000182e+03 4.156586897839592893e+03 1.505614109904353515e-01
5.304800000000000182e+03 4.139090712541089488e+03 1.521155487338327894e-01
5.308300000000000182e+03 4.132699896894653648e+03 1.518396171587589050e-01
5.311800000000000182e+03 4.127416924798076252e+03 1.497531178257345830e-01
5.315300000000000182e+03 4.150317214017784863e+03 1.492223166070016649e-01
5.318800000000000182e+03 4.082713020479655825e+03 1.490439910860278938e-01
5.322300000000000182e+03 3.995460253996696792e+03 1.496683759183626561e-01
5.325800000000000182e+03 3.973681094727324307e+03 1.495139398618240967e-01
5.329300000000000182e+03 3.987994331000103557e+03 1.486820033970318589e-01
5.332800000000000182e+03 3.969161638386211507e+03 1.463746105414201748e-01
5.336300000000000182e+03 4.011371342294925398e+03 1.488341512943819611e-01
5.339800000000000182e+03 4.013357014191800317e+03 1.478728463738208931e-01
5.343300000000000182e+03 4.080713966207280464e+03 1.465107433910144696e-01
5.346800000000000182e+03 4.055751673831726293e+03 1.494578625151564144e-01
5.350300000000000182e+03 4.111268754343253931e+03 1.477231072974771464e-01
5.353800000000000182e+03 4.100942868712924792e+03 1.469848774167146488e-01
5.357300000000000182e+03 4.128327311086422924e+03 1.472574627914030321e-01
5.360800000000000182e+03 4.097370135614392893e+03 1.476617192429088843e-01
5.364300000000000182e+03 4.104572246465867465e+03 1.452585659633175152e-01
5.367800000000000182e+03 4.076845044445631174e+03 1.484756014813274072e-01
5.371300000000000182e+03 4.065501863324203896e+03 1.461675380351025733e-01
5.374800000000000182e+03 4.048793024616494222e+03 1.484290557324581261e-01
5.378300000000000182e+03 4.037442161501447572e+03 1.464089332578393798e-01
5.381800000000000182e+03 4.035224183473788798e+03 1.468687514813682982e-01
5.385300000000000182e+03 4.047314645043381461e+03 1.490550510874125156e-01
5.388800000000000182e+03 4.056668386726585595e+03 1.452192265195896281e-01
5.392300000000000182e+03 4.024232891764454962e+03 1.482277723280738535e-01
5.395800000000000182e+03 3.990232539397081382e+03 1.481680950709199640e-01
5.399300000000000182e+03 4.018900038533903626e+03 1.475986451492441454e-01
5.402800000000000182e+03 4.001556982899755440e+03 1.468013171492288937e-01
5.406300000000000182e+03 3.939453771828770641e+03 1.487354098706014649e-01
5.409800000000000182e+03 3.918259805742378376e+03 1.464546115188517517e-01
5.413300000000000182e+03 3.979312942749229478e+03 1.449182212421216975e-01
5.416800000000000182e+03 3.957342052086503827e+03 1.476955923087609757e-01
5.420300000000000182e+03 3.961374237192134387e+03 1.468996464158182080e-01
5.423800000000000182e+03 3.948516026170894293e+03 1.471545255861849977e-01
5.427300000000000182e+03 3.969813990921922596e+03 1.488244731156705691e-01
5.430800000000000182e+03 3.995087514673290570e+03 1.472033716447918028e-01
5.434300000000000182e+03 4.039505992130752929e+03 1.461987347232966139e-01
5.437800000000000182e+03 4.012574208957883002e+03 1.453247252201686213e-01
5.441300000000000182e+03 4.049664915649846535e+03 1.463014416325101597e-01
5.444800000000000182e+03 4.040893042635377697e+03 1.442200722479462238e-01
5.448300000000000182e+03 4.047551981063814765e+03 1.443137949733140912e-01
5.451800000000000182e+03 4.048200604862261116e+03 1.453485451178581078e-01
5.455300000000000182e+03 4.025847179620496718e+03 1.445970869288111527e-01
5.458800000000000182e+03 4.013208689358784341e+03 1.451240777228387513e-01
5.462300000000000182e+03 3.993572071427871379e+03 1.462305507729260712e-01
5.465800000000000182e+03 3.988319564397866543e+03 1.478221110347374967e-01
5.469300000000000182e+03 4.025536843849691650e+03 1.435328189523358555e-01
5.472800000000000182e+03 4.001985834844204874e+03 1.431994093307165372e-01
5.476300000000000182e+03 3.989169590109969249e+03 1.455177390688703332e-01
5.479800000000000182e+03 3.987120731853592133e+03 1.441117634959221128e-01
5.483300000000000182e+03 4.015212580000963953e+03 1.423501226353367510e-01
5.486800000000000182e+03 4.008662944908870486e+03 1.435191194272246173e-01
5.490300000000000182e+03 4.047963773471565673e+03 1.408891347939320027e-01
5.493800000000000182e+03 4.025716161318873674e+03 1.437391969100216549e-01
5.497300000000000182e+03 4.008181219767288439e+03 1.415602953669291564e-01
5.500800000000000182e+03 3.990562406442187694e+03 1.408811841632103268e-01
5.504300000000000182e+03 3.996085239698033547e+03 1.421220402572442865e-01
5.507800000000000182e+03 3.996936179694594557e+03 1.407774456479596314e-01
5.511300000000000182e+03 3.990811787511241619e+03 1.428287139600622757e-01
5.514800000000000182e+03 4.001067459435976161e+03 1.418981904225649071e-01
5.518300000000000182e+03 4.003583289623364635e+03 1.429293356703460471e-01
5.521800000000000182e+03 4.001454181931673702e+03 1.422309590466652174e-01
5.525300000000000182e+03 3.974142585562252862e+03 1.399908187200587240e-01
5.528800000000000182e+03 3.952992046915259380e+03 1.410958811376281929e-01
5.532300000000000182e+03 3.970541009587167991e+03 1.403258353428172012e-01
5.535800000000000182e+03 3.969384565284807650e+03 1.423790705336853701e-01
5.539300000000000182e+03 4.010818761975022881e+03 1.402700052076055470e-01
5.542800000000000182e+03 3.952467602187628017e+03 1.409035758004002492e-01
5.546300000000000182e+03 3.959689561584180865e+03 1.402924214515700874e-01
5.549800000000000182e+03 3.944699403867882666e+03 1.425051082708805594e-01
5.553300000000000182e+03 3.947925150833762018e+03 1.416446917715289411e-01
5.556800000000000182e+03 3.939483033664288087e+03 1.412988158304024633e-01
5.560300000000000182e+03 3.915656539517650344e+03 1.413068140233784131e-01
5.563800000000000182e+03 3.907528014690651162e+03 1.412506507606516581e-01
5.567300000000000182e+03 3.881208813675426427e+03 1.403499436832402192e-01
5.570800000000000182e+03 3.877342736342378885e+03 1.388607532661878807e-01
5.574300000000000182e+03 3.855870023857278738e+03 1.405671983679780412e-01
5.577800000000000182e+03 3.866693498917604757e+03 1.434556112571861719e-01
5.581300000000000182e+03 3.874144257119387476e+03 1.419199048554969644e-01
5.584800000000000182e+03 3.852165148764238893e+03 1.416945544162929727e-01
5.588300000000000182e+03 3.850257344073144850e+03 1.393290155337792990e-01
5.591800000000000182e+03 3.870467268127861189e+03 1.416791687819970169e-01
5.595300000000000182e+03 3.867032453415616146e+03 1.405906968149990555e-01
5.598800000000000182e+03 3.832204872968584368e+03 1.414962890931462935e-01
5.602300000000000182e+03 3.832718701790369323e+03 1.404891682418184795e-01
5.605800000000000182e+03 3.862898091402596492e+03 1.397969989528110302e-01
5.609300000000000182e+03 3.888460035213868196e+03 1.412611299303316581e-01
5.612800000000000182e+03 3.866107666546957262e+03 1.406033548250705256e-01
5.616300000000000182e+03 3.862388640080484038e+03 1.421079710770394022e-01
5.619800000000000182e+03 3.904194673893485287e+03 1.392383994164422822e-01
5.623300000000000182e+03 3.891743400211658809e+03 1.422194401912757200e-01
5.626800000000000182e+03 3.858088078416475128e+03 1.418522116525912091e-01
5.630300000000000182e+03 3.860708956425511133e+03 1.427564043790142123e-01
5.633800000000000182e+03 3.854721961333434137e+03 1.430870265330892732e-01
5.637300000000000182e+03 3.890788339124772392e+03 1.412123631152527869e-01
5.640800000000000182e+03 3.881717966787984096e+03 1.410768693942245078e-01
5.644300000000000182e+03 3.886233722420153754e+03 1.413441648992518063e-01
5.647800000000000182e+03 3.875684450190103689e+03 1.414047900309899630e-01
5.651300000000000182e+03 3.848721574429944667e+03 1.383446150634380090e-01
5.654800000000000182e+03 3.830991112919340139e+03 1.396452748301009184e-01
5.658300000000000182e+03 3.788612856545270006e+03 1.438982032637334540e-01
5.661800000000000182e+03 3.809177737336752216e+03 1.389886348568318275e-01
5.665300000000000182e+03 3.790224970892220426e+03 1.408191241195460297e-01
5.668800000000000182e+03 3.765170133153727875e+03 1.393390311128752113e-01
5.672300000000000182e+03 3.785100503971163562e+03 1.404380993723425286e-01
5.675800000000000182e+03 3.764608154331720016e+03 1.421895158167949813e-01
5.679300000000000182e+03 3.809207812290846050e+03 1.415983971958439114e-01
5.682800000000000182e+03 3.774319490427759774e+03 1.453167380170752032e-01
5.686300000000000182e+03 3.781155172034391853e+03 1.446442113714236088e-01
5.689800000000000182e+03 3.785780832786020255e+03 1.439309569609743544e-01
5.693300000000000182e+03 3.795031538697391625e+03 1.447726095149137193e-01
5.696800000000000182e+03 3.775934965452122015e+03 1.426964781615060462e-01
5.700300000000000182e+03 3.811391130593217440e+03 1.421198276084253420e-01
5.703800000000000182e+03 3.760566574495672739e+03 1.424149939607931847e-01
5.707300000000000182e+03 3.746997669877927819e+03 1.415628038772141495e-01
5.710800000000000182e+03 3.809912733865629889e+03 1.417335454413535534e-01
5.714300000000000182e+03 3.768452638885163651e+03 1.421147658860048013e-01
5.717800000000000182e+03 3.798448104184934436e+03 1.394884244719870048e-01
5.721300000000000182e+03 3.802251780863630756e+03 1.422784308136348930e-01
5.724800000000000182e+03 3.786211079027734286e+03 1.430568564808691878e-01
5.728300000000000182e+03 3.824596762033437244e+03 1.433626061316760625e-01
5.731800000000000182e+03 3.799881671568125057e+03 1.415428865696368721e-01
5.735300000000000182e+03 3.797176505541395272e+03 1.434806773288292148e-01
5.738800000000000182e+03 3.833066514793697024e+03 1.393826446121874951e-01
5.742300000000000182e+03 3.812729051648600034e+03 1.414116432227376097e-01
5.745800000000000182e+03 3.817874308977793135e+03 1.377050357658052560e-01
5.749300000000000182e+03 3.778692026721356797e+03 1.406686086919385903e-01
5.752800000000000182e+03 3.792707892484779677e+03 1.407910646895279838e-01
5.756300000000000182e+03 3.782896597087641567e+03 1.388862785314256831e-01
5.759800000000000182e+03 3.764809662767165264e+03 1.382278796162928480e-01
5.763300000000000182e+03 3.781977401387013288e+03 1.389607720854033335e-01
5.766800000000000182e+03 3.783065139685419581e+03 1.403906080073992202e-01
5.770300000000000182e+03 3.789582631135728661e+03 1.365412280422281799e-01
5.773800000000000182e+03 3.794024291980079397e+03 1.389464678195455327e-01
5.777300000000000182e+03 3.778105509860721668e+03 1.371696035595862673e-01
5.780800000000000182e+03 3.764121508987627294e+03 1.350432571030627527e-01
5.784300000000000182e+03 3.776289650584677474e+03 1.350194717994576410e-01
5.787800000000000182e+03 3.764088179917830985e+03 1.357379558929846519e-01
5.791300000000000182e+03 3.774420660779972422e+03 1.343494616673162612e-01
5.794800000000000182e+03 3.773445287069704591e+03 1.343205686575686120e-01
5.798300000000000182e+03 3.748481473259259928e+03 1.336160977333906152e-01
5.801800000000000182e+03 3.780144569781959945e+03 1.348025069670322762e-01
5.805300000000000182e+03 3.757197252736760674e+03 1.348738885497764162e-01
5.808800000000000182e+03 3.753239443908652902e+03 1.353034718486243182e-01
5.812300000000000182e+03 3.774729591296134913e+03 1.327739373918041532e-01
5.815800000000000182e+03 3.790815976579463950e+03 1.322111493862198617e-01
5.819300000000000182e+03 3.784921693072585185e+03 1.309966162247141463e-01
5.822800000000000182e+03 3.774330301159319788e+03 1.334564271008928660e-01
5.826300000000000182e+03 3.762360531089019332e+03 1.324623821602435303e-01
5.829800000000000182e+03 3.774109433094815358e+03 1.320772589390786511e-01
5.833300000000000182e+03 3.776968162599933294e+03 1.297698387717876600e-01
5.836800000000000182e+03 3.763438373820990819e+03 1.312079393987414244e-01
5.840300000000000182e+03 3.726559417548644888e+03 1.302886210946900269e-01
5.843800000000000182e+03 3.710931742612566268e+03 1.293382249844878540e-01
5.847300000000000182e+03 3.714566593644207387e+03 1.292181220746362602e-01
5.850800000000000182e+03 3.684472515796236166e+03 1.316383684441295998e-01
5.854300000000000182e+03 3.678839434656262256e+03 1.309699583180342630e-01
5.857800000000000182e+03 3.703450837984117697e+03 1.302337772772532987e-01
5.861300000000000182e+03 3.671859602505586281e+03 1.322458284913704263e-01
5.864800000000000182e+03 3.683031315388718667e+03 1.327006798342406646e-01
5.868300000000000182e+03 3.639016620877770492e+03 1.309582011604848162e-01
5.871800000000000182e+03 3.623846092053234315e+03 1.333424489489156706e-01
5.875300000000000182e+03 3.584428168030969573e+03 1.361628662864781403e-01
5.878800000000000182e+03 3.549687685127785699e+03 1.392922217579944388e-01
5.882300000000000182e+03 3.464006916874663602e+03 1.431114653001021031e-01
5.885800000000000182e+03 3.419790465148983913e+03 1.440452745722307082e-01
5.889300000000000182e+03 3.388405261685056757e+03 1.448123141018298476e-01
5.892800000000000182e+03 3.403346487542203249e+03 1.470220981199952537e-01
5.896300000000000182e+03 3.412128432051533764e+03 1.461151010643296777e-01
5.899800000000000182e+03 3.376300562237190661e+03 1.444929192014283159e-01
5.903300000000000182e+03 3.388594588552862660e+03 1.441795174547063074e-01
5.906800000000000182e+03 3.436256617125250159e+03 1.438193321209536579e-01
5.910300000000000182e+03 3.398826079192561338e+03 1.458972179094935873e-01
5.913800000000000182e+03 3.410594013413881385e+03 1.471820305938951468e-01
5.917300000000000182e+03 3.377357151828763108e+03 1.462854146711079772e-01
5.920800000000000182e+03 3.369727394034662211e+03 1.427691874491765489e-01
5.924300000000000182e+03 3.378748816898936184e+03 1.446816324904248718e-01
5.927800000000000182e+03 3.417427806742528446e+03 1.405892321803035860e-01
5.931300000000000182e+03 3.395324400723757208e+03 1.402933949805848513e-01
5.934800000000000182e+03 3.399385054822219445e+03 1.436325570123070106e-01
5.938300000000000182e+03 3.337616661952129562e+03 1.434401474681416266e-01
5.941800000000000182e+03 3.335922482955264513e+03 1.435702472157932286e-01
5.945300000000000182e+03 3.308158758541461339e+03 1.455966105126774712e-01
5.948800000000000182e+03 3.280821661067325294e+03 1.444072311678853138e-01
5.952300000000000182e+03 3.354659773676806253e+03 1.439087589600729911e-01
5.955800000000000182e+03 3.330807739986113575e+03 1.395157796162721786e-01
5.959300000000000182e+03 3.323145344599678083e+03 1.411486332657685416e-01
5.962800000000000182e+03 3.348087657902710362e+03 1.366493091690101080e-01
5.966300000000000182e+03 3.312828935804570392e+03 1.374690991282460084e-01
5.969800000000000182e+03 3.289200133115007702e+03 1.357908174398242962e-01
5.973300000000000182e+03 3.310940533004991721e+03 1.355713868798274213e-01
5.976800000000000182e+03 3.273834686567475728e+03 1.358903355630053655e-01
5.980300000000000182e+03 3.269744954553707885e+03 1.354524437413647808e-01
5.983800000000000182e+03 3.285633721777036953e+03 1.340113803921998692e-01
5.987300000000000182e+03 3.250256698520558984e+03 1.337703734076935713e-01
5.990800000000000182e+03 3.219765920681317311e+03 1.340495484297396234e-01
5.994300000000000182e+03 3.243473544968217084e+03 1.319406654997207218e-01
5.997800000000000182e+03 3.200171349639145319e+03 1.320379977512801672e-01
