# wavelength angstroms, flux, ext coeff
3.001800000000000182e+03 2.004347465818709498e-05 4.199858363083179391e+00
3.005300000000000182e+03 3.728799754055500681e-01 0.000000000000000000e+00
3.008800000000000182e+03 6.513088618071206426e+00 8.390858004101746648e-01
3.012300000000000182e+03 2.204629972648858782e+01 5.979554399854846158e-01
3.015800000000000182e+03 3.259727564578520642e-01 0.000000000000000000e+00
3.019300000000000182e+03 2.105743440631473451e-01 0.000000000000000000e+00
3.022800000000000182e+03 3.239019403881917003e-01 1.720560619182483597e+00
3.026300000000000182e+03 1.260636888679341716e+01 8.339790001581109946e-01
3.029800000000000182e+03 1.300301609997396390e+01 8.603406689666355245e-01
3.033300000000000182e+03 1.868843248706179461e+00 0.000000000000000000e+00
3.036800000000000182e+03 2.345240624130677243e-01 1.929876700804257439e+00
3.040300000000000182e+03 4.664184531684344215e+00 1.188323675675797775e+00
3.043800000000000182e+03 2.675682263390460669e+00 0.000000000000000000e+00
3.047300000000000182e+03 3.924089800329097155e+00 0.000000000000000000e+00
3.050800000000000182e+03 1.888516164884174620e+00 1.481011595917360868e+00
3.054300000000000182e+03 1.710936508153114266e+00 1.526369921199345114e+00
3.057800000000000182e+03 1.219605995677670585e+00 1.615743711047774589e+00
3.061300000000000182e+03 6.885999515146851380e+00 1.208406919522006406e+00
3.064800000000000182e+03 8.935664649254105640e+00 0.000000000000000000e+00
3.068300000000000182e+03 2.699283177103576570e+00 1.470520009731955735e+00
3.071800000000000182e+03 2.117223875273399170e+00 1.544546524575592050e+00
3.075300000000000182e+03 8.964763538769163209e-02 2.312902160154914899e+00
3.078800000000000182e+03 1.474079497719065490e-01 2.229368302555258641e+00
3.082300000000000182e+03 1.939793858930280446e-01 2.167934651039201022e+00
3.085800000000000182e+03 1.491935023028161611e+00 1.669582952533275266e+00
3.089300000000000182e+03 1.134098580837522352e+00 1.734216501178771130e+00
3.092800000000000182e+03 7.127706863041530561e+00 1.325932178602511557e+00
3.096300000000000182e+03 3.953277890253977578e+00 1.470529861979604336e+00
3.099800000000000182e+03 6.871227889195272720e-01 1.874605092151049757e+00
3.103300000000000182e+03 9.042680933599972493e-01 1.843837866881967713e+00
3.106800000000000182e+03 4.067864685885573373e+00 1.464445758884197257e+00
3.110300000000000182e+03 1.099027903874345791e+00 1.782515699197406711e+00
3.113800000000000182e+03 1.341584115969649327e+00 1.758211055997635830e+00
3.117300000000000182e+03 1.444813964049905142e+00 1.719069294899570721e+00
3.120800000000000182e+03 1.868249409568946362e+00 1.678772951974400574e+00
3.124300000000000182e+03 1.112861919861830096e+01 1.261180318938383227e+00
3.127800000000000182e+03 2.234510873674545817e+00 1.623644396642317300e+00
3.131300000000000182e+03 1.184072238109986941e+01 1.254183690747803670e+00
3.134800000000000182e+03 3.354024751799598469e+00 1.524317133174748928e+00
3.138300000000000182e+03 1.234832276664336170e+01 1.245223093627812361e+00
3.141800000000000182e+03 1.193752772260267037e+01 1.243050024041998602e+00
3.145300000000000182e+03 4.801797279066934543e+00 1.478927048590299664e+00
3.148800000000000182e+03 7.182330397251966758e+00 1.372122248927816202e+00
3.152300000000000182e+03 1.871645487922108231e+01 1.175685357071045045e+00
3.155800000000000182e+03 1.764500166491952982e+01 1.185275633632450587e+00
3.159300000000000182e+03 1.867745474928509708e+01 1.169243396291348880e+00
3.162800000000000182e+03 1.155081665082098397e+01 1.276104085041585900e+00
3.166300000000000182e+03 1.094597126577314050e+01 1.285260864209717635e+00
3.169800000000000182e+03 1.468860409575858128e+01 1.225091814102124310e+00
3.173300000000000182e+03 1.834911596792047206e+01 1.177968463168552304e+00
3.176800000000000182e+03 1.341671764469000649e+01 1.241989777923258265e+00
3.180300000000000182e+03 2.090805870299278268e+01 1.143537287963698468e+00
3.183800000000000182e+03 1.669678071157310484e+01 1.204152508152315004e+00
3.187300000000000182e+03 1.847273312371741127e+01 1.181488917650347359e+00
3.190800000000000182e+03 3.194225085228540095e+01 1.057425975647221739e+00
3.194300000000000182e+03 2.187335531634353103e+01 1.151920028144631791e+00
3.197800000000000182e+03 2.345752427598090151e+01 1.130382084754467664e+00
3.201300000000000182e+03 2.365736335314535665e+01 1.121888641033409462e+00
3.204800000000000182e+03 2.719038719770839307e+01 1.105267260415374375e+00
3.208300000000000182e+03 4.454432320115950716e+01 9.919251214917615966e-01
3.211800000000000182e+03 3.540984642429289408e+01 1.059169946747695823e+00
3.215300000000000182e+03 3.465831694433662591e+01 1.053357062557121360e+00
3.218800000000000182e+03 4.274037159348971926e+01 1.006344628394560514e+00
3.222300000000000182e+03 3.912068821113646067e+01 1.034019538451460107e+00
3.225800000000000182e+03 4.071505557226050342e+01 1.008360065983660681e+00
3.229300000000000182e+03 4.184919675054351984e+01 1.008489692975599095e+00
3.232800000000000182e+03 4.568013816850779563e+01 9.869956799995031060e-01
3.236300000000000182e+03 4.917556873380414828e+01 9.768422959464050370e-01
3.239800000000000182e+03 7.296772543304868464e+01 8.982830488619210074e-01
3.243300000000000182e+03 5.580103175493250234e+01 9.547998804089684599e-01
3.246800000000000182e+03 5.997691000452119425e+01 9.465982517689198739e-01
3.250300000000000182e+03 7.904073223130008330e+01 8.819664829172831899e-01
3.253800000000000182e+03 8.187236869316461707e+01 8.820444966970396594e-01
3.257300000000000182e+03 6.750471415561023036e+01 9.234685350716287378e-01
3.260800000000000182e+03 8.025543019871969364e+01 8.818183139902473489e-01
3.264300000000000182e+03 7.687070518673067454e+01 9.002142423513670444e-01
3.267800000000000182e+03 1.053861891443584824e+02 8.315289544115592735e-01
3.271300000000000182e+03 1.020966456210702091e+02 8.377301946560723467e-01
3.274800000000000182e+03 8.305075395080608303e+01 8.857781394802949348e-01
3.278300000000000182e+03 8.705320291651142384e+01 8.781529578460188779e-01
3.281800000000000182e+03 8.732850845471811851e+01 8.744929859030134978e-01
3.285300000000000182e+03 1.022459166069502601e+02 8.376461716989228590e-01
3.288800000000000182e+03 1.071180433468194906e+02 8.366793778194854259e-01
3.292300000000000182e+03 1.043617040784366878e+02 8.399295928941951095e-01
3.295800000000000182e+03 1.102322923548833842e+02 8.322157128320328834e-01
3.299300000000000182e+03 1.281771003573263670e+02 8.068241658974582009e-01
3.302800000000000182e+03 1.186936942309104666e+02 8.130196476354150104e-01
3.306300000000000182e+03 1.186035961094422078e+02 8.135482258814464851e-01
3.309800000000000182e+03 1.215570687146985165e+02 8.171210570775008231e-01
3.313300000000000182e+03 1.413460545431055380e+02 7.817794537929735332e-01
3.316800000000000182e+03 1.548266372194346161e+02 7.655066365300791098e-01
3.320300000000000182e+03 1.310272239575284345e+02 7.963037012232083711e-01
3.323800000000000182e+03 1.717031526557619827e+02 7.451134426583099213e-01
3.327300000000000182e+03 1.650658721903740798e+02 7.553510995093160041e-01
3.330800000000000182e+03 1.785237400127770968e+02 7.408811087188503786e-01
3.334300000000000182e+03 1.537009907381609253e+02 7.691283958120290754e-01
3.337800000000000182e+03 1.494815041816485746e+02 7.684120281043919087e-01
3.341300000000000182e+03 1.490635162051981695e+02 7.650889553248934050e-01
3.344800000000000182e+03 1.748206182966704603e+02 7.388868815014310032e-01
3.348300000000000182e+03 1.652221792826094315e+02 7.536962053368981840e-01
3.351800000000000182e+03 1.717377726931032100e+02 7.467038439552270424e-01
3.355300000000000182e+03 1.825130551857879482e+02 7.357300859239372937e-01
3.358800000000000182e+03 1.812596314722964337e+02 7.342340337100562442e-01
3.362300000000000182e+03 2.070650937530527358e+02 7.131547634414708847e-01
3.365800000000000182e+03 1.955412673866795785e+02 7.259700157650257335e-01
3.369300000000000182e+03 1.930148512626922752e+02 7.261523870302576400e-01
3.372800000000000182e+03 1.992118444225855285e+02 7.222290434272773396e-01
3.376300000000000182e+03 1.964501114042992924e+02 7.206975534429379548e-01
3.379800000000000182e+03 2.127040680037928837e+02 7.059091712892202608e-01
3.383300000000000182e+03 2.462037188910109080e+02 6.776671894407104713e-01
3.386800000000000182e+03 2.188766215006671985e+02 7.007134570595964229e-01
3.390300000000000182e+03 2.265077963134235972e+02 7.012543312018435504e-01
3.393800000000000182e+03 2.286464469255959671e+02 6.929644695235970264e-01
3.397300000000000182e+03 2.637066687777520997e+02 6.718971837302821770e-01
3.400800000000000182e+03 2.403562641564097078e+02 6.872211752874300972e-01
3.404300000000000182e+03 2.417702180900922997e+02 6.879812889494171246e-01
3.407800000000000182e+03 2.885760830627138489e+02 6.561575447625411783e-01
3.411300000000000182e+03 2.628894343554908346e+02 6.738932403487678524e-01
3.414800000000000182e+03 2.956863862560687153e+02 6.549028427831273813e-01
3.418300000000000182e+03 2.672989661201502258e+02 6.667999610414755418e-01
3.421800000000000182e+03 2.812782154550743599e+02 6.654554838553270457e-01
3.425300000000000182e+03 3.037798632538269317e+02 6.497246587069513968e-01
3.428800000000000182e+03 2.860963379011712391e+02 6.586924421946824815e-01
3.432300000000000182e+03 2.923641826389082325e+02 6.580852347837197192e-01
3.435800000000000182e+03 2.962328166557003897e+02 6.506874046909192355e-01
3.439300000000000182e+03 3.291570431402562349e+02 6.306788465215873440e-01
3.442800000000000182e+03 3.011330375959610137e+02 6.488332692195964979e-01
3.446300000000000182e+03 3.163809312786704595e+02 6.373634165825250442e-01
3.449800000000000182e+03 3.586922921770826065e+02 6.180422226715168721e-01
3.453300000000000182e+03 3.197301632362701866e+02 6.358486556641339549e-01
3.456800000000000182e+03 3.639345150277302423e+02 6.125728932114307135e-01
3.460300000000000182e+03 3.330992185049386762e+02 6.340045276956643994e-01
3.463800000000000182e+03 3.371567500978649150e+02 6.294006121732939052e-01
3.467300000000000182e+03 3.484822221069539978e+02 6.257753517068547211e-01
3.470800000000000182e+03 3.468739409797102553e+02 6.256658111125145139e-01
3.474300000000000182e+03 3.831578934985572573e+02 6.075695785703242313e-01
3.477800000000000182e+03 3.611201016322673354e+02 6.166268456858541303e-01
3.481300000000000182e+03 3.698712619196406308e+02 6.146418361424909049e-01
3.484800000000000182e+03 3.784171705987000678e+02 6.128282401324516293e-01
3.488300000000000182e+03 4.046900941881616518e+02 5.962510707793272635e-01
3.491800000000000182e+03 3.872567361839189175e+02 6.051722117941341628e-01
3.495300000000000182e+03 4.107375585601179182e+02 5.936858240240542317e-01
3.498800000000000182e+03 4.013296175026157471e+02 6.016383279185487654e-01
3.502300000000000182e+03 4.539969247125144989e+02 5.810873681240671385e-01
3.505800000000000182e+03 4.343336347342770409e+02 5.876619744020217251e-01
3.509300000000000182e+03 4.042515598541496615e+02 6.005227361862306434e-01
3.512800000000000182e+03 4.222531154733666767e+02 5.960843663962130945e-01
3.516300000000000182e+03 4.585827530118772302e+02 5.794979481447525282e-01
3.519800000000000182e+03 4.565236660705180043e+02 5.808368230697861234e-01
3.523300000000000182e+03 4.571180053714281826e+02 5.770211464061416606e-01
3.526800000000000182e+03 4.688105673556545980e+02 5.730853305417475951e-01
3.530300000000000182e+03 4.881544953168437928e+02 5.673473151806742720e-01
3.533800000000000182e+03 4.645408703681761153e+02 5.764868282931093768e-01
3.537300000000000182e+03 4.762310154851778634e+02 5.760210169598157792e-01
3.540800000000000182e+03 4.734330420089075346e+02 5.740710875496666254e-01
3.544300000000000182e+03 5.054685801018409279e+02 5.639334548647826351e-01
3.547800000000000182e+03 5.237346880117170258e+02 5.629331258949714645e-01
3.551300000000000182e+03 5.305736209539355741e+02 5.573171569205929154e-01
3.554800000000000182e+03 4.982916470954746728e+02 5.669180772493122022e-01
3.558300000000000182e+03 5.114963299085500807e+02 5.647519443657926796e-01
3.561800000000000182e+03 5.055435882598752073e+02 5.608500661865241099e-01
3.565300000000000182e+03 5.124993864921216300e+02 5.563266129971101703e-01
3.568800000000000182e+03 5.658943499569932101e+02 5.395392832121156390e-01
3.572300000000000182e+03 5.246968744224520833e+02 5.541900988674361983e-01
3.575800000000000182e+03 5.399919326253580039e+02 5.492693138418345278e-01
3.579300000000000182e+03 5.352672912447599174e+02 5.485174489559280220e-01
3.582800000000000182e+03 5.480318397351288695e+02 5.484406450029578606e-01
3.586300000000000182e+03 6.316229792101632938e+02 5.278056653085021477e-01
3.589800000000000182e+03 5.645070124453727658e+02 5.409580066305889057e-01
3.593300000000000182e+03 5.905416576669962296e+02 5.319332873115556470e-01
3.596800000000000182e+03 5.759074636137229390e+02 5.363222714393476309e-01
3.600300000000000182e+03 5.973098861239820963e+02 5.360996510646957036e-01
3.603800000000000182e+03 6.025024485983244631e+02 5.345541401879485566e-01
3.607300000000000182e+03 5.786022154936911193e+02 5.317292036303736813e-01
3.610800000000000182e+03 6.050882433296103500e+02 5.298645085014217493e-01
3.614300000000000182e+03 6.039859948795016180e+02 5.291719378692144593e-01
3.617800000000000182e+03 6.524745577264086478e+02 5.195118123104811581e-01
3.621300000000000182e+03 6.471633212713630883e+02 5.216957796687515803e-01
3.624800000000000182e+03 6.902318061640293081e+02 5.090315438053333308e-01
3.628300000000000182e+03 6.402400704552723028e+02 5.193563524301951784e-01
3.631800000000000182e+03 6.749453955014689654e+02 5.160451469799632873e-01
3.635300000000000182e+03 6.839537904264209374e+02 5.117160965541385220e-01
3.638800000000000182e+03 6.716883913835777093e+02 5.120429708937428437e-01
3.642300000000000182e+03 7.175312419219852700e+02 5.012614553886031166e-01
3.645800000000000182e+03 7.389277323603314471e+02 5.018669285697314741e-01
3.649300000000000182e+03 7.451490668464588225e+02 5.004671634081879761e-01
3.652800000000000182e+03 7.748882229988544168e+02 4.969807293206918164e-01
3.656300000000000182e+03 7.334651131365461652e+02 5.043280973332295858e-01
3.659800000000000182e+03 7.428653064088175597e+02 5.049902200190337087e-01
3.663300000000000182e+03 7.443229291914515215e+02 5.007933146706097238e-01
3.666800000000000182e+03 7.457369462730260921e+02 4.970993716886091263e-01
3.670300000000000182e+03 7.431394920201310015e+02 4.966427595590439115e-01
3.673800000000000182e+03 7.296793024263548659e+02 4.981655654937494071e-01
3.677300000000000182e+03 7.594261698335196797e+02 4.891227129695230880e-01
3.680800000000000182e+03 7.536716545578934756e+02 4.878100319599805168e-01
3.684300000000000182e+03 7.259387837340157148e+02 4.874641048422075351e-01
3.687800000000000182e+03 7.442170731177690186e+02 4.849300953192821062e-01
3.691300000000000182e+03 7.519430922890378497e+02 4.809376701835940682e-01
3.694800000000000182e+03 7.632999272280380865e+02 4.807501351718328486e-01
3.698300000000000182e+03 8.153374162314138403e+02 4.713158428321120308e-01
3.701800000000000182e+03 7.866955386471476004e+02 4.739592000600514332e-01
3.705300000000000182e+03 8.204739012361676487e+02 4.721283561594104561e-01
3.708800000000000182e+03 8.308234077670456372e+02 4.712676693333791578e-01
3.712300000000000182e+03 8.053953910939821981e+02 4.786898688792976531e-01
3.715800000000000182e+03 8.443585803490076387e+02 4.690593537024738691e-01
3.719300000000000182e+03 8.159664200449315103e+02 4.728821256224381986e-01
3.722800000000000182e+03 8.736700161738897350e+02 4.556570559974873480e-01
3.726300000000000182e+03 8.941878378732358215e+02 4.545849423642190912e-01
3.729800000000000182e+03 9.401805087877581855e+02 4.472977486186547891e-01
3.733300000000000182e+03 9.156977238199849580e+02 4.602724801347607975e-01
3.736800000000000182e+03 9.403131939126240013e+02 4.584598264832357994e-01
3.740300000000000182e+03 9.698149111940721241e+02 4.614863160271475695e-01
3.743800000000000182e+03 1.038889017752356494e+03 4.590293191615256729e-01
3.747300000000000182e+03 1.105282707034249597e+03 4.558694514097271222e-01
3.750800000000000182e+03 1.153858657471400420e+03 4.503621499609488099e-01
3.754300000000000182e+03 1.116095967115730218e+03 4.559243433973130810e-01
3.757800000000000182e+03 1.164189986718227146e+03 4.500559197339829010e-01
3.761300000000000182e+03 1.202654762424868977e+03 4.472568724467083645e-01
3.764800000000000182e+03 1.198247937631657123e+03 4.490737407605830400e-01
3.768300000000000182e+03 1.302253916646740663e+03 4.380213274205607688e-01
3.771800000000000182e+03 1.256392368520356513e+03 4.471962022603218623e-01
3.775300000000000182e+03 1.312381456010049305e+03 4.408789904963734685e-01
3.778800000000000182e+03 1.384971432369287868e+03 4.396850845050080392e-01
3.782300000000000182e+03 1.474177628188797598e+03 4.376982492487439536e-01
3.785800000000000182e+03 1.561019234799784726e+03 4.361078768684510942e-01
3.789300000000000182e+03 1.662536020886177312e+03 4.317622954989204231e-01
3.792800000000000182e+03 1.667149528825210609e+03 4.361402743054277331e-01
3.796300000000000182e+03 1.779915749650030421e+03 4.320630958347734252e-01
3.799800000000000182e+03 1.872008770155432785e+03 4.358862048367401765e-01
3.803300000000000182e+03 1.860134656402578230e+03 4.366365286413586011e-01
3.806800000000000182e+03 1.994025565308034629e+03 4.337247277321290562e-01
3.810300000000000182e+03 1.949805531358368398e+03 4.361305281848184556e-01
3.813800000000000182e+03 1.975627639944754719e+03 4.302839972458861184e-01
3.817300000000000182e+03 1.936047473860044647e+03 4.239465287721779219e-01
3.820800000000000182e+03 1.842295389803744911e+03 4.181503642086270567e-01
3.824300000000000182e+03 1.807277248724223227e+03 4.094306650414941129e-01
3.827800000000000182e+03 1.801481164635427604e+03 4.050490752337935763e-01
3.831300000000000182e+03 1.831259636092975143e+03 4.008969922472098157e-01
3.834800000000000182e+03 1.903279259067541261e+03 4.051824616829637904e-01
3.838300000000000182e+03 1.989739592705859877e+03 4.108355242275584240e-01
3.841800000000000182e+03 2.204033659199651083e+03 4.093541589307295170e-01
3.845300000000000182e+03 2.299362327917183393e+03 4.156482119462013292e-01
3.848800000000000182e+03 2.436943593285910538e+03 4.135486422491432834e-01
3.852300000000000182e+03 2.628728469309279262e+03 4.117822313216664698e-01
3.855800000000000182e+03 2.726808579728115546e+03 4.108244288758957641e-01
3.859300000000000182e+03 2.914131821968380336e+03 4.109388396912639907e-01
3.862800000000000182e+03 3.021097248588672755e+03 4.109306603461315710e-01
3.866300000000000182e+03 2.928660635709769849e+03 4.144622460037972189e-01
3.869800000000000182e+03 2.906638082854623008e+03 4.150815968848434734e-01
3.873300000000000182e+03 2.849000444857785169e+03 4.090193071669434022e-01
3.876800000000000182e+03 2.635441855184705219e+03 4.037074772701907399e-01
3.880300000000000182e+03 2.387876081132596482e+03 3.961269625342050960e-01
3.883800000000000182e+03 2.171077918620627770e+03 3.830090666073661665e-01
3.887300000000000182e+03 2.069075521928004491e+03 3.711082587981354153e-01
3.890800000000000182e+03 2.062481156379487402e+03 3.657166748979854831e-01
3.894300000000000182e+03 2.192594280160602466e+03 3.692207485564561464e-01
3.897800000000000182e+03 2.344258603683019373e+03 3.831560429302854898e-01
3.901300000000000182e+03 2.617126466633118525e+03 3.918643684934516869e-01
3.904800000000000182e+03 2.958153639546504110e+03 3.994570211087457579e-01
3.908300000000000182e+03 3.230300427260239303e+03 3.988442774479512010e-01
3.911800000000000182e+03 3.309685266846627655e+03 3.988889319722226379e-01
3.915300000000000182e+03 3.459328503847627871e+03 3.916109209655224688e-01
3.918800000000000182e+03 3.454475735119436649e+03 3.868328043840867925e-01
3.922300000000000182e+03 3.460983890558129588e+03 3.802264793553859490e-01
3.925800000000000182e+03 3.507278271944152948e+03 3.703953117460478950e-01
3.929300000000000182e+03 3.556669067229372104e+03 3.656995395483083611e-01
3.932800000000000182e+03 3.491913322930701270e+03 3.681891509130981177e-01
3.936300000000000182e+03 3.567775042136988759e+03 3.710844928487755379e-01
3.939800000000000182e+03 3.728480432217614634e+03 3.739097877065624687e-01
3.943300000000000182e+03 3.649481526021570062e+03 3.796866824910133387e-01
3.946800000000000182e+03 3.603533428605233894e+03 3.843051675675395185e-01
3.950300000000000182e+03 3.462639541079727223e+03 3.887562213509009323e-01
3.953800000000000182e+03 3.294553339512410730e+03 3.832881118658988395e-01
3.957300000000000182e+03 3.043075901553526819e+03 3.734014919691399648e-01
3.960800000000000182e+03 2.732768475752388440e+03 3.639184978171966511e-01
3.964300000000000182e+03 2.547014206057437150e+03 3.451856441144702248e-01
3.967800000000000182e+03 2.369743125763875923e+03 3.359885821446012555e-01
3.971300000000000182e+03 2.433457700435042170e+03 3.270004165596693824e-01
3.974800000000000182e+03 2.511029682274468541e+03 3.376589146471176139e-01
3.978300000000000182e+03 2.729326310143235787e+03 3.516036205910707535e-01
3.981800000000000182e+03 3.079419069593891891e+03 3.604665392456524731e-01
3.985300000000000182e+03 3.415667278346498733e+03 3.660564989417220971e-01
3.988800000000000182e+03 3.784930321095663203e+03 3.664563929720349167e-01
3.992300000000000182e+03 4.025829888952742294e+03 3.654348134854976671e-01
3.995800000000000182e+03 4.289069367970640087e+03 3.602000208139308768e-01
3.999300000000000182e+03 4.462287302040524082e+03 3.581675023187789741e-01
4.002800000000000182e+03 4.667821521125842082e+03 3.555748981006575105e-01
4.006300000000000182e+03 4.880658879602260640e+03 3.542083056492073001e-01
4.009800000000000182e+03 4.891131942058647837e+03 3.531211451583410321e-01
4.013300000000000182e+03 5.062522172897894961e+03 3.504947373891944551e-01
4.016800000000000182e+03 5.048485348786569375e+03 3.509428979438200535e-01
4.020300000000000182e+03 5.193550640979670789e+03 3.492308174350221006e-01
4.023800000000000182e+03 5.237536395096643901e+03 3.443746584153793977e-01
4.027300000000000182e+03 5.294044443034868891e+03 3.435535472597700535e-01
4.030800000000000182e+03 5.381026812847924703e+03 3.408067791379746359e-01
4.034300000000000182e+03 5.350728457190914924e+03 3.421166019489446652e-01
4.037800000000000182e+03 5.349601135185919702e+03 3.420027791087172364e-01
4.041300000000000182e+03 5.302148062638100782e+03 3.410429645710043034e-01
4.044800000000000182e+03 5.378895948675379259e+03 3.409037432434922077e-01
4.048300000000000182e+03 5.455561245444517226e+03 3.406528065990337972e-01
4.051800000000000182e+03 5.427433531854674584e+03 3.369247645405901159e-01
4.055300000000000182e+03 5.480737010880682647e+03 3.358432477243117886e-01
4.058800000000000182e+03 5.338628200655981345e+03 3.367255296742782122e-01
4.062300000000000182e+03 5.297245820172759522e+03 3.358682322706819656e-01
4.065800000000000182e+03 5.257689517398585849e+03 3.344044019589529904e-01
4.069300000000000182e+03 5.192218235332983568e+03 3.349482650773444314e-01
4.072800000000000182e+03 5.110169383244397068e+03 3.316758419276688574e-01
4.076300000000000182e+03 4.767645911639161568e+03 3.327098144926857182e-01
4.079800000000000182e+03 4.591358445978910822e+03 3.315778158607760595e-01
4.083300000000000182e+03 4.316981243536762122e+03 3.275671854669099381e-01
4.086800000000000182e+03 4.124480139427855647e+03 3.279802192430519847e-01
4.090300000000000182e+03 3.850135360776020661e+03 3.273373746158969033e-01
4.093800000000000182e+03 3.587496735113776595e+03 3.240474957762311536e-01
4.097300000000000182e+03 3.488452439811665045e+03 3.205909594533989937e-01
4.100800000000000182e+03 3.441662234766030906e+03 3.140208297732657861e-01
4.104300000000000182e+03 3.306935904529276741e+03 3.108159590124991434e-01
4.107800000000000182e+03 3.270796346392727628e+03 3.057419606066899553e-01
4.111300000000000182e+03 3.387702788024114852e+03 3.039511424485378255e-01
4.114800000000000182e+03 3.641443450349016075e+03 3.054756481762396780e-01
4.118300000000000182e+03 3.969970702308155069e+03 3.108513711235291743e-01
4.121800000000000182e+03 4.445362726384121743e+03 3.180622968280770735e-01
4.125300000000000182e+03 4.844279290744533682e+03 3.201035954562703734e-01
4.128800000000000182e+03 5.212634806898864554e+03 3.196196282403840350e-01
4.132300000000000182e+03 5.522018235045255096e+03 3.184735723503729909e-01
4.135800000000000182e+03 5.785861330709078175e+03 3.149792214896310338e-01
4.139300000000000182e+03 5.969154862620694075e+03 3.107028123421060051e-01
4.142800000000000182e+03 5.989451677267037667e+03 3.108065300442641177e-01
4.146300000000000182e+03 6.143312350515642720e+03 3.095162931598648970e-01
4.149800000000000182e+03 6.183793324242943527e+03 3.099741343759011558e-01
4.153300000000000182e+03 6.225572080216037648e+03 3.099553587652991160e-01
4.156800000000000182e+03 6.359163751675419917e+03 3.056369276862073714e-01
4.160300000000000182e+03 6.306676619070464767e+03 3.064316140707917802e-01
4.163800000000000182e+03 6.409551334832806788e+03 3.044020444686096338e-01
4.167300000000000182e+03 6.423745500030583571e+03 3.020936119063411529e-01
4.170800000000000182e+03 6.480279930893238998e+03 3.030260313043287024e-01
4.174300000000000182e+03 6.592296506793404660e+03 3.002727740784484345e-01
4.177800000000000182e+03 6.673120163652294650e+03 3.011554738217144256e-01
4.181300000000000182e+03 6.640707982042705225e+03 2.977254883951978015e-01
4.184800000000000182e+03 6.706061711506698884e+03 2.981689657535280813e-01
4.188300000000000182e+03 6.603490731536780004e+03 2.956412709670144245e-01
4.191800000000000182e+03 6.693314072891081196e+03 2.953406055465263580e-01
4.195300000000000182e+03 6.696554485566297444e+03 2.949742977663097343e-01
4.198800000000000182e+03 6.774055015326902321e+03 2.923393734016904166e-01
4.202300000000000182e+03 6.881272936935438338e+03 2.917118075713832637e-01
4.205800000000000182e+03 6.838515561933042591e+03 2.933022567980291262e-01
4.209300000000000182e+03 7.008347954637020848e+03 2.894832474622350826e-01
4.212800000000000182e+03 6.954040660445789399e+03 2.889042786951520059e-01
4.216300000000000182e+03 6.824509054658563400e+03 2.901174215422502312e-01
4.219800000000000182e+03 6.862558394613063683e+03 2.884108477011782523e-01
4.223300000000000182e+03 6.877920237184587677e+03 2.868979377324960001e-01
4.226800000000000182e+03 7.104613644516595741e+03 2.800007226355006873e-01
4.230300000000000182e+03 6.940177140707326544e+03 2.860238265641419919e-01
4.233800000000000182e+03 7.060541321445368339e+03 2.819166461550631775e-01
4.237300000000000182e+03 7.076819377940213599e+03 2.828286018242311406e-01
4.240800000000000182e+03 6.973987662172829005e+03 2.857979678207115959e-01
4.244300000000000182e+03 7.060269703690963979e+03 2.826958077417280335e-01
4.247800000000000182e+03 6.983700177251273089e+03 2.827524370643985097e-01
4.251300000000000182e+03 7.230662126325372810e+03 2.793374983785880672e-01
4.254800000000000182e+03 7.055113323649600716e+03 2.802859522017792648e-01
4.258300000000000182e+03 7.138272056960004193e+03 2.784148755559393562e-01
4.261800000000000182e+03 7.110075521697129261e+03 2.783010774845987578e-01
4.265300000000000182e+03 7.185604035444889632e+03 2.762097371086382758e-01
4.268800000000000182e+03 7.267231007129244972e+03 2.734791258192129093e-01
4.272300000000000182e+03 7.260350055088298177e+03 2.730291259404680759e-01
4.275800000000000182e+03 7.229370800400886765e+03 2.748037775873783395e-01
4.279300000000000182e+03 7.211342950178826868e+03 2.750929495190519991e-01
4.282800000000000182e+03 7.368420543083538178e+03 2.726172511551842592e-01
4.286300000000000182e+03 7.276684094717804328e+03 2.720409826897786099e-01
4.289800000000000182e+03 7.254074893406031151e+03 2.713795416450076048e-01
4.293300000000000182e+03 7.304108755204711088e+03 2.702247899015582933e-01
4.296800000000000182e+03 7.256369197453190282e+03 2.718927549693626045e-01
4.300300000000000182e+03 7.148178118721912142e+03 2.686097334271592696e-01
4.303800000000000182e+03 6.912153441114907764e+03 2.709236576776653527e-01
4.307300000000000182e+03 6.984162994436856934e+03 2.681745742950121802e-01
4.310800000000000182e+03 6.643487514971071505e+03 2.712813490259279314e-01
4.314300000000000182e+03 6.373631570389722583e+03 2.665407903759356989e-01
4.317800000000000182e+03 6.188285432820633105e+03 2.639362134959143957e-01
4.321300000000000182e+03 5.729843393481535713e+03 2.634436232984057047e-01
4.324800000000000182e+03 5.409776460371645953e+03 2.611669283931591368e-01
4.328300000000000182e+03 5.187313153294098811e+03 2.608635863079908357e-01
4.331800000000000182e+03 4.892256029734408003e+03 2.597630029804031682e-01
4.335300000000000182e+03 4.634902082487930784e+03 2.600157508546555585e-01
4.338800000000000182e+03 4.485610696829302469e+03 2.559239879032822462e-01
4.342300000000000182e+03 4.380854746139264535e+03 2.517331423200788731e-01
4.345800000000000182e+03 4.451044065733601201e+03 2.465534981407403459e-01
4.349300000000000182e+03 4.593066306132341197e+03 2.437211274943220651e-01
4.352800000000000182e+03 4.935512664696645516e+03 2.407468180563207272e-01
4.356300000000000182e+03 5.296799643774288597e+03 2.473793489204659801e-01
4.359800000000000182e+03 5.744213263471401660e+03 2.528580921094944478e-01
4.363300000000000182e+03 6.275608426008722745e+03 2.575447837192717526e-01
4.366800000000000182e+03 6.638775091365781918e+03 2.589496611722620356e-01
4.370300000000000182e+03 6.984551316478321496e+03 2.588701769134174047e-01
4.373800000000000182e+03 7.266630290348181916e+03 2.596803261199431834e-01
4.377300000000000182e+03 7.639289882046746243e+03 2.537666307061203774e-01
4.380800000000000182e+03 7.752576530907273991e+03 2.503279472276511153e-01
4.384300000000000182e+03 7.912559992281678205e+03 2.480091744554064337e-01
4.387800000000000182e+03 7.972957035134378202e+03 2.468079495718354111e-01
4.391300000000000182e+03 8.030255324824526724e+03 2.481239493168865273e-01
4.394800000000000182e+03 7.952766430336721896e+03 2.466306222630233469e-01
4.398300000000000182e+03 8.077736021509354941e+03 2.468790905221564524e-01
4.401800000000000182e+03 8.135410881990953385e+03 2.455903830336066407e-01
4.405300000000000182e+03 8.175085935810204319e+03 2.446361078693435609e-01
4.408800000000000182e+03 8.149082896658776917e+03 2.460570830580997570e-01
4.412300000000000182e+03 8.144145165198344330e+03 2.462842427995134420e-01
4.415800000000000182e+03 8.295653622766369153e+03 2.420172662374701356e-01
4.419300000000000182e+03 8.187533107238050434e+03 2.442075657203792161e-01
4.422800000000000182e+03 8.052728786006421615e+03 2.458763820187072624e-01
4.426300000000000182e+03 8.206752729835625360e+03 2.431101745471972164e-01
4.429800000000000182e+03 8.186386397473519537e+03 2.431264711333023520e-01
4.433300000000000182e+03 8.245333119329579858e+03 2.406232633914753283e-01
4.436800000000000182e+03 8.350742909782802599e+03 2.397137734162694267e-01
4.440300000000000182e+03 8.391782450999478897e+03 2.396403852017394420e-01
4.443800000000000182e+03 8.487832606319936531e+03 2.373662108299411655e-01
4.447300000000000182e+03 8.609913153446625074e+03 2.364731580789588561e-01
4.450800000000000182e+03 8.600972552314757195e+03 2.376841043984406765e-01
4.454300000000000182e+03 8.512261940267828322e+03 2.375192719844631539e-01
4.457800000000000182e+03 8.620077481189031460e+03 2.376914548799860805e-01
4.461300000000000182e+03 8.569137692389849690e+03 2.365695365740173584e-01
4.464800000000000182e+03 8.527807324035771671e+03 2.344067027847773765e-01
4.468300000000000182e+03 8.543479519077563964e+03 2.335692014553082396e-01
4.471800000000000182e+03 8.651702746408171151e+03 2.332929845371040645e-01
4.475300000000000182e+03 8.635217998728961902e+03 2.320648954680597509e-01
4.478800000000000182e+03 8.465723081483669375e+03 2.314340619862852999e-01
4.482300000000000182e+03 8.639992405293674892e+03 2.296799784310566417e-01
4.485800000000000182e+03 8.663122235686867498e+03 2.305338298101121397e-01
4.489300000000000182e+03 8.752890053975908813e+03 2.294270621735837179e-01
4.492800000000000182e+03 8.737467507287105036e+03 2.294801685607739949e-01
4.496300000000000182e+03 8.693911615131397411e+03 2.287588151212721910e-01
4.499800000000000182e+03 8.763503133571215585e+03 2.278286318905854424e-01
4.503300000000000182e+03 8.815311727209167657e+03 2.280878214676069216e-01
4.506800000000000182e+03 8.828645145755506746e+03 2.278534429011527529e-01
4.510300000000000182e+03 8.720695491070144271e+03 2.275744025206457299e-01
4.513800000000000182e+03 8.850837014454149539e+03 2.297732696653958795e-01
4.517300000000000182e+03 8.798422290091284594e+03 2.274073429150374470e-01
4.520800000000000182e+03 8.923977650135497242e+03 2.235637202103680499e-01
4.524300000000000182e+03 8.790415292758874784e+03 2.251222178468969271e-01
4.527800000000000182e+03 8.908561778959230651e+03 2.214798887970285401e-01
4.531300000000000182e+03 8.952990356961447105e+03 2.209160518194246414e-01
4.534800000000000182e+03 8.854891661502362695e+03 2.228053246584319746e-01
4.538300000000000182e+03 9.013646389805682702e+03 2.217795601322551102e-01
4.541800000000000182e+03 8.901065545203258807e+03 2.184686622466787131e-01
4.545300000000000182e+03 8.898922057955389391e+03 2.199236850945880950e-01
4.548800000000000182e+03 8.881249359766155976e+03 2.195992147267554206e-01
4.552300000000000182e+03 8.933499367195337982e+03 2.203464373262474241e-01
4.555800000000000182e+03 8.900708045433557345e+03 2.184775541322513392e-01
4.559300000000000182e+03 9.106057466901542284e+03 2.174811767678644925e-01
4.562800000000000182e+03 9.174939434255196829e+03 2.160620437455777754e-01
4.566300000000000182e+03 9.039016937444834184e+03 2.191541333031414296e-01
4.569800000000000182e+03 9.141784361415569947e+03 2.177386120831905358e-01
4.573300000000000182e+03 8.978134257721711037e+03 2.183622839016359507e-01
4.576800000000000182e+03 9.170797592211816664e+03 2.151449004238792095e-01
4.580300000000000182e+03 8.956183261921187295e+03 2.155423998994948631e-01
4.583800000000000182e+03 9.061020140178557995e+03 2.147594380991200702e-01
4.587300000000000182e+03 9.060216671313266488e+03 2.129365452958915661e-01
4.590800000000000182e+03 9.146203445735105561e+03 2.120370319807860227e-01
4.594300000000000182e+03 8.889821149549961774e+03 2.119859167689649160e-01
4.597800000000000182e+03 9.342594590683263959e+03 2.105075606605620875e-01
4.601300000000000182e+03 9.239080196093787890e+03 2.105474792564899222e-01
4.604800000000000182e+03 9.109478903534005440e+03 2.107533671797857666e-01
4.608300000000000182e+03 9.083675231714625625e+03 2.105640591148540686e-01
4.611800000000000182e+03 9.312156611657474059e+03 2.092221306310254603e-01
4.615300000000000182e+03 9.137647682974138661e+03 2.085445440728201649e-01
4.618800000000000182e+03 9.083894424973972491e+03 2.093712621204608659e-01
4.622300000000000182e+03 9.154468407113488865e+03 2.078455981379634110e-01
4.625800000000000182e+03 9.348463798102080546e+03 2.075694372419537304e-01
4.629300000000000182e+03 9.240141487602955749e+03 2.065449427189509635e-01
4.632800000000000182e+03 9.131704707881061040e+03 2.060311076684467058e-01
4.636300000000000182e+03 9.178813942604318072e+03 2.053475698616549217e-01
4.639800000000000182e+03 9.141639209897824912e+03 2.067923889230604273e-01
4.643300000000000182e+03 9.127511365267444489e+03 2.048413344502713618e-01
4.646800000000000182e+03 9.193671372569438972e+03 2.050638154312726391e-01
4.650300000000000182e+03 9.212146294438829500e+03 2.038763259135547290e-01
4.653800000000000182e+03 9.366736218771411586e+03 2.030613269023493206e-01
4.657300000000000182e+03 9.267034966160819749e+03 2.025702522899510971e-01
4.660800000000000182e+03 9.359528489551921666e+03 2.025138907231730512e-01
4.664300000000000182e+03 9.331745251964719500e+03 2.006097888285859054e-01
4.667800000000000182e+03 9.350421863286677763e+03 1.996871875015942821e-01
4.671300000000000182e+03 9.274082295699719907e+03 1.997751831693990177e-01
4.674800000000000182e+03 9.226465404135653444e+03 1.987775781992754398e-01
4.678300000000000182e+03 9.220167558484785332e+03 2.000247671110490510e-01
4.681800000000000182e+03 9.224349425505826730e+03 1.997606890039376193e-01
4.685300000000000182e+03 9.149795029051334495e+03 1.991283521767328035e-01
4.688800000000000182e+03 9.123703146880114218e+03 1.986258374926875570e-01
4.692300000000000182e+03 9.103731384970948056e+03 1.980315223261379654e-01
4.695800000000000182e+03 8.920929303079339661e+03 1.980225794626626346e-01
4.699300000000000182e+03 9.057925648643002205e+03 1.949840161478406386e-01
4.702800000000000182e+03 8.916263212192707215e+03 1.958803271347654140e-01
4.706300000000000182e+03 8.985781402244625497e+03 1.941806270295499959e-01
4.709800000000000182e+03 8.975667118737479541e+03 1.943173947094354315e-01
4.713300000000000182e+03 8.988539776277424608e+03 1.925626204337340941e-01
4.716800000000000182e+03 8.911411139928755802e+03 1.923539631925017535e-01
4.720300000000000182e+03 9.093689298626373784e+03 1.943528330953321892e-01
4.723800000000000182e+03 9.198338326370072537e+03 1.922387083993419288e-01
4.727300000000000182e+03 9.126002015497004322e+03 1.945537039134030977e-01
4.730800000000000182e+03 9.266730359323892117e+03 1.918693214965286331e-01
4.734300000000000182e+03 9.373617623499196270e+03 1.915408335440967336e-01
4.737800000000000182e+03 9.393143937759090477e+03 1.895889940975676036e-01
4.741300000000000182e+03 9.329775982711764300e+03 1.898793313751498124e-01
4.744800000000000182e+03 9.165722262249340929e+03 1.925980690950384877e-01
4.748300000000000182e+03 9.206652957660771790e+03 1.900730166156895662e-01
4.751800000000000182e+03 9.340794741967696609e+03 1.876378646585971366e-01
4.755300000000000182e+03 9.415343317625887721e+03 1.903299898546785829e-01
4.758800000000000182e+03 9.424898858629170718e+03 1.881511166002839130e-01
4.762300000000000182e+03 9.235052247173081923e+03 1.895211626306064212e-01
4.765800000000000182e+03 9.102286175928868033e+03 1.874445004534101289e-01
4.769300000000000182e+03 9.065160844070196617e+03 1.870728782473812524e-01
4.772800000000000182e+03 9.279878243417477279e+03 1.865225936397867934e-01
4.776300000000000182e+03 9.209384917453266098e+03 1.874554355846837772e-01
4.779800000000000182e+03 9.265215335888828122e+03 1.863442768743208966e-01
4.783300000000000182e+03 9.141543217015467235e+03 1.862357087513724918e-01
4.786800000000000182e+03 9.079346493556637142e+03 1.858044955419936306e-01
4.790300000000000182e+03 9.234831474523960424e+03 1.856888753535188841e-01
4.793800000000000182e+03 9.084550350416870060e+03 1.851225197322474425e-01
4.797300000000000182e+03 8.979240149188864962e+03 1.874649909460967545e-01
4.800800000000000182e+03 9.014419297836013357e+03 1.863159142033590787e-01
4.804300000000000182e+03 8.767856632781174994e+03 1.855192554036626251e-01
4.807800000000000182e+03 9.024170488159737943e+03 1.849551580364140191e-01
4.811300000000000182e+03 8.903667122927719902e+03 1.813028408109637890e-01
4.814800000000000182e+03 8.696321957651009143e+03 1.843510591462582948e-01
4.818300000000000182e+03 8.588065857493154908e+03 1.851295965307586666e-01
4.821800000000000182e+03 8.647108810531077324e+03 1.854728707708744317e-01
4.825300000000000182e+03 8.521317804015910951e+03 1.853047712535932368e-01
4.828800000000000182e+03 8.327337435743682363e+03 1.847915387604260606e-01
4.832300000000000182e+03 7.801779139696463062e+03 1.846763506652574771e-01
4.835800000000000182e+03 7.819476424409290303e+03 1.836054803282574921e-01
4.839300000000000182e+03 7.199121762306843266e+03 1.810041224736697318e-01
4.842800000000000182e+03 7.053605644524476702e+03 1.780933465837023499e-01
4.846300000000000182e+03 6.711575487116544537e+03 1.793777199530167676e-01
4.849800000000000182e+03 6.208807474293272207e+03 1.788928878231434427e-01
4.853300000000000182e+03 5.768808448732610486e+03 1.800526699482155046e-01
4.856800000000000182e+03 5.593237728503316248e+03 1.760116374170356823e-01
4.860300000000000182e+03 5.371343605306886275e+03 1.729367390257618153e-01
4.863800000000000182e+03 5.235587009371988643e+03 1.701664108138707110e-01
4.867300000000000182e+03 5.239824420712432584e+03 1.655834182505761254e-01
4.870800000000000182e+03 5.476097549054308729e+03 1.637056119377637287e-01
4.874300000000000182e+03 5.701509463295779824e+03 1.657694831876080077e-01
4.877800000000000182e+03 6.230608901462243921e+03 1.706614595989500160e-01
4.881300000000000182e+03 6.578227436422047504e+03 1.746913707444341934e-01
4.884800000000000182e+03 7.035500325527460518e+03 1.811837294915960850e-01
4.888300000000000182e+03 7.529304913583375310e+03 1.811230131002824761e-01
4.891800000000000182e+03 7.992172320176661742e+03 1.806898489812898412e-01
4.895300000000000182e+03 8.221947785983267750e+03 1.776667577997121106e-01
4.898800000000000182e+03 8.308414190800920551e+03 1.760078700489502990e-01
4.902300000000000182e+03 8.540786005810510687e+03 1.757540962212562341e-01
4.905800000000000182e+03 8.594840396461531782e+03 1.732986243693943884e-01
4.909300000000000182e+03 8.736603849775610797e+03 1.724940552919158321e-01
4.912800000000000182e+03 8.844258194024381737e+03 1.729561857232005950e-01
4.916300000000000182e+03 8.706313888724127537e+03 1.725366100503251399e-01
4.919800000000000182e+03 8.830679214116273215e+03 1.728666778477257748e-01
4.923300000000000182e+03 8.759222315827521015e+03 1.717947696145671332e-01
4.926800000000000182e+03 8.959805068459290851e+03 1.688571941649681385e-01
4.930300000000000182e+03 8.792147988630977125e+03 1.708008729891583588e-01
4.933800000000000182e+03 8.796740874448358227e+03 1.707310651669918244e-01
4.937300000000000182e+03 8.782312599130234958e+03 1.706782062504489939e-01
4.940800000000000182e+03 9.057883343912826604e+03 1.698203659690019629e-01
4.944300000000000182e+03 8.719066004898048050e+03 1.717531485233591559e-01
4.947800000000000182e+03 8.798878025065947440e+03 1.702438094625764453e-01
4.951300000000000182e+03 9.089286925808904925e+03 1.696790622487182598e-01
4.954800000000000182e+03 9.017488989865621988e+03 1.659190217537664935e-01
4.958300000000000182e+03 9.076802702847518958e+03 1.667101511514454126e-01
4.961800000000000182e+03 8.896322234520357597e+03 1.700952896109580725e-01
4.965300000000000182e+03 8.979420422087756378e+03 1.689710935493646538e-01
4.968800000000000182e+03 8.827677148362119624e+03 1.699858888907254950e-01
4.972300000000000182e+03 8.999358727322553023e+03 1.686456761731157661e-01
4.975800000000000182e+03 9.012432918240743675e+03 1.682446889921989097e-01
4.979300000000000182e+03 9.017832913908996488e+03 1.681288914064760776e-01
4.982800000000000182e+03 8.877396892947008382e+03 1.677201032749804643e-01
4.986300000000000182e+03 8.851285105990689772e+03 1.658671987946009341e-01
4.989800000000000182e+03 8.970918201489585044e+03 1.682931365383089906e-01
4.993300000000000182e+03 8.738141728907579818e+03 1.671496894847438741e-01
4.996800000000000182e+03 8.847565917909887503e+03 1.665786983220347295e-01
5.000300000000000182e+03 8.833249038765430669e+03 1.656401439983268276e-01
5.003800000000000182e+03 8.634852582191033434e+03 1.666231788577040573e-01
5.007300000000000182e+03 8.703977986999414497e+03 1.651356282546668774e-01
5.010800000000000182e+03 8.610832907376227013e+03 1.663245482337772363e-01
5.014300000000000182e+03 8.820679289826306558e+03 1.635877564771298087e-01
5.017800000000000182e+03 8.733965131394210403e+03 1.647457745870284651e-01
5.021300000000000182e+03 8.775557881493868990e+03 1.652648199929011852e-01
5.024800000000000182e+03 8.705346657863261498e+03 1.663896191822052950e-01
5.028300000000000182e+03 8.681356234186794609e+03 1.679770740217915448e-01
5.031800000000000182e+03 8.659294222345180970e+03 1.688761945214032056e-01
5.035300000000000182e+03 8.550043573655440923e+03 1.674347811917527018e-01
5.038800000000000182e+03 8.594334362885629162e+03 1.661827123266939044e-01
5.042300000000000182e+03 8.470706243838394585e+03 1.671177803298629916e-01
5.045800000000000182e+03 8.594430277608022152e+03 1.649799971769295437e-01
5.049300000000000182e+03 8.697872908571443986e+03 1.648899952451582662e-01
5.052800000000000182e+03 8.712519898938862752e+03 1.635997594396468580e-01
5.056300000000000182e+03 8.611741895673736508e+03 1.626521240024945691e-01
5.059800000000000182e+03 8.677003009042860867e+03 1.643968175947965182e-01
5.063300000000000182e+03 8.739652462250678582e+03 1.636967802377889969e-01
5.066800000000000182e+03 8.738657423359161839e+03 1.618037677421270415e-01
5.070300000000000182e+03 8.548318801648099907e+03 1.641695200740496408e-01
5.073800000000000182e+03 8.720355934039496788e+03 1.638627195027257955e-01
5.077300000000000182e+03 8.669225694577076865e+03 1.632770180329030929e-01
5.080800000000000182e+03 8.676447167394011558e+03 1.617336896460538354e-01
5.084300000000000182e+03 8.620138308661718838e+03 1.624235608576183321e-01
5.087800000000000182e+03 8.819112774928911676e+03 1.617076685391086732e-01
5.091300000000000182e+03 8.959794733881057255e+03 1.589690229286420120e-01
5.094800000000000182e+03 8.726651264257305229e+03 1.588338172744183929e-01
5.098300000000000182e+03 8.564956773986550616e+03 1.587501236044716602e-01
5.101800000000000182e+03 8.907182241593214712e+03 1.560071230681968346e-01
5.105300000000000182e+03 8.844752306511429197e+03 1.578396632468367089e-01
5.108800000000000182e+03 8.738772916576752323e+03 1.596182630935994995e-01
5.112300000000000182e+03 8.901401307691397960e+03 1.570135651874046967e-01
5.115800000000000182e+03 8.801496256265556440e+03 1.573671573613979746e-01
5.119300000000000182e+03 8.817525941088015315e+03 1.537682436283230869e-01
5.122800000000000182e+03 8.706395414360054929e+03 1.568781944550131646e-01
5.126300000000000182e+03 8.623781198117154418e+03 1.562534432424244057e-01
5.129800000000000182e+03 8.813218517095594507e+03 1.549576921247816375e-01
5.133300000000000182e+03 8.638725827515829224e+03 1.547771262521656088e-01
5.136800000000000182e+03 8.608714337513778446e+03 1.560675566267213377e-01
5.140300000000000182e+03 8.678108914887478022e+03 1.549566276724899938e-01
5.143800000000000182e+03 8.807786758137890502e+03 1.531413169565689625e-01
5.147300000000000182e+03 8.667496598798899868e+03 1.566809007885806293e-01
5.150800000000000182e+03 8.708015912690396362e+03 1.547001239117696270e-01
5.154300000000000182e+03 8.601923233073119263e+03 1.569398919303494067e-01
5.157800000000000182e+03 8.484868140324781052e+03 1.542292294541749709e-01
5.161300000000000182e+03 8.603623946693500329e+03 1.533477271787202501e-01
5.164800000000000182e+03 8.557746368573989457e+03 1.529229108245574176e-01
5.168300000000000182e+03 8.563727982645044904e+03 1.518332440290746654e-01
5.171800000000000182e+03 8.475710515215292617e+03 1.515777561985749700e-01
5.175300000000000182e+03 8.578950093582174304e+03 1.522053260062119218e-01
5.178800000000000182e+03 8.556392291789929004e+03 1.522292660841836620e-01
5.182300000000000182e+03 8.463136837864642075e+03 1.521520311276947923e-01
5.185800000000000182e+03 8.470262101433330827e+03 1.535758298221525375e-01
5.189300000000000182e+03 8.520611932012234320e+03 1.530067765190170626e-01
5.192800000000000182e+03 8.507691578624271642e+03 1.532190453721176404e-01
5.196300000000000182e+03 8.545040023395020398e+03 1.519593492514402788e-01
5.199800000000000182e+03 8.433753104843670371e+03 1.519472471615725129e-01
5.203300000000000182e+03 8.564812460129893225e+03 1.498760625584081296e-01
5.206800000000000182e+03 8.390811231484831296e+03 1.532886420712527842e-01
5.210300000000000182e+03 8.466023428535823768e+03 1.525100401383646109e-01
5.213800000000000182e+03 8.521510044207154351e+03 1.531176901415923497e-01
5.217300000000000182e+03 8.452552205694017175e+03 1.514553586968552523e-01
5.220800000000000182e+03 8.307431197547797638e+03 1.529234546322921495e-01
5.224300000000000182e+03 8.414831012062126320e+03 1.499067129638609608e-01
5.227800000000000182e+03 8.447416012713247255e+03 1.509716074744311132e-01
5.231300000000000182e+03 8.420546946693919381e+03 1.522828885168596158e-01
5.234800000000000182e+03 8.374872999270737637e+03 1.521584832145171096e-01
5.238300000000000182e+03 8.276636452540320533e+03 1.515143695558836545e-01
5.241800000000000182e+03 8.471619522948514714e+03 1.510946755287582710e-01
5.245300000000000182e+03 8.387274239335689344e+03 1.519736693999252375e-01
5.248800000000000182e+03 8.549469195170588137e+03 1.507082378342077811e-01
5.252300000000000182e+03 8.317253575404663934e+03 1.544638148347894369e-01
5.255800000000000182e+03 8.324696303534661638e+03 1.512955501957481685e-01
5.259300000000000182e+03 8.270858526934362089e+03 1.521847689453840191e-01
5.262800000000000182e+03 8.320547457340719120e+03 1.502439523643658015e-01
5.266300000000000182e+03 8.167440879218798727e+03 1.490187214292522655e-01
5.269800000000000182e+03 8.160757394398497127e+03 1.488361910292972934e-01
5.273300000000000182e+03 8.173697218782754135e+03 1.494821137112943010e-01
5.276800000000000182e+03 8.113755707237538445e+03 1.495073831381613094e-01
5.280300000000000182e+03 8.181390793748347278e+03 1.493699340915150553e-01
5.283800000000000182e+03 8.248656955272252162e+03 1.517035271512428563e-01
5.287300000000000182e+03 8.188007560840129372e+03 1.503466986591960319e-01
5.290800000000000182e+03 8.222953639156379722e+03 1.518288045818858290e-01
5.294300000000000182e+03 8.257810939989185499e+03 1.507119840012803302e-01
5.297800000000000182e+03 8.254414270956227483e+03 1.509707978057251432e-01
5.301300000000000182e+03 8.197480488283088562e+03 1.505614109904353515e-01
5.304800000000000182e+03 8.015247081944543424e+03 1.521155487338327894e-01
5.308300000000000182e+03 8.109747388301778301e+03 1.518396171587589050e-01
5.311800000000000182e+03 8.134339700318501855e+03 1.497531178257345830e-01
5.315300000000000182e+03 8.080914326564264229e+03 1.492223166070016649e-01
5.318800000000000182e+03 8.212533412628381484e+03 1.490439910860278938e-01
5.322300000000000182e+03 7.991706519906861104e+03 1.496683759183626561e-01
5.325800000000000182e+03 8.080427771771082917e+03 1.495139398618240967e-01
5.329300000000000182e+03 8.053478933010528635e+03 1.486820033970318589e-01
5.332800000000000182e+03 8.158410942496134339e+03 1.463746105414201748e-01
5.336300000000000182e+03 7.995261627950937509e+03 1.488341512943819611e-01
5.339800000000000182e+03 8.269955706742535767e+03 1.478728463738208931e-01
5.343300000000000182e+03 8.100481898847998309e+03 1.465107433910144696e-01
5.346800000000000182e+03 8.105492758229562241e+03 1.494578625151564144e-01
5.350300000000000182e+03 8.220164906042875373e+03 1.477231072974771464e-01
5.353800000000000182e+03 8.083398604665396306e+03 1.469848774167146488e-01
5.357300000000000182e+03 8.090409291837389901e+03 1.472574627914030321e-01
5.360800000000000182e+03 8.016179663127825734e+03 1.476617192429088843e-01
5.364300000000000182e+03 8.175117349554841894e+03 1.452585659633175152e-01
5.367800000000000182e+03 8.042947974613329279e+03 1.484756014813274072e-01
5.371300000000000182e+03 8.053746519778352194e+03 1.461675380351025733e-01
5.374800000000000182e+03 7.956867977352028902e+03 1.484290557324581261e-01
5.378300000000000182e+03 7.962838531942099507e+03 1.464089332578393798e-01
5.381800000000000182e+03 7.995108840890527063e+03 1.468687514813682982e-01
5.385300000000000182e+03 7.946938880831008646e+03 1.490550510874125156e-01
5.388800000000000182e+03 7.825974522091784820e+03 1.452192265195896281e-01
5.392300000000000182e+03 7.969974936587844240e+03 1.482277723280738535e-01
5.395800000000000182e+03 7.881200625322044289e+03 1.481680950709199640e-01
5.399300000000000182e+03 7.867674373146146536e+03 1.475986451492441454e-01
5.402800000000000182e+03 7.942882653980135728e+03 1.468013171492288937e-01
5.406300000000000182e+03 7.792402153388447005e+03 1.487354098706014649e-01
5.409800000000000182e+03 7.761041162600411553e+03 1.464546115188517517e-01
5.413300000000000182e+03 7.841941899849526635e+03 1.449182212421216975e-01
5.416800000000000182e+03 7.814312867326110791e+03 1.476955923087609757e-01
5.420300000000000182e+03 7.812918319715613507e+03 1.468996464158182080e-01
5.423800000000000182e+03 7.863654467876851413e+03 1.471545255861849977e-01
5.427300000000000182e+03 7.677127010955313381e+03 1.488244731156705691e-01
5.430800000000000182e+03 7.708987664678491456e+03 1.472033716447918028e-01
5.434300000000000182e+03 7.830902561393147153e+03 1.461987347232966139e-01
5.437800000000000182e+03 7.821392404992228876e+03 1.453247252201686213e-01
5.441300000000000182e+03 7.739360965503381522e+03 1.463014416325101597e-01
5.444800000000000182e+03 7.841121241326361087e+03 1.442200722479462238e-01
5.448300000000000182e+03 7.693533229949490305e+03 1.443137949733140912e-01
5.451800000000000182e+03 7.675313657432277978e+03 1.453485451178581078e-01
5.455300000000000182e+03 7.649147208105865502e+03 1.445970869288111527e-01
5.458800000000000182e+03 7.673382136441305192e+03 1.451240777228387513e-01
5.462300000000000182e+03 7.681659673477258366e+03 1.462305507729260712e-01
5.465800000000000182e+03 7.653381189422911120e+03 1.478221110347374967e-01
5.469300000000000182e+03 7.708409430702796271e+03 1.435328189523358555e-01
5.472800000000000182e+03 7.688621122317793379e+03 1.431994093307165372e-01
5.476300000000000182e+03 7.712988265643683008e+03 1.455177390688703332e-01
5.479800000000000182e+03 7.691348372135652426e+03 1.441117634959221128e-01
5.483300000000000182e+03 7.688716623354215699e+03 1.423501226353367510e-01
5.486800000000000182e+03 7.616288684635745994e+03 1.435191194272246173e-01
5.490300000000000182e+03 7.827790279659774569e+03 1.408891347939320027e-01
5.493800000000000182e+03 7.756494334704553694e+03 1.437391969100216549e-01
5.497300000000000182e+03 7.764489557539593989e+03 1.415602953669291564e-01
5.500800000000000182e+03 7.576670925781642836e+03 1.408811841632103268e-01
5.504300000000000182e+03 7.794599985661719984e+03 1.421220402572442865e-01
5.507800000000000182e+03 7.659540679462551452e+03 1.407774456479596314e-01
5.511300000000000182e+03 7.627676240646203041e+03 1.428287139600622757e-01
5.514800000000000182e+03 7.674522029202118574e+03 1.418981904225649071e-01
5.518300000000000182e+03 7.549696455987466834e+03 1.429293356703460471e-01
5.521800000000000182e+03 7.507865243659138287e+03 1.422309590466652174e-01
5.525300000000000182e+03 7.606587998316649646e+03 1.399908187200587240e-01
5.528800000000000182e+03 7.541331269567566778e+03 1.410958811376281929e-01
5.532300000000000182e+03 7.619951930316518883e+03 1.403258353428172012e-01
5.535800000000000182e+03 7.553825723782758359e+03 1.423790705336853701e-01
5.539300000000000182e+03 7.591028571037777510e+03 1.402700052076055470e-01
5.542800000000000182e+03 7.406973866913775964e+03 1.409035758004002492e-01
5.546300000000000182e+03 7.370696135008497549e+03 1.402924214515700874e-01
5.549800000000000182e+03 7.479884586084146576e+03 1.425051082708805594e-01
5.553300000000000182e+03 7.443374271173922352e+03 1.416446917715289411e-01
5.556800000000000182e+03 7.453653301269163421e+03 1.412988158304024633e-01
5.560300000000000182e+03 7.406367077607650572e+03 1.413068140233784131e-01
5.563800000000000182e+03 7.467137235596997925e+03 1.412506507606516581e-01
5.567300000000000182e+03 7.605636073502791987e+03 1.403499436832402192e-01
5.570800000000000182e+03 7.437565917076111873e+03 1.388607532661878807e-01
5.574300000000000182e+03 7.490042745289671075e+03 1.405671983679780412e-01
5.577800000000000182e+03 7.333737962115938899e+03 1.434556112571861719e-01
5.581300000000000182e+03 7.359616923222804871e+03 1.419199048554969644e-01
5.584800000000000182e+03 7.382145129016049395e+03 1.416945544162929727e-01
5.588300000000000182e+03 7.402208226997005113e+03 1.393290155337792990e-01
5.591800000000000182e+03 7.415833368824335594e+03 1.416791687819970169e-01
5.595300000000000182e+03 7.310700734549153822e+03 1.405906968149990555e-01
5.598800000000000182e+03 7.296659440847382029e+03 1.414962890931462935e-01
5.602300000000000182e+03 7.378788565740635022e+03 1.404891682418184795e-01
5.605800000000000182e+03 7.357878795652373810e+03 1.397969989528110302e-01
5.609300000000000182e+03 7.215193337304855049e+03 1.412611299303316581e-01
5.612800000000000182e+03 7.227366705571143939e+03 1.406033548250705256e-01
5.616300000000000182e+03 7.247764716994083756e+03 1.421079710770394022e-01
5.619800000000000182e+03 7.373677381428691660e+03 1.392383994164422822e-01
5.623300000000000182e+03 7.221232231791733284e+03 1.422194401912757200e-01
5.626800000000000182e+03 7.125337678015650454e+03 1.418522116525912091e-01
5.630300000000000182e+03 7.128334339833198101e+03 1.427564043790142123e-01
5.633800000000000182e+03 7.091065728832816603e+03 1.430870265330892732e-01
5.637300000000000182e+03 7.306990224746090462e+03 1.412123631152527869e-01
5.640800000000000182e+03 7.127637891503151877e+03 1.410768693942245078e-01
5.644300000000000182e+03 7.126266259251813608e+03 1.413441648992518063e-01
5.647800000000000182e+03 7.117032443657523800e+03 1.414047900309899630e-01
5.651300000000000182e+03 7.151643920664228062e+03 1.383446150634380090e-01
5.654800000000000182e+03 7.113083846127093238e+03 1.396452748301009184e-01
5.658300000000000182e+03 7.025102482845538361e+03 1.438982032637334540e-01
5.661800000000000182e+03 7.077873360934707307e+03 1.389886348568318275e-01
5.665300000000000182e+03 7.103816919169606990e+03 1.408191241195460297e-01
5.668800000000000182e+03 7.019439208290821625e+03 1.393390311128752113e-01
5.672300000000000182e+03 7.081650484319778116e+03 1.404380993723425286e-01
5.675800000000000182e+03 7.047704669783157442e+03 1.421895158167949813e-01
5.679300000000000182e+03 7.000416169338645886e+03 1.415983971958439114e-01
5.682800000000000182e+03 7.078861666698354384e+03 1.453167380170752032e-01
5.686300000000000182e+03 6.861198469814386954e+03 1.446442113714236088e-01
5.689800000000000182e+03 6.860793254394331598e+03 1.439309569609743544e-01
5.693300000000000182e+03 6.939763921627650234e+03 1.447726095149137193e-01
5.696800000000000182e+03 6.868422659738798757e+03 1.426964781615060462e-01
5.700300000000000182e+03 6.951634919840739713e+03 1.421198276084253420e-01
5.703800000000000182e+03 6.894163941984807934e+03 1.424149939607931847e-01
5.707300000000000182e+03 6.931343716307261275e+03 1.415628038772141495e-01
5.710800000000000182e+03 6.951237053239593479e+03 1.417335454413535534e-01
5.714300000000000182e+03 6.972447259645337908e+03 1.421147658860048013e-01
5.717800000000000182e+03 7.001858194551788984e+03 1.394884244719870048e-01
5.721300000000000182e+03 6.869439016018452094e+03 1.422784308136348930e-01
5.724800000000000182e+03 6.874322165657246842e+03 1.430568564808691878e-01
5.728300000000000182e+03 6.817533113824198153e+03 1.433626061316760625e-01
5.731800000000000182e+03 6.839090785067091929e+03 1.415428865696368721e-01
5.735300000000000182e+03 6.822879794602160473e+03 1.434806773288292148e-01
5.738800000000000182e+03 6.958746116990667360e+03 1.393826446121874951e-01
5.742300000000000182e+03 6.736576653835782054e+03 1.414116432227376097e-01
5.745800000000000182e+03 6.916796147456949257e+03 1.377050357658052560e-01
5.749300000000000182e+03 6.796119707447968722e+03 1.406686086919385903e-01
5.752800000000000182e+03 6.784511774055335081e+03 1.407910646895279838e-01
5.756300000000000182e+03 6.916490921242086188e+03 1.388862785314256831e-01
5.759800000000000182e+03 6.889047435556823075e+03 1.382278796162928480e-01
5.763300000000000182e+03 6.830338572455955727e+03 1.389607720854033335e-01
5.766800000000000182e+03 6.693036082266448830e+03 1.403906080073992202e-01
5.770300000000000182e+03 6.848065560465509407e+03 1.365412280422281799e-01
5.773800000000000182e+03 6.931043795619651064e+03 1.389464678195455327e-01
5.777300000000000182e+03 6.740666487151441288e+03 1.371696035595862673e-01
5.780800000000000182e+03 6.829138938117551334e+03 1.350432571030627527e-01
5.784300000000000182e+03 6.918089664262730366e+03 1.350194717994576410e-01
5.787800000000000182e+03 6.735914240098635673e+03 1.357379558929846519e-01
5.791300000000000182e+03 6.874398163598483734e+03 1.343494616673162612e-01
5.794800000000000182e+03 6.793486216419004450e+03 1.343205686575686120e-01
5.798300000000000182e+03 6.817596283851496082e+03 1.336160977333906152e-01
5.801800000000000182e+03 6.731062417964340057e+03 1.348025069670322762e-01
5.805300000000000182e+03 6.742539687818265520e+03 1.348738885497764162e-01
5.808800000000000182e+03 6.812544482567488558e+03 1.353034718486243182e-01
5.812300000000000182e+03 6.869162737278285022e+03 1.327739373918041532e-01
5.815800000000000182e+03 6.888746312274973207e+03 1.322111493862198617e-01
5.819300000000000182e+03 6.898177445836634433e+03 1.309966162247141463e-01
5.822800000000000182e+03 6.782875556866408260e+03 1.334564271008928660e-01
5.826300000000000182e+03 6.651015205789665742e+03 1.324623821602435303e-01
5.829800000000000182e+03 6.724744216121708632e+03 1.320772589390786511e-01
5.833300000000000182e+03 6.726327031813929352e+03 1.297698387717876600e-01
5.836800000000000182e+03 6.679767945073269402e+03 1.312079393987414244e-01
5.840300000000000182e+03 6.876096500619264589e+03 1.302886210946900269e-01
5.843800000000000182e+03 6.674468644742455581e+03 1.293382249844878540e-01
5.847300000000000182e+03 6.839692984360243827e+03 1.292181220746362602e-01
5.850800000000000182e+03 6.578189287954937754e+03 1.316383684441295998e-01
5.854300000000000182e+03 6.646632661697352887e+03 1.309699583180342630e-01
5.857800000000000182e+03 6.682926820711792971e+03 1.302337772772532987e-01
5.861300000000000182e+03 6.498566528810335512e+03 1.322458284913704263e-01
5.864800000000000182e+03 6.758893541456382991e+03 1.327006798342406646e-01
5.868300000000000182e+03 6.441996553707078419e+03 1.309582011604848162e-01
5.871800000000000182e+03 6.528864449624551526e+03 1.333424489489156706e-01
5.875300000000000182e+03 6.343145855646321252e+03 1.361628662864781403e-01
5.878800000000000182e+03 6.352361045396322879e+03 1.392922217579944388e-01
5.882300000000000182e+03 6.062248991213896261e+03 1.431114653001021031e-01
5.885800000000000182e+03 5.976929339441910997e+03 1.440452745722307082e-01
5.889300000000000182e+03 5.877418842470082382e+03 1.448123141018298476e-01
5.892800000000000182e+03 6.058532237087994872e+03 1.470220981199952537e-01
5.896300000000000182e+03 5.951890400611263431e+03 1.461151010643296777e-01
5.899800000000000182e+03 5.991832652183467872e+03 1.444929192014283159e-01
5.903300000000000182e+03 5.951709470278641675e+03 1.441795174547063074e-01
5.906800000000000182e+03 5.991563390564567271e+03 1.438193321209536579e-01
5.910300000000000182e+03 5.909504245331389029e+03 1.458972179094935873e-01
5.913800000000000182e+03 5.803943485385038912e+03 1.471820305938951468e-01
5.917300000000000182e+03 5.861290748279863692e+03 1.462854146711079772e-01
5.920800000000000182e+03 5.813542309606585150e+03 1.427691874491765489e-01
5.924300000000000182e+03 5.822798140963787773e+03 1.446816324904248718e-01
5.927800000000000182e+03 5.869312290468420542e+03 1.405892321803035860e-01
5.931300000000000182e+03 5.903026370064449111e+03 1.402933949805848513e-01
5.934800000000000182e+03 5.775904982087010467e+03 1.436325570123070106e-01
5.938300000000000182e+03 5.784699402798202755e+03 1.434401474681416266e-01
5.941800000000000182e+03 5.745652115053032503e+03 1.435702472157932286e-01
5.945300000000000182e+03 5.649411449734141570e+03 1.455966105126774712e-01
5.948800000000000182e+03 5.628628754182033845e+03 1.444072311678853138e-01
5.952300000000000182e+03 5.727416197124925020e+03 1.439087589600729911e-01
5.955800000000000182e+03 5.802667409139468873e+03 1.395157796162721786e-01
5.959300000000000182e+03 5.714381592146301045e+03 1.411486332657685416e-01
5.962800000000000182e+03 5.810210134484298578e+03 1.366493091690101080e-01
5.966300000000000182e+03 5.682016390995248003e+03 1.374690991282460084e-01
5.969800000000000182e+03 5.715607687129437181e+03 1.357908174398242962e-01
5.973300000000000182e+03 5.735261897467324161e+03 1.355713868798274213e-01
5.976800000000000182e+03 5.689465383822630429e+03 1.358903355630053655e-01
5.980300000000000182e+03 5.750685880597335199e+03 1.354524437413647808e-01
5.983800000000000182e+03 5.693484869426098157e+03 1.340113803921998692e-01
5.987300000000000182e+03 5.699603710565374058e+03 1.337703734076935713e-01
5.990800000000000182e+03 5.560407468438826072e+03 1.340495484297396234e-01
5.994300000000000182e+03 5.710275669650104646e+03 1.319406654997207218e-01
5.997800000000000182e+03 5.595212461043264739e+03 1.320379977512801672e-01
