# wavelength angstroms, flux, ext coeff
5.551500000000000000e+03 2.276663548140854982e+04 1.543765717560386108e-01
5.558500000000000000e+03 2.360203130971762221e+04 1.471983355631225343e-01
5.565500000000000000e+03 2.446862576085190813e+04 1.425337370090419831e-01
5.572500000000000000e+03 2.457136686599975656e+04 1.401331828543254943e-01
5.579500000000000000e+03 2.506212662847719912e+04 1.409434990465776028e-01
5.586500000000000000e+03 2.520843612676876364e+04 1.403582124402426301e-01
5.593500000000000000e+03 2.496185964108359622e+04 1.411635384771786905e-01
5.600500000000000000e+03 2.555991411659167716e+04 1.404097622817326585e-01
5.607500000000000000e+03 2.545435158258096999e+04 1.406885758075795689e-01
5.614500000000000000e+03 2.552415256185239195e+04 1.414315687601339633e-01
5.621500000000000000e+03 2.551143417989095906e+04 1.430589460018817372e-01
5.628500000000000000e+03 2.596459787381915157e+04 1.412758278200983153e-01
5.635500000000000000e+03 2.626469538064191875e+04 1.410502628000971093e-01
5.642500000000000000e+03 2.640268124900092153e+04 1.399105444386942454e-01
5.649500000000000000e+03 2.588347018391882375e+04 1.412556465301727515e-01
5.656500000000000000e+03 2.627266053517505497e+04 1.403106080885377638e-01
5.663500000000000000e+03 2.619152909513129634e+04 1.394796767029360396e-01
5.670500000000000000e+03 2.640120238348861312e+04 1.414119187878965234e-01
5.677500000000000000e+03 2.645493849230897467e+04 1.423931998341561589e-01
5.684500000000000000e+03 2.603548280392396919e+04 1.449704770572433910e-01
5.691500000000000000e+03 2.631820648312549383e+04 1.438341400504773715e-01
5.698500000000000000e+03 2.638602944050924634e+04 1.442702386695995376e-01
5.705500000000000000e+03 2.710246907218176420e+04 1.410984328467032867e-01
5.712500000000000000e+03 2.663259740617872740e+04 1.414368590201917908e-01
5.719500000000000000e+03 2.685644517512726088e+04 1.415944472303369561e-01
5.726500000000000000e+03 2.671579486217947124e+04 1.417969824997711570e-01
5.733500000000000000e+03 2.697491908378105290e+04 1.402113631041686792e-01
5.740500000000000000e+03 2.691831412840476332e+04 1.414084803176278160e-01
5.747500000000000000e+03 2.687561542422282582e+04 1.409508856906447893e-01
5.754500000000000000e+03 2.766310117290804556e+04 1.382615412983532743e-01
5.761500000000000000e+03 2.770026041715440442e+04 1.386186210935380358e-01
5.768500000000000000e+03 2.763507234596415947e+04 1.381727454732470384e-01
5.775500000000000000e+03 2.779337528669888343e+04 1.383957638139425017e-01
5.782500000000000000e+03 2.806486921026344135e+04 1.374020979400263354e-01
5.789500000000000000e+03 2.813580766080933245e+04 1.357730313199279337e-01
5.796500000000000000e+03 2.854103933900601260e+04 1.353298744283173149e-01
5.803500000000000000e+03 2.878756215863756734e+04 1.329903659002874827e-01
5.810500000000000000e+03 2.908568843562727125e+04 1.328530792662958315e-01
5.817500000000000000e+03 2.844824157262553490e+04 1.344925570873841958e-01
5.824500000000000000e+03 2.896463807147481202e+04 1.328684561532748054e-01
5.831500000000000000e+03 2.879731945785750213e+04 1.315090835307599071e-01
5.838500000000000000e+03 2.836434135380457519e+04 1.343871163585197148e-01
5.845500000000000000e+03 2.893676025659851075e+04 1.319538666167326402e-01
5.852500000000000000e+03 2.905065298579778755e+04 1.318806921426001200e-01
5.859500000000000000e+03 2.881646102221321780e+04 1.327796771931843423e-01
5.866500000000000000e+03 2.801851221060774333e+04 1.350978395408366228e-01
5.873500000000000000e+03 2.792698726751983122e+04 1.365879731132379760e-01
5.880500000000000000e+03 2.728510965352311541e+04 1.406522958186043337e-01
5.887500000000000000e+03 2.677902459094320511e+04 1.419591883184580794e-01
5.894500000000000000e+03 2.711998705165713545e+04 1.441698495685234394e-01
5.901500000000000000e+03 2.688391426511985992e+04 1.437938616658020752e-01
5.908500000000000000e+03 2.651305641654606734e+04 1.476677399565876625e-01
5.915500000000000000e+03 2.653453379807526653e+04 1.445018194968246128e-01
5.922500000000000000e+03 2.704831344477469247e+04 1.435895882564102999e-01
5.929500000000000000e+03 2.689305772907950086e+04 1.434139672696977119e-01
5.936500000000000000e+03 2.701808477932634923e+04 1.447539957581712167e-01
5.943500000000000000e+03 2.751429343438169963e+04 1.392243919607234759e-01
5.950500000000000000e+03 2.726874458958394098e+04 1.417688078445319411e-01
5.957500000000000000e+03 2.729518867088106344e+04 1.405910707324214137e-01
5.964500000000000000e+03 2.780808201012832433e+04 1.388482632496565450e-01
5.971500000000000000e+03 2.764411982386893214e+04 1.369174479200891414e-01
5.978500000000000000e+03 2.815393945526372408e+04 1.364100847541025729e-01
5.985500000000000000e+03 2.810328098926618259e+04 1.351759972729361936e-01
5.992500000000000000e+03 2.819915042546293262e+04 1.321463540113011204e-01
5.999500000000000000e+03 2.835518094387819292e+04 1.315153482620560199e-01
6.006500000000000000e+03 2.827681256690158989e+04 1.307135804216097708e-01
6.013500000000000000e+03 2.865573433336789822e+04 1.279063328157951929e-01
6.020500000000000000e+03 2.831193893113750164e+04 1.301910221206519780e-01
6.027500000000000000e+03 2.853395757821373991e+04 1.280614997579029579e-01
6.034500000000000000e+03 2.882265833618080069e+04 1.291842139353226449e-01
6.041500000000000000e+03 2.875822699133351489e+04 1.270718065744124992e-01
6.048500000000000000e+03 2.885657926165846220e+04 1.270612360352145198e-01
6.055500000000000000e+03 2.900681394187877595e+04 1.239571164406423481e-01
6.062500000000000000e+03 2.862131219621386481e+04 1.265984134108598391e-01
6.069500000000000000e+03 2.905381926614984332e+04 1.228408385630940514e-01
6.076500000000000000e+03 2.871262517405781546e+04 1.238644222154176855e-01
6.083500000000000000e+03 2.928092029197626107e+04 1.224776743583119998e-01
6.090500000000000000e+03 2.935317696152973076e+04 1.215213165257057748e-01
6.097500000000000000e+03 2.900632354973848123e+04 1.236033204053895995e-01
6.104500000000000000e+03 2.925640265833708327e+04 1.204434391513605207e-01
6.111500000000000000e+03 2.890826412981421890e+04 1.200788161204677795e-01
6.118500000000000000e+03 2.924162554737562459e+04 1.185998582168931587e-01
6.125500000000000000e+03 2.949681500622995009e+04 1.178283637655338500e-01
6.132500000000000000e+03 2.931624632301068050e+04 1.161272072021543589e-01
6.139500000000000000e+03 2.907473668050703054e+04 1.168432832223922913e-01
6.146500000000000000e+03 2.936367824379077501e+04 1.148025097605423206e-01
6.153500000000000000e+03 2.962913912488632195e+04 1.124652873543454806e-01
6.160500000000000000e+03 2.932339387526171049e+04 1.127976266466926142e-01
6.167500000000000000e+03 2.954574097140507729e+04 1.122550862607203243e-01
6.174500000000000000e+03 2.938754594571877897e+04 1.104260845471029262e-01
6.181500000000000000e+03 2.969017338416364873e+04 1.104539171598524772e-01
6.188500000000000000e+03 2.982677743024432857e+04 1.127450022961213327e-01
6.195500000000000000e+03 3.044436525718458506e+04 1.093610128793721797e-01
6.202500000000000000e+03 2.985631917227009762e+04 1.106366581434601176e-01
6.209500000000000000e+03 2.968291995994749232e+04 1.093700185807486985e-01
6.216500000000000000e+03 2.968891977709919229e+04 1.080202424236395009e-01
6.223500000000000000e+03 2.987826970999955665e+04 1.084194909538702262e-01
6.230500000000000000e+03 2.994922796108745024e+04 1.065032481526987096e-01
6.237500000000000000e+03 2.991898981610872943e+04 1.047956144561797004e-01
6.244500000000000000e+03 3.003129582413573007e+04 1.036497001393407308e-01
6.251500000000000000e+03 2.996302129691142545e+04 1.056948613549011928e-01
6.258500000000000000e+03 2.946221877406449494e+04 1.088072130085879774e-01
6.265500000000000000e+03 2.860532285602333286e+04 1.125066357637787839e-01
6.272500000000000000e+03 2.903631878571127163e+04 1.118330554272288918e-01
6.279500000000000000e+03 2.813547338890802348e+04 1.121041412474915316e-01
6.286500000000000000e+03 2.815639135545452154e+04 1.160853229278481502e-01
6.293500000000000000e+03 2.871303423204056526e+04 1.132411674026670284e-01
6.300500000000000000e+03 2.830223286513958010e+04 1.098872854162753904e-01
6.307500000000000000e+03 2.899900477378405049e+04 1.077227721310962255e-01
6.314500000000000000e+03 2.992490004730075816e+04 1.038641495086017746e-01
6.321500000000000000e+03 2.934920672513006866e+04 1.031360362575803186e-01
6.328500000000000000e+03 2.903748821007071092e+04 1.040318875072614307e-01
6.335500000000000000e+03 2.973564573273576389e+04 1.022321567517328472e-01
6.342500000000000000e+03 2.937547731585825750e+04 9.890380290375590244e-02
6.349500000000000000e+03 3.016561883004313495e+04 9.614943156798820556e-02
6.356500000000000000e+03 3.025571489171140274e+04 9.755575130058055655e-02
6.363500000000000000e+03 2.971476442943050642e+04 9.616920231208110625e-02
6.370500000000000000e+03 3.028053690788286622e+04 9.410256803380932789e-02
6.377500000000000000e+03 3.030983875251249265e+04 9.630662718109013476e-02
6.384500000000000000e+03 3.028877487587211726e+04 9.473587635580058008e-02
6.391500000000000000e+03 3.022738769376103664e+04 9.556784854280123143e-02
6.398500000000000000e+03 3.014857647121413174e+04 9.335649788742907129e-02
6.405500000000000000e+03 3.001620339405141567e+04 9.427949312127797965e-02
6.412500000000000000e+03 2.999998175745013214e+04 9.222250338753235077e-02
6.419500000000000000e+03 3.059863544204445861e+04 9.389916598173901618e-02
6.426500000000000000e+03 3.056099570676185249e+04 9.037942712826324554e-02
6.433500000000000000e+03 2.976813613920482749e+04 9.148933769327191601e-02
6.440500000000000000e+03 3.034459781052629478e+04 8.955651793463946519e-02
6.447500000000000000e+03 3.002618564434847576e+04 8.943601890287596057e-02
6.454500000000000000e+03 2.907471152773744325e+04 9.316798040912241397e-02
6.461500000000000000e+03 2.938596528695577217e+04 9.538636164685701524e-02
6.468500000000000000e+03 2.875819675234967144e+04 9.875511168673339890e-02
6.475500000000000000e+03 2.875654615119598748e+04 9.843571661788468041e-02
6.482500000000000000e+03 2.816339807916342397e+04 9.838870540411155663e-02
6.489500000000000000e+03 2.874622916523682943e+04 9.785097210867635398e-02
6.496500000000000000e+03 2.844884715249946021e+04 9.661711384696537730e-02
6.503500000000000000e+03 2.906397980921878479e+04 9.494775841740164812e-02
6.510500000000000000e+03 2.925439141206410204e+04 9.501525876916892821e-02
6.517500000000000000e+03 2.903400419556273482e+04 9.509903495045353428e-02
6.524500000000000000e+03 2.888340190209316643e+04 9.894344229276562375e-02
6.531500000000000000e+03 2.893137678405452607e+04 9.689637585421145838e-02
6.538500000000000000e+03 2.898160197220546252e+04 9.651042942365319066e-02
6.545500000000000000e+03 2.808968655022309758e+04 9.432289363075975486e-02
6.552500000000000000e+03 2.819372506846431497e+04 8.673374760086656476e-02
6.559500000000000000e+03 2.783496223658368763e+04 7.633357548250213620e-02
6.566500000000000000e+03 2.843082745643283488e+04 6.334423548459962305e-02
6.573500000000000000e+03 2.855252718480410840e+04 6.217110445608947655e-02
6.580500000000000000e+03 2.854152011631958521e+04 7.768616370839746821e-02
6.587500000000000000e+03 2.809631139705649548e+04 9.090888584153615504e-02
6.594500000000000000e+03 2.879730181826982516e+04 9.350163915745167420e-02
6.601500000000000000e+03 2.933896961011037274e+04 8.695785832021311890e-02
6.608500000000000000e+03 3.001078570425636281e+04 8.150357179442489775e-02
6.615500000000000000e+03 2.991132542346759510e+04 7.936283312727210326e-02
6.622500000000000000e+03 3.027058927055572713e+04 7.898125845425868485e-02
6.629500000000000000e+03 3.067627276520307350e+04 7.694552653420379251e-02
6.636500000000000000e+03 3.034434970405242711e+04 7.709346582348058918e-02
6.643500000000000000e+03 3.052632051155075533e+04 7.680396010470315338e-02
6.650500000000000000e+03 3.013245546281199495e+04 7.699251251402586260e-02
6.657500000000000000e+03 3.033793286919275488e+04 7.610666948617639260e-02
6.664500000000000000e+03 3.022703299386757135e+04 7.592874320646983421e-02
6.671500000000000000e+03 3.032739509259074839e+04 7.514317508995127515e-02
6.678500000000000000e+03 2.993327926992186622e+04 7.370785347697088319e-02
6.685500000000000000e+03 3.008909700950109618e+04 7.092100767884788881e-02
6.692500000000000000e+03 2.988167924795760700e+04 7.447786341941052546e-02
6.699500000000000000e+03 3.005669510047340373e+04 7.174125182720482441e-02
6.706500000000000000e+03 2.996828758407546775e+04 7.258341509526633484e-02
6.713500000000000000e+03 2.975801312324532046e+04 7.315568566512194171e-02
6.720500000000000000e+03 3.001215678126800049e+04 7.124268791875210116e-02
6.727500000000000000e+03 3.045659402716922341e+04 7.131594819074908720e-02
6.734500000000000000e+03 3.033680397224720582e+04 7.039087815001583703e-02
6.741500000000000000e+03 2.973511606387894062e+04 7.196399817729545734e-02
6.748500000000000000e+03 2.994721660258030897e+04 7.051411340847117681e-02
6.755500000000000000e+03 2.975186026952486645e+04 7.078904034245618593e-02
6.762500000000000000e+03 3.011581623047171888e+04 6.971877242855524515e-02
6.769500000000000000e+03 2.935000013892593779e+04 6.893818190857523009e-02
6.776500000000000000e+03 2.957572191792399099e+04 6.991898221441585071e-02
6.783500000000000000e+03 3.000841498754860731e+04 6.755647393419081381e-02
6.790500000000000000e+03 2.983796152768210595e+04 6.677967845321144957e-02
6.797500000000000000e+03 2.979730248290116651e+04 6.690888238681190481e-02
6.804500000000000000e+03 3.004072581304285268e+04 6.723104181332367757e-02
6.811500000000000000e+03 2.972642916294884708e+04 6.668774338020058701e-02
6.818500000000000000e+03 2.928949172992345120e+04 6.735063703394802981e-02
6.825500000000000000e+03 2.920292431604904777e+04 6.735642832354786502e-02
6.832500000000000000e+03 2.935459293536456971e+04 6.416578189305036095e-02
6.839500000000000000e+03 2.975118996911216891e+04 6.687349487592157693e-02
6.846500000000000000e+03 2.830554863315381226e+04 7.476099288669398046e-02
6.853500000000000000e+03 2.610826474478277669e+04 9.471195893488847106e-02
6.860500000000000000e+03 2.315739102639082193e+04 1.087590436195435273e-01
6.867500000000000000e+03 2.281003595775971189e+04 8.732084936806616682e-02
6.874500000000000000e+03 2.103268832034889056e+04 9.570095201829753595e-02
6.881500000000000000e+03 1.938371033414778867e+04 1.382852997189187583e-01
6.888500000000000000e+03 2.026915718050391297e+04 1.295596087453874945e-01
6.895500000000000000e+03 2.156347564410226914e+04 1.131951523939132703e-01
6.902500000000000000e+03 2.226689189548697323e+04 1.030011490225156007e-01
6.909500000000000000e+03 2.332430644151524393e+04 1.008515971348274420e-01
6.916500000000000000e+03 2.378270629803456904e+04 9.930706891770829658e-02
6.923500000000000000e+03 2.409228176483413336e+04 9.635031090342884019e-02
6.930500000000000000e+03 2.434377308339456067e+04 9.346672736959910077e-02
6.937500000000000000e+03 2.420367329761167275e+04 9.370213684349328054e-02
6.944500000000000000e+03 2.498732721717552704e+04 8.758558399571575448e-02
6.951500000000000000e+03 2.523467450560569705e+04 8.482129687246654781e-02
6.958500000000000000e+03 2.615673297842723332e+04 7.970777718243909904e-02
6.965500000000000000e+03 2.591886762643944530e+04 7.710024015678659803e-02
6.972500000000000000e+03 2.624238759783406567e+04 7.770874154426099523e-02
6.979500000000000000e+03 2.682290583977062488e+04 7.376254933564420357e-02
6.986500000000000000e+03 2.567910656319235932e+04 7.723310515314305014e-02
6.993500000000000000e+03 2.589949778416040135e+04 7.496417390254711544e-02
7.000500000000000000e+03 2.565433379716152194e+04 7.970695606796811272e-02
7.007500000000000000e+03 2.591964912584428384e+04 7.647167981842485640e-02
7.014500000000000000e+03 2.543544893880539530e+04 7.822460069682471429e-02
7.021500000000000000e+03 2.563171073406502910e+04 7.560596736558895803e-02
7.028500000000000000e+03 2.578852101093034071e+04 7.530882636013851161e-02
7.035500000000000000e+03 2.550897161318215512e+04 7.520044775572223839e-02
7.042500000000000000e+03 2.625984659781948358e+04 6.998240031543047357e-02
7.049500000000000000e+03 2.602970271636631878e+04 6.915570394586939562e-02
7.056500000000000000e+03 2.569360399923736986e+04 6.834113768013133638e-02
7.063500000000000000e+03 2.603799287479477061e+04 6.590253166045453859e-02
7.070500000000000000e+03 2.589138617295545919e+04 6.533525278954034621e-02
7.077500000000000000e+03 2.592663303139703567e+04 6.660134931443618955e-02
7.084500000000000000e+03 2.648036355531238223e+04 6.321269938289104939e-02
7.091500000000000000e+03 2.629791090250655907e+04 6.683651926539445343e-02
7.098500000000000000e+03 2.644252343602124529e+04 6.168383425159065792e-02
7.105500000000000000e+03 2.659999170515406877e+04 5.948460030220380917e-02
7.112500000000000000e+03 2.658444759362531113e+04 5.783342776185353834e-02
7.119500000000000000e+03 2.606931296506869330e+04 5.811790427433505268e-02
7.126500000000000000e+03 2.599913845535418659e+04 5.975928448750060518e-02
7.133500000000000000e+03 2.634846200251949995e+04 6.235212912963050691e-02
7.140500000000000000e+03 2.566553235422111538e+04 6.456410420325169042e-02
7.147500000000000000e+03 2.491721813783291145e+04 6.806692153867602291e-02
7.154500000000000000e+03 2.374950499590235268e+04 7.845096542613061441e-02
7.161500000000000000e+03 2.212148836625558761e+04 9.218007241044356981e-02
7.168500000000000000e+03 2.011858183259984071e+04 1.029062833253653053e-01
7.175500000000000000e+03 1.935958164395912900e+04 1.104302851195116536e-01
7.182500000000000000e+03 1.831992128140502246e+04 1.178893623220945985e-01
7.189500000000000000e+03 1.783102533669707191e+04 1.214351021069179082e-01
7.196500000000000000e+03 1.818665687217519371e+04 1.172802531258631681e-01
7.203500000000000000e+03 1.900638331150407976e+04 1.055637261655194975e-01
7.210500000000000000e+03 1.982734313017098975e+04 1.052120889716225693e-01
7.217500000000000000e+03 2.065006200490564152e+04 1.039609320840253204e-01
7.224500000000000000e+03 2.057556893323267650e+04 9.982556736504909212e-02
7.231500000000000000e+03 2.040745448896390735e+04 9.337234258512866480e-02
7.238500000000000000e+03 1.959955516083954717e+04 9.623813980665173184e-02
7.245500000000000000e+03 1.885515398646622270e+04 1.051117985929799076e-01
7.252500000000000000e+03 1.864358891798620607e+04 1.121513380676581184e-01
7.259500000000000000e+03 1.838255461773057323e+04 1.118397826733845551e-01
7.266500000000000000e+03 1.857269463020974217e+04 1.104855254193372466e-01
7.273500000000000000e+03 1.911368188651079618e+04 1.025476190363455858e-01
7.280500000000000000e+03 1.885092528615525225e+04 1.059355929823203868e-01
7.287500000000000000e+03 1.893293467112341386e+04 1.041522292827394558e-01
7.294500000000000000e+03 1.958222187852037314e+04 1.002878300042726184e-01
7.301500000000000000e+03 1.921767347736221564e+04 9.840688806444217174e-02
7.308500000000000000e+03 1.998847805985930972e+04 9.498451416469680386e-02
7.315500000000000000e+03 2.050510017271182005e+04 8.868831925759282364e-02
7.322500000000000000e+03 2.089032755487305258e+04 8.362458827822581708e-02
7.329500000000000000e+03 2.177061833661429409e+04 7.561035360392132088e-02
7.336500000000000000e+03 2.229327854292080156e+04 7.051111158389317124e-02
7.343500000000000000e+03 2.212542712317838959e+04 6.877980884098876257e-02
7.350500000000000000e+03 2.281057572689593508e+04 6.658158863641706893e-02
7.357500000000000000e+03 2.236729358590067932e+04 6.499678826646852758e-02
7.364500000000000000e+03 2.284613883727927168e+04 6.318545777870865354e-02
7.371500000000000000e+03 2.255783704393290463e+04 6.155281885767088790e-02
7.378500000000000000e+03 2.285161045942241617e+04 5.973154368281467091e-02
7.385500000000000000e+03 2.283783415866224095e+04 5.786689398038008525e-02
7.392500000000000000e+03 2.276700453978383666e+04 5.636703575185937620e-02
7.399500000000000000e+03 2.320568220928223309e+04 5.321362039680096329e-02
7.406500000000000000e+03 2.357568874565093211e+04 5.040540680875318924e-02
7.413500000000000000e+03 2.339754687707878838e+04 5.112385074565737458e-02
7.420500000000000000e+03 2.335240443540990236e+04 4.869258520979601046e-02
7.427500000000000000e+03 2.351377755813418844e+04 4.837445011964908864e-02
7.434500000000000000e+03 2.340994628390488651e+04 4.750668864977962425e-02
7.441500000000000000e+03 2.264265551386126390e+04 4.679900820006682033e-02
7.448500000000000000e+03 2.336994988878924414e+04 4.715162344750688933e-02
7.455500000000000000e+03 2.363944446486087327e+04 4.488447557738264176e-02
7.462500000000000000e+03 2.357913583955681315e+04 4.385139684893133577e-02
7.469500000000000000e+03 2.273984015326319786e+04 4.647509787524489039e-02
7.476500000000000000e+03 2.280612374567862935e+04 4.306064882612573030e-02
7.483500000000000000e+03 2.264320395930734958e+04 4.629429019688854896e-02
7.490500000000000000e+03 2.284652787588303909e+04 4.357752005968620196e-02
7.497500000000000000e+03 2.265620461197020995e+04 4.494437716254325726e-02
7.504500000000000000e+03 2.284027601851999498e+04 4.523017795689812659e-02
7.511500000000000000e+03 2.244321557247681267e+04 4.509329804625809845e-02
7.518500000000000000e+03 2.244429680569403718e+04 4.411980082570943207e-02
7.525500000000000000e+03 2.247482622312105013e+04 4.366518145297024200e-02
7.532500000000000000e+03 2.199707357835350922e+04 4.431109620495045365e-02
7.539500000000000000e+03 2.221951559039218773e+04 4.233991506323095400e-02
7.546500000000000000e+03 2.213270374644635012e+04 4.336236596701593948e-02
7.553500000000000000e+03 2.192146020277591379e+04 4.330799439469371070e-02
7.560500000000000000e+03 2.160594328229841994e+04 4.394895138714276228e-02
7.567500000000000000e+03 2.116572824774666879e+04 4.767489160056428282e-02
7.574500000000000000e+03 2.011650848883440995e+04 6.450570169794389574e-02
7.581500000000000000e+03 1.601205830355519720e+04 1.176014566604001582e-01
7.588500000000000000e+03 1.142571056389422665e+04 1.680772879695951738e-01
7.595500000000000000e+03 8.772098247499607169e+03 1.232258990433091894e-01
7.602500000000000000e+03 6.951042160477219113e+03 6.449129440337050823e-02
7.609500000000000000e+03 4.053370561760986220e+03 2.403112190837055628e-01
7.616500000000000000e+03 3.198165471498676197e+03 3.966557355116911987e-01
7.623500000000000000e+03 3.788022366275872628e+03 3.576327109192002363e-01
7.630500000000000000e+03 4.820768943581583699e+03 2.707175059050253019e-01
7.637500000000000000e+03 5.546559740384205725e+03 2.449247251652198476e-01
7.644500000000000000e+03 6.507157427189154987e+03 2.275319910456738981e-01
7.651500000000000000e+03 8.298731568115485061e+03 1.919358561333660285e-01
7.658500000000000000e+03 1.043587854144459379e+04 1.564270676826190198e-01
7.665500000000000000e+03 1.250002209067134936e+04 1.258907989989051790e-01
7.672500000000000000e+03 1.442894124687730800e+04 1.012950314824498516e-01
7.679500000000000000e+03 1.592463083043494044e+04 8.256860919845895874e-02
7.686500000000000000e+03 1.693160279929820172e+04 7.095340613482535586e-02
7.693500000000000000e+03 1.815086748142738361e+04 6.103738645048210898e-02
7.700500000000000000e+03 1.812055639752339630e+04 5.615857576791101480e-02
7.707500000000000000e+03 1.862349271677573779e+04 5.279998645489955567e-02
7.714500000000000000e+03 1.885126801434101435e+04 4.692732791065366837e-02
7.721500000000000000e+03 1.877637261329381727e+04 4.581636434127359103e-02
7.728500000000000000e+03 1.900081320035477984e+04 4.438731984739883313e-02
7.735500000000000000e+03 1.932424267620927276e+04 4.132630170145575738e-02
7.742500000000000000e+03 1.888913850180653026e+04 4.113104677118417651e-02
7.749500000000000000e+03 1.884828054303990211e+04 4.131465758326672427e-02
7.756500000000000000e+03 1.848089585946253646e+04 4.136106866487594680e-02
7.763500000000000000e+03 1.899667037162844645e+04 3.968379359877600987e-02
7.770500000000000000e+03 1.857832167702675724e+04 3.813552897116674611e-02
7.777500000000000000e+03 1.884080033529295542e+04 3.768765410150035078e-02
7.784500000000000000e+03 1.848365938871163235e+04 3.965406777134385802e-02
7.791500000000000000e+03 1.811512096484351423e+04 4.202488690894097545e-02
7.798500000000000000e+03 1.821880608936387216e+04 3.978432565416509942e-02
7.805500000000000000e+03 1.794866547669556167e+04 3.819338943797873781e-02
7.812500000000000000e+03 1.808453317582780073e+04 3.989607286076658071e-02
7.819500000000000000e+03 1.809577945813277256e+04 3.905823641590587536e-02
7.826500000000000000e+03 1.823067497001025913e+04 3.576528883057116665e-02
7.833500000000000000e+03 1.781313449677231984e+04 3.880877862958838354e-02
7.840500000000000000e+03 1.795982062821273939e+04 3.923847059298151557e-02
7.847500000000000000e+03 1.757214269847790638e+04 4.139034301205431199e-02
7.854500000000000000e+03 1.736919135686061782e+04 4.327145559704839023e-02
7.861500000000000000e+03 1.736776637057758853e+04 4.109235054204037757e-02
7.868500000000000000e+03 1.692562338993046433e+04 4.474099330209503622e-02
7.875500000000000000e+03 1.669303888519384054e+04 4.587684309204922289e-02
7.882500000000000000e+03 1.655261179155196078e+04 4.661888476986388724e-02
7.889500000000000000e+03 1.606845521155199276e+04 4.989001721461025496e-02
7.896500000000000000e+03 1.600724642787070479e+04 4.828730107723510495e-02
7.903500000000000000e+03 1.603591572212158826e+04 5.172920861610751792e-02
7.910500000000000000e+03 1.559524733947062487e+04 4.913587561492739619e-02
7.917500000000000000e+03 1.610684292221820760e+04 4.904932122144079615e-02
7.924500000000000000e+03 1.623035570710551656e+04 4.456398287631797156e-02
7.931500000000000000e+03 1.603230159354373427e+04 4.368363466701483122e-02
7.938500000000000000e+03 1.569183717817635807e+04 4.441673379370514319e-02
7.945500000000000000e+03 1.595957678700937140e+04 4.291701795174827222e-02
7.952500000000000000e+03 1.555141821393740793e+04 4.409741619236250132e-02
7.959500000000000000e+03 1.531353138478937399e+04 4.644031185877313395e-02
7.966500000000000000e+03 1.509382800814114489e+04 4.596652882105256577e-02
7.973500000000000000e+03 1.540749380518092948e+04 4.735710976860744992e-02
7.980500000000000000e+03 1.542785275089198331e+04 4.648798499215305025e-02
7.987500000000000000e+03 1.523620356010053001e+04 4.506880543822890800e-02
7.994500000000000000e+03 1.512983355827676314e+04 4.557259464951724653e-02
8.001500000000000000e+03 1.520734829793208337e+04 4.228493343480150407e-02
8.008500000000000000e+03 1.483487545545907051e+04 5.050468859412445000e-02
8.015500000000000000e+03 1.436570044174633585e+04 4.809573666342337184e-02
8.022500000000000000e+03 1.454134373165393117e+04 4.868642582537602986e-02
8.029500000000000000e+03 1.426427952123071555e+04 5.051082188109147497e-02
8.036500000000000000e+03 1.470012064445219039e+04 4.619106891391311365e-02
8.043500000000000000e+03 1.449436472044498441e+04 4.449830176363329948e-02
8.050500000000000000e+03 1.453225283204590778e+04 4.162184691983169399e-02
8.057500000000000000e+03 1.455316780701771131e+04 4.259966655936706093e-02
8.064500000000000000e+03 1.469832005446133735e+04 4.061935253569171761e-02
8.071500000000000000e+03 1.433551498077407814e+04 4.263817279212190475e-02
8.078500000000000000e+03 1.440805575299951488e+04 4.087955811934730621e-02
8.085500000000000000e+03 1.444952823036011614e+04 4.126550248258493286e-02
8.092500000000000000e+03 1.403790175830932276e+04 4.302430474623785556e-02
8.099500000000000000e+03 1.375253474117236510e+04 4.834495778729278048e-02
8.106500000000000000e+03 1.347247127295893915e+04 5.243287166185250925e-02
8.113500000000000000e+03 1.299143816553894067e+04 5.558481234449336866e-02
8.120500000000000000e+03 1.238031257354886293e+04 6.345961234435548715e-02
8.127500000000000000e+03 1.182771248110338456e+04 7.100981892178832855e-02
8.134500000000000000e+03 1.137178445553740494e+04 7.663529371620504682e-02
8.141500000000000000e+03 1.056514996245921611e+04 9.024374581293977127e-02
8.148500000000000000e+03 1.007994398258806177e+04 9.497309300910383723e-02
8.155500000000000000e+03 9.671167198293971524e+03 9.937966133586996487e-02
8.162500000000000000e+03 9.749801189589570640e+03 9.574930545878582167e-02
8.169500000000000000e+03 9.397914802684323149e+03 1.050290789041564976e-01
8.176500000000000000e+03 9.613202990546544243e+03 9.809207016323137629e-02
8.183500000000000000e+03 9.783312380061102886e+03 9.077172886607676183e-02
8.190500000000000000e+03 1.019342220241155155e+04 8.339714355828438397e-02
8.197500000000000000e+03 1.071049950855579482e+04 7.359215112292648298e-02
8.204500000000000000e+03 1.067870062849785973e+04 8.218344071857479338e-02
8.211500000000000000e+03 1.027831303786628087e+04 9.098889469155392595e-02
8.218500000000000000e+03 9.785806740147825622e+03 9.337790169255687223e-02
8.225500000000000000e+03 1.009582622215761694e+04 6.868700408156440396e-02
8.232500000000000000e+03 1.003255382125765027e+04 6.905606109102711831e-02
8.239500000000000000e+03 9.989388925412724348e+03 8.944651900130928812e-02
8.246500000000000000e+03 1.042329658621869748e+04 8.372731695015432629e-02
8.253500000000000000e+03 1.094321109239682846e+04 6.437710960087408840e-02
8.260500000000000000e+03 1.099910171619067478e+04 6.585013179386174642e-02
8.267500000000000000e+03 1.063970314830478856e+04 7.359774801793696197e-02
8.274500000000000000e+03 1.037346109283755686e+04 6.868140206870833320e-02
8.281500000000000000e+03 1.010743498564767106e+04 6.786504630849271580e-02
8.288500000000000000e+03 1.031853460802050176e+04 7.137142993758729959e-02
8.295500000000000000e+03 1.020188541511522999e+04 7.470833791934777812e-02
8.302500000000000000e+03 1.058516754280261193e+04 6.967555388270703365e-02
8.309500000000000000e+03 1.046976190787258565e+04 6.823971611013793237e-02
8.316500000000000000e+03 1.081313936359180479e+04 6.142394018190099753e-02
8.323500000000000000e+03 1.089006204254733711e+04 5.958495756534164939e-02
8.330500000000000000e+03 1.056803596904535880e+04 6.256677228488642661e-02
8.337500000000000000e+03 1.114349290428774293e+04 5.582938399131968932e-02
8.344500000000000000e+03 1.105541619720404378e+04 5.504415153945409894e-02
8.351500000000000000e+03 1.121643203145875304e+04 5.028983349017160376e-02
8.358500000000000000e+03 1.151149228187602057e+04 4.603306525736980404e-02
8.365500000000000000e+03 1.131395537742254783e+04 4.853322831462673903e-02
8.372500000000000000e+03 1.147413952681352202e+04 4.713572964131072102e-02
8.379500000000000000e+03 1.178534647164691705e+04 4.039763861823784941e-02
8.386500000000000000e+03 1.146420590712974081e+04 4.149147870885355749e-02
8.393500000000000000e+03 1.144667768225676627e+04 4.314392710977647816e-02
8.400500000000000000e+03 1.168075110174267866e+04 4.091060112896034023e-02
8.407500000000000000e+03 1.165481326588185766e+04 4.059615033179119620e-02
8.414500000000000000e+03 1.158207396267168224e+04 3.717963152781825209e-02
8.421500000000000000e+03 1.175373778272894742e+04 3.721870526883869906e-02
8.428500000000000000e+03 1.162736098997066438e+04 3.604672895766170004e-02
8.435500000000000000e+03 1.167576057455191403e+04 3.230491243532082613e-02
8.442500000000000000e+03 1.181754952555928867e+04 2.993400294775325210e-02
8.449500000000000000e+03 1.154560818653923161e+04 3.204722173349495301e-02
8.456500000000000000e+03 1.168078110615054902e+04 3.210587490310470860e-02
8.463500000000000000e+03 1.152082796739116020e+04 3.265962344399641476e-02
8.470500000000000000e+03 1.136866757224876528e+04 3.323341663484524755e-02
8.477500000000000000e+03 1.151081393316833783e+04 3.282889208447952595e-02
8.484500000000000000e+03 1.147731731944632702e+04 3.333844911674505029e-02
8.491500000000000000e+03 1.135000064611237030e+04 3.374372707472713534e-02
8.498500000000000000e+03 1.119327353760785445e+04 3.092699227373929896e-02
8.505500000000000000e+03 1.144808721917054390e+04 2.762257522594244522e-02
8.512500000000000000e+03 1.149469075046082071e+04 2.687635388713433340e-02
8.519500000000000000e+03 1.130124813224896388e+04 3.347565024243748938e-02
8.526500000000000000e+03 1.104586241469869128e+04 3.698580221295993953e-02
8.533500000000000000e+03 1.094342550576417125e+04 3.648101924812990893e-02
8.540500000000000000e+03 1.113547806073125503e+04 2.760150269893921551e-02
8.547500000000000000e+03 1.130324360484962563e+04 2.024512044229300617e-02
8.554500000000000000e+03 1.134292218719666926e+04 2.187947689080327329e-02
8.561500000000000000e+03 1.128358545492703161e+04 3.113580010723040678e-02
8.568500000000000000e+03 1.095720655152093605e+04 3.662221519895780819e-02
8.575500000000000000e+03 1.060145737319384170e+04 3.904986439645533741e-02
8.582500000000000000e+03 1.067690603655474843e+04 3.157780020653132985e-02
8.589500000000000000e+03 1.098288807152382469e+04 2.317224734940010258e-02
8.596500000000000000e+03 1.085218540289138218e+04 2.454019094010564603e-02
8.603500000000000000e+03 1.107668785444893001e+04 2.126757747586018737e-02
8.610500000000000000e+03 1.097751024618907650e+04 2.096469674048975079e-02
8.617500000000000000e+03 1.082987968090555296e+04 2.832927982125596489e-02
8.624500000000000000e+03 1.070602188648505580e+04 3.365600824086115161e-02
8.631500000000000000e+03 1.100619200795305187e+04 3.236996610134373203e-02
8.638500000000000000e+03 1.065327992316739619e+04 3.446008868198398994e-02
8.645500000000000000e+03 1.051385465985612609e+04 3.288669285691554062e-02
8.652500000000000000e+03 1.039274397648228478e+04 3.224633598356859560e-02
8.659500000000000000e+03 1.060493638483532231e+04 2.153082244369475956e-02
8.666500000000000000e+03 1.074379175873569511e+04 1.245997267729865958e-02
8.673500000000000000e+03 1.077002192184990963e+04 1.018672053169433420e-02
8.680500000000000000e+03 1.051347539608935585e+04 2.366739051628797066e-02
8.687500000000000000e+03 1.049023396680537189e+04 3.098660351632056761e-02
8.694500000000000000e+03 1.043469241816935573e+04 3.486684765331366648e-02
8.701500000000000000e+03 1.050850474572122039e+04 3.087358146448240109e-02
8.708500000000000000e+03 1.048014639776215154e+04 3.249402223404931206e-02
8.715500000000000000e+03 1.047812831189343706e+04 3.259062788973766944e-02
8.722500000000000000e+03 1.022609211821272038e+04 3.358068284647000579e-02
8.729500000000000000e+03 1.032447985833040184e+04 3.240159461893066944e-02
8.736500000000000000e+03 1.023379326172682704e+04 2.670583487614781176e-02
8.743500000000000000e+03 1.039601021290134850e+04 1.409548986652666737e-02
8.750500000000000000e+03 1.029957289880521603e+04 8.970435202432576471e-03
8.757500000000000000e+03 1.007864458104886216e+04 1.425837819842621333e-02
8.764500000000000000e+03 1.002331518591695203e+04 2.398484173374978295e-02
8.771500000000000000e+03 1.007926660636124325e+04 2.789899747103017844e-02
8.778500000000000000e+03 1.006519714805168769e+04 2.907336265503686346e-02
8.785500000000000000e+03 1.000650036657302189e+04 3.095928572294079362e-02
8.792500000000000000e+03 1.017851925015589586e+04 2.994262523046021043e-02
8.799500000000000000e+03 1.006363571403524838e+04 3.038860215118752844e-02
8.806500000000000000e+03 1.024261065909760691e+04 2.871308585619348347e-02
8.813500000000000000e+03 1.015797550925820906e+04 2.869347864408849577e-02
8.820500000000000000e+03 9.990646003143476264e+03 2.968421253645455934e-02
8.827500000000000000e+03 9.799613946523157210e+03 3.198986183311279541e-02
8.834500000000000000e+03 9.878943693757959409e+03 3.084299001915703775e-02
8.841500000000000000e+03 9.671745827449156423e+03 3.093512505722252615e-02
8.848500000000000000e+03 9.407063706682180054e+03 2.977308396867000759e-02
8.855500000000000000e+03 9.355018022624770310e+03 2.380901703709933231e-02
8.862500000000000000e+03 9.373841482208861635e+03 1.532215573882944951e-02
8.869500000000000000e+03 9.456791001922667419e+03 1.146153323319051148e-02
8.876500000000000000e+03 9.472047893123564791e+03 1.560863850158379813e-02
8.883500000000000000e+03 9.472494008439756726e+03 2.684321092920457369e-02
8.890500000000000000e+03 9.284712321867853461e+03 3.399615818590761424e-02
8.897500000000000000e+03 9.535744155629259694e+03 3.275340012162143710e-02
8.904500000000000000e+03 9.330614115508797113e+03 3.341358388973016819e-02
8.911500000000000000e+03 9.347201696388079654e+03 3.430227016935269435e-02
8.918500000000000000e+03 9.171690015508645956e+03 3.647908841719008782e-02
8.925500000000000000e+03 8.971685695948866851e+03 3.994707351822003594e-02
8.932500000000000000e+03 8.739839630022708661e+03 4.595302091649507842e-02
8.939500000000000000e+03 8.178300773207331076e+03 5.962932154269106472e-02
8.946500000000000000e+03 7.864394112062570457e+03 6.621670500295882833e-02
8.953500000000000000e+03 7.233719014133111159e+03 7.778228482857035830e-02
8.960500000000000000e+03 6.764114582684257584e+03 8.323380226024587603e-02
8.967500000000000000e+03 6.440516743623043112e+03 9.013571902408053227e-02
8.974500000000000000e+03 6.044199722312925587e+03 1.071633300572034375e-01
8.981500000000000000e+03 5.614042974953211342e+03 1.144192544965261238e-01
8.988500000000000000e+03 5.610034301834752114e+03 1.010842467081702611e-01
8.995500000000000000e+03 5.344040180676465752e+03 1.103091964501614203e-01
9.002500000000000000e+03 5.246430320871852928e+03 1.078461535595889587e-01
9.009500000000000000e+03 5.695787758092724289e+03 8.655194866168361423e-02
9.016500000000000000e+03 5.829464627288783959e+03 7.774621630594753807e-02
9.023500000000000000e+03 6.218605201077177298e+03 6.864536904961139607e-02
9.030500000000000000e+03 6.411736329150761776e+03 7.363717199643531053e-02
9.037500000000000000e+03 6.587164875921187559e+03 8.011759914297339469e-02
9.044500000000000000e+03 6.907039380626108141e+03 7.478065561737241851e-02
9.051500000000000000e+03 6.956712185747770491e+03 7.933029261235818863e-02
9.058500000000000000e+03 6.400057593653924414e+03 9.100268215773663072e-02
9.065500000000000000e+03 6.190880286505158438e+03 8.534241746781393023e-02
9.072500000000000000e+03 5.872286203702337843e+03 9.102962316483045879e-02
9.079500000000000000e+03 5.502360697678265751e+03 1.039282237649028356e-01
9.086500000000000000e+03 5.336026062706097036e+03 1.124151803358561380e-01
9.093500000000000000e+03 5.382087044809078179e+03 1.124359286582105183e-01
9.100500000000000000e+03 5.631641204005719374e+03 1.046167531158691127e-01
9.107500000000000000e+03 5.588270356598591206e+03 1.062548181398792480e-01
9.114500000000000000e+03 5.403122262953464087e+03 1.182209770293559808e-01
9.121500000000000000e+03 5.214384633135312470e+03 1.216507412910007718e-01
9.128500000000000000e+03 5.119849266862403965e+03 1.108994908219189390e-01
9.135500000000000000e+03 5.136119456596246891e+03 1.091786120346821959e-01
9.142500000000000000e+03 4.750423240011768939e+03 1.434866568987871460e-01
9.149500000000000000e+03 4.872965796560922172e+03 1.241026350836701986e-01
9.156500000000000000e+03 4.958757065759882607e+03 1.089373847058858896e-01
9.163500000000000000e+03 4.716238971247906193e+03 1.340823990845477487e-01
9.170500000000000000e+03 5.094887451970463189e+03 1.136008792403650491e-01
9.177500000000000000e+03 5.363877202415655120e+03 9.805982924925622790e-02
9.184500000000000000e+03 5.377774575313153036e+03 1.024991715244698287e-01
9.191500000000000000e+03 5.720979987188778978e+03 9.122071567559576766e-02
9.198500000000000000e+03 6.086305461847412516e+03 8.262617279955891680e-02
9.205500000000000000e+03 6.046221968061941880e+03 8.167880878745895079e-02
9.212500000000000000e+03 5.986637393844579492e+03 7.075042963067067203e-02
9.219500000000000000e+03 5.896618411952484166e+03 6.129745350383777880e-02
9.226500000000000000e+03 5.799386038852308047e+03 5.812506329685938888e-02
9.233500000000000000e+03 5.797351453133274845e+03 5.630389311509696043e-02
9.240500000000000000e+03 5.634825747970280645e+03 7.029027861114002518e-02
9.247500000000000000e+03 5.459008329007628163e+03 8.296536077832680767e-02
9.254500000000000000e+03 5.578595704386848411e+03 9.135052678817215388e-02
9.261500000000000000e+03 5.429581271448266307e+03 9.606889111366403999e-02
9.268500000000000000e+03 5.102112500994337097e+03 1.125789486901762892e-01
9.275500000000000000e+03 4.633068835434073662e+03 1.243757456842615461e-01
9.282500000000000000e+03 4.038501007782607303e+03 1.451816063284024627e-01
9.289500000000000000e+03 3.421147654735350443e+03 1.783085596418491903e-01
9.296500000000000000e+03 3.005481343050242685e+03 1.933375478286044058e-01
9.303500000000000000e+03 2.575514115979841336e+03 2.143118355192303870e-01
9.310500000000000000e+03 2.088030470001976482e+03 2.454630692602172981e-01
9.317500000000000000e+03 1.686739353169328524e+03 2.671014246971413209e-01
9.324500000000000000e+03 1.298632518908871361e+03 3.191524185865536323e-01
9.331500000000000000e+03 1.012038741036579836e+03 3.656583186812997210e-01
9.338500000000000000e+03 1.014153570124297630e+03 3.282616726501665361e-01
9.345500000000000000e+03 9.630864688036008374e+02 3.486635315171215388e-01
9.352500000000000000e+03 9.646413260839473196e+02 3.771870241926690293e-01
9.359500000000000000e+03 9.989444115866970151e+02 3.681151910091622903e-01
9.366500000000000000e+03 1.071022616696801151e+03 3.440488091051045472e-01
9.373500000000000000e+03 1.235227800238385953e+03 2.977075753661704849e-01
9.380500000000000000e+03 1.682889969506009948e+03 2.477704269436728501e-01
9.387500000000000000e+03 1.971712040570669615e+03 2.543315833898159295e-01
9.394500000000000000e+03 2.143414149257868758e+03 2.648815522904360287e-01
9.401500000000000000e+03 2.490025560338542618e+03 2.195417691713090202e-01
9.408500000000000000e+03 2.485295879248330493e+03 2.165269844879737227e-01
9.415500000000000000e+03 2.103447240623165726e+03 2.472913775942368608e-01
9.422500000000000000e+03 1.976004061568177121e+03 2.433130129654076934e-01
9.429500000000000000e+03 1.868574045425813665e+03 2.373503418009525467e-01
9.436500000000000000e+03 1.622311686309453080e+03 2.478980385151674237e-01
9.443500000000000000e+03 1.687205405454738639e+03 2.441307848572235040e-01
9.450500000000000000e+03 1.530916807605052554e+03 2.927933452272837855e-01
9.457500000000000000e+03 1.705160588235329442e+03 2.511395577306574922e-01
9.464500000000000000e+03 1.690677875880901411e+03 2.626744674193263185e-01
9.471500000000000000e+03 1.708008462888715030e+03 2.738607355597795223e-01
9.478500000000000000e+03 1.866210697089556788e+03 2.388407749904927491e-01
9.485500000000000000e+03 1.687029958243337660e+03 2.755467611129075456e-01
9.492500000000000000e+03 1.809128018684709332e+03 2.405607909247996501e-01
9.499500000000000000e+03 2.006537399751185831e+03 1.926080697400190389e-01
9.506500000000000000e+03 1.653593675153054392e+03 2.844256481007553239e-01
9.513500000000000000e+03 1.603757686193208201e+03 2.871500157074957649e-01
9.520500000000000000e+03 1.928568117866938337e+03 2.107249909909162111e-01
9.527500000000000000e+03 1.768579747596639436e+03 2.418283352107937212e-01
9.534500000000000000e+03 1.633258681293966674e+03 2.691555805821376213e-01
9.541500000000000000e+03 1.828119564688967785e+03 2.235676567954833494e-01
9.548500000000000000e+03 1.901456893199203705e+03 1.964254625606186577e-01
9.555500000000000000e+03 1.853171779502446270e+03 2.044755016627323452e-01
9.562500000000000000e+03 1.951268805907036949e+03 1.994044737668098644e-01
9.569500000000000000e+03 1.940138831799953778e+03 2.227666205000635169e-01
9.576500000000000000e+03 1.947083795470534369e+03 2.423290695770417835e-01
9.583500000000000000e+03 2.058000972144363914e+03 2.091290741687256982e-01
9.590500000000000000e+03 2.308303656207003769e+03 1.726060625402667525e-01
9.597500000000000000e+03 2.242535248916876753e+03 1.951300113760735810e-01
9.604500000000000000e+03 2.212045835550791708e+03 2.137755403679439392e-01
9.611500000000000000e+03 2.401688810786960858e+03 1.965368505518872988e-01
9.618500000000000000e+03 2.740177016321062638e+03 1.610306333413044633e-01
9.625500000000000000e+03 2.708084607384658284e+03 1.614921155577614120e-01
9.632500000000000000e+03 2.622021427255368508e+03 1.734103015624488264e-01
9.639500000000000000e+03 2.834263815616016018e+03 1.387033789523579586e-01
9.646500000000000000e+03 2.867712907945371626e+03 1.505102152022789463e-01
9.653500000000000000e+03 2.812131066930499401e+03 1.640030639375343047e-01
9.660500000000000000e+03 3.184546069351153164e+03 1.295561063425927639e-01
9.667500000000000000e+03 3.413285932736468112e+03 1.098981393802783008e-01
9.674500000000000000e+03 3.734194406477394296e+03 1.091765698763277614e-01
9.681500000000000000e+03 4.098720947769576014e+03 8.874876970391355757e-02
9.688500000000000000e+03 4.162977196300320429e+03 8.458708993031902046e-02
9.695500000000000000e+03 4.370360200244421321e+03 7.516303894695830490e-02
9.702500000000000000e+03 4.406893614363544657e+03 7.003483611829734723e-02
9.709500000000000000e+03 4.261479703811670333e+03 7.323662985629157685e-02
9.716500000000000000e+03 4.191217667764409271e+03 7.848765525663618792e-02
9.723500000000000000e+03 3.997419155538105770e+03 8.646917986842656001e-02
9.730500000000000000e+03 3.843956668372031345e+03 8.787911079106354439e-02
9.737500000000000000e+03 3.715617879118854489e+03 8.833262927876014969e-02
9.744500000000000000e+03 3.503279454601317411e+03 9.972945789241885461e-02
9.751500000000000000e+03 3.549875964601173564e+03 9.445740407739504352e-02
9.758500000000000000e+03 3.640775963645401589e+03 8.540096421483305000e-02
9.765500000000000000e+03 3.590675683656249930e+03 9.482839566144812826e-02
9.772500000000000000e+03 3.655637047459581026e+03 9.405230831309289996e-02
9.779500000000000000e+03 3.791652504689224315e+03 8.217322144725794364e-02
9.786500000000000000e+03 3.909537459723235315e+03 7.110845826813105841e-02
9.793500000000000000e+03 3.919419739505476628e+03 6.966617405123483320e-02
9.800500000000000000e+03 4.011092153318089004e+03 6.559080455451038461e-02
9.807500000000000000e+03 4.017736142398748143e+03 6.833846331788739903e-02
9.814500000000000000e+03 4.141366087079240970e+03 6.521199833743991647e-02
9.821500000000000000e+03 4.231901772128345328e+03 5.440148008893870568e-02
9.828500000000000000e+03 4.277401401436816741e+03 5.057047941602938607e-02
9.835500000000000000e+03 4.298470098395394416e+03 5.056283955274299552e-02
9.842500000000000000e+03 4.236957906655718034e+03 4.823756665053643977e-02
9.849500000000000000e+03 4.387616380104588643e+03 3.887820519027516269e-02
9.856500000000000000e+03 4.283214257481387904e+03 4.319622219720434253e-02
9.863500000000000000e+03 4.456611809677384372e+03 3.599801874323425854e-02
9.870500000000000000e+03 4.504290858217262212e+03 2.901596325015272024e-02
9.877500000000000000e+03 4.442861090165519272e+03 2.838111005211184021e-02
9.884500000000000000e+03 4.491940408363102506e+03 2.729183108209879555e-02
9.891500000000000000e+03 4.362804845392640345e+03 2.443512074029938544e-02
9.898500000000000000e+03 4.497383004393118426e+03 2.399915713861190333e-02
9.905500000000000000e+03 4.369986268233290502e+03 2.422693584852806531e-02
9.912500000000000000e+03 4.318246613481181157e+03 2.486405663441307659e-02
9.919500000000000000e+03 4.235074604719949093e+03 2.544229088514563322e-02
9.926500000000000000e+03 4.215553430104703693e+03 2.341652228785302131e-02
9.933500000000000000e+03 4.233284631810698556e+03 2.421293169566594849e-02
9.940500000000000000e+03 4.154073112075180688e+03 2.267657747636326812e-02
9.947500000000000000e+03 4.139393183766896072e+03 2.199781294415449270e-02
9.954500000000000000e+03 4.224879165715561612e+03 1.695342174325481857e-02
9.961500000000000000e+03 4.101201613703502517e+03 2.205512412399801558e-02
9.968500000000000000e+03 3.998031727439867609e+03 2.163906175929927386e-02
9.975500000000000000e+03 3.873170347594837040e+03 2.297216602578006778e-02
9.982500000000000000e+03 3.938766032737783462e+03 1.972807367984122026e-02
9.989500000000000000e+03 3.906758373199770176e+03 1.881828552081730999e-02
9.996500000000000000e+03 3.949809281482071128e+03 1.119841570894105492e-02
