# wavelength angstroms, flux, ext coeff
3.001800000000000182e+03 8.778727342145319357e-01 4.199858363083179391e+00
3.005300000000000182e+03 4.941707426172738593e+01 0.000000000000000000e+00
3.008800000000000182e+03 4.343944482170219601e+01 8.390858004101746648e-01
3.012300000000000182e+03 8.067173407822927800e+01 5.979554399854846158e-01
3.015800000000000182e+03 7.141890238764840149e+01 0.000000000000000000e+00
3.019300000000000182e+03 7.722065115975664185e+01 0.000000000000000000e+00
3.022800000000000182e+03 2.078758632078032065e+01 1.720560619182483597e+00
3.026300000000000182e+03 7.974210481668234252e+01 8.339790001581109946e-01
3.029800000000000182e+03 9.101044484195455198e+01 8.603406689666355245e-01
3.033300000000000182e+03 1.390656138253439451e+02 0.000000000000000000e+00
3.036800000000000182e+03 2.803697973299419743e+01 1.929876700804257439e+00
3.040300000000000182e+03 7.605575136067626829e+01 1.188323675675797775e+00
3.043800000000000182e+03 1.833570669485479243e+02 0.000000000000000000e+00
3.047300000000000182e+03 2.181043088788858881e+02 0.000000000000000000e+00
3.050800000000000182e+03 6.976471206723375929e+01 1.481011595917360868e+00
3.054300000000000182e+03 7.158428374315241172e+01 1.526369921199345114e+00
3.057800000000000182e+03 7.020306356440826789e+01 1.615743711047774589e+00
3.061300000000000182e+03 1.266965983480419453e+02 1.208406919522006406e+00
3.064800000000000182e+03 3.365387993519980796e+02 0.000000000000000000e+00
3.068300000000000182e+03 1.085638949367151440e+02 1.470520009731955735e+00
3.071800000000000182e+03 1.098396490271998260e+02 1.544546524575592050e+00
3.075300000000000182e+03 5.180141320903017288e+01 2.312902160154914899e+00
3.078800000000000182e+03 5.878236145309995209e+01 2.229368302555258641e+00
3.082300000000000182e+03 6.955513811108478706e+01 2.167934651039201022e+00
3.085800000000000182e+03 1.220353653406196344e+02 1.669582952533275266e+00
3.089300000000000182e+03 1.241859111494929238e+02 1.734216501178771130e+00
3.092800000000000182e+03 2.133626930778456199e+02 1.325932178602511557e+00
3.096300000000000182e+03 1.936696589459720315e+02 1.470529861979604336e+00
3.099800000000000182e+03 1.325011131259689705e+02 1.874605092151049757e+00
3.103300000000000182e+03 1.413413013520524260e+02 1.843837866881967713e+00
3.106800000000000182e+03 2.150250354224607463e+02 1.464445758884197257e+00
3.110300000000000182e+03 1.580304098938714219e+02 1.782515699197406711e+00
3.113800000000000182e+03 1.664598065400072073e+02 1.758211055997635830e+00
3.117300000000000182e+03 1.780810631984014094e+02 1.719069294899570721e+00
3.120800000000000182e+03 1.994485930706087800e+02 1.678772951974400574e+00
3.124300000000000182e+03 3.337310890920965107e+02 1.261180318938383227e+00
3.127800000000000182e+03 2.249225359139433920e+02 1.623644396642317300e+00
3.131300000000000182e+03 3.574524473550537209e+02 1.254183690747803670e+00
3.134800000000000182e+03 2.658341804469777117e+02 1.524317133174748928e+00
3.138300000000000182e+03 3.737689218005668863e+02 1.245223093627812361e+00
3.141800000000000182e+03 3.931493525673520821e+02 1.243050024041998602e+00
3.145300000000000182e+03 3.045419320744933884e+02 1.478927048590299664e+00
3.148800000000000182e+03 3.573304531088575118e+02 1.372122248927816202e+00
3.152300000000000182e+03 4.807970857878243010e+02 1.175685357071045045e+00
3.155800000000000182e+03 4.759625259152558101e+02 1.185275633632450587e+00
3.159300000000000182e+03 5.053308752872930540e+02 1.169243396291348880e+00
3.162800000000000182e+03 4.562617112488644580e+02 1.276104085041585900e+00
3.166300000000000182e+03 4.717658401793054281e+02 1.285260864209717635e+00
3.169800000000000182e+03 5.208231240528185708e+02 1.225091814102124310e+00
3.173300000000000182e+03 5.491520207843913113e+02 1.177968463168552304e+00
3.176800000000000182e+03 5.027828999528283589e+02 1.241989777923258265e+00
3.180300000000000182e+03 5.672669512115758153e+02 1.143537287963698468e+00
3.183800000000000182e+03 5.399017068076001351e+02 1.204152508152315004e+00
3.187300000000000182e+03 5.573830090662422663e+02 1.181488917650347359e+00
3.190800000000000182e+03 6.761288012614238596e+02 1.057425975647221739e+00
3.194300000000000182e+03 6.081364116892468701e+02 1.151920028144631791e+00
3.197800000000000182e+03 6.504308671000455888e+02 1.130382084754467664e+00
3.201300000000000182e+03 6.834414805462068898e+02 1.121888641033409462e+00
3.204800000000000182e+03 7.193950629568195154e+02 1.105267260415374375e+00
3.208300000000000182e+03 8.627780343654359285e+02 9.919251214917615966e-01
3.211800000000000182e+03 8.184052140606647754e+02 1.059169946747695823e+00
3.215300000000000182e+03 8.243165642169808507e+02 1.053357062557121360e+00
3.218800000000000182e+03 8.602580050886292611e+02 1.006344628394560514e+00
3.222300000000000182e+03 8.069020327096441179e+02 1.034019538451460107e+00
3.225800000000000182e+03 8.379351605295103127e+02 1.008360065983660681e+00
3.229300000000000182e+03 8.131517461221473013e+02 1.008489692975599095e+00
3.232800000000000182e+03 8.757884942799496457e+02 9.869956799995031060e-01
3.236300000000000182e+03 9.282412626316652222e+02 9.768422959464050370e-01
3.239800000000000182e+03 1.085310325724574795e+03 8.982830488619210074e-01
3.243300000000000182e+03 1.057279665296842722e+03 9.547998804089684599e-01
3.246800000000000182e+03 1.097196625191828389e+03 9.465982517689198739e-01
3.250300000000000182e+03 1.230301125193644339e+03 8.819664829172831899e-01
3.253800000000000182e+03 1.257003681685951051e+03 8.820444966970396594e-01
3.257300000000000182e+03 1.210601635686659620e+03 9.234685350716287378e-01
3.260800000000000182e+03 1.347934174994022669e+03 8.818183139902473489e-01
3.264300000000000182e+03 1.352709036350637916e+03 9.002142423513670444e-01
3.267800000000000182e+03 1.534391447805881853e+03 8.315289544115592735e-01
3.271300000000000182e+03 1.539388245785314439e+03 8.377301946560723467e-01
3.274800000000000182e+03 1.435919617116858944e+03 8.857781394802949348e-01
3.278300000000000182e+03 1.441414902710900606e+03 8.781529578460188779e-01
3.281800000000000182e+03 1.457703946967647198e+03 8.744929859030134978e-01
3.285300000000000182e+03 1.549572500406063909e+03 8.376461716989228590e-01
3.288800000000000182e+03 1.578586104074451896e+03 8.366793778194854259e-01
3.292300000000000182e+03 1.595230474647677738e+03 8.399295928941951095e-01
3.295800000000000182e+03 1.652764804838255714e+03 8.322157128320328834e-01
3.299300000000000182e+03 1.749520098997694504e+03 8.068241658974582009e-01
3.302800000000000182e+03 1.750990700164508553e+03 8.130196476354150104e-01
3.306300000000000182e+03 1.750542323511175482e+03 8.135482258814464851e-01
3.309800000000000182e+03 1.766605171777575379e+03 8.171210570775008231e-01
3.313300000000000182e+03 1.860604269017847400e+03 7.817794537929735332e-01
3.316800000000000182e+03 1.945914291841763998e+03 7.655066365300791098e-01
3.320300000000000182e+03 1.886328976226457598e+03 7.963037012232083711e-01
3.323800000000000182e+03 2.055396053966337604e+03 7.451134426583099213e-01
3.327300000000000182e+03 2.041908674540359016e+03 7.553510995093160041e-01
3.330800000000000182e+03 2.114910233287454048e+03 7.408811087188503786e-01
3.334300000000000182e+03 2.016844590450326677e+03 7.691283958120290754e-01
3.337800000000000182e+03 2.055145843663518917e+03 7.684120281043919087e-01
3.341300000000000182e+03 2.081671396598776482e+03 7.650889553248934050e-01
3.344800000000000182e+03 2.132892138087503554e+03 7.388868815014310032e-01
3.348300000000000182e+03 2.077616568935419309e+03 7.536962053368981840e-01
3.351800000000000182e+03 2.131092427956168194e+03 7.467038439552270424e-01
3.355300000000000182e+03 2.209474731003750094e+03 7.357300859239372937e-01
3.358800000000000182e+03 2.188745830931467026e+03 7.342340337100562442e-01
3.362300000000000182e+03 2.260199703912204313e+03 7.131547634414708847e-01
3.365800000000000182e+03 2.180512108228482703e+03 7.259700157650257335e-01
3.369300000000000182e+03 2.208563425414401081e+03 7.261523870302576400e-01
3.372800000000000182e+03 2.244766531511939320e+03 7.222290434272773396e-01
3.376300000000000182e+03 2.253227692071567162e+03 7.206975534429379548e-01
3.379800000000000182e+03 2.315270769988573193e+03 7.059091712892202608e-01
3.383300000000000182e+03 2.473020532042104605e+03 6.776671894407104713e-01
3.386800000000000182e+03 2.452603854904654327e+03 7.007134570595964229e-01
3.390300000000000182e+03 2.465423771454609323e+03 7.012543312018435504e-01
3.393800000000000182e+03 2.531986509144398497e+03 6.929644695235970264e-01
3.397300000000000182e+03 2.635969801087040196e+03 6.718971837302821770e-01
3.400800000000000182e+03 2.554737171802961711e+03 6.872211752874300972e-01
3.404300000000000182e+03 2.567401896698150267e+03 6.879812889494171246e-01
3.407800000000000182e+03 2.719297594604236565e+03 6.561575447625411783e-01
3.411300000000000182e+03 2.662436888464348613e+03 6.738932403487678524e-01
3.414800000000000182e+03 2.738361686200136774e+03 6.549028427831273813e-01
3.418300000000000182e+03 2.716629740268333080e+03 6.667999610414755418e-01
3.421800000000000182e+03 2.775507778444173709e+03 6.654554838553270457e-01
3.425300000000000182e+03 2.837719996507657470e+03 6.497246587069513968e-01
3.428800000000000182e+03 2.818865622817233088e+03 6.586924421946824815e-01
3.432300000000000182e+03 2.855501171063426682e+03 6.580852347837197192e-01
3.435800000000000182e+03 2.892421252419786924e+03 6.506874046909192355e-01
3.439300000000000182e+03 3.055620266092947077e+03 6.306788465215873440e-01
3.442800000000000182e+03 2.976291498922468691e+03 6.488332692195964979e-01
3.446300000000000182e+03 3.057542271920870917e+03 6.373634165825250442e-01
3.449800000000000182e+03 3.185319235670533999e+03 6.180422226715168721e-01
3.453300000000000182e+03 3.139572485250927912e+03 6.358486556641339549e-01
3.456800000000000182e+03 3.299282537080618567e+03 6.125728932114307135e-01
3.460300000000000182e+03 3.222535977348947199e+03 6.340045276956643994e-01
3.463800000000000182e+03 3.213839607691319088e+03 6.294006121732939052e-01
3.467300000000000182e+03 3.252092180755305435e+03 6.257753517068547211e-01
3.470800000000000182e+03 3.259702780729243386e+03 6.256658111125145139e-01
3.474300000000000182e+03 3.432366854848191906e+03 6.075695785703242313e-01
3.477800000000000182e+03 3.390782156385117560e+03 6.166268456858541303e-01
3.481300000000000182e+03 3.429671813749576813e+03 6.146418361424909049e-01
3.484800000000000182e+03 3.484276960771572703e+03 6.128282401324516293e-01
3.488300000000000182e+03 3.631813481531103207e+03 5.962510707793272635e-01
3.491800000000000182e+03 3.580613491528472423e+03 6.051722117941341628e-01
3.495300000000000182e+03 3.721230924975062862e+03 5.936858240240542317e-01
3.498800000000000182e+03 3.681596653328873799e+03 6.016383279185487654e-01
3.502300000000000182e+03 3.867640295564449389e+03 5.810873681240671385e-01
3.505800000000000182e+03 3.874857601437913218e+03 5.876619744020217251e-01
3.509300000000000182e+03 3.799549919622333618e+03 6.005227361862306434e-01
3.512800000000000182e+03 3.837507513495819694e+03 5.960843663962130945e-01
3.516300000000000182e+03 3.925810997128310191e+03 5.794979481447525282e-01
3.519800000000000182e+03 3.887171427321882675e+03 5.808368230697861234e-01
3.523300000000000182e+03 3.934222456465753112e+03 5.770211464061416606e-01
3.526800000000000182e+03 3.962522208125471479e+03 5.730853305417475951e-01
3.530300000000000182e+03 4.002991392967917363e+03 5.673473151806742720e-01
3.533800000000000182e+03 4.036819002038585040e+03 5.764868282931093768e-01
3.537300000000000182e+03 4.085679250968842098e+03 5.760210169598157792e-01
3.540800000000000182e+03 4.237492786016904574e+03 5.740710875496666254e-01
3.544300000000000182e+03 4.398790919887054770e+03 5.639334548647826351e-01
3.547800000000000182e+03 4.459413172414241672e+03 5.629331258949714645e-01
3.551300000000000182e+03 4.554034380206920105e+03 5.573171569205929154e-01
3.554800000000000182e+03 4.430524810778314531e+03 5.669180772493122022e-01
3.558300000000000182e+03 4.389893892148014857e+03 5.647519443657926796e-01
3.561800000000000182e+03 4.364840444554406531e+03 5.608500661865241099e-01
3.565300000000000182e+03 4.310476295674555331e+03 5.563266129971101703e-01
3.568800000000000182e+03 4.342078520844471313e+03 5.395392832121156390e-01
3.572300000000000182e+03 4.184225774848757283e+03 5.541900988674361983e-01
3.575800000000000182e+03 4.204797447994513277e+03 5.492693138418345278e-01
3.579300000000000182e+03 4.211170970746876264e+03 5.485174489559280220e-01
3.582800000000000182e+03 4.246153873143777673e+03 5.484406450029578606e-01
3.586300000000000182e+03 4.406286086835599235e+03 5.278056653085021477e-01
3.589800000000000182e+03 4.346743243282216099e+03 5.409580066305889057e-01
3.593300000000000182e+03 4.437527652524582663e+03 5.319332873115556470e-01
3.596800000000000182e+03 4.480958899043069323e+03 5.363222714393476309e-01
3.600300000000000182e+03 4.511661848976194960e+03 5.360996510646957036e-01
3.603800000000000182e+03 4.572687467560872392e+03 5.345541401879485566e-01
3.607300000000000182e+03 4.593608505498147679e+03 5.317292036303736813e-01
3.610800000000000182e+03 4.724861317641146343e+03 5.298645085014217493e-01
3.614300000000000182e+03 4.756046339174355126e+03 5.291719378692144593e-01
3.617800000000000182e+03 4.806301713996850594e+03 5.195118123104811581e-01
3.621300000000000182e+03 4.811141622176462079e+03 5.216957796687515803e-01
3.624800000000000182e+03 4.952658944488053749e+03 5.090315438053333308e-01
3.628300000000000182e+03 4.927709547731618841e+03 5.193563524301951784e-01
3.631800000000000182e+03 4.970068452382807664e+03 5.160451469799632873e-01
3.635300000000000182e+03 5.026894245628847784e+03 5.117160965541385220e-01
3.638800000000000182e+03 5.029073053785818956e+03 5.120429708937428437e-01
3.642300000000000182e+03 5.277496621885153218e+03 5.012614553886031166e-01
3.645800000000000182e+03 5.468327988135771193e+03 5.018669285697314741e-01
3.649300000000000182e+03 5.704845239916769970e+03 5.004671634081879761e-01
3.652800000000000182e+03 5.819752812894379531e+03 4.969807293206918164e-01
3.656300000000000182e+03 5.701465883449197463e+03 5.043280973332295858e-01
3.659800000000000182e+03 5.659473187708003934e+03 5.049902200190337087e-01
3.663300000000000182e+03 5.715268045981914838e+03 5.007933146706097238e-01
3.666800000000000182e+03 5.722599569097503263e+03 4.970993716886091263e-01
3.670300000000000182e+03 5.685959520582727237e+03 4.966427595590439115e-01
3.673800000000000182e+03 5.645525005457248881e+03 4.981655654937494071e-01
3.677300000000000182e+03 5.605334136020418555e+03 4.891227129695230880e-01
3.680800000000000182e+03 5.574656734895882437e+03 4.878100319599805168e-01
3.684300000000000182e+03 5.534439228209233079e+03 4.874641048422075351e-01
3.687800000000000182e+03 5.467366656332528692e+03 4.849300953192821062e-01
3.691300000000000182e+03 5.529946373846773895e+03 4.809376701835940682e-01
3.694800000000000182e+03 5.607389007315811796e+03 4.807501351718328486e-01
3.698300000000000182e+03 5.782632233749470288e+03 4.713158428321120308e-01
3.701800000000000182e+03 5.885847555299077612e+03 4.739592000600514332e-01
3.705300000000000182e+03 5.944807452325286249e+03 4.721283561594104561e-01
3.708800000000000182e+03 6.077310875883797962e+03 4.712676693333791578e-01
3.712300000000000182e+03 6.007764601525371290e+03 4.786898688792976531e-01
3.715800000000000182e+03 6.092222249458887745e+03 4.690593537024738691e-01
3.719300000000000182e+03 5.991492423377147134e+03 4.728821256224381986e-01
3.722800000000000182e+03 6.042167269393558854e+03 4.556570559974873480e-01
3.726300000000000182e+03 6.111642648653109973e+03 4.545849423642190912e-01
3.729800000000000182e+03 6.179567299260374057e+03 4.472977486186547891e-01
3.733300000000000182e+03 6.176713125550490076e+03 4.602724801347607975e-01
3.736800000000000182e+03 6.345948367056191273e+03 4.584598264832357994e-01
3.740300000000000182e+03 6.513775755543172636e+03 4.614863160271475695e-01
3.743800000000000182e+03 6.804722568523934569e+03 4.590293191615256729e-01
3.747300000000000182e+03 6.969042083175726475e+03 4.558694514097271222e-01
3.750800000000000182e+03 7.230805036922311047e+03 4.503621499609488099e-01
3.754300000000000182e+03 7.220181962137974551e+03 4.559243433973130810e-01
3.757800000000000182e+03 7.456741100148346050e+03 4.500559197339829010e-01
3.761300000000000182e+03 7.613406239109619492e+03 4.472568724467083645e-01
3.764800000000000182e+03 7.653126598442517206e+03 4.490737407605830400e-01
3.768300000000000182e+03 7.942305171527047605e+03 4.380213274205607688e-01
3.771800000000000182e+03 8.031088298392696743e+03 4.471962022603218623e-01
3.775300000000000182e+03 8.291177830615688436e+03 4.408789904963734685e-01
3.778800000000000182e+03 8.475245193815999301e+03 4.396850845050080392e-01
3.782300000000000182e+03 8.706331369444622396e+03 4.376982492487439536e-01
3.785800000000000182e+03 8.956788598796147198e+03 4.361078768684510942e-01
3.789300000000000182e+03 9.331468891334307045e+03 4.317622954989204231e-01
3.792800000000000182e+03 9.499074326539981485e+03 4.361402743054277331e-01
3.796300000000000182e+03 9.853160914319785661e+03 4.320630958347734252e-01
3.799800000000000182e+03 1.007851883067062954e+04 4.358862048367401765e-01
3.803300000000000182e+03 1.033228129910008465e+04 4.366365286413586011e-01
3.806800000000000182e+03 1.044589190852102183e+04 4.337247277321290562e-01
3.810300000000000182e+03 1.045164276797541788e+04 4.361305281848184556e-01
3.813800000000000182e+03 1.033954411124004400e+04 4.302839972458861184e-01
3.817300000000000182e+03 9.977193193321740182e+03 4.239465287721779219e-01
3.820800000000000182e+03 9.445755351905454518e+03 4.181503642086270567e-01
3.824300000000000182e+03 9.011512742140854243e+03 4.094306650414941129e-01
3.827800000000000182e+03 8.801414558019305332e+03 4.050490752337935763e-01
3.831300000000000182e+03 8.925757205682639324e+03 4.008969922472098157e-01
3.834800000000000182e+03 9.154980103517131283e+03 4.051824616829637904e-01
3.838300000000000182e+03 9.728047160316962618e+03 4.108355242275584240e-01
3.841800000000000182e+03 1.056178550999843173e+04 4.093541589307295170e-01
3.845300000000000182e+03 1.110475493452472256e+04 4.156482119462013292e-01
3.848800000000000182e+03 1.177477151289112771e+04 4.135486422491432834e-01
3.852300000000000182e+03 1.221652346381879397e+04 4.117822313216664698e-01
3.855800000000000182e+03 1.264878431179588551e+04 4.108244288758957641e-01
3.859300000000000182e+03 1.297592616540753988e+04 4.109388396912639907e-01
3.862800000000000182e+03 1.308584816016375225e+04 4.109306603461315710e-01
3.866300000000000182e+03 1.304877099797514529e+04 4.144622460037972189e-01
3.869800000000000182e+03 1.291500716923928485e+04 4.150815968848434734e-01
3.873300000000000182e+03 1.267028278053275972e+04 4.090193071669434022e-01
3.876800000000000182e+03 1.216951152401391118e+04 4.037074772701907399e-01
3.880300000000000182e+03 1.148740030873962314e+04 3.961269625342050960e-01
3.883800000000000182e+03 1.106367336362615424e+04 3.830090666073661665e-01
3.887300000000000182e+03 1.066743421463646337e+04 3.711082587981354153e-01
3.890800000000000182e+03 1.071309643498469268e+04 3.657166748979854831e-01
3.894300000000000182e+03 1.104967647871392364e+04 3.692207485564561464e-01
3.897800000000000182e+03 1.150088775288220677e+04 3.831560429302854898e-01
3.901300000000000182e+03 1.237218040315145481e+04 3.918643684934516869e-01
3.904800000000000182e+03 1.289274839997272284e+04 3.994570211087457579e-01
3.908300000000000182e+03 1.327651961398520507e+04 3.988442774479512010e-01
3.911800000000000182e+03 1.314888971069976469e+04 3.988889319722226379e-01
3.915300000000000182e+03 1.245281431772285214e+04 3.916109209655224688e-01
3.918800000000000182e+03 1.144419134930673317e+04 3.868328043840867925e-01
3.922300000000000182e+03 1.023729993910379017e+04 3.802264793553859490e-01
3.925800000000000182e+03 9.372960058994671272e+03 3.703953117460478950e-01
3.929300000000000182e+03 8.758919939503241039e+03 3.656995395483083611e-01
3.932800000000000182e+03 8.827363980142185028e+03 3.681891509130981177e-01
3.936300000000000182e+03 9.424351105352046943e+03 3.710844928487755379e-01
3.939800000000000182e+03 1.039626978370945653e+04 3.739097877065624687e-01
3.943300000000000182e+03 1.129850132009991466e+04 3.796866824910133387e-01
3.946800000000000182e+03 1.194792857874226138e+04 3.843051675675395185e-01
3.950300000000000182e+03 1.213445948627354483e+04 3.887562213509009323e-01
3.953800000000000182e+03 1.190932462743727774e+04 3.832881118658988395e-01
3.957300000000000182e+03 1.120888131026196243e+04 3.734014919691399648e-01
3.960800000000000182e+03 1.037687342545859792e+04 3.639184978171966511e-01
3.964300000000000182e+03 9.611549671949398544e+03 3.451856441144702248e-01
3.967800000000000182e+03 9.127755746001466832e+03 3.359885821446012555e-01
3.971300000000000182e+03 9.436942227645828098e+03 3.270004165596693824e-01
3.974800000000000182e+03 1.015715151667387545e+04 3.376589146471176139e-01
3.978300000000000182e+03 1.127055586058507652e+04 3.516036205910707535e-01
3.981800000000000182e+03 1.268115112208902065e+04 3.604665392456524731e-01
3.985300000000000182e+03 1.415279756338690459e+04 3.660564989417220971e-01
3.988800000000000182e+03 1.533940578884307433e+04 3.664563929720349167e-01
3.992300000000000182e+03 1.602222118426358611e+04 3.654348134854976671e-01
3.995800000000000182e+03 1.667118716106770080e+04 3.602000208139308768e-01
3.999300000000000182e+03 1.703519338414441518e+04 3.581675023187789741e-01
4.002800000000000182e+03 1.726381714548952004e+04 3.555748981006575105e-01
4.006300000000000182e+03 1.752328164727606782e+04 3.542083056492073001e-01
4.009800000000000182e+03 1.756694039630199404e+04 3.531211451583410321e-01
4.013300000000000182e+03 1.787549751324716635e+04 3.504947373891944551e-01
4.016800000000000182e+03 1.787868070598947816e+04 3.509428979438200535e-01
4.020300000000000182e+03 1.816855734558252880e+04 3.492308174350221006e-01
4.023800000000000182e+03 1.823420268152395511e+04 3.443746584153793977e-01
4.027300000000000182e+03 1.843142631586179050e+04 3.435535472597700535e-01
4.030800000000000182e+03 1.848449095493405184e+04 3.408067791379746359e-01
4.034300000000000182e+03 1.850528342304619946e+04 3.421166019489446652e-01
4.037800000000000182e+03 1.840026545816542057e+04 3.420027791087172364e-01
4.041300000000000182e+03 1.862313779386618262e+04 3.410429645710043034e-01
4.044800000000000182e+03 1.843887773742110221e+04 3.409037432434922077e-01
4.048300000000000182e+03 1.848134613010929388e+04 3.406528065990337972e-01
4.051800000000000182e+03 1.848502596563951374e+04 3.369247645405901159e-01
4.055300000000000182e+03 1.861282533240006887e+04 3.358432477243117886e-01
4.058800000000000182e+03 1.851423098006709552e+04 3.367255296742782122e-01
4.062300000000000182e+03 1.859551180470982945e+04 3.358682322706819656e-01
4.065800000000000182e+03 1.855686441034686140e+04 3.344044019589529904e-01
4.069300000000000182e+03 1.857947322472095038e+04 3.349482650773444314e-01
4.072800000000000182e+03 1.862083169880199421e+04 3.316758419276688574e-01
4.076300000000000182e+03 1.853940164916706271e+04 3.327098144926857182e-01
4.079800000000000182e+03 1.836269245860060255e+04 3.315778158607760595e-01
4.083300000000000182e+03 1.827381633885028350e+04 3.275671854669099381e-01
4.086800000000000182e+03 1.810482948373029649e+04 3.279802192430519847e-01
4.090300000000000182e+03 1.784140859417287356e+04 3.273373746158969033e-01
4.093800000000000182e+03 1.750617610222132498e+04 3.240474957762311536e-01
4.097300000000000182e+03 1.696405266594653585e+04 3.205909594533989937e-01
4.100800000000000182e+03 1.658912198603889556e+04 3.140208297732657861e-01
4.104300000000000182e+03 1.613423179675528627e+04 3.108159590124991434e-01
4.107800000000000182e+03 1.595933026280660306e+04 3.057419606066899553e-01
4.111300000000000182e+03 1.619365363658527713e+04 3.039511424485378255e-01
4.114800000000000182e+03 1.673364456699641596e+04 3.054756481762396780e-01
4.118300000000000182e+03 1.738977380110037120e+04 3.108513711235291743e-01
4.121800000000000182e+03 1.822812977516835599e+04 3.180622968280770735e-01
4.125300000000000182e+03 1.918883535396674051e+04 3.201035954562703734e-01
4.128800000000000182e+03 2.003423549423027725e+04 3.196196282403840350e-01
4.132300000000000182e+03 2.060095087974238413e+04 3.184735723503729909e-01
4.135800000000000182e+03 2.100357719492744945e+04 3.149792214896310338e-01
4.139300000000000182e+03 2.144086228632739221e+04 3.107028123421060051e-01
4.142800000000000182e+03 2.153496932529952392e+04 3.108065300442641177e-01
4.146300000000000182e+03 2.157085031172374511e+04 3.095162931598648970e-01
4.149800000000000182e+03 2.167261678032429700e+04 3.099741343759011558e-01
4.153300000000000182e+03 2.189783690631845457e+04 3.099553587652991160e-01
4.156800000000000182e+03 2.203979778156987959e+04 3.056369276862073714e-01
4.160300000000000182e+03 2.211603389218648954e+04 3.064316140707917802e-01
4.163800000000000182e+03 2.195128491783221762e+04 3.044020444686096338e-01
4.167300000000000182e+03 2.221428539531828210e+04 3.020936119063411529e-01
4.170800000000000182e+03 2.215524472315271123e+04 3.030260313043287024e-01
4.174300000000000182e+03 2.225242624808025357e+04 3.002727740784484345e-01
4.177800000000000182e+03 2.239875356520358400e+04 3.011554738217144256e-01
4.181300000000000182e+03 2.236624698837421965e+04 2.977254883951978015e-01
4.184800000000000182e+03 2.258378820143490520e+04 2.981689657535280813e-01
4.188300000000000182e+03 2.242938612212934459e+04 2.956412709670144245e-01
4.191800000000000182e+03 2.248263981086743297e+04 2.953406055465263580e-01
4.195300000000000182e+03 2.266363359150669203e+04 2.949742977663097343e-01
4.198800000000000182e+03 2.286537542051730270e+04 2.923393734016904166e-01
4.202300000000000182e+03 2.279427864029351258e+04 2.917118075713832637e-01
4.205800000000000182e+03 2.287077556118911161e+04 2.933022567980291262e-01
4.209300000000000182e+03 2.302564341409522967e+04 2.894832474622350826e-01
4.212800000000000182e+03 2.321218153990451538e+04 2.889042786951520059e-01
4.216300000000000182e+03 2.291192610946916102e+04 2.901174215422502312e-01
4.219800000000000182e+03 2.289379766941747221e+04 2.884108477011782523e-01
4.223300000000000182e+03 2.284330848940425858e+04 2.868979377324960001e-01
4.226800000000000182e+03 2.297379252421315687e+04 2.800007226355006873e-01
4.230300000000000182e+03 2.269457315773588198e+04 2.860238265641419919e-01
4.233800000000000182e+03 2.307473160354253923e+04 2.819166461550631775e-01
4.237300000000000182e+03 2.321259691378298885e+04 2.828286018242311406e-01
4.240800000000000182e+03 2.318315183281885402e+04 2.857979678207115959e-01
4.244300000000000182e+03 2.340576456603106999e+04 2.826958077417280335e-01
4.247800000000000182e+03 2.356708694005496363e+04 2.827524370643985097e-01
4.251300000000000182e+03 2.360579990248334798e+04 2.793374983785880672e-01
4.254800000000000182e+03 2.367557392275294478e+04 2.802859522017792648e-01
4.258300000000000182e+03 2.368250645544655345e+04 2.784148755559393562e-01
4.261800000000000182e+03 2.371457735892033088e+04 2.783010774845987578e-01
4.265300000000000182e+03 2.362301690978720944e+04 2.762097371086382758e-01
4.268800000000000182e+03 2.349727499741682914e+04 2.734791258192129093e-01
4.272300000000000182e+03 2.352402281917495566e+04 2.730291259404680759e-01
4.275800000000000182e+03 2.352815464432904628e+04 2.748037775873783395e-01
4.279300000000000182e+03 2.350550134867392262e+04 2.750929495190519991e-01
4.282800000000000182e+03 2.366933194780522535e+04 2.726172511551842592e-01
4.286300000000000182e+03 2.346594860833017447e+04 2.720409826897786099e-01
4.289800000000000182e+03 2.351863906171900817e+04 2.713795416450076048e-01
4.293300000000000182e+03 2.325579247227033920e+04 2.702247899015582933e-01
4.296800000000000182e+03 2.301029893075706423e+04 2.718927549693626045e-01
4.300300000000000182e+03 2.280451594825588109e+04 2.686097334271592696e-01
4.303800000000000182e+03 2.243810571477690246e+04 2.709236576776653527e-01
4.307300000000000182e+03 2.226939375983456557e+04 2.681745742950121802e-01
4.310800000000000182e+03 2.203969621599726088e+04 2.712813490259279314e-01
4.314300000000000182e+03 2.202072206296036529e+04 2.665407903759356989e-01
4.317800000000000182e+03 2.205684827584016602e+04 2.639362134959143957e-01
4.321300000000000182e+03 2.210441230324467324e+04 2.634436232984057047e-01
4.324800000000000182e+03 2.208988396112363989e+04 2.611669283931591368e-01
4.328300000000000182e+03 2.207432240922202982e+04 2.608635863079908357e-01
4.331800000000000182e+03 2.181942389669334443e+04 2.597630029804031682e-01
4.335300000000000182e+03 2.130993419756383082e+04 2.600157508546555585e-01
4.338800000000000182e+03 2.094942991917271138e+04 2.559239879032822462e-01
4.342300000000000182e+03 2.052562319716574348e+04 2.517331423200788731e-01
4.345800000000000182e+03 2.030771950879851647e+04 2.465534981407403459e-01
4.349300000000000182e+03 2.047903320737765534e+04 2.437211274943220651e-01
4.352800000000000182e+03 2.104189150342996800e+04 2.407468180563207272e-01
4.356300000000000182e+03 2.193861437921663310e+04 2.473793489204659801e-01
4.359800000000000182e+03 2.302852936029341072e+04 2.528580921094944478e-01
4.363300000000000182e+03 2.423330709243561796e+04 2.575447837192717526e-01
4.366800000000000182e+03 2.543966764869355757e+04 2.589496611722620356e-01
4.370300000000000182e+03 2.631130782187698787e+04 2.588701769134174047e-01
4.373800000000000182e+03 2.645897965785567067e+04 2.596803261199431834e-01
4.377300000000000182e+03 2.684792174412802706e+04 2.537666307061203774e-01
4.380800000000000182e+03 2.678392005145280564e+04 2.503279472276511153e-01
4.384300000000000182e+03 2.656296428576481048e+04 2.480091744554064337e-01
4.387800000000000182e+03 2.655596378654685759e+04 2.468079495718354111e-01
4.391300000000000182e+03 2.658962933599345706e+04 2.481239493168865273e-01
4.394800000000000182e+03 2.654661313657585561e+04 2.466306222630233469e-01
4.398300000000000182e+03 2.660098710005041721e+04 2.468790905221564524e-01
4.401800000000000182e+03 2.672787556891782879e+04 2.455903830336066407e-01
4.405300000000000182e+03 2.675314926237003601e+04 2.446361078693435609e-01
4.408800000000000182e+03 2.686722193427606180e+04 2.460570830580997570e-01
4.412300000000000182e+03 2.688622825241284227e+04 2.462842427995134420e-01
4.415800000000000182e+03 2.701883217115082880e+04 2.420172662374701356e-01
4.419300000000000182e+03 2.702949358354679134e+04 2.442075657203792161e-01
4.422800000000000182e+03 2.702873832321737063e+04 2.458763820187072624e-01
4.426300000000000182e+03 2.721413947374162672e+04 2.431101745471972164e-01
4.429800000000000182e+03 2.724922245803984333e+04 2.431264711333023520e-01
4.433300000000000182e+03 2.725745009392336215e+04 2.406232633914753283e-01
4.436800000000000182e+03 2.737344471233420700e+04 2.397137734162694267e-01
4.440300000000000182e+03 2.744446213520982565e+04 2.396403852017394420e-01
4.443800000000000182e+03 2.739279813709478185e+04 2.373662108299411655e-01
4.447300000000000182e+03 2.773972385191374997e+04 2.364731580789588561e-01
4.450800000000000182e+03 2.768935147383505682e+04 2.376841043984406765e-01
4.454300000000000182e+03 2.784250720119232574e+04 2.375192719844631539e-01
4.457800000000000182e+03 2.790458176975647075e+04 2.376914548799860805e-01
4.461300000000000182e+03 2.803956309184189013e+04 2.365695365740173584e-01
4.464800000000000182e+03 2.830328486294443792e+04 2.344067027847773765e-01
4.468300000000000182e+03 2.839744391755111792e+04 2.335692014553082396e-01
4.471800000000000182e+03 2.837375594536192511e+04 2.332929845371040645e-01
4.475300000000000182e+03 2.838426055733091926e+04 2.320648954680597509e-01
4.478800000000000182e+03 2.842330590568661137e+04 2.314340619862852999e-01
4.482300000000000182e+03 2.843352484654677028e+04 2.296799784310566417e-01
4.485800000000000182e+03 2.847322476664380156e+04 2.305338298101121397e-01
4.489300000000000182e+03 2.869892252425826155e+04 2.294270621735837179e-01
4.492800000000000182e+03 2.884083325297369083e+04 2.294801685607739949e-01
4.496300000000000182e+03 2.885433904220912882e+04 2.287588151212721910e-01
4.499800000000000182e+03 2.954624001053661050e+04 2.278286318905854424e-01
4.503300000000000182e+03 3.000012452668509650e+04 2.280878214676069216e-01
4.506800000000000182e+03 3.028135074549703495e+04 2.278534429011527529e-01
4.510300000000000182e+03 3.045342035887788734e+04 2.275744025206457299e-01
4.513800000000000182e+03 3.017310377715805953e+04 2.297732696653958795e-01
4.517300000000000182e+03 3.009351721109242499e+04 2.274073429150374470e-01
4.520800000000000182e+03 2.957332134271517134e+04 2.235637202103680499e-01
4.524300000000000182e+03 2.931400619360210476e+04 2.251222178468969271e-01
4.527800000000000182e+03 2.922766416016416406e+04 2.214798887970285401e-01
4.531300000000000182e+03 2.893726925576288340e+04 2.209160518194246414e-01
4.534800000000000182e+03 2.878752660423916313e+04 2.228053246584319746e-01
4.538300000000000182e+03 2.908407669619915032e+04 2.217795601322551102e-01
4.541800000000000182e+03 2.905306119800440138e+04 2.184686622466787131e-01
4.545300000000000182e+03 2.942522187780051536e+04 2.199236850945880950e-01
4.548800000000000182e+03 2.938766835737682050e+04 2.195992147267554206e-01
4.552300000000000182e+03 2.963372544843806099e+04 2.203464373262474241e-01
4.555800000000000182e+03 3.008157743704396125e+04 2.184775541322513392e-01
4.559300000000000182e+03 3.032790630282435086e+04 2.174811767678644925e-01
4.562800000000000182e+03 3.071599528720803210e+04 2.160620437455777754e-01
4.566300000000000182e+03 3.082713126167596783e+04 2.191541333031414296e-01
4.569800000000000182e+03 3.080853969246932320e+04 2.177386120831905358e-01
4.573300000000000182e+03 3.077747785908613878e+04 2.183622839016359507e-01
4.576800000000000182e+03 3.070123133828715800e+04 2.151449004238792095e-01
4.580300000000000182e+03 3.039973303371821748e+04 2.155423998994948631e-01
4.583800000000000182e+03 3.009080389035586995e+04 2.147594380991200702e-01
4.587300000000000182e+03 3.009120598316519317e+04 2.129365452958915661e-01
4.590800000000000182e+03 3.005865918340218559e+04 2.120370319807860227e-01
4.594300000000000182e+03 2.995908127964593587e+04 2.119859167689649160e-01
4.597800000000000182e+03 3.020640083791603320e+04 2.105075606605620875e-01
4.601300000000000182e+03 3.027502924713950051e+04 2.105474792564899222e-01
4.604800000000000182e+03 3.043438170029600587e+04 2.107533671797857666e-01
4.608300000000000182e+03 3.058444640169363993e+04 2.105640591148540686e-01
4.611800000000000182e+03 3.048416912318058530e+04 2.092221306310254603e-01
4.615300000000000182e+03 3.052351796058240143e+04 2.085445440728201649e-01
4.618800000000000182e+03 3.030728727956385774e+04 2.093712621204608659e-01
4.622300000000000182e+03 3.036940407627870809e+04 2.078455981379634110e-01
4.625800000000000182e+03 3.023873277535215675e+04 2.075694372419537304e-01
4.629300000000000182e+03 3.024777794178704789e+04 2.065449427189509635e-01
4.632800000000000182e+03 3.016780417882735492e+04 2.060311076684467058e-01
4.636300000000000182e+03 3.007932106628915062e+04 2.053475698616549217e-01
4.639800000000000182e+03 3.015746221449449149e+04 2.067923889230604273e-01
4.643300000000000182e+03 3.052636876131542886e+04 2.048413344502713618e-01
4.646800000000000182e+03 3.043371016828426582e+04 2.050638154312726391e-01
4.650300000000000182e+03 3.079353039067696227e+04 2.038763259135547290e-01
4.653800000000000182e+03 3.069796481054834294e+04 2.030613269023493206e-01
4.657300000000000182e+03 3.079090999021863536e+04 2.025702522899510971e-01
4.660800000000000182e+03 3.097204575899905103e+04 2.025138907231730512e-01
4.664300000000000182e+03 3.125037907863292276e+04 2.006097888285859054e-01
4.667800000000000182e+03 3.117642054086154167e+04 1.996871875015942821e-01
4.671300000000000182e+03 3.114515453858054389e+04 1.997751831693990177e-01
4.674800000000000182e+03 3.100918710660811848e+04 1.987775781992754398e-01
4.678300000000000182e+03 3.105359769967677130e+04 2.000247671110490510e-01
4.681800000000000182e+03 3.089335596678377260e+04 1.997606890039376193e-01
4.685300000000000182e+03 3.071393156678066589e+04 1.991283521767328035e-01
4.688800000000000182e+03 3.042375681030759733e+04 1.986258374926875570e-01
4.692300000000000182e+03 3.043020534143864643e+04 1.980315223261379654e-01
4.695800000000000182e+03 2.997704375055885976e+04 1.980225794626626346e-01
4.699300000000000182e+03 3.004778468807966783e+04 1.949840161478406386e-01
4.702800000000000182e+03 2.981140554157560837e+04 1.958803271347654140e-01
4.706300000000000182e+03 2.966540297640886638e+04 1.941806270295499959e-01
4.709800000000000182e+03 2.955992823662179944e+04 1.943173947094354315e-01
4.713300000000000182e+03 2.978864586928763674e+04 1.925626204337340941e-01
4.716800000000000182e+03 2.992867823295741982e+04 1.923539631925017535e-01
4.720300000000000182e+03 3.034290922812564168e+04 1.943528330953321892e-01
4.723800000000000182e+03 3.050710484330089821e+04 1.922387083993419288e-01
4.727300000000000182e+03 3.061982814154258813e+04 1.945537039134030977e-01
4.730800000000000182e+03 3.097835168357290240e+04 1.918693214965286331e-01
4.734300000000000182e+03 3.124032881954836921e+04 1.915408335440967336e-01
4.737800000000000182e+03 3.123599252282689486e+04 1.895889940975676036e-01
4.741300000000000182e+03 3.125729313880630070e+04 1.898793313751498124e-01
4.744800000000000182e+03 3.120568474321409667e+04 1.925980690950384877e-01
4.748300000000000182e+03 3.116316971723352253e+04 1.900730166156895662e-01
4.751800000000000182e+03 3.144739650297445769e+04 1.876378646585971366e-01
4.755300000000000182e+03 3.124790668233443284e+04 1.903299898546785829e-01
4.758800000000000182e+03 3.122649805410734916e+04 1.881511166002839130e-01
4.762300000000000182e+03 3.117163591875781276e+04 1.895211626306064212e-01
4.765800000000000182e+03 3.114898273079703358e+04 1.874445004534101289e-01
4.769300000000000182e+03 3.101485464370065529e+04 1.870728782473812524e-01
4.772800000000000182e+03 3.121904063863742704e+04 1.865225936397867934e-01
4.776300000000000182e+03 3.105869931565082879e+04 1.874554355846837772e-01
4.779800000000000182e+03 3.126649185781064079e+04 1.863442768743208966e-01
4.783300000000000182e+03 3.123377637213933485e+04 1.862357087513724918e-01
4.786800000000000182e+03 3.112131350827630376e+04 1.858044955419936306e-01
4.790300000000000182e+03 3.081122871083084465e+04 1.856888753535188841e-01
4.793800000000000182e+03 3.093906075535726268e+04 1.851225197322474425e-01
4.797300000000000182e+03 3.071712106751879037e+04 1.874649909460967545e-01
4.800800000000000182e+03 3.068774263038841673e+04 1.863159142033590787e-01
4.804300000000000182e+03 3.083575493860788629e+04 1.855192554036626251e-01
4.807800000000000182e+03 3.069213953947639675e+04 1.849551580364140191e-01
4.811300000000000182e+03 3.058431439555089310e+04 1.813028408109637890e-01
4.814800000000000182e+03 3.065311860374985190e+04 1.843510591462582948e-01
4.818300000000000182e+03 3.044519700985087184e+04 1.851295965307586666e-01
4.821800000000000182e+03 3.049958404927268566e+04 1.854728707708744317e-01
4.825300000000000182e+03 3.034919030896153708e+04 1.853047712535932368e-01
4.828800000000000182e+03 3.031331140486579898e+04 1.847915387604260606e-01
4.832300000000000182e+03 2.968016716912232368e+04 1.846763506652574771e-01
4.835800000000000182e+03 2.908056037600936907e+04 1.836054803282574921e-01
4.839300000000000182e+03 2.869485071465788860e+04 1.810041224736697318e-01
4.842800000000000182e+03 2.782525497150250158e+04 1.780933465837023499e-01
4.846300000000000182e+03 2.701423906686356349e+04 1.793777199530167676e-01
4.849800000000000182e+03 2.618934489531044892e+04 1.788928878231434427e-01
4.853300000000000182e+03 2.517958309784495577e+04 1.800526699482155046e-01
4.856800000000000182e+03 2.433200667774483009e+04 1.760116374170356823e-01
4.860300000000000182e+03 2.335326708740612958e+04 1.729367390257618153e-01
4.863800000000000182e+03 2.279011923964292509e+04 1.701664108138707110e-01
4.867300000000000182e+03 2.232991640919352722e+04 1.655834182505761254e-01
4.870800000000000182e+03 2.257831348502945912e+04 1.637056119377637287e-01
4.874300000000000182e+03 2.327181011727012810e+04 1.657694831876080077e-01
4.877800000000000182e+03 2.441258488250707160e+04 1.706614595989500160e-01
4.881300000000000182e+03 2.583966766200494385e+04 1.746913707444341934e-01
4.884800000000000182e+03 2.699966645266716296e+04 1.811837294915960850e-01
4.888300000000000182e+03 2.811261185696658868e+04 1.811230131002824761e-01
4.891800000000000182e+03 2.889789035769419570e+04 1.806898489812898412e-01
4.895300000000000182e+03 2.935503748217507746e+04 1.776667577997121106e-01
4.898800000000000182e+03 2.962479629325418500e+04 1.760078700489502990e-01
4.902300000000000182e+03 2.962422726308180427e+04 1.757540962212562341e-01
4.905800000000000182e+03 2.952821180289926269e+04 1.732986243693943884e-01
4.909300000000000182e+03 2.959622471555794618e+04 1.724940552919158321e-01
4.912800000000000182e+03 2.958008284291139717e+04 1.729561857232005950e-01
4.916300000000000182e+03 2.942728723015380092e+04 1.725366100503251399e-01
4.919800000000000182e+03 2.950428430048526207e+04 1.728666778477257748e-01
4.923300000000000182e+03 2.926041575265675783e+04 1.717947696145671332e-01
4.926800000000000182e+03 2.943305425134274628e+04 1.688571941649681385e-01
4.930300000000000182e+03 2.950417612602926602e+04 1.708008729891583588e-01
4.933800000000000182e+03 2.952483883898740532e+04 1.707310651669918244e-01
4.937300000000000182e+03 2.969097001576237381e+04 1.706782062504489939e-01
4.940800000000000182e+03 2.992682008079050502e+04 1.698203659690019629e-01
4.944300000000000182e+03 2.985887379734977367e+04 1.717531485233591559e-01
4.947800000000000182e+03 3.006184133807645776e+04 1.702438094625764453e-01
4.951300000000000182e+03 3.013536230278861331e+04 1.696790622487182598e-01
4.954800000000000182e+03 3.033415804669489080e+04 1.659190217537664935e-01
4.958300000000000182e+03 3.023241360351653566e+04 1.667101511514454126e-01
4.961800000000000182e+03 3.034281841266934498e+04 1.700952896109580725e-01
4.965300000000000182e+03 3.040974178457827657e+04 1.689710935493646538e-01
4.968800000000000182e+03 3.027487896321880180e+04 1.699858888907254950e-01
4.972300000000000182e+03 3.030487203737707750e+04 1.686456761731157661e-01
4.975800000000000182e+03 3.015278930696656244e+04 1.682446889921989097e-01
4.979300000000000182e+03 2.979221610254456027e+04 1.681288914064760776e-01
4.982800000000000182e+03 2.939649256166666237e+04 1.677201032749804643e-01
4.986300000000000182e+03 2.930667112770555832e+04 1.658671987946009341e-01
4.989800000000000182e+03 2.892633203239688009e+04 1.682931365383089906e-01
4.993300000000000182e+03 2.878039365478585023e+04 1.671496894847438741e-01
4.996800000000000182e+03 2.869934858640141465e+04 1.665786983220347295e-01
5.000300000000000182e+03 2.856453216447951127e+04 1.656401439983268276e-01
5.003800000000000182e+03 2.830027027186945270e+04 1.666231788577040573e-01
5.007300000000000182e+03 2.823781086683879039e+04 1.651356282546668774e-01
5.010800000000000182e+03 2.825463557184513411e+04 1.663245482337772363e-01
5.014300000000000182e+03 2.837895871493373124e+04 1.635877564771298087e-01
5.017800000000000182e+03 2.856178482731516488e+04 1.647457745870284651e-01
5.021300000000000182e+03 2.887230402928307012e+04 1.652648199929011852e-01
5.024800000000000182e+03 2.907378584937821506e+04 1.663896191822052950e-01
5.028300000000000182e+03 2.925801893558355732e+04 1.679770740217915448e-01
5.031800000000000182e+03 2.922102166772416967e+04 1.688761945214032056e-01
5.035300000000000182e+03 2.934818498531105797e+04 1.674347811917527018e-01
5.038800000000000182e+03 2.921407937032193149e+04 1.661827123266939044e-01
5.042300000000000182e+03 2.907040925697908460e+04 1.671177803298629916e-01
5.045800000000000182e+03 2.916924619444404743e+04 1.649799971769295437e-01
5.049300000000000182e+03 2.908217304588481056e+04 1.648899952451582662e-01
5.052800000000000182e+03 2.930746046918396314e+04 1.635997594396468580e-01
5.056300000000000182e+03 2.939808548889164740e+04 1.626521240024945691e-01
5.059800000000000182e+03 2.950862418534773315e+04 1.643968175947965182e-01
5.063300000000000182e+03 2.972269804747563467e+04 1.636967802377889969e-01
5.066800000000000182e+03 2.996890199819422924e+04 1.618037677421270415e-01
5.070300000000000182e+03 2.989229482409015691e+04 1.641695200740496408e-01
5.073800000000000182e+03 2.985876763335846772e+04 1.638627195027257955e-01
5.077300000000000182e+03 2.974801124414770675e+04 1.632770180329030929e-01
5.080800000000000182e+03 2.955532373381897196e+04 1.617336896460538354e-01
5.084300000000000182e+03 2.954534048407675073e+04 1.624235608576183321e-01
5.087800000000000182e+03 2.960293697886436712e+04 1.617076685391086732e-01
5.091300000000000182e+03 2.952901114348560077e+04 1.589690229286420120e-01
5.094800000000000182e+03 2.944318997364686584e+04 1.588338172744183929e-01
5.098300000000000182e+03 2.952904089237894004e+04 1.587501236044716602e-01
5.101800000000000182e+03 2.972068861900223055e+04 1.560071230681968346e-01
5.105300000000000182e+03 2.996877062351776476e+04 1.578396632468367089e-01
5.108800000000000182e+03 2.981993318097109659e+04 1.596182630935994995e-01
5.112300000000000182e+03 2.991772255756413142e+04 1.570135651874046967e-01
5.115800000000000182e+03 2.971655526903244754e+04 1.573671573613979746e-01
5.119300000000000182e+03 2.950087032105880644e+04 1.537682436283230869e-01
5.122800000000000182e+03 2.956777037783222477e+04 1.568781944550131646e-01
5.126300000000000182e+03 2.936182559209432657e+04 1.562534432424244057e-01
5.129800000000000182e+03 2.927465894110526642e+04 1.549576921247816375e-01
5.133300000000000182e+03 2.911677854197467968e+04 1.547771262521656088e-01
5.136800000000000182e+03 2.923428945507389290e+04 1.560675566267213377e-01
5.140300000000000182e+03 2.899826539332944594e+04 1.549566276724899938e-01
5.143800000000000182e+03 2.887966479541071021e+04 1.531413169565689625e-01
5.147300000000000182e+03 2.877567563629081997e+04 1.566809007885806293e-01
5.150800000000000182e+03 2.866643143299907024e+04 1.547001239117696270e-01
5.154300000000000182e+03 2.848219949394125433e+04 1.569398919303494067e-01
5.157800000000000182e+03 2.833287844831687107e+04 1.542292294541749709e-01
5.161300000000000182e+03 2.828339354731523417e+04 1.533477271787202501e-01
5.164800000000000182e+03 2.804899412590642896e+04 1.529229108245574176e-01
5.168300000000000182e+03 2.811489273044138463e+04 1.518332440290746654e-01
5.171800000000000182e+03 2.805684374092469079e+04 1.515777561985749700e-01
5.175300000000000182e+03 2.794261572453912231e+04 1.522053260062119218e-01
5.178800000000000182e+03 2.780635293911996996e+04 1.522292660841836620e-01
5.182300000000000182e+03 2.792893637023979318e+04 1.521520311276947923e-01
5.185800000000000182e+03 2.790524949576018480e+04 1.535758298221525375e-01
5.189300000000000182e+03 2.779986749581082040e+04 1.530067765190170626e-01
5.192800000000000182e+03 2.780323463562475808e+04 1.532190453721176404e-01
5.196300000000000182e+03 2.796304031492009381e+04 1.519593492514402788e-01
5.199800000000000182e+03 2.821521264976872772e+04 1.519472471615725129e-01
5.203300000000000182e+03 2.836538953255002707e+04 1.498760625584081296e-01
5.206800000000000182e+03 2.847189954480768210e+04 1.532886420712527842e-01
5.210300000000000182e+03 2.861990267725861486e+04 1.525100401383646109e-01
5.213800000000000182e+03 2.854424907666859144e+04 1.531176901415923497e-01
5.217300000000000182e+03 2.857465125720419746e+04 1.514553586968552523e-01
5.220800000000000182e+03 2.867429339161065582e+04 1.529234546322921495e-01
5.224300000000000182e+03 2.888063788469955398e+04 1.499067129638609608e-01
5.227800000000000182e+03 2.874505326713218528e+04 1.509716074744311132e-01
5.231300000000000182e+03 2.886425545145090655e+04 1.522828885168596158e-01
5.234800000000000182e+03 2.893319580398507969e+04 1.521584832145171096e-01
5.238300000000000182e+03 2.897055540914044832e+04 1.515143695558836545e-01
5.241800000000000182e+03 2.917382383082143133e+04 1.510946755287582710e-01
5.245300000000000182e+03 2.932586435760850145e+04 1.519736693999252375e-01
5.248800000000000182e+03 2.924637778249448093e+04 1.507082378342077811e-01
5.252300000000000182e+03 2.888190898080958141e+04 1.544638148347894369e-01
5.255800000000000182e+03 2.868508594096979141e+04 1.512955501957481685e-01
5.259300000000000182e+03 2.828931528278093901e+04 1.521847689453840191e-01
5.262800000000000182e+03 2.764893371547407151e+04 1.502439523643658015e-01
5.266300000000000182e+03 2.757979047553008786e+04 1.490187214292522655e-01
5.269800000000000182e+03 2.731573838916968452e+04 1.488361910292972934e-01
5.273300000000000182e+03 2.723739277395925455e+04 1.494821137112943010e-01
5.276800000000000182e+03 2.756542299989022285e+04 1.495073831381613094e-01
5.280300000000000182e+03 2.794227181305771228e+04 1.493699340915150553e-01
5.283800000000000182e+03 2.801004941576692727e+04 1.517035271512428563e-01
5.287300000000000182e+03 2.836252147221110135e+04 1.503466986591960319e-01
5.290800000000000182e+03 2.867162116098876504e+04 1.518288045818858290e-01
5.294300000000000182e+03 2.903880617215061284e+04 1.507119840012803302e-01
5.297800000000000182e+03 2.905328542725044827e+04 1.509707978057251432e-01
5.301300000000000182e+03 2.901911364881629561e+04 1.505614109904353515e-01
5.304800000000000182e+03 2.886163065941754394e+04 1.521155487338327894e-01
5.308300000000000182e+03 2.884816301321866922e+04 1.518396171587589050e-01
5.311800000000000182e+03 2.869352228598627335e+04 1.497531178257345830e-01
5.315300000000000182e+03 2.863027917979042832e+04 1.492223166070016649e-01
5.318800000000000182e+03 2.829636951288276032e+04 1.490439910860278938e-01
5.322300000000000182e+03 2.789848355926627119e+04 1.496683759183626561e-01
5.325800000000000182e+03 2.780524546706162073e+04 1.495139398618240967e-01
5.329300000000000182e+03 2.762292306023222045e+04 1.486820033970318589e-01
5.332800000000000182e+03 2.760529029259380331e+04 1.463746105414201748e-01
5.336300000000000182e+03 2.757968728104563343e+04 1.488341512943819611e-01
5.339800000000000182e+03 2.817613121618481819e+04 1.478728463738208931e-01
5.343300000000000182e+03 2.841441479702264405e+04 1.465107433910144696e-01
5.346800000000000182e+03 2.840150240964477052e+04 1.494578625151564144e-01
5.350300000000000182e+03 2.873796171049824261e+04 1.477231072974771464e-01
5.353800000000000182e+03 2.849890339888722519e+04 1.469848774167146488e-01
5.357300000000000182e+03 2.860131758144785636e+04 1.472574627914030321e-01
5.360800000000000182e+03 2.834086747293627195e+04 1.476617192429088843e-01
5.364300000000000182e+03 2.856734381420837235e+04 1.452585659633175152e-01
5.367800000000000182e+03 2.836793637914319334e+04 1.484756014813274072e-01
5.371300000000000182e+03 2.833849291506432928e+04 1.461675380351025733e-01
5.374800000000000182e+03 2.820423850587135530e+04 1.484290557324581261e-01
5.378300000000000182e+03 2.844972700664010335e+04 1.464089332578393798e-01
5.381800000000000182e+03 2.830153684340326799e+04 1.468687514813682982e-01
5.385300000000000182e+03 2.814625647475345613e+04 1.490550510874125156e-01
5.388800000000000182e+03 2.819371379001719106e+04 1.452192265195896281e-01
5.392300000000000182e+03 2.802513775531180363e+04 1.482277723280738535e-01
5.395800000000000182e+03 2.789032643700546760e+04 1.481680950709199640e-01
5.399300000000000182e+03 2.784540680970100220e+04 1.475986451492441454e-01
5.402800000000000182e+03 2.762254708320797727e+04 1.468013171492288937e-01
5.406300000000000182e+03 2.743182078993690084e+04 1.487354098706014649e-01
5.409800000000000182e+03 2.749062372351727390e+04 1.464546115188517517e-01
5.413300000000000182e+03 2.746681008039127119e+04 1.449182212421216975e-01
5.416800000000000182e+03 2.740527463417411855e+04 1.476955923087609757e-01
5.420300000000000182e+03 2.741849607349953658e+04 1.468996464158182080e-01
5.423800000000000182e+03 2.751482292828004938e+04 1.471545255861849977e-01
5.427300000000000182e+03 2.773609653991789673e+04 1.488244731156705691e-01
5.430800000000000182e+03 2.783279386888160661e+04 1.472033716447918028e-01
5.434300000000000182e+03 2.796886803123681966e+04 1.461987347232966139e-01
5.437800000000000182e+03 2.812414036559226952e+04 1.453247252201686213e-01
5.441300000000000182e+03 2.826798805495887791e+04 1.463014416325101597e-01
5.444800000000000182e+03 2.802795014628466015e+04 1.442200722479462238e-01
5.448300000000000182e+03 2.805550241262702184e+04 1.443137949733140912e-01
5.451800000000000182e+03 2.808377300435276629e+04 1.453485451178581078e-01
5.455300000000000182e+03 2.799154212316395206e+04 1.445970869288111527e-01
5.458800000000000182e+03 2.791717043614508293e+04 1.451240777228387513e-01
5.462300000000000182e+03 2.790259777402958935e+04 1.462305507729260712e-01
5.465800000000000182e+03 2.757712652400249863e+04 1.478221110347374967e-01
5.469300000000000182e+03 2.779655446458445294e+04 1.435328189523358555e-01
5.472800000000000182e+03 2.778209413869415221e+04 1.431994093307165372e-01
5.476300000000000182e+03 2.760710234130689787e+04 1.455177390688703332e-01
5.479800000000000182e+03 2.772260105914047745e+04 1.441117634959221128e-01
5.483300000000000182e+03 2.789557124924045638e+04 1.423501226353367510e-01
5.486800000000000182e+03 2.782742135174563373e+04 1.435191194272246173e-01
5.490300000000000182e+03 2.795705219721352114e+04 1.408891347939320027e-01
5.493800000000000182e+03 2.766662967467735507e+04 1.437391969100216549e-01
5.497300000000000182e+03 2.767296741665768059e+04 1.415602953669291564e-01
5.500800000000000182e+03 2.777156684796369154e+04 1.408811841632103268e-01
5.504300000000000182e+03 2.763131856002985660e+04 1.421220402572442865e-01
5.507800000000000182e+03 2.768994443655288342e+04 1.407774456479596314e-01
5.511300000000000182e+03 2.748633399175477462e+04 1.428287139600622757e-01
5.514800000000000182e+03 2.758723976055338426e+04 1.418981904225649071e-01
5.518300000000000182e+03 2.753621748059164747e+04 1.429293356703460471e-01
5.521800000000000182e+03 2.747766631944769688e+04 1.422309590466652174e-01
5.525300000000000182e+03 2.750922252333198412e+04 1.399908187200587240e-01
5.528800000000000182e+03 2.730359446598414070e+04 1.410958811376281929e-01
5.532300000000000182e+03 2.755952081847118461e+04 1.403258353428172012e-01
5.535800000000000182e+03 2.745370844420499634e+04 1.423790705336853701e-01
5.539300000000000182e+03 2.766342558617782925e+04 1.402700052076055470e-01
5.542800000000000182e+03 2.738847916560998056e+04 1.409035758004002492e-01
5.546300000000000182e+03 2.745587717765358320e+04 1.402924214515700874e-01
5.549800000000000182e+03 2.746741692246708408e+04 1.425051082708805594e-01
5.553300000000000182e+03 2.716840421892096128e+04 1.416446917715289411e-01
5.556800000000000182e+03 2.739080896434652095e+04 1.412988158304024633e-01
5.560300000000000182e+03 2.718342648739166543e+04 1.413068140233784131e-01
5.563800000000000182e+03 2.711435610914702193e+04 1.412506507606516581e-01
5.567300000000000182e+03 2.698584420235764264e+04 1.403499436832402192e-01
5.570800000000000182e+03 2.707255572856060098e+04 1.388607532661878807e-01
5.574300000000000182e+03 2.671004173488310335e+04 1.405671983679780412e-01
5.577800000000000182e+03 2.675434462760496899e+04 1.434556112571861719e-01
5.581300000000000182e+03 2.668842930904903187e+04 1.419199048554969644e-01
5.584800000000000182e+03 2.661230370844150457e+04 1.416945544162929727e-01
5.588300000000000182e+03 2.678997887613544299e+04 1.393290155337792990e-01
5.591800000000000182e+03 2.685251867253622186e+04 1.416791687819970169e-01
5.595300000000000182e+03 2.668645204853513496e+04 1.405906968149990555e-01
5.598800000000000182e+03 2.667599031211737747e+04 1.414962890931462935e-01
5.602300000000000182e+03 2.674381794049130258e+04 1.404891682418184795e-01
5.605800000000000182e+03 2.690899836888442587e+04 1.397969989528110302e-01
5.609300000000000182e+03 2.678475436157326476e+04 1.412611299303316581e-01
5.612800000000000182e+03 2.698224750334040073e+04 1.406033548250705256e-01
5.616300000000000182e+03 2.684000306011901193e+04 1.421079710770394022e-01
5.619800000000000182e+03 2.699290435147766402e+04 1.392383994164422822e-01
5.623300000000000182e+03 2.691890258083261506e+04 1.422194401912757200e-01
5.626800000000000182e+03 2.692406832257336646e+04 1.418522116525912091e-01
5.630300000000000182e+03 2.678273660285237202e+04 1.427564043790142123e-01
5.633800000000000182e+03 2.682076522228564136e+04 1.430870265330892732e-01
5.637300000000000182e+03 2.695306771898434454e+04 1.412123631152527869e-01
5.640800000000000182e+03 2.689443482260646852e+04 1.410768693942245078e-01
5.644300000000000182e+03 2.685509626753403427e+04 1.413441648992518063e-01
5.647800000000000182e+03 2.692329971696203938e+04 1.414047900309899630e-01
5.651300000000000182e+03 2.678858998603572763e+04 1.383446150634380090e-01
5.654800000000000182e+03 2.665128259472282662e+04 1.396452748301009184e-01
5.658300000000000182e+03 2.646744465530446178e+04 1.438982032637334540e-01
5.661800000000000182e+03 2.646859992489780416e+04 1.389886348568318275e-01
5.665300000000000182e+03 2.635558909259378925e+04 1.408191241195460297e-01
5.668800000000000182e+03 2.614003955680646686e+04 1.393390311128752113e-01
5.672300000000000182e+03 2.615631025013377439e+04 1.404380993723425286e-01
5.675800000000000182e+03 2.623725122901211580e+04 1.421895158167949813e-01
5.679300000000000182e+03 2.641175407981596436e+04 1.415983971958439114e-01
5.682800000000000182e+03 2.630734716139597731e+04 1.453167380170752032e-01
5.686300000000000182e+03 2.627592190469763955e+04 1.446442113714236088e-01
5.689800000000000182e+03 2.630830954896111871e+04 1.439309569609743544e-01
5.693300000000000182e+03 2.637629905163341027e+04 1.447726095149137193e-01
5.696800000000000182e+03 2.607068443499063869e+04 1.426964781615060462e-01
5.700300000000000182e+03 2.619013944552484463e+04 1.421198276084253420e-01
5.703800000000000182e+03 2.614596133834873399e+04 1.424149939607931847e-01
5.707300000000000182e+03 2.605098180498308648e+04 1.415628038772141495e-01
5.710800000000000182e+03 2.608076699469451705e+04 1.417335454413535534e-01
5.714300000000000182e+03 2.626315088363722680e+04 1.421147658860048013e-01
5.717800000000000182e+03 2.627949517799570822e+04 1.394884244719870048e-01
5.721300000000000182e+03 2.642462839349090427e+04 1.422784308136348930e-01
5.724800000000000182e+03 2.654439748233402133e+04 1.430568564808691878e-01
5.728300000000000182e+03 2.652413795773166203e+04 1.433626061316760625e-01
5.731800000000000182e+03 2.661840179096975771e+04 1.415428865696368721e-01
5.735300000000000182e+03 2.650089178125123726e+04 1.434806773288292148e-01
5.738800000000000182e+03 2.639431052563268167e+04 1.393826446121874951e-01
5.742300000000000182e+03 2.632527146913589968e+04 1.414116432227376097e-01
5.745800000000000182e+03 2.637417458526260452e+04 1.377050357658052560e-01
5.749300000000000182e+03 2.610986290528593236e+04 1.406686086919385903e-01
5.752800000000000182e+03 2.601404037565441831e+04 1.407910646895279838e-01
5.756300000000000182e+03 2.632946168557336205e+04 1.388862785314256831e-01
5.759800000000000182e+03 2.621480008973843360e+04 1.382278796162928480e-01
5.763300000000000182e+03 2.614569192634758656e+04 1.389607720854033335e-01
5.766800000000000182e+03 2.631151275197539871e+04 1.403906080073992202e-01
5.770300000000000182e+03 2.632421173411369818e+04 1.365412280422281799e-01
5.773800000000000182e+03 2.617306205586350552e+04 1.389464678195455327e-01
5.777300000000000182e+03 2.619036507612522473e+04 1.371696035595862673e-01
5.780800000000000182e+03 2.606554142505035270e+04 1.350432571030627527e-01
5.784300000000000182e+03 2.605959452413188774e+04 1.350194717994576410e-01
5.787800000000000182e+03 2.591565076200755357e+04 1.357379558929846519e-01
5.791300000000000182e+03 2.599904249150064425e+04 1.343494616673162612e-01
5.794800000000000182e+03 2.591613258863277224e+04 1.343205686575686120e-01
5.798300000000000182e+03 2.598086505817011493e+04 1.336160977333906152e-01
5.801800000000000182e+03 2.598387277819609517e+04 1.348025069670322762e-01
5.805300000000000182e+03 2.592717982274321548e+04 1.348738885497764162e-01
5.808800000000000182e+03 2.586847733716250877e+04 1.353034718486243182e-01
5.812300000000000182e+03 2.605049584331946244e+04 1.327739373918041532e-01
5.815800000000000182e+03 2.599691240451724298e+04 1.322111493862198617e-01
5.819300000000000182e+03 2.611104023859860899e+04 1.309966162247141463e-01
5.822800000000000182e+03 2.592361020256940901e+04 1.334564271008928660e-01
5.826300000000000182e+03 2.593630107916833367e+04 1.324623821602435303e-01
5.829800000000000182e+03 2.602085415992429625e+04 1.320772589390786511e-01
5.833300000000000182e+03 2.572650420372006920e+04 1.297698387717876600e-01
5.836800000000000182e+03 2.563802707172782175e+04 1.312079393987414244e-01
5.840300000000000182e+03 2.577807362681092127e+04 1.302886210946900269e-01
5.843800000000000182e+03 2.564110947164539539e+04 1.293382249844878540e-01
5.847300000000000182e+03 2.560193648129632857e+04 1.292181220746362602e-01
5.850800000000000182e+03 2.552831112260804730e+04 1.316383684441295998e-01
5.854300000000000182e+03 2.531048182728132815e+04 1.309699583180342630e-01
5.857800000000000182e+03 2.537121947667949644e+04 1.302337772772532987e-01
5.861300000000000182e+03 2.539180111828326699e+04 1.322458284913704263e-01
5.864800000000000182e+03 2.531187216856748637e+04 1.327006798342406646e-01
5.868300000000000182e+03 2.525732502565830509e+04 1.309582011604848162e-01
5.871800000000000182e+03 2.511969749256887371e+04 1.333424489489156706e-01
5.875300000000000182e+03 2.484751693226783391e+04 1.361628662864781403e-01
5.878800000000000182e+03 2.457177448736882434e+04 1.392922217579944388e-01
5.882300000000000182e+03 2.393777807058766484e+04 1.431114653001021031e-01
5.885800000000000182e+03 2.373658137711099334e+04 1.440452745722307082e-01
5.889300000000000182e+03 2.363487833216133731e+04 1.448123141018298476e-01
5.892800000000000182e+03 2.360115650769340937e+04 1.470220981199952537e-01
5.896300000000000182e+03 2.343762102940425029e+04 1.461151010643296777e-01
5.899800000000000182e+03 2.359782417569717290e+04 1.444929192014283159e-01
5.903300000000000182e+03 2.374633325224477812e+04 1.441795174547063074e-01
5.906800000000000182e+03 2.373551008158483091e+04 1.438193321209536579e-01
5.910300000000000182e+03 2.368074940236490511e+04 1.458972179094935873e-01
5.913800000000000182e+03 2.363360930159315467e+04 1.471820305938951468e-01
5.917300000000000182e+03 2.359231179176608566e+04 1.462854146711079772e-01
5.920800000000000182e+03 2.347735441868731868e+04 1.427691874491765489e-01
5.924300000000000182e+03 2.344940420310080663e+04 1.446816324904248718e-01
5.927800000000000182e+03 2.368216847171791233e+04 1.405892321803035860e-01
5.931300000000000182e+03 2.350037181624846198e+04 1.402933949805848513e-01
5.934800000000000182e+03 2.357506452086483841e+04 1.436325570123070106e-01
5.938300000000000182e+03 2.320856313176624826e+04 1.434401474681416266e-01
5.941800000000000182e+03 2.301469521758062547e+04 1.435702472157932286e-01
5.945300000000000182e+03 2.286765567786288011e+04 1.455966105126774712e-01
5.948800000000000182e+03 2.299487983253734637e+04 1.444072311678853138e-01
5.952300000000000182e+03 2.304904650682546344e+04 1.439087589600729911e-01
5.955800000000000182e+03 2.313175247607153506e+04 1.395157796162721786e-01
5.959300000000000182e+03 2.297682605166866051e+04 1.411486332657685416e-01
5.962800000000000182e+03 2.312908987753752808e+04 1.366493091690101080e-01
5.966300000000000182e+03 2.283272003044984740e+04 1.374690991282460084e-01
5.969800000000000182e+03 2.278041213075079213e+04 1.357908174398242962e-01
5.973300000000000182e+03 2.275159081923937629e+04 1.355713868798274213e-01
5.976800000000000182e+03 2.265387349464852014e+04 1.358903355630053655e-01
5.980300000000000182e+03 2.252326805792419327e+04 1.354524437413647808e-01
5.983800000000000182e+03 2.251360136106457139e+04 1.340113803921998692e-01
5.987300000000000182e+03 2.243061172597359473e+04 1.337703734076935713e-01
5.990800000000000182e+03 2.234190912307277540e+04 1.340495484297396234e-01
5.994300000000000182e+03 2.224530190801279605e+04 1.319406654997207218e-01
5.997800000000000182e+03 2.218769159690974993e+04 1.320379977512801672e-01
