# wavelength angstroms, flux, ext coeff
3.001800000000000182e+03 3.340761899223999853e-02 4.199858363083179391e+00
3.005300000000000182e+03 1.107846912254590244e+01 0.000000000000000000e+00
3.008800000000000182e+03 1.633322909531586475e+01 8.390858004101746648e-01
3.012300000000000182e+03 4.348809946800927406e+01 5.979554399854846158e-01
3.015800000000000182e+03 2.333958389945375700e+01 0.000000000000000000e+00
3.019300000000000182e+03 2.670279846205307095e+01 0.000000000000000000e+00
3.022800000000000182e+03 3.893329070777149958e+00 1.720560619182483597e+00
3.026300000000000182e+03 3.467378276503080059e+01 8.339790001581109946e-01
3.029800000000000182e+03 3.749065448691131763e+01 8.603406689666355245e-01
3.033300000000000182e+03 5.951192993908448159e+01 0.000000000000000000e+00
3.036800000000000182e+03 5.459114999022666836e+00 1.929876700804257439e+00
3.040300000000000182e+03 2.583910505796487556e+01 1.188323675675797775e+00
3.043800000000000182e+03 8.657361632055611267e+01 0.000000000000000000e+00
3.047300000000000182e+03 1.080778760049985863e+02 0.000000000000000000e+00
3.050800000000000182e+03 1.890214660120043888e+01 1.481011595917360868e+00
3.054300000000000182e+03 1.995976714992579559e+01 1.526369921199345114e+00
3.057800000000000182e+03 1.825404590406082406e+01 1.615743711047774589e+00
3.061300000000000182e+03 4.484602070733538426e+01 1.208406919522006406e+00
3.064800000000000182e+03 1.860408464862363758e+02 0.000000000000000000e+00
3.068300000000000182e+03 3.450777746401006851e+01 1.470520009731955735e+00
3.071800000000000182e+03 3.231307495460590218e+01 1.544546524575592050e+00
3.075300000000000182e+03 1.042421537661451580e+01 2.312902160154914899e+00
3.078800000000000182e+03 1.299184724889948406e+01 2.229368302555258641e+00
3.082300000000000182e+03 1.524151202923393811e+01 2.167934651039201022e+00
3.085800000000000182e+03 3.688071246841643358e+01 1.669582952533275266e+00
3.089300000000000182e+03 3.724732644747840027e+01 1.734216501178771130e+00
3.092800000000000182e+03 8.321942593060842341e+01 1.325932178602511557e+00
3.096300000000000182e+03 7.033148204077599530e+01 1.470529861979604336e+00
3.099800000000000182e+03 3.861733806140600223e+01 1.874605092151049757e+00
3.103300000000000182e+03 4.197880352989469088e+01 1.843837866881967713e+00
3.106800000000000182e+03 8.374584200236189702e+01 1.464445758884197257e+00
3.110300000000000182e+03 5.032798010713879933e+01 1.782515699197406711e+00
3.113800000000000182e+03 5.615224655577498680e+01 1.758211055997635830e+00
3.117300000000000182e+03 6.028713312928169898e+01 1.719069294899570721e+00
3.120800000000000182e+03 6.863945512211803646e+01 1.678772951974400574e+00
3.124300000000000182e+03 1.498153268201881758e+02 1.261180318938383227e+00
3.127800000000000182e+03 8.477786678483980154e+01 1.623644396642317300e+00
3.131300000000000182e+03 1.647898159989665032e+02 1.254183690747803670e+00
3.134800000000000182e+03 1.068222333106263591e+02 1.524317133174748928e+00
3.138300000000000182e+03 1.772416600107328293e+02 1.245223093627812361e+00
3.141800000000000182e+03 1.861149266626562166e+02 1.243050024041998602e+00
3.145300000000000182e+03 1.304674563224918415e+02 1.478927048590299664e+00
3.148800000000000182e+03 1.644620891325486696e+02 1.372122248927816202e+00
3.152300000000000182e+03 2.443539594718423587e+02 1.175685357071045045e+00
3.155800000000000182e+03 2.502687396085337070e+02 1.185275633632450587e+00
3.159300000000000182e+03 2.608610087338339554e+02 1.169243396291348880e+00
3.162800000000000182e+03 2.258665248844519624e+02 1.276104085041585900e+00
3.166300000000000182e+03 2.301873935874885717e+02 1.285260864209717635e+00
3.169800000000000182e+03 2.694147982265470773e+02 1.225091814102124310e+00
3.173300000000000182e+03 2.974937972132842106e+02 1.177968463168552304e+00
3.176800000000000182e+03 2.687544767834709774e+02 1.241989777923258265e+00
3.180300000000000182e+03 3.275260380661063095e+02 1.143537287963698468e+00
3.183800000000000182e+03 3.055648981559595541e+02 1.204152508152315004e+00
3.187300000000000182e+03 3.287309196317922328e+02 1.181488917650347359e+00
3.190800000000000182e+03 4.284452096340872913e+02 1.057425975647221739e+00
3.194300000000000182e+03 3.684296439246114687e+02 1.151920028144631791e+00
3.197800000000000182e+03 3.866204408797954102e+02 1.130382084754467664e+00
3.201300000000000182e+03 4.056623144128550962e+02 1.121888641033409462e+00
3.204800000000000182e+03 4.178555396417162910e+02 1.105267260415374375e+00
3.208300000000000182e+03 5.362812973388776072e+02 9.919251214917615966e-01
3.211800000000000182e+03 4.988420295215374267e+02 1.059169946747695823e+00
3.215300000000000182e+03 5.108022471330863823e+02 1.053357062557121360e+00
3.218800000000000182e+03 5.612971459317411700e+02 1.006344628394560514e+00
3.222300000000000182e+03 5.338905080812661481e+02 1.034019538451460107e+00
3.225800000000000182e+03 5.755366828036674178e+02 1.008360065983660681e+00
3.229300000000000182e+03 5.877955842461531120e+02 1.008489692975599095e+00
3.232800000000000182e+03 6.348122453398458447e+02 9.869956799995031060e-01
3.236300000000000182e+03 6.644340163361089253e+02 9.768422959464050370e-01
3.239800000000000182e+03 7.810912192272355696e+02 8.982830488619210074e-01
3.243300000000000182e+03 7.165929565426285990e+02 9.547998804089684599e-01
3.246800000000000182e+03 7.300001644439211077e+02 9.465982517689198739e-01
3.250300000000000182e+03 8.244018340167341421e+02 8.819664829172831899e-01
3.253800000000000182e+03 8.313716935182341103e+02 8.820444966970396594e-01
3.257300000000000182e+03 7.886017153837492515e+02 9.234685350716287378e-01
3.260800000000000182e+03 8.757132303328160106e+02 8.818183139902473489e-01
3.264300000000000182e+03 8.623793595402523806e+02 9.002142423513670444e-01
3.267800000000000182e+03 1.007691375056715856e+03 8.315289544115592735e-01
3.271300000000000182e+03 1.011847968250249323e+03 8.377301946560723467e-01
3.274800000000000182e+03 9.333395163859242984e+02 8.857781394802949348e-01
3.278300000000000182e+03 9.283724708225902305e+02 8.781529578460188779e-01
3.281800000000000182e+03 9.514330162588902340e+02 8.744929859030134978e-01
3.285300000000000182e+03 1.027915166999712028e+03 8.376461716989228590e-01
3.288800000000000182e+03 1.053845780189864854e+03 8.366793778194854259e-01
3.292300000000000182e+03 1.076163264026618663e+03 8.399295928941951095e-01
3.295800000000000182e+03 1.105801597457779280e+03 8.322157128320328834e-01
3.299300000000000182e+03 1.183816334455396373e+03 8.068241658974582009e-01
3.302800000000000182e+03 1.159272090328374361e+03 8.130196476354150104e-01
3.306300000000000182e+03 1.175239774618435149e+03 8.135482258814464851e-01
3.309800000000000182e+03 1.180662438126801817e+03 8.171210570775008231e-01
3.313300000000000182e+03 1.251020455922508518e+03 7.817794537929735332e-01
3.316800000000000182e+03 1.315643567617630652e+03 7.655066365300791098e-01
3.320300000000000182e+03 1.272468148151260948e+03 7.963037012232083711e-01
3.323800000000000182e+03 1.412652906410124160e+03 7.451134426583099213e-01
3.327300000000000182e+03 1.424299862528089761e+03 7.553510995093160041e-01
3.330800000000000182e+03 1.473561117864247990e+03 7.408811087188503786e-01
3.334300000000000182e+03 1.395130555971613376e+03 7.691283958120290754e-01
3.337800000000000182e+03 1.408677293531847909e+03 7.684120281043919087e-01
3.341300000000000182e+03 1.397509068709837038e+03 7.650889553248934050e-01
3.344800000000000182e+03 1.509909676966268535e+03 7.388868815014310032e-01
3.348300000000000182e+03 1.467182619502032367e+03 7.536962053368981840e-01
3.351800000000000182e+03 1.503855526609985418e+03 7.467038439552270424e-01
3.355300000000000182e+03 1.546688503274115419e+03 7.357300859239372937e-01
3.358800000000000182e+03 1.576643474982774478e+03 7.342340337100562442e-01
3.362300000000000182e+03 1.666715249811363037e+03 7.131547634414708847e-01
3.365800000000000182e+03 1.633075848344122733e+03 7.259700157650257335e-01
3.369300000000000182e+03 1.642006840952614539e+03 7.261523870302576400e-01
3.372800000000000182e+03 1.672793134547567888e+03 7.222290434272773396e-01
3.376300000000000182e+03 1.662492941770376774e+03 7.206975534429379548e-01
3.379800000000000182e+03 1.722425367719927408e+03 7.059091712892202608e-01
3.383300000000000182e+03 1.850808778965501006e+03 6.776671894407104713e-01
3.386800000000000182e+03 1.789913294369400319e+03 7.007134570595964229e-01
3.390300000000000182e+03 1.808244828113563244e+03 7.012543312018435504e-01
3.393800000000000182e+03 1.858493897319620828e+03 6.929644695235970264e-01
3.397300000000000182e+03 1.932943586073624601e+03 6.718971837302821770e-01
3.400800000000000182e+03 1.899463003051380838e+03 6.872211752874300972e-01
3.404300000000000182e+03 1.894822873780764212e+03 6.879812889494171246e-01
3.407800000000000182e+03 2.016895431970338450e+03 6.561575447625411783e-01
3.411300000000000182e+03 1.987396986920097333e+03 6.738932403487678524e-01
3.414800000000000182e+03 2.072522734773004686e+03 6.549028427831273813e-01
3.418300000000000182e+03 2.049962525963482221e+03 6.667999610414755418e-01
3.421800000000000182e+03 2.076012128703892358e+03 6.654554838553270457e-01
3.425300000000000182e+03 2.133865709089670418e+03 6.497246587069513968e-01
3.428800000000000182e+03 2.117493063899487424e+03 6.586924421946824815e-01
3.432300000000000182e+03 2.137144663529205900e+03 6.580852347837197192e-01
3.435800000000000182e+03 2.178293492511525528e+03 6.506874046909192355e-01
3.439300000000000182e+03 2.267674322596059028e+03 6.306788465215873440e-01
3.442800000000000182e+03 2.202541791172987359e+03 6.488332692195964979e-01
3.446300000000000182e+03 2.282614996905546832e+03 6.373634165825250442e-01
3.449800000000000182e+03 2.375538194516955627e+03 6.180422226715168721e-01
3.453300000000000182e+03 2.283301433039665426e+03 6.358486556641339549e-01
3.456800000000000182e+03 2.457930817289277911e+03 6.125728932114307135e-01
3.460300000000000182e+03 2.341846499879830390e+03 6.340045276956643994e-01
3.463800000000000182e+03 2.380056529501625391e+03 6.294006121732939052e-01
3.467300000000000182e+03 2.400700437542055170e+03 6.257753517068547211e-01
3.470800000000000182e+03 2.410758613030728156e+03 6.256658111125145139e-01
3.474300000000000182e+03 2.513899321945128122e+03 6.075695785703242313e-01
3.477800000000000182e+03 2.478553779038030825e+03 6.166268456858541303e-01
3.481300000000000182e+03 2.495668733579152104e+03 6.146418361424909049e-01
3.484800000000000182e+03 2.545605212922858755e+03 6.128282401324516293e-01
3.488300000000000182e+03 2.635109723001017755e+03 5.962510707793272635e-01
3.491800000000000182e+03 2.604948498829602158e+03 6.051722117941341628e-01
3.495300000000000182e+03 2.685407938122280484e+03 5.936858240240542317e-01
3.498800000000000182e+03 2.625086869397365717e+03 6.016383279185487654e-01
3.502300000000000182e+03 2.788355775921499117e+03 5.810873681240671385e-01
3.505800000000000182e+03 2.729111030116359871e+03 5.876619744020217251e-01
3.509300000000000182e+03 2.714491536452319906e+03 6.005227361862306434e-01
3.512800000000000182e+03 2.761691542354509693e+03 5.960843663962130945e-01
3.516300000000000182e+03 2.858444344801501757e+03 5.794979481447525282e-01
3.519800000000000182e+03 2.827855155301823743e+03 5.808368230697861234e-01
3.523300000000000182e+03 2.875354194142071265e+03 5.770211464061416606e-01
3.526800000000000182e+03 2.932333402304562242e+03 5.730853305417475951e-01
3.530300000000000182e+03 2.961489081499339591e+03 5.673473151806742720e-01
3.533800000000000182e+03 2.949195817022257415e+03 5.764868282931093768e-01
3.537300000000000182e+03 2.926063338740857489e+03 5.760210169598157792e-01
3.540800000000000182e+03 2.976270788660760445e+03 5.740710875496666254e-01
3.544300000000000182e+03 3.049936611874340997e+03 5.639334548647826351e-01
3.547800000000000182e+03 3.095130810586169900e+03 5.629331258949714645e-01
3.551300000000000182e+03 3.127044893820989273e+03 5.573171569205929154e-01
3.554800000000000182e+03 3.073857872214860436e+03 5.669180772493122022e-01
3.558300000000000182e+03 3.049737616884429372e+03 5.647519443657926796e-01
3.561800000000000182e+03 3.138073196421031753e+03 5.608500661865241099e-01
3.565300000000000182e+03 3.168099209686743052e+03 5.563266129971101703e-01
3.568800000000000182e+03 3.319626283637053803e+03 5.395392832121156390e-01
3.572300000000000182e+03 3.175336192504999872e+03 5.541900988674361983e-01
3.575800000000000182e+03 3.263908099502718414e+03 5.492693138418345278e-01
3.579300000000000182e+03 3.246675762138793743e+03 5.485174489559280220e-01
3.582800000000000182e+03 3.283933359475643556e+03 5.484406450029578606e-01
3.586300000000000182e+03 3.411185068086229421e+03 5.278056653085021477e-01
3.589800000000000182e+03 3.346622196776495912e+03 5.409580066305889057e-01
3.593300000000000182e+03 3.415793756992293766e+03 5.319332873115556470e-01
3.596800000000000182e+03 3.417703763933812752e+03 5.363222714393476309e-01
3.600300000000000182e+03 3.448557035152045955e+03 5.360996510646957036e-01
3.603800000000000182e+03 3.461982893947994398e+03 5.345541401879485566e-01
3.607300000000000182e+03 3.496891121968355947e+03 5.317292036303736813e-01
3.610800000000000182e+03 3.508617097165811174e+03 5.298645085014217493e-01
3.614300000000000182e+03 3.489899004678507936e+03 5.291719378692144593e-01
3.617800000000000182e+03 3.597383929306136451e+03 5.195118123104811581e-01
3.621300000000000182e+03 3.587762874782185463e+03 5.216957796687515803e-01
3.624800000000000182e+03 3.746293237530468559e+03 5.090315438053333308e-01
3.628300000000000182e+03 3.695968716921544456e+03 5.193563524301951784e-01
3.631800000000000182e+03 3.643326569360648136e+03 5.160451469799632873e-01
3.635300000000000182e+03 3.717768415084312437e+03 5.117160965541385220e-01
3.638800000000000182e+03 3.717981088071794147e+03 5.120429708937428437e-01
3.642300000000000182e+03 3.913372463320995394e+03 5.012614553886031166e-01
3.645800000000000182e+03 3.873183413261471742e+03 5.018669285697314741e-01
3.649300000000000182e+03 3.950230091313432695e+03 5.004671634081879761e-01
3.652800000000000182e+03 3.992256714601508065e+03 4.969807293206918164e-01
3.656300000000000182e+03 3.924662497359555346e+03 5.043280973332295858e-01
3.659800000000000182e+03 3.931849095072557247e+03 5.049902200190337087e-01
3.663300000000000182e+03 3.960041819509729066e+03 5.007933146706097238e-01
3.666800000000000182e+03 3.947641829493742989e+03 4.970993716886091263e-01
3.670300000000000182e+03 3.972495556884688085e+03 4.966427595590439115e-01
3.673800000000000182e+03 3.989152625584536054e+03 4.981655654937494071e-01
3.677300000000000182e+03 4.018343308324186182e+03 4.891227129695230880e-01
3.680800000000000182e+03 3.984618712126990431e+03 4.878100319599805168e-01
3.684300000000000182e+03 3.973279166099016948e+03 4.874641048422075351e-01
3.687800000000000182e+03 3.944358522545035612e+03 4.849300953192821062e-01
3.691300000000000182e+03 3.997032193271227243e+03 4.809376701835940682e-01
3.694800000000000182e+03 3.982828444376988500e+03 4.807501351718328486e-01
3.698300000000000182e+03 4.086697509837313191e+03 4.713158428321120308e-01
3.701800000000000182e+03 4.095798156597662000e+03 4.739592000600514332e-01
3.705300000000000182e+03 4.101619135155866388e+03 4.721283561594104561e-01
3.708800000000000182e+03 4.157310214824839932e+03 4.712676693333791578e-01
3.712300000000000182e+03 4.047221314597850778e+03 4.786898688792976531e-01
3.715800000000000182e+03 4.141128445385937084e+03 4.690593537024738691e-01
3.719300000000000182e+03 4.132159594835386088e+03 4.728821256224381986e-01
3.722800000000000182e+03 4.258745853328328849e+03 4.556570559974873480e-01
3.726300000000000182e+03 4.325981706405393197e+03 4.545849423642190912e-01
3.729800000000000182e+03 4.433774438510075015e+03 4.472977486186547891e-01
3.733300000000000182e+03 4.382475280871911309e+03 4.602724801347607975e-01
3.736800000000000182e+03 4.460146451694643474e+03 4.584598264832357994e-01
3.740300000000000182e+03 4.614066610179245799e+03 4.614863160271475695e-01
3.743800000000000182e+03 4.830364574488127801e+03 4.590293191615256729e-01
3.747300000000000182e+03 4.898819201228416205e+03 4.558694514097271222e-01
3.750800000000000182e+03 5.081344008517216935e+03 4.503621499609488099e-01
3.754300000000000182e+03 5.086812469543076077e+03 4.559243433973130810e-01
3.757800000000000182e+03 5.205522564773099475e+03 4.500559197339829010e-01
3.761300000000000182e+03 5.246000679504414620e+03 4.472568724467083645e-01
3.764800000000000182e+03 5.235162922411530417e+03 4.490737407605830400e-01
3.768300000000000182e+03 5.408517947099347111e+03 4.380213274205607688e-01
3.771800000000000182e+03 5.422672109227492911e+03 4.471962022603218623e-01
3.775300000000000182e+03 5.610915830243263372e+03 4.408789904963734685e-01
3.778800000000000182e+03 5.815837382671266823e+03 4.396850845050080392e-01
3.782300000000000182e+03 5.983756507032744594e+03 4.376982492487439536e-01
3.785800000000000182e+03 6.128378628016060247e+03 4.361078768684510942e-01
3.789300000000000182e+03 6.376335964925127882e+03 4.317622954989204231e-01
3.792800000000000182e+03 6.475015981374404873e+03 4.361402743054277331e-01
3.796300000000000182e+03 6.785322147850727561e+03 4.320630958347734252e-01
3.799800000000000182e+03 6.843435667054047371e+03 4.358862048367401765e-01
3.803300000000000182e+03 7.008099498347073677e+03 4.366365286413586011e-01
3.806800000000000182e+03 7.223172826944099143e+03 4.337247277321290562e-01
3.810300000000000182e+03 7.193376195971679408e+03 4.361305281848184556e-01
3.813800000000000182e+03 7.196397167115620505e+03 4.302839972458861184e-01
3.817300000000000182e+03 7.063285047551567914e+03 4.239465287721779219e-01
3.820800000000000182e+03 6.908840962043957006e+03 4.181503642086270567e-01
3.824300000000000182e+03 6.749103964233314400e+03 4.094306650414941129e-01
3.827800000000000182e+03 6.662740454981490075e+03 4.050490752337935763e-01
3.831300000000000182e+03 6.737783977876374593e+03 4.008969922472098157e-01
3.834800000000000182e+03 6.863007267923937434e+03 4.051824616829637904e-01
3.838300000000000182e+03 7.182442606200468617e+03 4.108355242275584240e-01
3.841800000000000182e+03 7.596514873029611408e+03 4.093541589307295170e-01
3.845300000000000182e+03 7.851800220705232277e+03 4.156482119462013292e-01
3.848800000000000182e+03 8.253460909315719618e+03 4.135486422491432834e-01
3.852300000000000182e+03 8.508156806949460588e+03 4.117822313216664698e-01
3.855800000000000182e+03 8.831719604236222949e+03 4.108244288758957641e-01
3.859300000000000182e+03 9.035665832766575477e+03 4.109388396912639907e-01
3.862800000000000182e+03 9.201288004637026461e+03 4.109306603461315710e-01
3.866300000000000182e+03 9.072386174027780726e+03 4.144622460037972189e-01
3.869800000000000182e+03 9.051153928430328961e+03 4.150815968848434734e-01
3.873300000000000182e+03 8.902326308100475217e+03 4.090193071669434022e-01
3.876800000000000182e+03 8.434099238519835126e+03 4.037074772701907399e-01
3.880300000000000182e+03 7.826310520152264871e+03 3.961269625342050960e-01
3.883800000000000182e+03 7.412603764875088018e+03 3.830090666073661665e-01
3.887300000000000182e+03 7.024304575729142016e+03 3.711082587981354153e-01
3.890800000000000182e+03 7.038753888710081810e+03 3.657166748979854831e-01
3.894300000000000182e+03 7.294357127000621404e+03 3.692207485564561464e-01
3.897800000000000182e+03 7.722297164682794573e+03 3.831560429302854898e-01
3.901300000000000182e+03 8.331355570657653516e+03 3.918643684934516869e-01
3.904800000000000182e+03 8.886814720603546448e+03 3.994570211087457579e-01
3.908300000000000182e+03 9.534861836772561219e+03 3.988442774479512010e-01
3.911800000000000182e+03 9.834946604844706599e+03 3.988889319722226379e-01
3.915300000000000182e+03 1.030329227614886440e+04 3.916109209655224688e-01
3.918800000000000182e+03 1.042130090937427121e+04 3.868328043840867925e-01
3.922300000000000182e+03 1.054491753761142718e+04 3.802264793553859490e-01
3.925800000000000182e+03 1.076132980839322590e+04 3.703953117460478950e-01
3.929300000000000182e+03 1.081767314511693075e+04 3.656995395483083611e-01
3.932800000000000182e+03 1.074476803648259920e+04 3.681891509130981177e-01
3.936300000000000182e+03 1.081136719547093344e+04 3.710844928487755379e-01
3.939800000000000182e+03 1.078904826743197191e+04 3.739097877065624687e-01
3.943300000000000182e+03 1.071009217801983868e+04 3.796866824910133387e-01
3.946800000000000182e+03 1.053166853645811170e+04 3.843051675675395185e-01
3.950300000000000182e+03 1.008464222365180467e+04 3.887562213509009323e-01
3.953800000000000182e+03 9.798170613568232511e+03 3.832881118658988395e-01
3.957300000000000182e+03 9.279499015286433860e+03 3.734014919691399648e-01
3.960800000000000182e+03 8.657260851697679755e+03 3.639184978171966511e-01
3.964300000000000182e+03 8.258670234728540891e+03 3.451856441144702248e-01
3.967800000000000182e+03 7.864395663746859100e+03 3.359885821446012555e-01
3.971300000000000182e+03 7.994011422898810451e+03 3.270004165596693824e-01
3.974800000000000182e+03 8.060877449170324326e+03 3.376589146471176139e-01
3.978300000000000182e+03 8.410790811201699398e+03 3.516036205910707535e-01
3.981800000000000182e+03 9.118853204910115892e+03 3.604665392456524731e-01
3.985300000000000182e+03 9.867528743724325977e+03 3.660564989417220971e-01
3.988800000000000182e+03 1.041819150314963372e+04 3.664563929720349167e-01
3.992300000000000182e+03 1.087825589803956427e+04 3.654348134854976671e-01
3.995800000000000182e+03 1.113552863576661366e+04 3.602000208139308768e-01
3.999300000000000182e+03 1.142665376924540396e+04 3.581675023187789741e-01
4.002800000000000182e+03 1.153508107517553071e+04 3.555748981006575105e-01
4.006300000000000182e+03 1.160600351566843710e+04 3.542083056492073001e-01
4.009800000000000182e+03 1.174030704121000053e+04 3.531211451583410321e-01
4.013300000000000182e+03 1.184508410025228295e+04 3.504947373891944551e-01
4.016800000000000182e+03 1.169616805226024007e+04 3.509428979438200535e-01
4.020300000000000182e+03 1.181029670743324277e+04 3.492308174350221006e-01
4.023800000000000182e+03 1.183794127659866353e+04 3.443746584153793977e-01
4.027300000000000182e+03 1.191423212914119540e+04 3.435535472597700535e-01
4.030800000000000182e+03 1.202100768272358437e+04 3.408067791379746359e-01
4.034300000000000182e+03 1.206018943161816787e+04 3.421166019489446652e-01
4.037800000000000182e+03 1.213931228481328071e+04 3.420027791087172364e-01
4.041300000000000182e+03 1.221699507631147935e+04 3.410429645710043034e-01
4.044800000000000182e+03 1.222387079005673149e+04 3.409037432434922077e-01
4.048300000000000182e+03 1.217796980032136162e+04 3.406528065990337972e-01
4.051800000000000182e+03 1.258845488234239929e+04 3.369247645405901159e-01
4.055300000000000182e+03 1.254312045957387636e+04 3.358432477243117886e-01
4.058800000000000182e+03 1.242350810638557959e+04 3.367255296742782122e-01
4.062300000000000182e+03 1.231353808537008445e+04 3.358682322706819656e-01
4.065800000000000182e+03 1.238706116339499204e+04 3.344044019589529904e-01
4.069300000000000182e+03 1.229176600852030970e+04 3.349482650773444314e-01
4.072800000000000182e+03 1.210858274601668018e+04 3.316758419276688574e-01
4.076300000000000182e+03 1.182488573162800276e+04 3.327098144926857182e-01
4.079800000000000182e+03 1.165784219531656163e+04 3.315778158607760595e-01
4.083300000000000182e+03 1.136196195753708889e+04 3.275671854669099381e-01
4.086800000000000182e+03 1.101914662839382981e+04 3.279802192430519847e-01
4.090300000000000182e+03 1.081598900399937884e+04 3.273373746158969033e-01
4.093800000000000182e+03 1.026561744466092750e+04 3.240474957762311536e-01
4.097300000000000182e+03 9.999469475191208403e+03 3.205909594533989937e-01
4.100800000000000182e+03 9.769994233915444056e+03 3.140208297732657861e-01
4.104300000000000182e+03 9.404529436161066769e+03 3.108159590124991434e-01
4.107800000000000182e+03 9.483937900554929001e+03 3.057419606066899553e-01
4.111300000000000182e+03 9.623333155126252677e+03 3.039511424485378255e-01
4.114800000000000182e+03 9.985121809781352567e+03 3.054756481762396780e-01
4.118300000000000182e+03 1.044259209093116078e+04 3.108513711235291743e-01
4.121800000000000182e+03 1.104227064702266580e+04 3.180622968280770735e-01
4.125300000000000182e+03 1.167502338676211366e+04 3.201035954562703734e-01
4.128800000000000182e+03 1.222054060934205881e+04 3.196196282403840350e-01
4.132300000000000182e+03 1.265934130087835547e+04 3.184735723503729909e-01
4.135800000000000182e+03 1.302483600487214062e+04 3.149792214896310338e-01
4.139300000000000182e+03 1.327646666659831499e+04 3.107028123421060051e-01
4.142800000000000182e+03 1.318744390515819032e+04 3.108065300442641177e-01
4.146300000000000182e+03 1.310583505397529007e+04 3.095162931598648970e-01
4.149800000000000182e+03 1.314259539436968407e+04 3.099741343759011558e-01
4.153300000000000182e+03 1.332177002300645836e+04 3.099553587652991160e-01
4.156800000000000182e+03 1.345222326152170172e+04 3.056369276862073714e-01
4.160300000000000182e+03 1.353071973769423857e+04 3.064316140707917802e-01
4.163800000000000182e+03 1.362721084256450013e+04 3.044020444686096338e-01
4.167300000000000182e+03 1.355384036035171812e+04 3.020936119063411529e-01
4.170800000000000182e+03 1.378803781456946854e+04 3.030260313043287024e-01
4.174300000000000182e+03 1.371204615184031536e+04 3.002727740784484345e-01
4.177800000000000182e+03 1.387817788107083834e+04 3.011554738217144256e-01
4.181300000000000182e+03 1.379636424341717611e+04 2.977254883951978015e-01
4.184800000000000182e+03 1.392783842276990254e+04 2.981689657535280813e-01
4.188300000000000182e+03 1.398777567987707698e+04 2.956412709670144245e-01
4.191800000000000182e+03 1.395462690509336608e+04 2.953406055465263580e-01
4.195300000000000182e+03 1.386654575436778759e+04 2.949742977663097343e-01
4.198800000000000182e+03 1.408630157480516755e+04 2.923393734016904166e-01
4.202300000000000182e+03 1.400001465237321827e+04 2.917118075713832637e-01
4.205800000000000182e+03 1.421576764453662145e+04 2.933022567980291262e-01
4.209300000000000182e+03 1.427163434044680980e+04 2.894832474622350826e-01
4.212800000000000182e+03 1.425853644115928910e+04 2.889042786951520059e-01
4.216300000000000182e+03 1.413313511660608128e+04 2.901174215422502312e-01
4.219800000000000182e+03 1.433426191267010108e+04 2.884108477011782523e-01
4.223300000000000182e+03 1.425314786349185124e+04 2.868979377324960001e-01
4.226800000000000182e+03 1.449947165280249465e+04 2.800007226355006873e-01
4.230300000000000182e+03 1.431414270792062416e+04 2.860238265641419919e-01
4.233800000000000182e+03 1.446771170408886428e+04 2.819166461550631775e-01
4.237300000000000182e+03 1.450427584235068025e+04 2.828286018242311406e-01
4.240800000000000182e+03 1.444540864300146131e+04 2.857979678207115959e-01
4.244300000000000182e+03 1.438310735826691052e+04 2.826958077417280335e-01
4.247800000000000182e+03 1.440675253711485129e+04 2.827524370643985097e-01
4.251300000000000182e+03 1.457922515752205800e+04 2.793374983785880672e-01
4.254800000000000182e+03 1.447125097069452931e+04 2.802859522017792648e-01
4.258300000000000182e+03 1.455912727938539683e+04 2.784148755559393562e-01
4.261800000000000182e+03 1.449786946661137699e+04 2.783010774845987578e-01
4.265300000000000182e+03 1.458550624266383784e+04 2.762097371086382758e-01
4.268800000000000182e+03 1.459739569599484821e+04 2.734791258192129093e-01
4.272300000000000182e+03 1.460840849174017421e+04 2.730291259404680759e-01
4.275800000000000182e+03 1.461693583090988977e+04 2.748037775873783395e-01
4.279300000000000182e+03 1.467759304468493428e+04 2.750929495190519991e-01
4.282800000000000182e+03 1.461130055318056293e+04 2.726172511551842592e-01
4.286300000000000182e+03 1.468397188844069387e+04 2.720409826897786099e-01
4.289800000000000182e+03 1.472710256407659654e+04 2.713795416450076048e-01
4.293300000000000182e+03 1.468604004899132451e+04 2.702247899015582933e-01
4.296800000000000182e+03 1.488177931912795793e+04 2.718927549693626045e-01
4.300300000000000182e+03 1.490228568622883722e+04 2.686097334271592696e-01
4.303800000000000182e+03 1.470470230165626162e+04 2.709236576776653527e-01
4.307300000000000182e+03 1.475749873739616669e+04 2.681745742950121802e-01
4.310800000000000182e+03 1.441660874375029925e+04 2.712813490259279314e-01
4.314300000000000182e+03 1.418588124712079843e+04 2.665407903759356989e-01
4.317800000000000182e+03 1.390232963298234972e+04 2.639362134959143957e-01
4.321300000000000182e+03 1.336068535594929017e+04 2.634436232984057047e-01
4.324800000000000182e+03 1.298876429893778368e+04 2.611669283931591368e-01
4.328300000000000182e+03 1.265904974981964006e+04 2.608635863079908357e-01
4.331800000000000182e+03 1.214716123949915163e+04 2.597630029804031682e-01
4.335300000000000182e+03 1.183486020915283552e+04 2.600157508546555585e-01
4.338800000000000182e+03 1.159341288467700906e+04 2.559239879032822462e-01
4.342300000000000182e+03 1.132458786536467233e+04 2.517331423200788731e-01
4.345800000000000182e+03 1.148448411535034757e+04 2.465534981407403459e-01
4.349300000000000182e+03 1.151446370606919299e+04 2.437211274943220651e-01
4.352800000000000182e+03 1.200716763994907706e+04 2.407468180563207272e-01
4.356300000000000182e+03 1.243179254408254019e+04 2.473793489204659801e-01
4.359800000000000182e+03 1.291820833581629995e+04 2.528580921094944478e-01
4.363300000000000182e+03 1.351260309824251635e+04 2.575447837192717526e-01
4.366800000000000182e+03 1.422442864091598494e+04 2.589496611722620356e-01
4.370300000000000182e+03 1.479726232340804381e+04 2.588701769134174047e-01
4.373800000000000182e+03 1.500583389460507169e+04 2.596803261199431834e-01
4.377300000000000182e+03 1.527229684976252247e+04 2.537666307061203774e-01
4.380800000000000182e+03 1.535061921629497920e+04 2.503279472276511153e-01
4.384300000000000182e+03 1.534781964343338404e+04 2.480091744554064337e-01
4.387800000000000182e+03 1.538028732604791730e+04 2.468079495718354111e-01
4.391300000000000182e+03 1.540464866061814428e+04 2.481239493168865273e-01
4.394800000000000182e+03 1.543510841238515241e+04 2.466306222630233469e-01
4.398300000000000182e+03 1.551529306527199151e+04 2.468790905221564524e-01
4.401800000000000182e+03 1.550863486945133809e+04 2.455903830336066407e-01
4.405300000000000182e+03 1.562480694305507677e+04 2.446361078693435609e-01
4.408800000000000182e+03 1.562157218860969260e+04 2.460570830580997570e-01
4.412300000000000182e+03 1.554526528838964259e+04 2.462842427995134420e-01
4.415800000000000182e+03 1.586891703124951891e+04 2.420172662374701356e-01
4.419300000000000182e+03 1.566797627668288260e+04 2.442075657203792161e-01
4.422800000000000182e+03 1.549079669077738799e+04 2.458763820187072624e-01
4.426300000000000182e+03 1.577650954022535916e+04 2.431101745471972164e-01
4.429800000000000182e+03 1.564440500746323596e+04 2.431264711333023520e-01
4.433300000000000182e+03 1.572778330709195325e+04 2.406232633914753283e-01
4.436800000000000182e+03 1.587729384220287648e+04 2.397137734162694267e-01
4.440300000000000182e+03 1.574343283223177423e+04 2.396403852017394420e-01
4.443800000000000182e+03 1.574602917553456609e+04 2.373662108299411655e-01
4.447300000000000182e+03 1.586226140204458534e+04 2.364731580789588561e-01
4.450800000000000182e+03 1.588911231418452553e+04 2.376841043984406765e-01
4.454300000000000182e+03 1.581746384623279664e+04 2.375192719844631539e-01
4.457800000000000182e+03 1.555996169596066284e+04 2.376914548799860805e-01
4.461300000000000182e+03 1.567630057335797392e+04 2.365695365740173584e-01
4.464800000000000182e+03 1.560979683411501355e+04 2.344067027847773765e-01
4.468300000000000182e+03 1.558212233782023031e+04 2.335692014553082396e-01
4.471800000000000182e+03 1.557370083365269056e+04 2.332929845371040645e-01
4.475300000000000182e+03 1.551526276568577123e+04 2.320648954680597509e-01
4.478800000000000182e+03 1.558359351172875540e+04 2.314340619862852999e-01
4.482300000000000182e+03 1.568453490221655193e+04 2.296799784310566417e-01
4.485800000000000182e+03 1.577234404024752621e+04 2.305338298101121397e-01
4.489300000000000182e+03 1.586588733043964749e+04 2.294270621735837179e-01
4.492800000000000182e+03 1.579484367937132447e+04 2.294801685607739949e-01
4.496300000000000182e+03 1.574902047281647356e+04 2.287588151212721910e-01
4.499800000000000182e+03 1.588208465555162547e+04 2.278286318905854424e-01
4.503300000000000182e+03 1.589926407559666222e+04 2.280878214676069216e-01
4.506800000000000182e+03 1.601615388397336210e+04 2.278534429011527529e-01
4.510300000000000182e+03 1.582065823001334320e+04 2.275744025206457299e-01
4.513800000000000182e+03 1.579860881852562306e+04 2.297732696653958795e-01
4.517300000000000182e+03 1.592297642624802575e+04 2.274073429150374470e-01
4.520800000000000182e+03 1.600998184754730937e+04 2.235637202103680499e-01
4.524300000000000182e+03 1.596817845860449961e+04 2.251222178468969271e-01
4.527800000000000182e+03 1.622462695476889166e+04 2.214798887970285401e-01
4.531300000000000182e+03 1.597186795059230462e+04 2.209160518194246414e-01
4.534800000000000182e+03 1.591055668588769367e+04 2.228053246584319746e-01
4.538300000000000182e+03 1.589857197764687589e+04 2.217795601322551102e-01
4.541800000000000182e+03 1.611542249952142447e+04 2.184686622466787131e-01
4.545300000000000182e+03 1.589460726805470404e+04 2.199236850945880950e-01
4.548800000000000182e+03 1.581828345213115790e+04 2.195992147267554206e-01
4.552300000000000182e+03 1.574091768894877714e+04 2.203464373262474241e-01
4.555800000000000182e+03 1.601888696765387613e+04 2.184775541322513392e-01
4.559300000000000182e+03 1.602669691860516468e+04 2.174811767678644925e-01
4.562800000000000182e+03 1.599259241566440505e+04 2.160620437455777754e-01
4.566300000000000182e+03 1.601105991595367232e+04 2.191541333031414296e-01
4.569800000000000182e+03 1.597353959429582392e+04 2.177386120831905358e-01
4.573300000000000182e+03 1.581698011261828469e+04 2.183622839016359507e-01
4.576800000000000182e+03 1.596826259517341350e+04 2.151449004238792095e-01
4.580300000000000182e+03 1.593568150897101077e+04 2.155423998994948631e-01
4.583800000000000182e+03 1.593845651514445126e+04 2.147594380991200702e-01
4.587300000000000182e+03 1.600627680334950674e+04 2.129365452958915661e-01
4.590800000000000182e+03 1.601775880417505323e+04 2.120370319807860227e-01
4.594300000000000182e+03 1.608406544608371951e+04 2.119859167689649160e-01
4.597800000000000182e+03 1.600178297315956115e+04 2.105075606605620875e-01
4.601300000000000182e+03 1.608748131794041183e+04 2.105474792564899222e-01
4.604800000000000182e+03 1.588853757713782579e+04 2.107533671797857666e-01
4.608300000000000182e+03 1.609851237547990968e+04 2.105640591148540686e-01
4.611800000000000182e+03 1.602631540107972978e+04 2.092221306310254603e-01
4.615300000000000182e+03 1.595430540856403240e+04 2.085445440728201649e-01
4.618800000000000182e+03 1.595236468176813651e+04 2.093712621204608659e-01
4.622300000000000182e+03 1.582370698789266316e+04 2.078455981379634110e-01
4.625800000000000182e+03 1.579047385483183280e+04 2.075694372419537304e-01
4.629300000000000182e+03 1.584076355353732470e+04 2.065449427189509635e-01
4.632800000000000182e+03 1.583956819955383980e+04 2.060311076684467058e-01
4.636300000000000182e+03 1.583693310410125559e+04 2.053475698616549217e-01
4.639800000000000182e+03 1.582334815245205391e+04 2.067923889230604273e-01
4.643300000000000182e+03 1.590482135347435178e+04 2.048413344502713618e-01
4.646800000000000182e+03 1.577089324895257414e+04 2.050638154312726391e-01
4.650300000000000182e+03 1.583979113912773937e+04 2.038763259135547290e-01
4.653800000000000182e+03 1.586767920718818277e+04 2.030613269023493206e-01
4.657300000000000182e+03 1.578121709930395446e+04 2.025702522899510971e-01
4.660800000000000182e+03 1.594300977594192773e+04 2.025138907231730512e-01
4.664300000000000182e+03 1.584562482652378458e+04 2.006097888285859054e-01
4.667800000000000182e+03 1.575654123095037903e+04 1.996871875015942821e-01
4.671300000000000182e+03 1.570543976051354912e+04 1.997751831693990177e-01
4.674800000000000182e+03 1.575707543635504771e+04 1.987775781992754398e-01
4.678300000000000182e+03 1.571395687386218015e+04 2.000247671110490510e-01
4.681800000000000182e+03 1.578547923105423615e+04 1.997606890039376193e-01
4.685300000000000182e+03 1.575343231409375039e+04 1.991283521767328035e-01
4.688800000000000182e+03 1.578297365233675919e+04 1.986258374926875570e-01
4.692300000000000182e+03 1.564627201197580507e+04 1.980315223261379654e-01
4.695800000000000182e+03 1.566847415848254604e+04 1.980225794626626346e-01
4.699300000000000182e+03 1.570825944337257533e+04 1.949840161478406386e-01
4.702800000000000182e+03 1.562143400653570461e+04 1.958803271347654140e-01
4.706300000000000182e+03 1.562390788660663566e+04 1.941806270295499959e-01
4.709800000000000182e+03 1.548848968147625419e+04 1.943173947094354315e-01
4.713300000000000182e+03 1.554581244153173793e+04 1.925626204337340941e-01
4.716800000000000182e+03 1.554941843770040578e+04 1.923539631925017535e-01
4.720300000000000182e+03 1.548416532550883858e+04 1.943528330953321892e-01
4.723800000000000182e+03 1.545950962606594658e+04 1.922387083993419288e-01
4.727300000000000182e+03 1.544199861164804315e+04 1.945537039134030977e-01
4.730800000000000182e+03 1.559633919328193406e+04 1.918693214965286331e-01
4.734300000000000182e+03 1.553709930629303926e+04 1.915408335440967336e-01
4.737800000000000182e+03 1.552590099471799113e+04 1.895889940975676036e-01
4.741300000000000182e+03 1.554696864953841396e+04 1.898793313751498124e-01
4.744800000000000182e+03 1.532448754052242111e+04 1.925980690950384877e-01
4.748300000000000182e+03 1.548528445793737774e+04 1.900730166156895662e-01
4.751800000000000182e+03 1.551502228319036476e+04 1.876378646585971366e-01
4.755300000000000182e+03 1.550890649730259247e+04 1.903299898546785829e-01
4.758800000000000182e+03 1.548642807817454377e+04 1.881511166002839130e-01
4.762300000000000182e+03 1.541153692522629899e+04 1.895211626306064212e-01
4.765800000000000182e+03 1.541973688156150274e+04 1.874445004534101289e-01
4.769300000000000182e+03 1.538770745321589493e+04 1.870728782473812524e-01
4.772800000000000182e+03 1.544028820933817588e+04 1.865225936397867934e-01
4.776300000000000182e+03 1.541054909438152572e+04 1.874554355846837772e-01
4.779800000000000182e+03 1.537891029113215154e+04 1.863442768743208966e-01
4.783300000000000182e+03 1.533589701418258301e+04 1.862357087513724918e-01
4.786800000000000182e+03 1.547478941958013820e+04 1.858044955419936306e-01
4.790300000000000182e+03 1.509793406589957522e+04 1.856888753535188841e-01
4.793800000000000182e+03 1.529414805421438905e+04 1.851225197322474425e-01
4.797300000000000182e+03 1.507630698834324903e+04 1.874649909460967545e-01
4.800800000000000182e+03 1.511424309685067419e+04 1.863159142033590787e-01
4.804300000000000182e+03 1.507271007916253257e+04 1.855192554036626251e-01
4.807800000000000182e+03 1.483493066785756855e+04 1.849551580364140191e-01
4.811300000000000182e+03 1.502043230706839313e+04 1.813028408109637890e-01
4.814800000000000182e+03 1.491469593793547210e+04 1.843510591462582948e-01
4.818300000000000182e+03 1.472962743389797834e+04 1.851295965307586666e-01
4.821800000000000182e+03 1.478770119141679425e+04 1.854728707708744317e-01
4.825300000000000182e+03 1.469386774152843464e+04 1.853047712535932368e-01
4.828800000000000182e+03 1.461247419832948071e+04 1.847915387604260606e-01
4.832300000000000182e+03 1.428874139197492877e+04 1.846763506652574771e-01
4.835800000000000182e+03 1.407240854928256886e+04 1.836054803282574921e-01
4.839300000000000182e+03 1.368190493016729124e+04 1.810041224736697318e-01
4.842800000000000182e+03 1.330367306232441479e+04 1.780933465837023499e-01
4.846300000000000182e+03 1.292355982530685833e+04 1.793777199530167676e-01
4.849800000000000182e+03 1.233158035557015864e+04 1.788928878231434427e-01
4.853300000000000182e+03 1.209233911183433338e+04 1.800526699482155046e-01
4.856800000000000182e+03 1.168120386875659278e+04 1.760116374170356823e-01
4.860300000000000182e+03 1.134505469208613977e+04 1.729367390257618153e-01
4.863800000000000182e+03 1.115366741346061463e+04 1.701664108138707110e-01
4.867300000000000182e+03 1.096428244799436106e+04 1.655834182505761254e-01
4.870800000000000182e+03 1.111901424913046503e+04 1.637056119377637287e-01
4.874300000000000182e+03 1.152588026064148835e+04 1.657694831876080077e-01
4.877800000000000182e+03 1.204407450627838080e+04 1.706614595989500160e-01
4.881300000000000182e+03 1.256911940713641707e+04 1.746913707444341934e-01
4.884800000000000182e+03 1.310430408774029092e+04 1.811837294915960850e-01
4.888300000000000182e+03 1.374911749133067860e+04 1.811230131002824761e-01
4.891800000000000182e+03 1.398253452220591316e+04 1.806898489812898412e-01
4.895300000000000182e+03 1.433042788595187085e+04 1.776667577997121106e-01
4.898800000000000182e+03 1.450876800134421501e+04 1.760078700489502990e-01
4.902300000000000182e+03 1.444051274838609788e+04 1.757540962212562341e-01
4.905800000000000182e+03 1.434565530349042274e+04 1.732986243693943884e-01
4.909300000000000182e+03 1.455670436876395979e+04 1.724940552919158321e-01
4.912800000000000182e+03 1.446465447581792432e+04 1.729561857232005950e-01
4.916300000000000182e+03 1.422891571572366593e+04 1.725366100503251399e-01
4.919800000000000182e+03 1.445047887334605002e+04 1.728666778477257748e-01
4.923300000000000182e+03 1.426558517489162841e+04 1.717947696145671332e-01
4.926800000000000182e+03 1.442875492137278525e+04 1.688571941649681385e-01
4.930300000000000182e+03 1.427997661133407200e+04 1.708008729891583588e-01
4.933800000000000182e+03 1.410945277524396261e+04 1.707310651669918244e-01
4.937300000000000182e+03 1.432994720061143198e+04 1.706782062504489939e-01
4.940800000000000182e+03 1.441361008764125108e+04 1.698203659690019629e-01
4.944300000000000182e+03 1.436335306311731074e+04 1.717531485233591559e-01
4.947800000000000182e+03 1.439945076957779747e+04 1.702438094625764453e-01
4.951300000000000182e+03 1.446741451557056826e+04 1.696790622487182598e-01
4.954800000000000182e+03 1.448284549752371277e+04 1.659190217537664935e-01
4.958300000000000182e+03 1.425865235364932960e+04 1.667101511514454126e-01
4.961800000000000182e+03 1.427098588475361066e+04 1.700952896109580725e-01
4.965300000000000182e+03 1.422803211965367700e+04 1.689710935493646538e-01
4.968800000000000182e+03 1.420876789698934226e+04 1.699858888907254950e-01
4.972300000000000182e+03 1.414589379363029002e+04 1.686456761731157661e-01
4.975800000000000182e+03 1.429043598112305153e+04 1.682446889921989097e-01
4.979300000000000182e+03 1.420071849239613766e+04 1.681288914064760776e-01
4.982800000000000182e+03 1.412441725481264075e+04 1.677201032749804643e-01
4.986300000000000182e+03 1.415123168287321096e+04 1.658671987946009341e-01
4.989800000000000182e+03 1.404616248273530073e+04 1.682931365383089906e-01
4.993300000000000182e+03 1.393488889862555152e+04 1.671496894847438741e-01
4.996800000000000182e+03 1.408842011131703657e+04 1.665786983220347295e-01
5.000300000000000182e+03 1.385616378219282524e+04 1.656401439983268276e-01
5.003800000000000182e+03 1.388416659606882058e+04 1.666231788577040573e-01
5.007300000000000182e+03 1.380727645501554798e+04 1.651356282546668774e-01
5.010800000000000182e+03 1.375876438843544202e+04 1.663245482337772363e-01
5.014300000000000182e+03 1.376781415173870846e+04 1.635877564771298087e-01
5.017800000000000182e+03 1.373012929238007746e+04 1.647457745870284651e-01
5.021300000000000182e+03 1.374646289212830925e+04 1.652648199929011852e-01
5.024800000000000182e+03 1.378451203383459688e+04 1.663896191822052950e-01
5.028300000000000182e+03 1.363280564749739460e+04 1.679770740217915448e-01
5.031800000000000182e+03 1.359560643784584499e+04 1.688761945214032056e-01
5.035300000000000182e+03 1.359281873872364486e+04 1.674347811917527018e-01
5.038800000000000182e+03 1.353294913121875106e+04 1.661827123266939044e-01
5.042300000000000182e+03 1.344148713475963632e+04 1.671177803298629916e-01
5.045800000000000182e+03 1.340307317728172893e+04 1.649799971769295437e-01
5.049300000000000182e+03 1.337615839459351082e+04 1.648899952451582662e-01
5.052800000000000182e+03 1.344328225495520746e+04 1.635997594396468580e-01
5.056300000000000182e+03 1.353146589885039975e+04 1.626521240024945691e-01
5.059800000000000182e+03 1.353491876992614561e+04 1.643968175947965182e-01
5.063300000000000182e+03 1.338109390408907348e+04 1.636967802377889969e-01
5.066800000000000182e+03 1.357155870170420167e+04 1.618037677421270415e-01
5.070300000000000182e+03 1.355789494982869655e+04 1.641695200740496408e-01
5.073800000000000182e+03 1.353992032994901638e+04 1.638627195027257955e-01
5.077300000000000182e+03 1.338767783672065161e+04 1.632770180329030929e-01
5.080800000000000182e+03 1.352700678983782382e+04 1.617336896460538354e-01
5.084300000000000182e+03 1.353245259852768504e+04 1.624235608576183321e-01
5.087800000000000182e+03 1.354842003155237944e+04 1.617076685391086732e-01
5.091300000000000182e+03 1.350267533659427500e+04 1.589690229286420120e-01
5.094800000000000182e+03 1.355172476855549940e+04 1.588338172744183929e-01
5.098300000000000182e+03 1.358498058770057469e+04 1.587501236044716602e-01
5.101800000000000182e+03 1.352303163719892109e+04 1.560071230681968346e-01
5.105300000000000182e+03 1.355457420159005596e+04 1.578396632468367089e-01
5.108800000000000182e+03 1.348258102302638144e+04 1.596182630935994995e-01
5.112300000000000182e+03 1.342207659471925399e+04 1.570135651874046967e-01
5.115800000000000182e+03 1.329749187105009514e+04 1.573671573613979746e-01
5.119300000000000182e+03 1.355126060256986057e+04 1.537682436283230869e-01
5.122800000000000182e+03 1.339420419024997682e+04 1.568781944550131646e-01
5.126300000000000182e+03 1.343823273930682808e+04 1.562534432424244057e-01
5.129800000000000182e+03 1.340120422283277367e+04 1.549576921247816375e-01
5.133300000000000182e+03 1.341253219228531816e+04 1.547771262521656088e-01
5.136800000000000182e+03 1.341538236685294942e+04 1.560675566267213377e-01
5.140300000000000182e+03 1.325950062038121905e+04 1.549566276724899938e-01
5.143800000000000182e+03 1.332192107577210663e+04 1.531413169565689625e-01
5.147300000000000182e+03 1.316173080590575228e+04 1.566809007885806293e-01
5.150800000000000182e+03 1.322054011207929034e+04 1.547001239117696270e-01
5.154300000000000182e+03 1.312054782150525534e+04 1.569398919303494067e-01
5.157800000000000182e+03 1.307946495216217045e+04 1.542292294541749709e-01
5.161300000000000182e+03 1.308215889932156824e+04 1.533477271787202501e-01
5.164800000000000182e+03 1.308221802609228507e+04 1.529229108245574176e-01
5.168300000000000182e+03 1.329131498769601239e+04 1.518332440290746654e-01
5.171800000000000182e+03 1.318333643997597574e+04 1.515777561985749700e-01
5.175300000000000182e+03 1.322891538521819530e+04 1.522053260062119218e-01
5.178800000000000182e+03 1.310404396593881575e+04 1.522292660841836620e-01
5.182300000000000182e+03 1.307296914871336958e+04 1.521520311276947923e-01
5.185800000000000182e+03 1.311140983913129821e+04 1.535758298221525375e-01
5.189300000000000182e+03 1.309757131973089781e+04 1.530067765190170626e-01
5.192800000000000182e+03 1.309918378127570577e+04 1.532190453721176404e-01
5.196300000000000182e+03 1.289271836748574606e+04 1.519593492514402788e-01
5.199800000000000182e+03 1.293555571033657543e+04 1.519472471615725129e-01
5.203300000000000182e+03 1.305630229184547716e+04 1.498760625584081296e-01
5.206800000000000182e+03 1.292905893420838220e+04 1.532886420712527842e-01
5.210300000000000182e+03 1.302892785055905551e+04 1.525100401383646109e-01
5.213800000000000182e+03 1.282969339058252626e+04 1.531176901415923497e-01
5.217300000000000182e+03 1.286875845785730417e+04 1.514553586968552523e-01
5.220800000000000182e+03 1.280645367572204486e+04 1.529234546322921495e-01
5.224300000000000182e+03 1.286074368178584336e+04 1.499067129638609608e-01
5.227800000000000182e+03 1.271453588554416638e+04 1.509716074744311132e-01
5.231300000000000182e+03 1.275340876667020530e+04 1.522828885168596158e-01
5.234800000000000182e+03 1.277077007302161473e+04 1.521584832145171096e-01
5.238300000000000182e+03 1.275408139893418229e+04 1.515143695558836545e-01
5.241800000000000182e+03 1.277206239364420253e+04 1.510946755287582710e-01
5.245300000000000182e+03 1.258949165530700157e+04 1.519736693999252375e-01
5.248800000000000182e+03 1.272206428535610758e+04 1.507082378342077811e-01
5.252300000000000182e+03 1.252217825871563946e+04 1.544638148347894369e-01
5.255800000000000182e+03 1.263099366532429303e+04 1.512955501957481685e-01
5.259300000000000182e+03 1.246645553077258410e+04 1.521847689453840191e-01
5.262800000000000182e+03 1.255154726272975859e+04 1.502439523643658015e-01
5.266300000000000182e+03 1.270019119110900829e+04 1.490187214292522655e-01
5.269800000000000182e+03 1.260344354637308606e+04 1.488361910292972934e-01
5.273300000000000182e+03 1.254567587498395733e+04 1.494821137112943010e-01
5.276800000000000182e+03 1.248685245914358893e+04 1.495073831381613094e-01
5.280300000000000182e+03 1.259049718776172813e+04 1.493699340915150553e-01
5.283800000000000182e+03 1.246433960254617341e+04 1.517035271512428563e-01
5.287300000000000182e+03 1.247293384456296189e+04 1.503466986591960319e-01
5.290800000000000182e+03 1.251885859784937747e+04 1.518288045818858290e-01
5.294300000000000182e+03 1.247732182487058162e+04 1.507119840012803302e-01
5.297800000000000182e+03 1.242438323831470734e+04 1.509707978057251432e-01
5.301300000000000182e+03 1.237373367651431181e+04 1.505614109904353515e-01
5.304800000000000182e+03 1.229967376875019545e+04 1.521155487338327894e-01
5.308300000000000182e+03 1.237328296674032936e+04 1.518396171587589050e-01
5.311800000000000182e+03 1.242207291856159281e+04 1.497531178257345830e-01
5.315300000000000182e+03 1.226765883552172272e+04 1.492223166070016649e-01
5.318800000000000182e+03 1.227756923684642061e+04 1.490439910860278938e-01
5.322300000000000182e+03 1.221064648548322839e+04 1.496683759183626561e-01
5.325800000000000182e+03 1.230916855240625046e+04 1.495139398618240967e-01
5.329300000000000182e+03 1.223206095727609681e+04 1.486820033970318589e-01
5.332800000000000182e+03 1.229900899831207789e+04 1.463746105414201748e-01
5.336300000000000182e+03 1.228813095991322734e+04 1.488341512943819611e-01
5.339800000000000182e+03 1.224486723378969691e+04 1.478728463738208931e-01
5.343300000000000182e+03 1.220481693147933765e+04 1.465107433910144696e-01
5.346800000000000182e+03 1.202308807561517824e+04 1.494578625151564144e-01
5.350300000000000182e+03 1.211996465248477034e+04 1.477231072974771464e-01
5.353800000000000182e+03 1.224671569348013509e+04 1.469848774167146488e-01
5.357300000000000182e+03 1.214239158377975582e+04 1.472574627914030321e-01
5.360800000000000182e+03 1.206956166945520818e+04 1.476617192429088843e-01
5.364300000000000182e+03 1.211920262850481595e+04 1.452585659633175152e-01
5.367800000000000182e+03 1.190647868567432488e+04 1.484756014813274072e-01
5.371300000000000182e+03 1.210299486816723038e+04 1.461675380351025733e-01
5.374800000000000182e+03 1.204914833155779525e+04 1.484290557324581261e-01
5.378300000000000182e+03 1.194801308032958332e+04 1.464089332578393798e-01
5.381800000000000182e+03 1.188100026067240287e+04 1.468687514813682982e-01
5.385300000000000182e+03 1.193809985148068881e+04 1.490550510874125156e-01
5.388800000000000182e+03 1.183685225077439645e+04 1.452192265195896281e-01
5.392300000000000182e+03 1.177926863711283659e+04 1.482277723280738535e-01
5.395800000000000182e+03 1.181178936031675767e+04 1.481680950709199640e-01
5.399300000000000182e+03 1.173654500680640922e+04 1.475986451492441454e-01
5.402800000000000182e+03 1.191640214495425244e+04 1.468013171492288937e-01
5.406300000000000182e+03 1.177283346670301580e+04 1.487354098706014649e-01
5.409800000000000182e+03 1.165472071594214685e+04 1.464546115188517517e-01
5.413300000000000182e+03 1.177658180374033327e+04 1.449182212421216975e-01
5.416800000000000182e+03 1.178208885383602137e+04 1.476955923087609757e-01
5.420300000000000182e+03 1.168605135962945678e+04 1.468996464158182080e-01
5.423800000000000182e+03 1.159155667376573001e+04 1.471545255861849977e-01
5.427300000000000182e+03 1.151559200070017687e+04 1.488244731156705691e-01
5.430800000000000182e+03 1.144509604486879471e+04 1.472033716447918028e-01
5.434300000000000182e+03 1.158287248517148691e+04 1.461987347232966139e-01
5.437800000000000182e+03 1.153846115136134358e+04 1.453247252201686213e-01
5.441300000000000182e+03 1.156059332104624445e+04 1.463014416325101597e-01
5.444800000000000182e+03 1.156088925000840209e+04 1.442200722479462238e-01
5.448300000000000182e+03 1.148420767560602144e+04 1.443137949733140912e-01
5.451800000000000182e+03 1.141303553682555503e+04 1.453485451178581078e-01
5.455300000000000182e+03 1.150700857269427252e+04 1.445970869288111527e-01
5.458800000000000182e+03 1.135672945905042616e+04 1.451240777228387513e-01
5.462300000000000182e+03 1.141383480813755887e+04 1.462305507729260712e-01
5.465800000000000182e+03 1.138842200138887347e+04 1.478221110347374967e-01
5.469300000000000182e+03 1.139652244689940744e+04 1.435328189523358555e-01
5.472800000000000182e+03 1.140018050444949768e+04 1.431994093307165372e-01
5.476300000000000182e+03 1.127039210911032933e+04 1.455177390688703332e-01
5.479800000000000182e+03 1.132912644926679604e+04 1.441117634959221128e-01
5.483300000000000182e+03 1.138478743701217172e+04 1.423501226353367510e-01
5.486800000000000182e+03 1.142413426285139576e+04 1.435191194272246173e-01
5.490300000000000182e+03 1.142574068124518453e+04 1.408891347939320027e-01
5.493800000000000182e+03 1.128037407040244216e+04 1.437391969100216549e-01
5.497300000000000182e+03 1.134788988809033253e+04 1.415602953669291564e-01
5.500800000000000182e+03 1.107316849338692373e+04 1.408811841632103268e-01
5.504300000000000182e+03 1.129081964416523624e+04 1.421220402572442865e-01
5.507800000000000182e+03 1.120755431679842513e+04 1.407774456479596314e-01
5.511300000000000182e+03 1.102918397293543057e+04 1.428287139600622757e-01
5.514800000000000182e+03 1.116469911941316968e+04 1.418981904225649071e-01
5.518300000000000182e+03 1.121470969055605019e+04 1.429293356703460471e-01
5.521800000000000182e+03 1.117572394740474010e+04 1.422309590466652174e-01
5.525300000000000182e+03 1.112136669689501468e+04 1.399908187200587240e-01
5.528800000000000182e+03 1.108270682477173068e+04 1.410958811376281929e-01
5.532300000000000182e+03 1.107727129107626024e+04 1.403258353428172012e-01
5.535800000000000182e+03 1.103181944310308427e+04 1.423790705336853701e-01
5.539300000000000182e+03 1.109923054457924445e+04 1.402700052076055470e-01
5.542800000000000182e+03 1.096326609520485363e+04 1.409035758004002492e-01
5.546300000000000182e+03 1.092795638035227785e+04 1.402924214515700874e-01
5.549800000000000182e+03 1.089378074413903050e+04 1.425051082708805594e-01
5.553300000000000182e+03 1.093471217396488464e+04 1.416446917715289411e-01
5.556800000000000182e+03 1.083183726295722408e+04 1.412988158304024633e-01
5.560300000000000182e+03 1.095071129281722642e+04 1.413068140233784131e-01
5.563800000000000182e+03 1.079791807567862816e+04 1.412506507606516581e-01
5.567300000000000182e+03 1.086981487440388082e+04 1.403499436832402192e-01
5.570800000000000182e+03 1.092323375866350943e+04 1.388607532661878807e-01
5.574300000000000182e+03 1.078030496745764322e+04 1.405671983679780412e-01
5.577800000000000182e+03 1.061771885560450755e+04 1.434556112571861719e-01
5.581300000000000182e+03 1.066359977388529660e+04 1.419199048554969644e-01
5.584800000000000182e+03 1.074947769503281233e+04 1.416945544162929727e-01
5.588300000000000182e+03 1.067971584792676731e+04 1.393290155337792990e-01
5.591800000000000182e+03 1.067710139024618911e+04 1.416791687819970169e-01
5.595300000000000182e+03 1.061553966305226641e+04 1.405906968149990555e-01
5.598800000000000182e+03 1.069592784459311406e+04 1.414962890931462935e-01
5.602300000000000182e+03 1.066384699758515126e+04 1.404891682418184795e-01
5.605800000000000182e+03 1.059329159478353176e+04 1.397969989528110302e-01
5.609300000000000182e+03 1.061250462817525113e+04 1.412611299303316581e-01
5.612800000000000182e+03 1.069553159333587428e+04 1.406033548250705256e-01
5.616300000000000182e+03 1.054555585595750381e+04 1.421079710770394022e-01
5.619800000000000182e+03 1.061092922972725682e+04 1.392383994164422822e-01
5.623300000000000182e+03 1.051899576620886728e+04 1.422194401912757200e-01
5.626800000000000182e+03 1.048895182290456978e+04 1.418522116525912091e-01
5.630300000000000182e+03 1.038930068421758551e+04 1.427564043790142123e-01
5.633800000000000182e+03 1.032007824530598373e+04 1.430870265330892732e-01
5.637300000000000182e+03 1.035365647324406564e+04 1.412123631152527869e-01
5.640800000000000182e+03 1.039290501447190218e+04 1.410768693942245078e-01
5.644300000000000182e+03 1.032209614532450360e+04 1.413441648992518063e-01
5.647800000000000182e+03 1.037566086734974670e+04 1.414047900309899630e-01
5.651300000000000182e+03 1.034218458158579597e+04 1.383446150634380090e-01
5.654800000000000182e+03 1.026194287017777424e+04 1.396452748301009184e-01
5.658300000000000182e+03 1.023934233178063732e+04 1.438982032637334540e-01
5.661800000000000182e+03 1.031814725916486350e+04 1.389886348568318275e-01
5.665300000000000182e+03 1.027930992055287788e+04 1.408191241195460297e-01
5.668800000000000182e+03 1.009470713605606034e+04 1.393390311128752113e-01
5.672300000000000182e+03 1.006679021762173761e+04 1.404380993723425286e-01
5.675800000000000182e+03 1.008831488945157798e+04 1.421895158167949813e-01
5.679300000000000182e+03 1.024936549324281441e+04 1.415983971958439114e-01
5.682800000000000182e+03 1.007847032062206563e+04 1.453167380170752032e-01
5.686300000000000182e+03 1.000963768858557160e+04 1.446442113714236088e-01
5.689800000000000182e+03 1.001381748382277328e+04 1.439309569609743544e-01
5.693300000000000182e+03 9.949555935647493243e+03 1.447726095149137193e-01
5.696800000000000182e+03 1.010339867034880444e+04 1.426964781615060462e-01
5.700300000000000182e+03 1.013210353773871248e+04 1.421198276084253420e-01
5.703800000000000182e+03 9.981415670065982340e+03 1.424149939607931847e-01
5.707300000000000182e+03 1.004223865357005525e+04 1.415628038772141495e-01
5.710800000000000182e+03 1.004685150100374631e+04 1.417335454413535534e-01
5.714300000000000182e+03 9.975219862666233894e+03 1.421147658860048013e-01
5.717800000000000182e+03 1.006175959575811794e+04 1.394884244719870048e-01
5.721300000000000182e+03 9.833817464778292560e+03 1.422784308136348930e-01
5.724800000000000182e+03 9.997387928018148159e+03 1.430568564808691878e-01
5.728300000000000182e+03 9.839546737819917325e+03 1.433626061316760625e-01
5.731800000000000182e+03 9.811058415167168278e+03 1.415428865696368721e-01
5.735300000000000182e+03 9.811587623716466624e+03 1.434806773288292148e-01
5.738800000000000182e+03 9.963906629169074222e+03 1.393826446121874951e-01
5.742300000000000182e+03 9.752304960509372904e+03 1.414116432227376097e-01
5.745800000000000182e+03 9.874357113136296903e+03 1.377050357658052560e-01
5.749300000000000182e+03 9.803562711420212509e+03 1.406686086919385903e-01
5.752800000000000182e+03 9.876054047283989348e+03 1.407910646895279838e-01
5.756300000000000182e+03 9.781654379806055658e+03 1.388862785314256831e-01
5.759800000000000182e+03 9.726010883691982599e+03 1.382278796162928480e-01
5.763300000000000182e+03 9.797169705846139550e+03 1.389607720854033335e-01
5.766800000000000182e+03 9.724774072056541627e+03 1.403906080073992202e-01
5.770300000000000182e+03 9.792250001230730049e+03 1.365412280422281799e-01
5.773800000000000182e+03 9.736842027316846725e+03 1.389464678195455327e-01
5.777300000000000182e+03 9.657018437018017721e+03 1.371696035595862673e-01
5.780800000000000182e+03 9.786363013649053755e+03 1.350432571030627527e-01
5.784300000000000182e+03 9.725950019323086963e+03 1.350194717994576410e-01
5.787800000000000182e+03 9.628989711199987141e+03 1.357379558929846519e-01
5.791300000000000182e+03 9.740790723132020503e+03 1.343494616673162612e-01
5.794800000000000182e+03 9.663949478361133515e+03 1.343205686575686120e-01
5.798300000000000182e+03 9.635031790142709724e+03 1.336160977333906152e-01
5.801800000000000182e+03 9.628821315891234917e+03 1.348025069670322762e-01
5.805300000000000182e+03 9.666059191243652094e+03 1.348738885497764162e-01
5.808800000000000182e+03 9.626635938721139610e+03 1.353034718486243182e-01
5.812300000000000182e+03 9.620378883783585479e+03 1.327739373918041532e-01
5.815800000000000182e+03 9.641313319656484964e+03 1.322111493862198617e-01
5.819300000000000182e+03 9.572735929378441142e+03 1.309966162247141463e-01
5.822800000000000182e+03 9.591658121088621556e+03 1.334564271008928660e-01
5.826300000000000182e+03 9.475505601109671261e+03 1.324623821602435303e-01
5.829800000000000182e+03 9.460115701689224807e+03 1.320772589390786511e-01
5.833300000000000182e+03 9.446532216203591815e+03 1.297698387717876600e-01
5.836800000000000182e+03 9.393946586279222174e+03 1.312079393987414244e-01
5.840300000000000182e+03 9.442732463554100832e+03 1.302886210946900269e-01
5.843800000000000182e+03 9.436630674591613570e+03 1.293382249844878540e-01
5.847300000000000182e+03 9.419379641674338927e+03 1.292181220746362602e-01
5.850800000000000182e+03 9.258552521103496474e+03 1.316383684441295998e-01
5.854300000000000182e+03 9.256408208418491995e+03 1.309699583180342630e-01
5.857800000000000182e+03 9.235366935608182757e+03 1.302337772772532987e-01
5.861300000000000182e+03 9.167445706187967517e+03 1.322458284913704263e-01
5.864800000000000182e+03 9.151617349176814969e+03 1.327006798342406646e-01
5.868300000000000182e+03 9.107328141972155208e+03 1.309582011604848162e-01
5.871800000000000182e+03 8.946914454765033952e+03 1.333424489489156706e-01
5.875300000000000182e+03 8.861882723007529421e+03 1.361628662864781403e-01
5.878800000000000182e+03 8.947953425853142107e+03 1.392922217579944388e-01
5.882300000000000182e+03 8.729789252060127183e+03 1.431114653001021031e-01
5.885800000000000182e+03 8.617079942569233026e+03 1.440452745722307082e-01
5.889300000000000182e+03 8.588081713225321437e+03 1.448123141018298476e-01
5.892800000000000182e+03 8.617670258757436386e+03 1.470220981199952537e-01
5.896300000000000182e+03 8.542512614424802450e+03 1.461151010643296777e-01
5.899800000000000182e+03 8.516573649776308230e+03 1.444929192014283159e-01
5.903300000000000182e+03 8.483865603533391550e+03 1.441795174547063074e-01
5.906800000000000182e+03 8.590793819743557833e+03 1.438193321209536579e-01
5.910300000000000182e+03 8.442376715911077554e+03 1.458972179094935873e-01
5.913800000000000182e+03 8.405379936726027154e+03 1.471820305938951468e-01
5.917300000000000182e+03 8.382845771778631388e+03 1.462854146711079772e-01
5.920800000000000182e+03 8.363606857312515785e+03 1.427691874491765489e-01
5.924300000000000182e+03 8.373347170557080972e+03 1.446816324904248718e-01
5.927800000000000182e+03 8.451489765536558480e+03 1.405892321803035860e-01
5.931300000000000182e+03 8.366872814480866509e+03 1.402933949805848513e-01
5.934800000000000182e+03 8.345156047799851876e+03 1.436325570123070106e-01
5.938300000000000182e+03 8.216813192815645380e+03 1.434401474681416266e-01
5.941800000000000182e+03 8.113723491943593217e+03 1.435702472157932286e-01
5.945300000000000182e+03 7.963607469621218115e+03 1.455966105126774712e-01
5.948800000000000182e+03 8.036277831179624627e+03 1.444072311678853138e-01
5.952300000000000182e+03 8.064360216671324451e+03 1.439087589600729911e-01
5.955800000000000182e+03 8.219213483691768488e+03 1.395157796162721786e-01
5.959300000000000182e+03 8.103940613774228950e+03 1.411486332657685416e-01
5.962800000000000182e+03 8.220735580013626532e+03 1.366493091690101080e-01
5.966300000000000182e+03 8.003878854483317809e+03 1.374690991282460084e-01
5.969800000000000182e+03 8.045379924173262225e+03 1.357908174398242962e-01
5.973300000000000182e+03 8.064782893481653446e+03 1.355713868798274213e-01
5.976800000000000182e+03 7.945132663845746720e+03 1.358903355630053655e-01
5.980300000000000182e+03 8.037796174867788977e+03 1.354524437413647808e-01
5.983800000000000182e+03 8.079267935353051143e+03 1.340113803921998692e-01
5.987300000000000182e+03 7.957775013015687364e+03 1.337703734076935713e-01
5.990800000000000182e+03 7.831239188898563953e+03 1.340495484297396234e-01
5.994300000000000182e+03 7.974092306049793478e+03 1.319406654997207218e-01
5.997800000000000182e+03 7.760558380428250530e+03 1.320379977512801672e-01
