# wavelength (angstroms), extinction coefficient
3.351800000000000182e+03 7.427237183265531506e-01
3.355300000000000182e+03 7.412187691565716996e-01
3.358800000000000182e+03 7.295540422045092566e-01
3.362300000000000182e+03 7.111796777164124395e-01
3.365800000000000182e+03 7.204009967423581351e-01
3.369300000000000182e+03 7.262270738673238801e-01
3.372800000000000182e+03 7.238209859119487666e-01
3.376300000000000182e+03 7.124590783336411937e-01
3.379800000000000182e+03 7.052323835725088363e-01
3.383300000000000182e+03 6.765052516504013180e-01
3.386800000000000182e+03 6.984596368648318121e-01
3.390300000000000182e+03 6.934540276594722830e-01
3.393800000000000182e+03 6.867061190737185905e-01
3.397300000000000182e+03 6.676251077905537290e-01
3.400800000000000182e+03 6.817112965491112231e-01
3.404300000000000182e+03 6.828589556434787600e-01
3.407800000000000182e+03 6.533450262473101677e-01
3.411300000000000182e+03 6.754686298744543294e-01
3.414800000000000182e+03 6.498283948618969186e-01
3.418300000000000182e+03 6.691001894646232406e-01
3.421800000000000182e+03 6.610887367865302400e-01
3.425300000000000182e+03 6.487841681399580951e-01
3.428800000000000182e+03 6.547869977724644075e-01
3.432300000000000182e+03 6.526472435445676012e-01
3.435800000000000182e+03 6.455220380591782936e-01
3.439300000000000182e+03 6.320901182108537020e-01
3.442800000000000182e+03 6.497493152519924209e-01
3.446300000000000182e+03 6.337907942971514608e-01
3.449800000000000182e+03 6.162064832258078440e-01
3.453300000000000182e+03 6.340891063521129078e-01
3.456800000000000182e+03 6.094387716437790203e-01
3.460300000000000182e+03 6.318826106586480362e-01
3.463800000000000182e+03 6.299136363494152180e-01
3.467300000000000182e+03 6.248614190024690540e-01
3.470800000000000182e+03 6.210818942538482990e-01
3.474300000000000182e+03 6.084599980824061394e-01
3.477800000000000182e+03 6.182896813139072689e-01
3.481300000000000182e+03 6.092494326554479533e-01
3.484800000000000182e+03 6.118143586584952054e-01
3.488300000000000182e+03 5.939386157111202769e-01
3.491800000000000182e+03 6.044634803056673222e-01
3.495300000000000182e+03 5.923110191686217219e-01
3.498800000000000182e+03 5.963715303860414041e-01
3.502300000000000182e+03 5.809082642447984668e-01
3.505800000000000182e+03 5.851885132359607722e-01
3.509300000000000182e+03 5.969603646006303999e-01
3.512800000000000182e+03 5.923065704928620612e-01
3.516300000000000182e+03 5.808433924559621708e-01
3.519800000000000182e+03 5.793825874786437957e-01
3.523300000000000182e+03 5.731232016630112280e-01
3.526800000000000182e+03 5.703485981665669113e-01
3.530300000000000182e+03 5.660793833942481257e-01
3.533800000000000182e+03 5.753527391311116235e-01
3.537300000000000182e+03 5.737705829788597445e-01
3.540800000000000182e+03 5.740745767986277226e-01
3.544300000000000182e+03 5.611039549952345773e-01
3.547800000000000182e+03 5.613543469994096702e-01
3.551300000000000182e+03 5.555222439147941005e-01
3.554800000000000182e+03 5.662392553519279836e-01
3.558300000000000182e+03 5.610872299777774908e-01
3.561800000000000182e+03 5.600862424653387794e-01
3.565300000000000182e+03 5.557607270163729130e-01
3.568800000000000182e+03 5.382197171444111916e-01
3.572300000000000182e+03 5.521835768487050045e-01
3.575800000000000182e+03 5.481985460952317757e-01
3.579300000000000182e+03 5.508952038283880803e-01
3.582800000000000182e+03 5.415460068824214934e-01
3.586300000000000182e+03 5.278829519353813726e-01
3.589800000000000182e+03 5.408578846148441865e-01
3.593300000000000182e+03 5.299151972354584350e-01
3.596800000000000182e+03 5.294446040561723299e-01
3.600300000000000182e+03 5.323811655777481722e-01
3.603800000000000182e+03 5.323677700388763645e-01
3.607300000000000182e+03 5.307650660633879136e-01
3.610800000000000182e+03 5.285669893891995486e-01
3.614300000000000182e+03 5.262873702508115148e-01
3.617800000000000182e+03 5.185765367366681478e-01
3.621300000000000182e+03 5.226824746650938769e-01
3.624800000000000182e+03 5.089924223437335415e-01
3.628300000000000182e+03 5.181506747699038407e-01
3.631800000000000182e+03 5.157899240063733570e-01
3.635300000000000182e+03 5.104868297079784289e-01
3.638800000000000182e+03 5.124636431054567787e-01
3.642300000000000182e+03 5.037457252275329145e-01
3.645800000000000182e+03 4.989225038609760854e-01
3.649300000000000182e+03 5.007902807708105586e-01
3.652800000000000182e+03 4.968515766477290541e-01
3.656300000000000182e+03 5.033690664304545370e-01
3.659800000000000182e+03 4.990991422418254442e-01
3.663300000000000182e+03 5.006266876941969368e-01
3.666800000000000182e+03 4.908198921300921391e-01
3.670300000000000182e+03 4.982243397983596722e-01
3.673800000000000182e+03 4.925574919677513930e-01
3.677300000000000182e+03 4.924132349621325733e-01
3.680800000000000182e+03 4.881040811715665062e-01
3.684300000000000182e+03 4.850121565667975809e-01
3.687800000000000182e+03 4.833261042145650666e-01
3.691300000000000182e+03 4.831987413589901581e-01
3.694800000000000182e+03 4.767578965959365922e-01
3.698300000000000182e+03 4.723904675349194782e-01
3.701800000000000182e+03 4.732447043429516831e-01
3.705300000000000182e+03 4.709171389649810524e-01
3.708800000000000182e+03 4.709009578857037970e-01
3.712300000000000182e+03 4.736194332508948390e-01
3.715800000000000182e+03 4.701920276146205335e-01
3.719300000000000182e+03 4.681924611453346374e-01
3.722800000000000182e+03 4.565230893704206316e-01
3.726300000000000182e+03 4.524858857185475869e-01
3.729800000000000182e+03 4.516309587276890469e-01
3.733300000000000182e+03 4.572463312838933591e-01
3.736800000000000182e+03 4.561465733333788797e-01
3.740300000000000182e+03 4.585024497095011586e-01
3.743800000000000182e+03 4.560022003891153752e-01
3.747300000000000182e+03 4.548192497056786077e-01
3.750800000000000182e+03 4.474705620724017119e-01
3.754300000000000182e+03 4.535550536801817856e-01
3.757800000000000182e+03 4.483090595830181990e-01
3.761300000000000182e+03 4.459389027102751424e-01
3.764800000000000182e+03 4.441783962030100286e-01
3.768300000000000182e+03 4.358021583509646968e-01
3.771800000000000182e+03 4.401660530931845727e-01
3.775300000000000182e+03 4.386209981140938297e-01
3.778800000000000182e+03 4.382234287623149593e-01
3.782300000000000182e+03 4.386074390677954793e-01
3.785800000000000182e+03 4.373452822534748541e-01
3.789300000000000182e+03 4.295194986771283530e-01
3.792800000000000182e+03 4.346350087330098644e-01
3.796300000000000182e+03 4.285869039576062356e-01
3.799800000000000182e+03 4.346747989855558880e-01
3.803300000000000182e+03 4.352754197325948149e-01
3.806800000000000182e+03 4.294613617005778594e-01
3.810300000000000182e+03 4.348433444291331940e-01
3.813800000000000182e+03 4.323302111560663463e-01
3.817300000000000182e+03 4.249369541656884963e-01
3.820800000000000182e+03 4.180861712873533698e-01
3.824300000000000182e+03 4.087393428953878249e-01
3.827800000000000182e+03 4.032077336173917059e-01
3.831300000000000182e+03 4.001909836591300285e-01
3.834800000000000182e+03 4.067813055727583782e-01
3.838300000000000182e+03 4.108248148711926562e-01
3.841800000000000182e+03 4.089230532180513356e-01
3.845300000000000182e+03 4.142927739898487616e-01
3.848800000000000182e+03 4.140097211770875085e-01
3.852300000000000182e+03 4.091894770244595136e-01
3.855800000000000182e+03 4.112489020022042641e-01
3.859300000000000182e+03 4.089525372219047772e-01
3.862800000000000182e+03 4.097371276974183796e-01
3.866300000000000182e+03 4.125485390302565669e-01
3.869800000000000182e+03 4.153205226034948350e-01
3.873300000000000182e+03 4.090105225455471505e-01
3.876800000000000182e+03 4.032477090380650608e-01
3.880300000000000182e+03 3.922244338888188353e-01
3.883800000000000182e+03 3.819811320951893574e-01
3.887300000000000182e+03 3.687712105597103496e-01
3.890800000000000182e+03 3.614104869129876052e-01
3.894300000000000182e+03 3.693974809241939439e-01
3.897800000000000182e+03 3.821146552075450065e-01
3.901300000000000182e+03 3.916572276142810671e-01
3.904800000000000182e+03 3.975656774942256111e-01
3.908300000000000182e+03 3.985524614954181755e-01
3.911800000000000182e+03 3.992849924131067207e-01
3.915300000000000182e+03 3.941343073629080540e-01
3.918800000000000182e+03 3.840771330114320925e-01
3.922300000000000182e+03 3.774984750624780228e-01
3.925800000000000182e+03 3.678356496709886958e-01
3.929300000000000182e+03 3.656619100611269157e-01
3.932800000000000182e+03 3.649732470196238587e-01
3.936300000000000182e+03 3.706942674794450054e-01
3.939800000000000182e+03 3.701440521090300639e-01
3.943300000000000182e+03 3.792040182684356386e-01
3.946800000000000182e+03 3.834685110208341241e-01
3.950300000000000182e+03 3.855650122936987167e-01
3.953800000000000182e+03 3.820505346328558205e-01
3.957300000000000182e+03 3.736019258134561372e-01
3.960800000000000182e+03 3.619582856174563545e-01
3.964300000000000182e+03 3.426246723529950411e-01
3.967800000000000182e+03 3.332752980071554960e-01
3.971300000000000182e+03 3.283678071889185035e-01
3.974800000000000182e+03 3.370634316072099734e-01
3.978300000000000182e+03 3.477466931269420081e-01
3.981800000000000182e+03 3.576124550161422500e-01
3.985300000000000182e+03 3.646499882932123793e-01
3.988800000000000182e+03 3.652038260544502313e-01
3.992300000000000182e+03 3.622063506331355542e-01
3.995800000000000182e+03 3.602036615899942285e-01
3.999300000000000182e+03 3.560290182721766450e-01
4.002800000000000182e+03 3.555441623534805751e-01
4.006300000000000182e+03 3.545467295638621841e-01
4.009800000000000182e+03 3.499148691650003085e-01
4.013300000000000182e+03 3.484158446599293635e-01
4.016800000000000182e+03 3.494367630206930420e-01
4.020300000000000182e+03 3.477069713566656173e-01
4.023800000000000182e+03 3.451057804494211401e-01
4.027300000000000182e+03 3.421970201050966165e-01
4.030800000000000182e+03 3.395940309127092327e-01
4.034300000000000182e+03 3.420690574000450068e-01
4.037800000000000182e+03 3.394723930204190943e-01
4.041300000000000182e+03 3.402122421957917697e-01
4.044800000000000182e+03 3.380660319839121630e-01
4.048300000000000182e+03 3.365748724482786058e-01
4.051800000000000182e+03 3.378510488899714170e-01
4.055300000000000182e+03 3.331083421873030082e-01
4.058800000000000182e+03 3.344427056010030319e-01
4.062300000000000182e+03 3.348894457413570946e-01
4.065800000000000182e+03 3.330059160467010448e-01
4.069300000000000182e+03 3.334086727054829113e-01
4.072800000000000182e+03 3.309515521453328390e-01
4.076300000000000182e+03 3.298869698990366528e-01
4.079800000000000182e+03 3.270413550662792934e-01
4.083300000000000182e+03 3.273189095046778463e-01
4.086800000000000182e+03 3.252792501500829103e-01
4.090300000000000182e+03 3.246196954912401456e-01
4.093800000000000182e+03 3.247967683238494052e-01
4.097300000000000182e+03 3.207406778699022909e-01
4.100800000000000182e+03 3.142037870036947789e-01
4.104300000000000182e+03 3.095773161019121922e-01
4.107800000000000182e+03 3.028824573416141752e-01
4.111300000000000182e+03 3.018683344967740267e-01
4.114800000000000182e+03 3.042456692520297268e-01
4.118300000000000182e+03 3.101644967826770460e-01
4.121800000000000182e+03 3.151711192198244360e-01
4.125300000000000182e+03 3.188533480506083317e-01
4.128800000000000182e+03 3.167246027429524435e-01
4.132300000000000182e+03 3.157152006777257935e-01
4.135800000000000182e+03 3.133705584620181672e-01
4.139300000000000182e+03 3.112259798578126402e-01
4.142800000000000182e+03 3.074032041594233489e-01
4.146300000000000182e+03 3.070994254173705085e-01
4.149800000000000182e+03 3.049338459524744693e-01
4.153300000000000182e+03 3.051128922667297738e-01
4.156800000000000182e+03 3.035242614777280967e-01
4.160300000000000182e+03 3.038683479485834171e-01
4.163800000000000182e+03 3.033830628447803379e-01
4.167300000000000182e+03 3.005193847446783195e-01
4.170800000000000182e+03 3.011080177127035129e-01
4.174300000000000182e+03 2.994531042138724453e-01
4.177800000000000182e+03 2.984816662908208462e-01
4.181300000000000182e+03 2.963354332021173598e-01
4.184800000000000182e+03 2.965998867226327662e-01
4.188300000000000182e+03 2.950583051465334172e-01
4.191800000000000182e+03 2.937141311165996638e-01
4.195300000000000182e+03 2.964292952311236018e-01
4.198800000000000182e+03 2.931288834782459496e-01
4.202300000000000182e+03 2.930701515565208304e-01
4.205800000000000182e+03 2.900930042741555748e-01
4.209300000000000182e+03 2.881695029569804611e-01
4.212800000000000182e+03 2.883770409013062253e-01
4.216300000000000182e+03 2.886910882029315450e-01
4.219800000000000182e+03 2.872736220021129272e-01
4.223300000000000182e+03 2.847472533781907345e-01
4.226800000000000182e+03 2.818926200887254541e-01
4.230300000000000182e+03 2.819426561716721347e-01
4.233800000000000182e+03 2.815321519493079183e-01
4.237300000000000182e+03 2.802836191363556329e-01
4.240800000000000182e+03 2.805149970722203845e-01
4.244300000000000182e+03 2.805053621864820323e-01
4.247800000000000182e+03 2.819999755330465097e-01
4.251300000000000182e+03 2.781825859372350496e-01
4.254800000000000182e+03 2.797340996077867237e-01
4.258300000000000182e+03 2.782142469088602632e-01
4.261800000000000182e+03 2.745272588648053347e-01
4.265300000000000182e+03 2.756852670169498976e-01
4.268800000000000182e+03 2.732262148939038071e-01
4.272300000000000182e+03 2.716989115869837268e-01
4.275800000000000182e+03 2.723875449450463559e-01
4.279300000000000182e+03 2.733165175384570378e-01
4.282800000000000182e+03 2.719248973034057437e-01
4.286300000000000182e+03 2.719268512450720987e-01
4.289800000000000182e+03 2.712753266579103206e-01
4.293300000000000182e+03 2.684207009911998565e-01
4.296800000000000182e+03 2.685679296102442271e-01
4.300300000000000182e+03 2.672641537118184973e-01
4.303800000000000182e+03 2.675069731825207575e-01
4.307300000000000182e+03 2.660528986704611687e-01
4.310800000000000182e+03 2.637569850065816790e-01
4.314300000000000182e+03 2.667144065731570923e-01
4.317800000000000182e+03 2.642474184674535875e-01
4.321300000000000182e+03 2.615656768695465151e-01
4.324800000000000182e+03 2.588240523515779046e-01
4.328300000000000182e+03 2.592705936602404670e-01
4.331800000000000182e+03 2.591507281700387577e-01
4.335300000000000182e+03 2.558863705665768706e-01
4.338800000000000182e+03 2.574241992119781219e-01
4.342300000000000182e+03 2.497576152705454355e-01
4.345800000000000182e+03 2.454414645381119420e-01
4.349300000000000182e+03 2.417832301227008374e-01
4.352800000000000182e+03 2.388004709372666401e-01
4.356300000000000182e+03 2.468896025932728888e-01
4.359800000000000182e+03 2.511126027635512958e-01
4.363300000000000182e+03 2.564029869100070691e-01
4.366800000000000182e+03 2.586786267570069797e-01
4.370300000000000182e+03 2.577035204817062497e-01
4.373800000000000182e+03 2.556609144274227807e-01
4.377300000000000182e+03 2.526548760158078832e-01
4.380800000000000182e+03 2.491965941470749291e-01
4.384300000000000182e+03 2.475305765816990800e-01
4.387800000000000182e+03 2.466545844850406843e-01
4.391300000000000182e+03 2.458822681636651242e-01
4.394800000000000182e+03 2.457042738133501658e-01
4.398300000000000182e+03 2.467253722159836460e-01
4.401800000000000182e+03 2.453417471776030423e-01
4.405300000000000182e+03 2.445124743251363975e-01
4.408800000000000182e+03 2.445584402390313106e-01
4.412300000000000182e+03 2.448637727070491488e-01
4.415800000000000182e+03 2.401399442420557584e-01
4.419300000000000182e+03 2.438599276016407413e-01
4.422800000000000182e+03 2.412290503715874279e-01
4.426300000000000182e+03 2.389959957741790986e-01
4.429800000000000182e+03 2.409550900444210331e-01
4.433300000000000182e+03 2.395540610291416461e-01
4.436800000000000182e+03 2.378085834889252792e-01
4.440300000000000182e+03 2.385991178068613550e-01
4.443800000000000182e+03 2.373308959585571365e-01
4.447300000000000182e+03 2.406810584220392402e-01
4.450800000000000182e+03 2.361969058619838024e-01
4.454300000000000182e+03 2.379159582439606957e-01
4.457800000000000182e+03 2.348667198934654143e-01
4.461300000000000182e+03 2.353986710174850727e-01
4.464800000000000182e+03 2.324101567545853730e-01
4.468300000000000182e+03 2.326678073297045457e-01
4.471800000000000182e+03 2.300666017230821314e-01
4.475300000000000182e+03 2.293663091709116086e-01
4.478800000000000182e+03 2.307215877707618767e-01
4.482300000000000182e+03 2.314975179561291341e-01
4.485800000000000182e+03 2.262260530675546943e-01
4.489300000000000182e+03 2.290487459340193599e-01
4.492800000000000182e+03 2.270380386735252609e-01
4.496300000000000182e+03 2.279544470670232803e-01
4.499800000000000182e+03 2.275622495618851993e-01
4.503300000000000182e+03 2.275820644588422703e-01
4.506800000000000182e+03 2.265933074353539134e-01
4.510300000000000182e+03 2.262022849610192676e-01
4.513800000000000182e+03 2.274175969113279017e-01
4.517300000000000182e+03 2.263033655404897704e-01
4.520800000000000182e+03 2.239608141990960810e-01
4.524300000000000182e+03 2.214057040772864082e-01
4.527800000000000182e+03 2.212589778921148775e-01
4.531300000000000182e+03 2.204812499241302903e-01
4.534800000000000182e+03 2.204547313862925961e-01
4.538300000000000182e+03 2.193775042859922031e-01
4.541800000000000182e+03 2.189560755737374187e-01
4.545300000000000182e+03 2.201548545954340186e-01
4.548800000000000182e+03 2.200407254498390197e-01
4.552300000000000182e+03 2.163025414001687186e-01
4.555800000000000182e+03 2.170308022294781536e-01
4.559300000000000182e+03 2.164386212642656071e-01
4.562800000000000182e+03 2.154641695593345896e-01
4.566300000000000182e+03 2.151218059214875244e-01
4.569800000000000182e+03 2.160163118371069557e-01
4.573300000000000182e+03 2.162995513029127848e-01
4.576800000000000182e+03 2.136929668746994360e-01
4.580300000000000182e+03 2.146895856765081989e-01
4.583800000000000182e+03 2.131268853313774692e-01
4.587300000000000182e+03 2.127981184023127192e-01
4.590800000000000182e+03 2.105182407371349596e-01
4.594300000000000182e+03 2.094140997393894865e-01
4.597800000000000182e+03 2.098133879999107276e-01
4.601300000000000182e+03 2.099617313313681677e-01
4.604800000000000182e+03 2.110329981420026868e-01
4.608300000000000182e+03 2.105734884861638900e-01
4.611800000000000182e+03 2.094484333164191303e-01
4.615300000000000182e+03 2.103979114821730445e-01
4.618800000000000182e+03 2.082370697740079657e-01
4.622300000000000182e+03 2.056251140747218098e-01
4.625800000000000182e+03 2.068097981214696846e-01
4.629300000000000182e+03 2.045781485716160475e-01
4.632800000000000182e+03 2.045882680335588399e-01
4.636300000000000182e+03 2.038551894471436199e-01
4.639800000000000182e+03 2.038877566616842385e-01
4.643300000000000182e+03 2.024062164708929912e-01
4.646800000000000182e+03 2.034376783593294380e-01
4.650300000000000182e+03 2.015319379636049402e-01
4.653800000000000182e+03 2.010628752529771412e-01
4.657300000000000182e+03 2.007828215183830034e-01
4.660800000000000182e+03 2.018295502105528216e-01
4.664300000000000182e+03 1.996140721352542557e-01
4.667800000000000182e+03 2.009720979104705763e-01
4.671300000000000182e+03 1.982025218822596746e-01
4.674800000000000182e+03 1.980391850834097300e-01
4.678300000000000182e+03 1.989889281313845792e-01
4.681800000000000182e+03 2.002904097241697545e-01
4.685300000000000182e+03 1.988901236698170094e-01
4.688800000000000182e+03 1.968188114411131007e-01
4.692300000000000182e+03 2.000330026693019625e-01
4.695800000000000182e+03 1.962280777804938925e-01
4.699300000000000182e+03 1.944420554683212732e-01
4.702800000000000182e+03 1.946602094592013998e-01
4.706300000000000182e+03 1.929725240109188833e-01
4.709800000000000182e+03 1.926480975801968809e-01
4.713300000000000182e+03 1.909021077655092546e-01
4.716800000000000182e+03 1.914911606610701089e-01
4.720300000000000182e+03 1.918062844761864172e-01
4.723800000000000182e+03 1.914615155399561897e-01
4.727300000000000182e+03 1.923671720677253283e-01
4.730800000000000182e+03 1.917341852257694601e-01
4.734300000000000182e+03 1.927784167011796501e-01
4.737800000000000182e+03 1.914924476034953471e-01
4.741300000000000182e+03 1.899530836303116310e-01
4.744800000000000182e+03 1.889076039134111873e-01
4.748300000000000182e+03 1.910746781442630160e-01
4.751800000000000182e+03 1.873878284363683644e-01
4.755300000000000182e+03 1.881020269575810755e-01
4.758800000000000182e+03 1.861501315069067075e-01
4.762300000000000182e+03 1.865281807253466040e-01
4.765800000000000182e+03 1.876587467268625575e-01
4.769300000000000182e+03 1.873741587677386355e-01
4.772800000000000182e+03 1.874588466386386820e-01
4.776300000000000182e+03 1.856748954261605855e-01
4.779800000000000182e+03 1.856371219042974863e-01
4.783300000000000182e+03 1.861539798785854793e-01
4.786800000000000182e+03 1.867369070665914621e-01
4.790300000000000182e+03 1.830951536822887638e-01
4.793800000000000182e+03 1.834686984236994223e-01
4.797300000000000182e+03 1.844624498949196945e-01
4.800800000000000182e+03 1.834046940580976726e-01
4.804300000000000182e+03 1.831433964951766913e-01
4.807800000000000182e+03 1.822170747299871052e-01
4.811300000000000182e+03 1.833057433327586194e-01
4.814800000000000182e+03 1.819655334801281998e-01
4.818300000000000182e+03 1.811565714030601570e-01
4.821800000000000182e+03 1.829732986280623031e-01
4.825300000000000182e+03 1.834060622598757684e-01
4.828800000000000182e+03 1.813778320538736721e-01
4.832300000000000182e+03 1.841642037114747665e-01
4.835800000000000182e+03 1.838793742521727392e-01
4.839300000000000182e+03 1.796223449783442283e-01
4.842800000000000182e+03 1.797184523302100823e-01
4.846300000000000182e+03 1.767290999676386642e-01
4.849800000000000182e+03 1.777348956549628656e-01
4.853300000000000182e+03 1.773706202839762658e-01
4.856800000000000182e+03 1.751112419783472651e-01
4.860300000000000182e+03 1.722248097734244143e-01
4.863800000000000182e+03 1.692281347623994514e-01
4.867300000000000182e+03 1.648338316407611803e-01
4.870800000000000182e+03 1.622276026715800401e-01
4.874300000000000182e+03 1.634293638138047122e-01
4.877800000000000182e+03 1.678017096021661714e-01
4.881300000000000182e+03 1.742063987858460117e-01
4.884800000000000182e+03 1.778009521378501878e-01
4.888300000000000182e+03 1.779237163084362583e-01
4.891800000000000182e+03 1.778401057246102590e-01
4.895300000000000182e+03 1.772342995320055348e-01
4.898800000000000182e+03 1.760650586870240730e-01
4.902300000000000182e+03 1.734409981042880633e-01
4.905800000000000182e+03 1.709094444109751920e-01
4.909300000000000182e+03 1.720570793351133831e-01
4.912800000000000182e+03 1.730672407249802258e-01
4.916300000000000182e+03 1.702871002217237195e-01
4.919800000000000182e+03 1.705937142331847012e-01
4.923300000000000182e+03 1.692359275222609927e-01
4.926800000000000182e+03 1.678941160798040622e-01
4.930300000000000182e+03 1.675854683064571249e-01
4.933800000000000182e+03 1.688567245933529637e-01
4.937300000000000182e+03 1.681206447080804967e-01
4.940800000000000182e+03 1.664806586354184992e-01
4.944300000000000182e+03 1.688583783882645906e-01
4.947800000000000182e+03 1.706557491183835762e-01
4.951300000000000182e+03 1.672384875223096035e-01
4.954800000000000182e+03 1.675548543489251141e-01
4.958300000000000182e+03 1.680853495321924240e-01
4.961800000000000182e+03 1.681563260674826255e-01
4.965300000000000182e+03 1.650512694143309866e-01
4.968800000000000182e+03 1.656276125771231345e-01
4.972300000000000182e+03 1.673093496003480729e-01
4.975800000000000182e+03 1.683517244219094322e-01
4.979300000000000182e+03 1.658852953184124790e-01
4.982800000000000182e+03 1.660227174872718481e-01
4.986300000000000182e+03 1.668093539100114486e-01
4.989800000000000182e+03 1.663303094779069458e-01
4.993300000000000182e+03 1.655112552170897866e-01
4.996800000000000182e+03 1.656788915104530080e-01
5.000300000000000182e+03 1.652261614248728694e-01
5.003800000000000182e+03 1.645417578865274733e-01
5.007300000000000182e+03 1.631913866133224977e-01
5.010800000000000182e+03 1.637974501532274141e-01
5.014300000000000182e+03 1.623716874890478723e-01
5.017800000000000182e+03 1.652638030253461010e-01
5.021300000000000182e+03 1.658162639172644781e-01
5.024800000000000182e+03 1.672680694949547076e-01
5.028300000000000182e+03 1.653376375296887191e-01
5.031800000000000182e+03 1.654061974009871372e-01
5.035300000000000182e+03 1.660502828370349904e-01
5.038800000000000182e+03 1.670069590901500922e-01
5.042300000000000182e+03 1.671786770733063587e-01
5.045800000000000182e+03 1.637955562772800133e-01
5.049300000000000182e+03 1.648989769900941205e-01
5.052800000000000182e+03 1.607453445228872457e-01
5.056300000000000182e+03 1.600444425312487484e-01
5.059800000000000182e+03 1.613702185911601028e-01
5.063300000000000182e+03 1.618116533253677602e-01
5.066800000000000182e+03 1.629207531671915121e-01
5.070300000000000182e+03 1.623488036473652307e-01
5.073800000000000182e+03 1.613525395741628177e-01
5.077300000000000182e+03 1.596156858679616264e-01
5.080800000000000182e+03 1.603504402373003845e-01
5.084300000000000182e+03 1.595018278278769741e-01
5.087800000000000182e+03 1.613298662035250464e-01
5.091300000000000182e+03 1.583670029515346633e-01
5.094800000000000182e+03 1.569630761436192623e-01
5.098300000000000182e+03 1.575436066443753336e-01
5.101800000000000182e+03 1.567963092007672588e-01
5.105300000000000182e+03 1.550446497935982770e-01
5.108800000000000182e+03 1.551863602353323324e-01
5.112300000000000182e+03 1.545896200011645238e-01
5.115800000000000182e+03 1.557956197527086417e-01
5.119300000000000182e+03 1.568228961077306471e-01
5.122800000000000182e+03 1.563258557646258207e-01
5.126300000000000182e+03 1.568699940463788856e-01
5.129800000000000182e+03 1.533230666766634276e-01
5.133300000000000182e+03 1.539064319398141811e-01
5.136800000000000182e+03 1.547375201679305201e-01
5.140300000000000182e+03 1.550484866912225368e-01
5.143800000000000182e+03 1.532684439520920761e-01
5.147300000000000182e+03 1.540797417166840377e-01
5.150800000000000182e+03 1.539231418543689223e-01
5.154300000000000182e+03 1.541069151953660399e-01
5.157800000000000182e+03 1.531255149124065573e-01
5.161300000000000182e+03 1.529790262696562875e-01
5.164800000000000182e+03 1.518025857046204352e-01
5.168300000000000182e+03 1.512165053183076591e-01
5.171800000000000182e+03 1.512139523308319855e-01
5.175300000000000182e+03 1.516346621904779979e-01
5.178800000000000182e+03 1.516450897588788038e-01
5.182300000000000182e+03 1.514575554551194358e-01
5.185800000000000182e+03 1.502329541809627189e-01
5.189300000000000182e+03 1.515119026889936715e-01
5.192800000000000182e+03 1.510410888329931089e-01
5.196300000000000182e+03 1.503635187395084283e-01
5.199800000000000182e+03 1.492435867341475042e-01
5.203300000000000182e+03 1.503860627375547543e-01
5.206800000000000182e+03 1.523083636151079945e-01
5.210300000000000182e+03 1.509695271646295245e-01
5.213800000000000182e+03 1.503060796958533563e-01
5.217300000000000182e+03 1.498060698332372154e-01
5.220800000000000182e+03 1.517899961384635288e-01
5.224300000000000182e+03 1.491745775555066433e-01
5.227800000000000182e+03 1.499285055942250755e-01
5.231300000000000182e+03 1.475893127121009341e-01
5.234800000000000182e+03 1.510181437816586758e-01
5.238300000000000182e+03 1.489699812369126020e-01
5.241800000000000182e+03 1.492192506577432187e-01
5.245300000000000182e+03 1.498477108162789284e-01
5.248800000000000182e+03 1.510472446173606043e-01
5.252300000000000182e+03 1.507092921515713890e-01
5.255800000000000182e+03 1.511999367847993991e-01
5.259300000000000182e+03 1.506870025350183773e-01
5.262800000000000182e+03 1.477267813105032912e-01
5.266300000000000182e+03 1.479944869700226817e-01
5.269800000000000182e+03 1.475381001359425681e-01
5.273300000000000182e+03 1.466355304005041993e-01
5.276800000000000182e+03 1.488954760852368442e-01
5.280300000000000182e+03 1.494682662161525843e-01
5.283800000000000182e+03 1.493391720621537189e-01
5.287300000000000182e+03 1.504060861300720031e-01
5.290800000000000182e+03 1.510555295569530332e-01
5.294300000000000182e+03 1.502579997858395633e-01
5.297800000000000182e+03 1.478872545135190841e-01
5.301300000000000182e+03 1.489894281682725696e-01
5.304800000000000182e+03 1.496458553090772858e-01
5.308300000000000182e+03 1.505952219327000574e-01
5.311800000000000182e+03 1.485428167289364887e-01
5.315300000000000182e+03 1.481575977668208866e-01
5.318800000000000182e+03 1.471736865854863796e-01
5.322300000000000182e+03 1.492823670873069941e-01
5.325800000000000182e+03 1.464963717747053973e-01
5.329300000000000182e+03 1.465957796665568746e-01
5.332800000000000182e+03 1.469348326198816612e-01
5.336300000000000182e+03 1.464446746450426828e-01
5.339800000000000182e+03 1.461091471714001666e-01
5.343300000000000182e+03 1.476319014885567327e-01
5.346800000000000182e+03 1.455271913737475609e-01
5.350300000000000182e+03 1.461017218592226830e-01
5.353800000000000182e+03 1.475868071424920047e-01
5.357300000000000182e+03 1.454555697751636345e-01
5.360800000000000182e+03 1.476080429309696851e-01
5.364300000000000182e+03 1.460976429386398878e-01
5.367800000000000182e+03 1.470047880500973680e-01
5.371300000000000182e+03 1.474155635814156651e-01
5.374800000000000182e+03 1.434624219482256158e-01
5.378300000000000182e+03 1.472384909075911685e-01
5.381800000000000182e+03 1.462712726316768852e-01
5.385300000000000182e+03 1.449729425121865090e-01
5.388800000000000182e+03 1.452034640180951408e-01
5.392300000000000182e+03 1.439750108738231948e-01
5.395800000000000182e+03 1.459632229634045542e-01
5.399300000000000182e+03 1.450903240010544271e-01
5.402800000000000182e+03 1.452150513418148103e-01
5.406300000000000182e+03 1.446860629787759533e-01
5.409800000000000182e+03 1.464293861704505928e-01
5.413300000000000182e+03 1.439126239971719734e-01
5.416800000000000182e+03 1.465163243255890313e-01
5.420300000000000182e+03 1.450128246381837682e-01
5.423800000000000182e+03 1.455792961353436221e-01
5.427300000000000182e+03 1.440022423673342211e-01
5.430800000000000182e+03 1.457359299671357189e-01
5.434300000000000182e+03 1.454254266314572719e-01
5.437800000000000182e+03 1.437598861012032436e-01
5.441300000000000182e+03 1.447836184625320988e-01
5.444800000000000182e+03 1.442757168527002698e-01
5.448300000000000182e+03 1.449914817950189172e-01
5.451800000000000182e+03 1.444060508898702966e-01
5.455300000000000182e+03 1.452962339048897156e-01
5.458800000000000182e+03 1.445326947549662733e-01
5.462300000000000182e+03 1.440179728362436240e-01
5.465800000000000182e+03 1.444569777281462797e-01
5.469300000000000182e+03 1.429288462958866468e-01
5.472800000000000182e+03 1.421547120414484167e-01
5.476300000000000182e+03 1.413967173998310067e-01
5.479800000000000182e+03 1.417171898219763693e-01
5.483300000000000182e+03 1.417484611075464085e-01
5.486800000000000182e+03 1.423204029429696593e-01
5.490300000000000182e+03 1.407981947633549502e-01
5.493800000000000182e+03 1.416412708494814710e-01
5.497300000000000182e+03 1.403301353596252687e-01
5.500800000000000182e+03 1.423382816955534313e-01
5.504300000000000182e+03 1.391307250901344661e-01
5.507800000000000182e+03 1.394128792019321827e-01
5.511300000000000182e+03 1.418129237550316835e-01
5.514800000000000182e+03 1.398183859705697252e-01
5.518300000000000182e+03 1.384948490542989852e-01
5.521800000000000182e+03 1.380287993269824764e-01
5.525300000000000182e+03 1.376721755919242118e-01
5.528800000000000182e+03 1.393340155292235039e-01
5.532300000000000182e+03 1.385675841275597897e-01
5.535800000000000182e+03 1.384352369976573072e-01
5.539300000000000182e+03 1.390223906149973543e-01
5.542800000000000182e+03 1.389847723708023397e-01
5.546300000000000182e+03 1.415698163978985069e-01
5.549800000000000182e+03 1.392583124946631945e-01
5.553300000000000182e+03 1.416958156951957093e-01
5.556800000000000182e+03 1.380403204143415274e-01
5.560300000000000182e+03 1.409921846319538152e-01
5.563800000000000182e+03 1.388878010491387816e-01
5.567300000000000182e+03 1.391073391609775334e-01
5.570800000000000182e+03 1.378960346926025593e-01
5.574300000000000182e+03 1.365284221304287060e-01
5.577800000000000182e+03 1.408748782169846059e-01
5.581300000000000182e+03 1.421983779083713095e-01
5.584800000000000182e+03 1.394112218377031587e-01
5.588300000000000182e+03 1.400368198077872051e-01
5.591800000000000182e+03 1.385105955643723408e-01
5.595300000000000182e+03 1.383267603514842237e-01
5.598800000000000182e+03 1.392385799846375949e-01
5.602300000000000182e+03 1.393560813596471937e-01
5.605800000000000182e+03 1.389041330817568087e-01
5.609300000000000182e+03 1.388977850057443175e-01
5.612800000000000182e+03 1.372180423214530154e-01
5.616300000000000182e+03 1.377298051466545881e-01
5.619800000000000182e+03 1.380820435323315831e-01
5.623300000000000182e+03 1.385311948559049822e-01
5.626800000000000182e+03 1.396526064217479546e-01
5.630300000000000182e+03 1.417643714067913785e-01
5.633800000000000182e+03 1.402846461997854788e-01
5.637300000000000182e+03 1.409354451507328632e-01
5.640800000000000182e+03 1.400187939069557352e-01
5.644300000000000182e+03 1.414738539768585490e-01
5.647800000000000182e+03 1.401972501894893364e-01
5.651300000000000182e+03 1.427324174173154048e-01
5.654800000000000182e+03 1.382908735856527294e-01
5.658300000000000182e+03 1.410708357338461005e-01
5.661800000000000182e+03 1.376242912348953351e-01
5.665300000000000182e+03 1.404637620222844163e-01
5.668800000000000182e+03 1.402964789143175128e-01
5.672300000000000182e+03 1.401927172715116965e-01
5.675800000000000182e+03 1.407962446173155469e-01
5.679300000000000182e+03 1.390838404023720665e-01
5.682800000000000182e+03 1.429082059016709150e-01
5.686300000000000182e+03 1.429856583778732204e-01
5.689800000000000182e+03 1.420452163375116039e-01
5.693300000000000182e+03 1.401323903883030242e-01
5.696800000000000182e+03 1.424206335957465819e-01
5.700300000000000182e+03 1.397212877601360370e-01
5.703800000000000182e+03 1.405412056681304700e-01
5.707300000000000182e+03 1.413643313604832641e-01
5.710800000000000182e+03 1.397573889647727441e-01
5.714300000000000182e+03 1.387557980456705364e-01
5.717800000000000182e+03 1.408524432467898879e-01
5.721300000000000182e+03 1.413675212762527111e-01
5.724800000000000182e+03 1.398016437297677772e-01
5.728300000000000182e+03 1.411966736614001516e-01
5.731800000000000182e+03 1.398005714134182009e-01
5.735300000000000182e+03 1.404310320008821389e-01
5.738800000000000182e+03 1.404083208151661322e-01
5.742300000000000182e+03 1.393912576642672985e-01
5.745800000000000182e+03 1.359555025289879426e-01
5.749300000000000182e+03 1.398451160392781556e-01
5.752800000000000182e+03 1.379766646031189703e-01
5.756300000000000182e+03 1.374648796795978622e-01
5.759800000000000182e+03 1.378601839828351994e-01
5.763300000000000182e+03 1.367186223833715131e-01
5.766800000000000182e+03 1.374379785868572734e-01
5.770300000000000182e+03 1.356440622406990815e-01
5.773800000000000182e+03 1.366498779286214604e-01
5.777300000000000182e+03 1.363969129003121949e-01
5.780800000000000182e+03 1.326221699043360625e-01
5.784300000000000182e+03 1.331494892718935175e-01
5.787800000000000182e+03 1.358310418962332677e-01
5.791300000000000182e+03 1.331716434535555049e-01
5.794800000000000182e+03 1.338479743496587548e-01
5.798300000000000182e+03 1.355636049670916332e-01
5.801800000000000182e+03 1.324268961877259621e-01
5.805300000000000182e+03 1.314321509412385014e-01
5.808800000000000182e+03 1.325525548430451506e-01
5.812300000000000182e+03 1.305162405422546357e-01
5.815800000000000182e+03 1.310282789939020975e-01
5.819300000000000182e+03 1.296996758627151358e-01
5.822800000000000182e+03 1.305663628584286806e-01
5.826300000000000182e+03 1.323174533932995334e-01
5.829800000000000182e+03 1.304254903168819146e-01
5.833300000000000182e+03 1.282909410842625331e-01
5.836800000000000182e+03 1.296143432545979746e-01
5.840300000000000182e+03 1.325362664858620310e-01
5.843800000000000182e+03 1.291190702883981134e-01
5.847300000000000182e+03 1.270524126516684726e-01
5.850800000000000182e+03 1.315977152815745177e-01
5.854300000000000182e+03 1.288920403519080160e-01
5.857800000000000182e+03 1.302949716722848483e-01
5.861300000000000182e+03 1.301997145203330486e-01
5.864800000000000182e+03 1.303998921001170985e-01
5.868300000000000182e+03 1.292996801354668046e-01
5.871800000000000182e+03 1.315178291587822679e-01
5.875300000000000182e+03 1.326795852450183555e-01
5.878800000000000182e+03 1.383267795338785910e-01
5.882300000000000182e+03 1.411090469549820259e-01
5.885800000000000182e+03 1.416228124673820088e-01
5.889300000000000182e+03 1.439717046325253158e-01
5.892800000000000182e+03 1.457886188640649672e-01
5.896300000000000182e+03 1.474672269368795807e-01
5.899800000000000182e+03 1.481375093189189751e-01
5.903300000000000182e+03 1.443843704161965891e-01
5.906800000000000182e+03 1.429438575801182942e-01
5.910300000000000182e+03 1.411332490739847789e-01
5.913800000000000182e+03 1.440512309410535430e-01
5.917300000000000182e+03 1.445237893098514637e-01
5.920800000000000182e+03 1.425895261378150591e-01
5.924300000000000182e+03 1.422419858879480359e-01
5.927800000000000182e+03 1.415572334296386348e-01
5.931300000000000182e+03 1.373272784803130364e-01
5.934800000000000182e+03 1.420153777674876827e-01
5.938300000000000182e+03 1.423819512144323118e-01
5.941800000000000182e+03 1.415424796666466256e-01
5.945300000000000182e+03 1.424553281982845476e-01
5.948800000000000182e+03 1.451794913808631682e-01
5.952300000000000182e+03 1.422959738725063650e-01
5.955800000000000182e+03 1.379724060015107834e-01
5.959300000000000182e+03 1.365370406522044278e-01
5.962800000000000182e+03 1.339779927506402901e-01
5.966300000000000182e+03 1.353415067581832387e-01
5.969800000000000182e+03 1.340317807269348904e-01
5.973300000000000182e+03 1.360126592563015713e-01
5.976800000000000182e+03 1.347550208927003612e-01
5.980300000000000182e+03 1.332177163277291354e-01
5.983800000000000182e+03 1.322241099218881832e-01
5.987300000000000182e+03 1.326938698077206602e-01
5.990800000000000182e+03 1.319352527653940843e-01
5.994300000000000182e+03 1.288326439802164880e-01
5.997800000000000182e+03 1.312989189159255443e-01
