# wavelength angstroms, flux, ext coeff
5.551500000000000000e+03 1.415691479228671415e+04 1.535738741180248668e-01
5.558500000000000000e+03 1.493616879642401909e+04 1.447176341990280835e-01
5.565500000000000000e+03 1.516651854065027328e+04 1.415917957649868164e-01
5.572500000000000000e+03 1.524339483885693153e+04 1.403325882042725792e-01
5.579500000000000000e+03 1.591177576134242736e+04 1.369426738660603493e-01
5.586500000000000000e+03 1.586001936042826492e+04 1.384108433690834916e-01
5.593500000000000000e+03 1.598516257722268165e+04 1.402965696845879517e-01
5.600500000000000000e+03 1.593327881391398478e+04 1.391709213686886104e-01
5.607500000000000000e+03 1.612695171466364263e+04 1.394824807140349898e-01
5.614500000000000000e+03 1.614089425796140131e+04 1.410217644785484725e-01
5.621500000000000000e+03 1.641263229239746215e+04 1.403186502371791544e-01
5.628500000000000000e+03 1.653759601247623141e+04 1.403500148350667054e-01
5.635500000000000000e+03 1.663395586496949181e+04 1.400081907839670070e-01
5.642500000000000000e+03 1.676127507664316727e+04 1.401846617079989532e-01
5.649500000000000000e+03 1.697659526297065531e+04 1.386345728663669896e-01
5.656500000000000000e+03 1.667545884571631905e+04 1.414322593751350665e-01
5.663500000000000000e+03 1.671550605607288890e+04 1.398402477522817933e-01
5.670500000000000000e+03 1.673439933933739667e+04 1.414620869757584609e-01
5.677500000000000000e+03 1.709750020359180417e+04 1.413576611633463043e-01
5.684500000000000000e+03 1.710786276778854153e+04 1.405327395428813131e-01
5.691500000000000000e+03 1.733693293117597204e+04 1.423104657597374922e-01
5.698500000000000000e+03 1.745929640957003357e+04 1.408538326367056726e-01
5.705500000000000000e+03 1.760148445212364095e+04 1.386382290407371654e-01
5.712500000000000000e+03 1.778594396829168181e+04 1.416249489956138974e-01
5.719500000000000000e+03 1.742152263789783319e+04 1.426002590881935150e-01
5.726500000000000000e+03 1.763988056718129155e+04 1.425786657066570318e-01
5.733500000000000000e+03 1.784706575453607002e+04 1.403442228986307994e-01
5.740500000000000000e+03 1.818420501984645671e+04 1.401251942821009899e-01
5.747500000000000000e+03 1.812364611714728744e+04 1.379343047213560935e-01
5.754500000000000000e+03 1.795479326734187634e+04 1.383625749771079938e-01
5.761500000000000000e+03 1.821665797980562274e+04 1.380302130922139991e-01
5.768500000000000000e+03 1.831498288307040275e+04 1.383335091257808513e-01
5.775500000000000000e+03 1.806265914685608732e+04 1.390480007284028707e-01
5.782500000000000000e+03 1.867678235986224536e+04 1.362501961943875795e-01
5.789500000000000000e+03 1.895533527417009827e+04 1.350647617835078196e-01
5.796500000000000000e+03 1.907119631800895877e+04 1.318086523863223058e-01
5.803500000000000000e+03 1.911769933527114335e+04 1.329988311934801049e-01
5.810500000000000000e+03 1.896233370850456049e+04 1.331769583067672069e-01
5.817500000000000000e+03 1.941765848863152132e+04 1.320112299502393116e-01
5.824500000000000000e+03 1.934425572284556620e+04 1.330847405061354460e-01
5.831500000000000000e+03 1.898686600939872369e+04 1.316563743998442060e-01
5.838500000000000000e+03 1.934809287033768123e+04 1.305495620435506432e-01
5.845500000000000000e+03 1.900566959113637131e+04 1.329443402068644642e-01
5.852500000000000000e+03 1.961204333384161146e+04 1.320649720921706904e-01
5.859500000000000000e+03 1.942582390109268817e+04 1.307501626600058586e-01
5.866500000000000000e+03 1.930056032711202351e+04 1.325457676162075937e-01
5.873500000000000000e+03 1.882705958650628236e+04 1.361764477739456913e-01
5.880500000000000000e+03 1.881047916198083112e+04 1.344695995022330559e-01
5.887500000000000000e+03 1.823325266705527611e+04 1.410305662885756040e-01
5.894500000000000000e+03 1.829066546092930002e+04 1.422266623661159746e-01
5.901500000000000000e+03 1.781745356511852151e+04 1.477381368772876791e-01
5.908500000000000000e+03 1.788284573190149968e+04 1.450143596581534855e-01
5.915500000000000000e+03 1.802950139644974115e+04 1.450551774559429297e-01
5.922500000000000000e+03 1.820257103340404501e+04 1.428703155745596198e-01
5.929500000000000000e+03 1.799551077207745038e+04 1.438459316712182301e-01
5.936500000000000000e+03 1.829345298477761025e+04 1.434487364636658213e-01
5.943500000000000000e+03 1.847381263784191106e+04 1.395373110013199136e-01
5.950500000000000000e+03 1.822945800105771195e+04 1.417204133933931409e-01
5.957500000000000000e+03 1.857823381988505207e+04 1.401028822927228301e-01
5.964500000000000000e+03 1.879586066521367320e+04 1.378549279534082295e-01
5.971500000000000000e+03 1.940163150801186930e+04 1.327705385350090306e-01
5.978500000000000000e+03 1.900082285928300553e+04 1.357987299952141125e-01
5.985500000000000000e+03 1.904732169106460788e+04 1.350361660810084630e-01
5.992500000000000000e+03 1.921638153877919467e+04 1.335191885461071148e-01
5.999500000000000000e+03 1.936955469588783671e+04 1.302802718401668836e-01
6.006500000000000000e+03 1.968063087388161875e+04 1.302448007754937742e-01
6.013500000000000000e+03 1.965404051330239236e+04 1.297135131587650314e-01
6.020500000000000000e+03 1.966121303503607123e+04 1.284992652949916991e-01
6.027500000000000000e+03 1.976951737867944030e+04 1.267144609996245508e-01
6.034500000000000000e+03 2.012810572613107797e+04 1.266910400952976634e-01
6.041500000000000000e+03 2.005735778126824516e+04 1.257934644944313229e-01
6.048500000000000000e+03 1.983727315073370119e+04 1.260302859446988666e-01
6.055500000000000000e+03 2.033919564223553607e+04 1.234580113388240863e-01
6.062500000000000000e+03 2.033637546390852731e+04 1.241454563062195510e-01
6.069500000000000000e+03 2.058543046217108349e+04 1.222719686552270896e-01
6.076500000000000000e+03 2.062447930069261565e+04 1.215023363290434755e-01
6.083500000000000000e+03 2.052970276952341010e+04 1.201916187568747713e-01
6.090500000000000000e+03 1.992045178560515342e+04 1.219342355707868780e-01
6.097500000000000000e+03 2.032694992800375258e+04 1.189079343838621433e-01
6.104500000000000000e+03 2.025456843979860423e+04 1.202020383587818625e-01
6.111500000000000000e+03 2.043150630002552498e+04 1.177828868852271865e-01
6.118500000000000000e+03 2.059998785956394204e+04 1.175324201090253706e-01
6.125500000000000000e+03 2.036240138001817104e+04 1.183844114955516919e-01
6.132500000000000000e+03 2.039991152580374546e+04 1.157684670683582356e-01
6.139500000000000000e+03 2.074938794382523338e+04 1.147750347115812225e-01
6.146500000000000000e+03 2.118569914188253097e+04 1.123914144516614672e-01
6.153500000000000000e+03 2.049272457552349078e+04 1.137751012571804887e-01
6.160500000000000000e+03 2.070305455635775070e+04 1.124355600503592345e-01
6.167500000000000000e+03 2.125670026180858986e+04 1.092228411861765197e-01
6.174500000000000000e+03 2.103400447331065880e+04 1.124131198833272643e-01
6.181500000000000000e+03 2.129158311497206159e+04 1.091037186177716556e-01
6.188500000000000000e+03 2.138565622685496055e+04 1.106480024347144542e-01
6.195500000000000000e+03 2.131462543464420742e+04 1.099539620644014448e-01
6.202500000000000000e+03 2.160764347196834569e+04 1.102305314432841105e-01
6.209500000000000000e+03 2.132274493423477179e+04 1.052083880993146259e-01
6.216500000000000000e+03 2.148309307228941179e+04 1.065436161335837489e-01
6.223500000000000000e+03 2.140265330490794804e+04 1.061696737100245452e-01
6.230500000000000000e+03 2.159492296022373193e+04 1.057098400983115111e-01
6.237500000000000000e+03 2.134995012362504349e+04 1.069912442348843334e-01
6.244500000000000000e+03 2.160742375691158304e+04 1.032274798081996570e-01
6.251500000000000000e+03 2.164097231820034722e+04 1.025293989258882765e-01
6.258500000000000000e+03 2.132810236361966599e+04 1.096289743602547467e-01
6.265500000000000000e+03 2.090673647289693326e+04 1.102010887690346996e-01
6.272500000000000000e+03 2.120437685907368723e+04 1.102716238937774262e-01
6.279500000000000000e+03 2.081324136865976470e+04 1.092991220207753661e-01
6.286500000000000000e+03 2.004467034369877365e+04 1.145949683582242057e-01
6.293500000000000000e+03 2.044050145238318873e+04 1.139301987950141204e-01
6.300500000000000000e+03 2.095213514822833895e+04 1.064969418578294164e-01
6.307500000000000000e+03 2.103016506592109727e+04 1.074567043932412591e-01
6.314500000000000000e+03 2.128944235297753039e+04 1.027945561497508459e-01
6.321500000000000000e+03 2.164276565807917359e+04 1.024161700564899524e-01
6.328500000000000000e+03 2.194956164219991842e+04 1.001728180347440933e-01
6.335500000000000000e+03 2.193040654807033206e+04 9.889841188778808467e-02
6.342500000000000000e+03 2.206609397835909112e+04 9.653816868131552542e-02
6.349500000000000000e+03 2.213647039692307590e+04 9.553090563224082843e-02
6.356500000000000000e+03 2.219405339387504500e+04 9.493768573468680527e-02
6.363500000000000000e+03 2.266160325236141216e+04 9.361942270009346312e-02
6.370500000000000000e+03 2.246119725313504750e+04 9.494048854744209509e-02
6.377500000000000000e+03 2.240668337203988267e+04 9.314707963447825534e-02
6.384500000000000000e+03 2.195790896955380595e+04 9.573973946939295931e-02
6.391500000000000000e+03 2.257036343940219012e+04 9.350155767676815444e-02
6.398500000000000000e+03 2.220761814320824124e+04 9.280761650868765700e-02
6.405500000000000000e+03 2.224922800392353383e+04 9.254984529607777899e-02
6.412500000000000000e+03 2.242538137367210584e+04 9.055438350980535289e-02
6.419500000000000000e+03 2.277290247023087431e+04 9.119364201943670756e-02
6.426500000000000000e+03 2.255767007079271571e+04 9.103047366271152518e-02
6.433500000000000000e+03 2.226808984957705616e+04 9.305352835376076714e-02
6.440500000000000000e+03 2.252376879763948818e+04 8.868869925323862036e-02
6.447500000000000000e+03 2.262218982733503435e+04 8.898065851833189543e-02
6.454500000000000000e+03 2.241064048851285042e+04 9.174059094577032003e-02
6.461500000000000000e+03 2.211789733475850153e+04 9.324275568511528056e-02
6.468500000000000000e+03 2.142780367725817632e+04 9.710902369375928878e-02
6.475500000000000000e+03 2.122117682690047513e+04 9.956316725964060865e-02
6.482500000000000000e+03 2.162362399502591506e+04 9.692281109653505533e-02
6.489500000000000000e+03 2.137425864472331159e+04 9.529393418551118655e-02
6.496500000000000000e+03 2.114652183586833780e+04 9.737307824468896533e-02
6.503500000000000000e+03 2.142739925592852160e+04 9.479746367691119224e-02
6.510500000000000000e+03 2.146798591228946680e+04 9.136089650608140988e-02
6.517500000000000000e+03 2.083775250815013715e+04 9.380454858706523125e-02
6.524500000000000000e+03 2.063181346756042331e+04 9.636638105610845217e-02
6.531500000000000000e+03 1.974814059672510484e+04 9.649971320730413304e-02
6.538500000000000000e+03 1.881015050023779622e+04 9.588515740719212588e-02
6.545500000000000000e+03 1.840399964676227319e+04 9.002503691222188409e-02
6.552500000000000000e+03 1.754210518599923307e+04 8.704340606694963012e-02
6.559500000000000000e+03 1.690310689095323323e+04 7.470177395889975036e-02
6.566500000000000000e+03 1.714930165694905736e+04 6.036935408479593423e-02
6.573500000000000000e+03 1.755479614779927942e+04 5.967037909512858118e-02
6.580500000000000000e+03 1.778295145106795826e+04 7.855595655256199239e-02
6.587500000000000000e+03 1.880161276479578009e+04 9.043768876419491787e-02
6.594500000000000000e+03 1.999489644616763690e+04 9.038536235964525489e-02
6.601500000000000000e+03 2.112172191265054425e+04 8.417292834836645476e-02
6.608500000000000000e+03 2.196056477538391118e+04 8.085891837839727370e-02
6.615500000000000000e+03 2.227190881378883205e+04 7.828733134108711855e-02
6.622500000000000000e+03 2.293699968723988059e+04 7.738992943620381926e-02
6.629500000000000000e+03 2.287381249130903598e+04 7.805324534843877116e-02
6.636500000000000000e+03 2.355316161717382784e+04 7.430821658236871907e-02
6.643500000000000000e+03 2.346051805533753213e+04 7.570314042971927615e-02
6.650500000000000000e+03 2.305784939467081858e+04 7.581594369957676827e-02
6.657500000000000000e+03 2.311078875785094351e+04 7.646893155745558557e-02
6.664500000000000000e+03 2.318276410259831027e+04 7.426621629948275405e-02
6.671500000000000000e+03 2.361773793701579416e+04 7.382151452850929663e-02
6.678500000000000000e+03 2.389684693154671913e+04 7.342379362942647036e-02
6.685500000000000000e+03 2.413243560213888122e+04 7.104135970066481620e-02
6.692500000000000000e+03 2.332188046725708045e+04 7.353015701478683719e-02
6.699500000000000000e+03 2.390436437315991861e+04 7.132980134010180606e-02
6.706500000000000000e+03 2.338545736446551018e+04 7.371359935690241505e-02
6.713500000000000000e+03 2.365423529656364917e+04 6.935216614226698273e-02
6.720500000000000000e+03 2.342938464826301788e+04 7.183417597913897834e-02
6.727500000000000000e+03 2.404058671868197416e+04 7.031741295408298897e-02
6.734500000000000000e+03 2.381334694241283069e+04 6.843865448289654374e-02
6.741500000000000000e+03 2.381082948264967854e+04 6.749051596930490116e-02
6.748500000000000000e+03 2.365827342688288263e+04 6.769631993024362304e-02
6.755500000000000000e+03 2.376479893197937054e+04 6.856476291410919244e-02
6.762500000000000000e+03 2.337240457450013128e+04 6.968200900229232220e-02
6.769500000000000000e+03 2.397438462851102304e+04 6.788729773078561180e-02
6.776500000000000000e+03 2.369697524940238509e+04 6.782776354965537602e-02
6.783500000000000000e+03 2.360693452124508622e+04 6.682331049918435739e-02
6.790500000000000000e+03 2.346467738551535149e+04 6.742081685419730464e-02
6.797500000000000000e+03 2.371575575120553913e+04 6.665668927097105623e-02
6.804500000000000000e+03 2.378229733834393483e+04 6.626557839032909403e-02
6.811500000000000000e+03 2.379089550900747417e+04 6.681742344911191511e-02
6.818500000000000000e+03 2.385812195781481569e+04 6.680811617906354249e-02
6.825500000000000000e+03 2.400129367253978489e+04 6.693628695829771658e-02
6.832500000000000000e+03 2.357520335532504032e+04 6.616098688466610922e-02
6.839500000000000000e+03 2.380924219627397179e+04 6.458812448690058605e-02
6.846500000000000000e+03 2.251202619729220169e+04 7.526358818189123057e-02
6.853500000000000000e+03 2.058123669163652448e+04 9.468331440847153890e-02
6.860500000000000000e+03 1.865350942444794055e+04 1.087755257380505630e-01
6.867500000000000000e+03 1.843963378145128081e+04 8.215473835882951270e-02
6.874500000000000000e+03 1.671300447518122019e+04 9.613231742331239393e-02
6.881500000000000000e+03 1.512693113312524838e+04 1.344712081815689353e-01
6.888500000000000000e+03 1.584936094712864178e+04 1.298545981757393275e-01
6.895500000000000000e+03 1.722610156470608126e+04 1.093940900572595160e-01
6.902500000000000000e+03 1.786086437736573498e+04 1.052294763848844322e-01
6.909500000000000000e+03 1.858702244872127631e+04 9.945653683149681401e-02
6.916500000000000000e+03 1.906026455785214421e+04 9.767998052712513479e-02
6.923500000000000000e+03 1.966135077229041053e+04 9.514283469789962255e-02
6.930500000000000000e+03 1.916045103664532871e+04 9.621440762060237684e-02
6.937500000000000000e+03 1.960654373646252498e+04 9.049940159613149848e-02
6.944500000000000000e+03 1.998598725757824286e+04 8.910771185283634932e-02
6.951500000000000000e+03 2.042007506504562843e+04 8.501780578228182450e-02
6.958500000000000000e+03 2.128830012928302313e+04 7.844459397946709767e-02
6.965500000000000000e+03 2.163639393821321573e+04 7.667298824678289715e-02
6.972500000000000000e+03 2.187567014356377331e+04 7.361780221975697258e-02
6.979500000000000000e+03 2.164235347758819262e+04 7.382361960048079708e-02
6.986500000000000000e+03 2.157115653027587905e+04 7.291478807176339505e-02
6.993500000000000000e+03 2.120865220051795768e+04 7.544621928677844314e-02
7.000500000000000000e+03 2.086493556846883075e+04 7.886666365048762561e-02
7.007500000000000000e+03 2.040454551910638838e+04 7.919485457154890051e-02
7.014500000000000000e+03 2.078081366179865654e+04 7.639655049668284126e-02
7.021500000000000000e+03 2.083098252870708166e+04 7.464592872451024375e-02
7.028500000000000000e+03 2.099208584224494189e+04 7.271963243708448599e-02
7.035500000000000000e+03 2.134054239989244888e+04 7.297162319163005839e-02
7.042500000000000000e+03 2.157457534737353853e+04 6.903354754920780489e-02
7.049500000000000000e+03 2.165453849259792332e+04 6.852324590650957226e-02
7.056500000000000000e+03 2.216793396065252819e+04 6.676133450980042960e-02
7.063500000000000000e+03 2.223343063845450160e+04 6.489944124786241331e-02
7.070500000000000000e+03 2.204273050470710950e+04 6.440940705051424742e-02
7.077500000000000000e+03 2.169425457255992660e+04 6.368367980256767202e-02
7.084500000000000000e+03 2.203696752028966876e+04 6.254393674059773034e-02
7.091500000000000000e+03 2.211975252034989171e+04 6.168581560569269540e-02
7.098500000000000000e+03 2.208909111798342929e+04 6.150029512220444444e-02
7.105500000000000000e+03 2.209221404306127442e+04 5.850482469579031813e-02
7.112500000000000000e+03 2.197623595920819207e+04 5.925443719792031910e-02
7.119500000000000000e+03 2.193536803266904099e+04 6.000225292968932450e-02
7.126500000000000000e+03 2.196216034225868862e+04 5.763406884434072591e-02
7.133500000000000000e+03 2.161536445615254343e+04 6.212296480884980238e-02
7.140500000000000000e+03 2.166001209996915713e+04 6.030089561316701735e-02
7.147500000000000000e+03 2.074282836566410333e+04 6.740633383011353230e-02
7.154500000000000000e+03 2.004955656519954209e+04 7.893950810565397713e-02
7.161500000000000000e+03 1.882343940194786774e+04 8.892084965813831787e-02
7.168500000000000000e+03 1.680206455131194889e+04 1.011829604120247500e-01
7.175500000000000000e+03 1.558083382115823770e+04 1.135884877846490004e-01
7.182500000000000000e+03 1.492435749598507755e+04 1.199780598082229310e-01
7.189500000000000000e+03 1.456672372395859566e+04 1.219062878699426894e-01
7.196500000000000000e+03 1.518769395754273319e+04 1.162134747498314580e-01
7.203500000000000000e+03 1.576136413091563008e+04 1.052768624965108174e-01
7.210500000000000000e+03 1.661403925406063718e+04 1.049384365610186165e-01
7.217500000000000000e+03 1.700633436986912056e+04 1.048417286534246706e-01
7.224500000000000000e+03 1.696843742574606949e+04 1.010045951287860677e-01
7.231500000000000000e+03 1.696702442349623743e+04 9.370867681007040428e-02
7.238500000000000000e+03 1.648715960939603974e+04 9.394565066632586114e-02
7.245500000000000000e+03 1.578157653846351604e+04 1.061072513771353504e-01
7.252500000000000000e+03 1.561471510020160713e+04 1.106471899715461837e-01
7.259500000000000000e+03 1.533168780524535578e+04 1.127093106434227526e-01
7.266500000000000000e+03 1.563714321023212869e+04 1.084573598437871406e-01
7.273500000000000000e+03 1.598725674251605233e+04 1.022698980132013269e-01
7.280500000000000000e+03 1.609287654107719936e+04 1.041160909569082832e-01
7.287500000000000000e+03 1.560541730053130777e+04 1.045593907166553344e-01
7.294500000000000000e+03 1.616017403915742034e+04 9.929046554646545064e-02
7.301500000000000000e+03 1.635796507814041070e+04 9.814892694063161172e-02
7.308500000000000000e+03 1.673714044854281383e+04 9.253605827011346374e-02
7.315500000000000000e+03 1.749721429426078248e+04 8.850885500723298938e-02
7.322500000000000000e+03 1.792903064645869017e+04 8.179836973272046341e-02
7.329500000000000000e+03 1.904111698811373208e+04 7.244785891596532135e-02
7.336500000000000000e+03 1.921234736689147030e+04 7.045543293996883727e-02
7.343500000000000000e+03 1.891475942870436847e+04 6.872022900804360124e-02
7.350500000000000000e+03 1.921213010658612257e+04 6.667453792782955524e-02
7.357500000000000000e+03 1.939045474468794418e+04 6.447847935259351515e-02
7.364500000000000000e+03 1.951055775552853083e+04 6.326643534242613887e-02
7.371500000000000000e+03 1.940422281352241407e+04 6.262324666395542583e-02
7.378500000000000000e+03 1.937712293761873661e+04 6.208480524302215781e-02
7.385500000000000000e+03 1.973078946091613034e+04 5.656597608693222229e-02
7.392500000000000000e+03 1.989341165590063247e+04 5.372460376565167672e-02
7.399500000000000000e+03 1.992899167108056645e+04 5.101143085835958824e-02
7.406500000000000000e+03 1.979159194702835885e+04 5.104068188749103646e-02
7.413500000000000000e+03 2.034755401983358752e+04 4.818004646300168975e-02
7.420500000000000000e+03 2.038065644927807080e+04 4.872440696575743024e-02
7.427500000000000000e+03 2.020581530998370727e+04 4.580541410394473045e-02
7.434500000000000000e+03 1.995401727446431687e+04 4.734412164233575693e-02
7.441500000000000000e+03 2.082321295332309091e+04 4.646825201291905627e-02
7.448500000000000000e+03 2.026253286938479141e+04 4.396706815801276758e-02
7.455500000000000000e+03 2.046984661213718573e+04 4.394234267918547404e-02
7.462500000000000000e+03 2.025711654705651381e+04 4.399394588719447025e-02
7.469500000000000000e+03 2.026118447587127230e+04 4.426061043336335793e-02
7.476500000000000000e+03 2.028461714847881012e+04 4.120960669454043490e-02
7.483500000000000000e+03 1.970466537777742633e+04 4.433251792314124584e-02
7.490500000000000000e+03 1.993528540431515285e+04 4.415263012369763373e-02
7.497500000000000000e+03 1.981184409840117587e+04 4.484062089623747083e-02
7.504500000000000000e+03 2.005726597616213985e+04 4.288943860534059904e-02
7.511500000000000000e+03 2.003831584235789342e+04 4.288068178394271318e-02
7.518500000000000000e+03 1.961660459939613065e+04 4.338266261747109054e-02
7.525500000000000000e+03 2.003629667577234068e+04 4.296593205907355689e-02
7.532500000000000000e+03 2.015614446661820330e+04 4.167475511835014301e-02
7.539500000000000000e+03 1.931938765414865338e+04 4.394058192433273474e-02
7.546500000000000000e+03 1.974135012920791632e+04 4.190850340064147805e-02
7.553500000000000000e+03 1.972363578421483908e+04 4.281918587845531116e-02
7.560500000000000000e+03 1.929100357456956772e+04 4.588210667084473282e-02
7.567500000000000000e+03 1.898693384541321575e+04 4.525418672878900317e-02
7.574500000000000000e+03 1.734046597213514178e+04 6.324513827189150172e-02
7.581500000000000000e+03 1.360125914981863934e+04 1.171225609233539217e-01
7.588500000000000000e+03 9.684210533865973048e+03 1.677852529739437271e-01
7.595500000000000000e+03 7.722372474916749525e+03 1.253227581449422590e-01
7.602500000000000000e+03 6.246050516327113655e+03 6.388365202757617656e-02
7.609500000000000000e+03 3.453663532641257916e+03 2.399314658724397975e-01
7.616500000000000000e+03 2.495740267216756820e+03 3.969920973906934103e-01
7.623500000000000000e+03 3.100802221215019927e+03 3.558780638441476629e-01
7.630500000000000000e+03 3.985300707405276626e+03 2.707225374654022021e-01
7.637500000000000000e+03 4.678592907126487262e+03 2.430352755920892061e-01
7.644500000000000000e+03 5.666843247351645914e+03 2.241541060300721033e-01
7.651500000000000000e+03 7.065177927524234292e+03 1.927834227651125942e-01
7.658500000000000000e+03 9.111758473317968310e+03 1.538758224479934988e-01
7.665500000000000000e+03 1.097359995196237287e+04 1.248538791442883045e-01
7.672500000000000000e+03 1.257517629747903811e+04 9.982507294483654314e-02
7.679500000000000000e+03 1.414807973212736761e+04 8.053904920764076714e-02
7.686500000000000000e+03 1.513611528862226078e+04 6.997421196113459696e-02
7.693500000000000000e+03 1.586479422443853218e+04 6.037311985009151394e-02
7.700500000000000000e+03 1.645690304900479532e+04 5.439002452470213800e-02
7.707500000000000000e+03 1.714465659043209234e+04 4.784025451121746292e-02
7.714500000000000000e+03 1.683538821584711695e+04 4.734248534466131003e-02
7.721500000000000000e+03 1.730491702033435649e+04 4.387905201525686694e-02
7.728500000000000000e+03 1.724400327102881784e+04 4.246598638104197299e-02
7.735500000000000000e+03 1.687972729062492363e+04 4.206797066944655689e-02
7.742500000000000000e+03 1.740497653160696427e+04 4.123954068860354732e-02
7.749500000000000000e+03 1.717991213780963517e+04 4.168478282898750720e-02
7.756500000000000000e+03 1.695798268271720008e+04 4.094907407982715380e-02
7.763500000000000000e+03 1.701622324285552168e+04 3.705128388648035870e-02
7.770500000000000000e+03 1.704149891425633177e+04 3.652539732837363495e-02
7.777500000000000000e+03 1.666235301083357626e+04 3.838205735328190787e-02
7.784500000000000000e+03 1.699264956859918311e+04 4.007396747456832414e-02
7.791500000000000000e+03 1.679032697595753416e+04 3.959495791551160410e-02
7.798500000000000000e+03 1.672309381085814312e+04 3.859993798443266122e-02
7.805500000000000000e+03 1.703167700325054830e+04 3.527279630524968179e-02
7.812500000000000000e+03 1.659574849734474265e+04 3.698945458527120450e-02
7.819500000000000000e+03 1.667101456990789666e+04 3.739530412873549869e-02
7.826500000000000000e+03 1.651310844744011774e+04 3.745590158122305557e-02
7.833500000000000000e+03 1.647444190927410455e+04 3.564402698355635668e-02
7.840500000000000000e+03 1.633014284103383579e+04 3.700844211756430108e-02
7.847500000000000000e+03 1.621477830204437305e+04 3.632716089160247658e-02
7.854500000000000000e+03 1.605424511963575424e+04 3.875659611263443383e-02
7.861500000000000000e+03 1.590585246350667148e+04 3.995855421457829293e-02
7.868500000000000000e+03 1.569608134449327372e+04 4.136620049808421851e-02
7.875500000000000000e+03 1.527003853900916147e+04 4.627823077506936639e-02
7.882500000000000000e+03 1.514815201683914347e+04 4.645462943665298883e-02
7.889500000000000000e+03 1.477795965085798707e+04 4.826880201898132300e-02
7.896500000000000000e+03 1.458598504865548603e+04 4.758788410570665567e-02
7.903500000000000000e+03 1.445885810636231508e+04 5.071819814120595571e-02
7.910500000000000000e+03 1.454728700904635298e+04 4.748239146358015916e-02
7.917500000000000000e+03 1.457702588784972068e+04 4.769439496247922933e-02
7.924500000000000000e+03 1.491097039344897166e+04 4.416989123947308304e-02
7.931500000000000000e+03 1.464904607601387215e+04 4.233469370170429152e-02
7.938500000000000000e+03 1.441768952638259543e+04 4.631223806969449880e-02
7.945500000000000000e+03 1.461626389668072079e+04 4.497105629195020243e-02
7.952500000000000000e+03 1.425433596253323049e+04 4.517759758454088087e-02
7.959500000000000000e+03 1.444660517370275556e+04 4.446482036576403229e-02
7.966500000000000000e+03 1.398321484286658779e+04 4.488861678039276354e-02
7.973500000000000000e+03 1.389931058829938047e+04 4.780446656245414261e-02
7.980500000000000000e+03 1.413837861642489224e+04 4.496703333305519107e-02
7.987500000000000000e+03 1.401121854588025599e+04 4.417243968321599157e-02
7.994500000000000000e+03 1.399757167555995147e+04 4.460099013362421594e-02
8.001500000000000000e+03 1.388096274623449790e+04 4.412990194794206428e-02
8.008500000000000000e+03 1.359924540520702067e+04 4.610714168548377123e-02
8.015500000000000000e+03 1.341424838078428911e+04 4.774206244151514567e-02
8.022500000000000000e+03 1.357784487044443449e+04 4.741505865922678725e-02
8.029500000000000000e+03 1.353009425687291332e+04 4.619073727471562085e-02
8.036500000000000000e+03 1.373351036421256686e+04 4.365384606157136221e-02
8.043500000000000000e+03 1.351398514609145786e+04 4.323192333919773089e-02
8.050500000000000000e+03 1.408370637410456220e+04 4.063854461521276829e-02
8.057500000000000000e+03 1.390734906701117870e+04 4.286327018004973399e-02
8.064500000000000000e+03 1.367575188020819769e+04 3.994924203565047849e-02
8.071500000000000000e+03 1.377732022036518902e+04 3.920109722795986351e-02
8.078500000000000000e+03 1.373160651189388409e+04 4.040735090736368579e-02
8.085500000000000000e+03 1.340565478666946910e+04 4.227417837164156034e-02
8.092500000000000000e+03 1.340974575805139284e+04 4.206915983085457444e-02
8.099500000000000000e+03 1.283307815135163946e+04 4.620138230433038645e-02
8.106500000000000000e+03 1.294681048967859351e+04 5.034317270478938511e-02
8.113500000000000000e+03 1.229674919697328369e+04 5.543130562440059389e-02
8.120500000000000000e+03 1.170106119683167526e+04 6.354114710888317252e-02
8.127500000000000000e+03 1.117539952724834257e+04 6.994349771032372376e-02
8.134500000000000000e+03 1.071897828667983595e+04 7.615542273229855552e-02
8.141500000000000000e+03 1.008030576165572711e+04 8.757119776322089266e-02
8.148500000000000000e+03 9.361504044051198434e+03 9.488189271990957185e-02
8.155500000000000000e+03 9.021591197001927867e+03 9.757286882552937413e-02
8.162500000000000000e+03 8.962377833285696397e+03 9.323120210944776942e-02
8.169500000000000000e+03 8.959786511400596282e+03 9.687937225895114357e-02
8.176500000000000000e+03 8.820477115169518584e+03 9.945743358936304235e-02
8.183500000000000000e+03 9.149017682033516394e+03 9.140915862761025967e-02
8.190500000000000000e+03 9.636046494980737407e+03 8.136490093471354657e-02
8.197500000000000000e+03 1.022110880573545546e+04 7.274535342179584696e-02
8.204500000000000000e+03 1.011452947868191222e+04 8.006073130516437597e-02
8.211500000000000000e+03 9.723691416468307580e+03 9.116340514572326970e-02
8.218500000000000000e+03 9.257961084812932313e+03 8.935599761174384259e-02
8.225500000000000000e+03 9.245338240524068169e+03 7.206321187509713566e-02
8.232500000000000000e+03 9.279575369065856648e+03 6.880891690756001100e-02
8.239500000000000000e+03 9.182269174659226337e+03 8.881559094167429391e-02
8.246500000000000000e+03 9.958783507164274852e+03 8.168967948965262516e-02
8.253500000000000000e+03 1.062834901419300149e+04 6.350283574361720307e-02
8.260500000000000000e+03 1.034463820765529272e+04 6.588575949872743642e-02
8.267500000000000000e+03 1.000537716680277663e+04 7.160488442509030382e-02
8.274500000000000000e+03 1.010815979241241985e+04 6.854145479764620075e-02
8.281500000000000000e+03 9.980813053237385247e+03 6.841788093898665268e-02
8.288500000000000000e+03 1.001114493759361721e+04 7.040495977260068095e-02
8.295500000000000000e+03 9.905666399578427445e+03 7.037439801034160725e-02
8.302500000000000000e+03 1.014153663532628707e+04 7.086468631129103080e-02
8.309500000000000000e+03 1.003156035309167783e+04 6.835390608446752225e-02
8.316500000000000000e+03 1.029824601287240148e+04 6.061822529303610707e-02
8.323500000000000000e+03 1.034299297998698603e+04 5.962692452246923930e-02
8.330500000000000000e+03 1.017925182362824671e+04 5.957021611373979064e-02
8.337500000000000000e+03 1.071712331001988787e+04 5.508846012322240332e-02
8.344500000000000000e+03 1.048017280592674069e+04 5.608840689772395111e-02
8.351500000000000000e+03 1.101595322399980978e+04 5.094757307246015193e-02
8.358500000000000000e+03 1.115343724817631482e+04 4.756100527995171107e-02
8.365500000000000000e+03 1.110961640655364317e+04 4.711660354340860973e-02
8.372500000000000000e+03 1.091486793891909838e+04 4.569190064827748088e-02
8.379500000000000000e+03 1.160821420363310972e+04 3.892860890561188753e-02
8.386500000000000000e+03 1.124813428032260344e+04 4.141549124459543985e-02
8.393500000000000000e+03 1.127902125833779064e+04 3.884674238666673690e-02
8.400500000000000000e+03 1.137859093241779738e+04 3.685091752312381203e-02
8.407500000000000000e+03 1.121627418020153164e+04 3.825313773513456389e-02
8.414500000000000000e+03 1.112151087516154075e+04 3.631819425981148985e-02
8.421500000000000000e+03 1.139851311022415393e+04 3.562882687366840384e-02
8.428500000000000000e+03 1.107503491780138211e+04 3.528309210748162977e-02
8.435500000000000000e+03 1.114512592234737713e+04 3.224377327707335372e-02
8.442500000000000000e+03 1.076923825983403731e+04 3.563768133851267367e-02
8.449500000000000000e+03 1.122103443843762943e+04 3.121735385342743960e-02
8.456500000000000000e+03 1.103505348387894264e+04 3.259151919529407193e-02
8.463500000000000000e+03 1.103301982820079320e+04 2.988891743034341464e-02
8.470500000000000000e+03 1.083029200737084466e+04 3.188964235028687172e-02
8.477500000000000000e+03 1.098711055637355457e+04 3.144310940506397922e-02
8.484500000000000000e+03 1.077943129911679534e+04 3.321553325236045046e-02
8.491500000000000000e+03 1.080368662021552154e+04 3.137459801354587630e-02
8.498500000000000000e+03 1.098037382080501266e+04 2.944643391741651531e-02
8.505500000000000000e+03 1.074123258126641304e+04 2.645969737226933419e-02
8.512500000000000000e+03 1.068037152411660463e+04 2.922797145791941956e-02
8.519500000000000000e+03 1.096284522914847184e+04 2.956492160206115882e-02
8.526500000000000000e+03 1.052587179681663110e+04 3.664581743104070033e-02
8.533500000000000000e+03 1.074771638543149129e+04 3.381616497516336250e-02
8.540500000000000000e+03 1.038878493308620637e+04 2.722609574013766173e-02
8.547500000000000000e+03 1.059299258207210187e+04 2.109849199351087126e-02
8.554500000000000000e+03 1.066016562179412904e+04 2.173464064049267230e-02
8.561500000000000000e+03 1.063633331050885863e+04 3.034995710470026961e-02
8.568500000000000000e+03 1.053775248836872743e+04 3.640696082492636543e-02
8.575500000000000000e+03 1.039110378837982535e+04 3.686310793266298069e-02
8.582500000000000000e+03 1.067317783404930742e+04 3.031409332539942297e-02
8.589500000000000000e+03 1.057953874993792488e+04 2.434048267447704722e-02
8.596500000000000000e+03 1.078228832580446033e+04 2.167292429849661597e-02
8.603500000000000000e+03 1.076096227982650998e+04 2.142569832162097634e-02
8.610500000000000000e+03 1.060282578100054161e+04 1.990323317468044306e-02
8.617500000000000000e+03 1.058903580784525548e+04 2.590086954012621803e-02
8.624500000000000000e+03 1.066151831060777840e+04 3.175117196796064384e-02
8.631500000000000000e+03 1.068538713741903121e+04 3.377233834042878829e-02
8.638500000000000000e+03 1.076244897931098785e+04 3.534133602180097172e-02
8.645500000000000000e+03 1.042652595730304711e+04 3.462814219343302719e-02
8.652500000000000000e+03 1.017537882230732794e+04 2.879550279513648503e-02
8.659500000000000000e+03 1.003646705835909052e+04 1.959170464941702508e-02
8.666500000000000000e+03 1.017757834100316359e+04 1.153848254898200490e-02
8.673500000000000000e+03 1.004281407165269593e+04 1.053826993161577699e-02
8.680500000000000000e+03 1.016022267735243986e+04 2.039256033951966987e-02
8.687500000000000000e+03 1.040200622707754337e+04 3.032726099336923234e-02
8.694500000000000000e+03 1.058895191894412164e+04 3.205746127779932064e-02
8.701500000000000000e+03 1.088216909963850958e+04 2.965740703635947814e-02
8.708500000000000000e+03 1.073816419025103096e+04 3.261468038809774844e-02
8.715500000000000000e+03 1.054195496610562259e+04 3.223226284653606805e-02
8.722500000000000000e+03 1.038133704869959365e+04 3.421833089437983921e-02
8.729500000000000000e+03 1.024284339292557706e+04 3.118532695137552282e-02
8.736500000000000000e+03 1.013199352038699362e+04 2.469243202614104793e-02
8.743500000000000000e+03 9.820370222851739527e+03 1.452679809444385080e-02
8.750500000000000000e+03 9.974826666773362376e+03 9.252840298149217144e-03
8.757500000000000000e+03 9.510041635961411885e+03 1.624523030316921482e-02
8.764500000000000000e+03 9.780828092500109051e+03 2.436344196147385149e-02
8.771500000000000000e+03 1.003103460967343563e+04 2.943885139581210730e-02
8.778500000000000000e+03 1.033728984114629566e+04 3.175175001614998632e-02
8.785500000000000000e+03 1.058434978810395114e+04 3.047180214827226175e-02
8.792500000000000000e+03 1.085420939391375396e+04 2.742894892470204224e-02
8.799500000000000000e+03 1.078895502055370525e+04 3.090570122334590844e-02
8.806500000000000000e+03 1.102820254867447511e+04 2.652028581782931924e-02
8.813500000000000000e+03 1.077414350483287490e+04 2.790920332435648660e-02
8.820500000000000000e+03 1.056743836772801478e+04 2.887753339676795913e-02
8.827500000000000000e+03 1.048432346077220245e+04 2.949212053882892259e-02
8.834500000000000000e+03 1.025503637627104217e+04 2.781140511229267601e-02
8.841500000000000000e+03 9.697083570705746752e+03 3.015180878109813278e-02
8.848500000000000000e+03 9.570056441708384227e+03 2.844867810022341098e-02
8.855500000000000000e+03 9.168875674934999552e+03 2.237053762731606305e-02
8.862500000000000000e+03 9.016790337415584872e+03 1.409778428266950795e-02
8.869500000000000000e+03 8.992643361159636697e+03 1.093632661263142271e-02
8.876500000000000000e+03 9.174653361172817313e+03 1.568015754330957454e-02
8.883500000000000000e+03 9.259300944804508617e+03 3.031869936775727012e-02
8.890500000000000000e+03 9.601853661185141391e+03 3.417603850504664920e-02
8.897500000000000000e+03 9.847291628123311966e+03 3.281037878126007168e-02
8.904500000000000000e+03 1.007513860235779794e+04 3.297226493610246750e-02
8.911500000000000000e+03 9.890666346116739078e+03 3.600240235591510574e-02
8.918500000000000000e+03 1.011340285050250714e+04 3.661541027596401654e-02
8.925500000000000000e+03 9.831260219738960586e+03 3.961345886624086793e-02
8.932500000000000000e+03 9.338316120854444307e+03 4.898586650499340417e-02
8.939500000000000000e+03 9.008306502939543861e+03 5.731704930827405398e-02
8.946500000000000000e+03 8.522001719494744975e+03 6.727268441448958081e-02
8.953500000000000000e+03 7.782450544259342678e+03 7.578702670083378723e-02
8.960500000000000000e+03 7.314904336788712499e+03 8.166081672639785571e-02
8.967500000000000000e+03 6.939198101021757793e+03 8.910409440457470187e-02
8.974500000000000000e+03 6.335962878066719895e+03 1.058900529843538052e-01
8.981500000000000000e+03 6.006121483403359889e+03 1.146936195204204673e-01
8.988500000000000000e+03 5.801345319184812979e+03 9.821827014693543245e-02
8.995500000000000000e+03 5.309561646521621697e+03 1.097328444774302997e-01
9.002500000000000000e+03 5.093351328637144434e+03 1.052953846215084893e-01
9.009500000000000000e+03 5.389411629920788982e+03 8.834719388436780563e-02
9.016500000000000000e+03 5.505017279688269809e+03 8.064301914273373784e-02
9.023500000000000000e+03 5.821795062187999065e+03 7.165914473967803511e-02
9.030500000000000000e+03 6.341198695294882782e+03 7.669498723596490652e-02
9.037500000000000000e+03 6.750431686121335588e+03 7.672621368911509976e-02
9.044500000000000000e+03 7.051123101153109928e+03 7.816406873192424665e-02
9.051500000000000000e+03 7.242443337239817993e+03 7.938259003332202857e-02
9.058500000000000000e+03 6.914975548863753829e+03 8.827132344456395385e-02
9.065500000000000000e+03 6.637468713231489346e+03 8.481172791975080671e-02
9.072500000000000000e+03 6.284513059746898762e+03 8.875107873524301638e-02
9.079500000000000000e+03 5.809832049288940652e+03 1.053677356771942353e-01
9.086500000000000000e+03 5.766662959761987622e+03 1.132453697512192381e-01
9.093500000000000000e+03 5.771209339483561962e+03 1.148766463018733169e-01
9.100500000000000000e+03 6.197885747705334325e+03 1.029259619175528634e-01
9.107500000000000000e+03 6.000591110385727916e+03 1.068632791207158872e-01
9.114500000000000000e+03 5.830107337168024060e+03 1.196715205430415874e-01
9.121500000000000000e+03 5.694271425445828754e+03 1.219935121201510958e-01
9.128500000000000000e+03 5.753276621842011991e+03 1.080945694794095829e-01
9.135500000000000000e+03 5.832581730805296502e+03 1.084877677817077529e-01
9.142500000000000000e+03 5.236497488626590894e+03 1.405883183765750388e-01
9.149500000000000000e+03 5.293622465346164063e+03 1.222027561829923809e-01
9.156500000000000000e+03 5.743530306111802929e+03 1.076886012317112840e-01
9.163500000000000000e+03 5.363577994721817049e+03 1.315361868771047493e-01
9.170500000000000000e+03 5.495242645746263406e+03 1.176046318768450699e-01
9.177500000000000000e+03 5.881536365813887642e+03 9.657838555232900468e-02
9.184500000000000000e+03 6.011978244799491222e+03 9.927332791658431688e-02
9.191500000000000000e+03 6.179312269708475469e+03 8.919271850295651394e-02
9.198500000000000000e+03 6.493980952822194922e+03 8.091618196029752574e-02
9.205500000000000000e+03 6.317915635913603182e+03 7.805366018639099679e-02
9.212500000000000000e+03 6.048894949198367613e+03 7.009619065912588154e-02
9.219500000000000000e+03 5.774611184946052163e+03 6.234844105798959674e-02
9.226500000000000000e+03 5.647890726005609395e+03 5.609479710674657865e-02
9.233500000000000000e+03 5.341279486799045117e+03 5.997294123084628142e-02
9.240500000000000000e+03 5.379078190764619649e+03 6.805371709383985224e-02
9.247500000000000000e+03 5.432874209505548606e+03 8.284038609412745779e-02
9.254500000000000000e+03 5.666510377548201177e+03 8.764205738340444252e-02
9.261500000000000000e+03 5.615949555453777066e+03 9.605073892232039723e-02
9.268500000000000000e+03 5.275020224131674695e+03 1.135240508086513972e-01
9.275500000000000000e+03 4.877623449505224926e+03 1.246530915645369941e-01
9.282500000000000000e+03 4.328974151357942901e+03 1.460995782858632852e-01
9.289500000000000000e+03 3.650607981266458410e+03 1.766560892652302983e-01
9.296500000000000000e+03 3.211581771085962828e+03 1.910524582970103691e-01
9.303500000000000000e+03 2.796349499215950345e+03 2.135098964128668286e-01
9.310500000000000000e+03 2.235849631470888198e+03 2.463894622862211337e-01
9.317500000000000000e+03 1.836419043396680308e+03 2.614900415456012372e-01
9.324500000000000000e+03 1.380652150601044013e+03 3.172216102423406348e-01
9.331500000000000000e+03 1.052401973827311167e+03 3.629334318615007882e-01
9.338500000000000000e+03 1.083902544459568617e+03 3.297571867319590289e-01
9.345500000000000000e+03 1.021996480857255165e+03 3.496208074438458269e-01
9.352500000000000000e+03 9.660472138093739431e+02 3.755682640319467636e-01
9.359500000000000000e+03 1.048594564108356280e+03 3.667932889530488572e-01
9.366500000000000000e+03 1.094891870964034524e+03 3.444150962609582867e-01
9.373500000000000000e+03 1.342993907265602274e+03 2.982069773183149697e-01
9.380500000000000000e+03 1.815735545210417513e+03 2.446886725241243510e-01
9.387500000000000000e+03 2.142156951353849763e+03 2.536927628013287972e-01
9.394500000000000000e+03 2.346318514516684445e+03 2.615645446610181390e-01
9.401500000000000000e+03 2.694919570235390893e+03 2.201909675869362093e-01
9.408500000000000000e+03 2.622940495839367941e+03 2.134942934617499455e-01
9.415500000000000000e+03 2.338369531074365113e+03 2.438244561269286015e-01
9.422500000000000000e+03 2.162168969010302590e+03 2.384202480166717764e-01
9.429500000000000000e+03 2.044755907199236390e+03 2.349337266359173559e-01
9.436500000000000000e+03 1.820727640180625485e+03 2.444411837907137508e-01
9.443500000000000000e+03 1.848092853405336655e+03 2.453509076423452118e-01
9.450500000000000000e+03 1.667115241271817240e+03 2.904552332924146274e-01
9.457500000000000000e+03 1.810459081318497965e+03 2.567668741089421669e-01
9.464500000000000000e+03 1.790012581309046709e+03 2.665720950682429757e-01
9.471500000000000000e+03 1.847785410502699733e+03 2.706879054876289437e-01
9.478500000000000000e+03 2.100676466044644712e+03 2.347859863262799496e-01
9.485500000000000000e+03 1.912005472180095694e+03 2.718966435198343357e-01
9.492500000000000000e+03 1.982919323548617740e+03 2.386761887434889484e-01
9.499500000000000000e+03 2.204021819100118137e+03 1.933677571078121216e-01
9.506500000000000000e+03 1.678555883068290314e+03 2.827234660843312986e-01
9.513500000000000000e+03 1.676488587547660927e+03 2.858828698509767174e-01
9.520500000000000000e+03 1.960444226008514079e+03 2.147436294997441264e-01
9.527500000000000000e+03 1.745658718859535838e+03 2.405911478304920970e-01
9.534500000000000000e+03 1.578578935915807278e+03 2.667034404261806602e-01
9.541500000000000000e+03 1.721982557039238600e+03 2.239060522396796593e-01
9.548500000000000000e+03 1.800476371154905337e+03 1.981253344317827347e-01
9.555500000000000000e+03 1.821690299859362085e+03 2.019070068855202127e-01
9.562500000000000000e+03 1.948809536065044540e+03 1.986972472625328778e-01
9.569500000000000000e+03 1.967564193593942036e+03 2.182504190781044406e-01
9.576500000000000000e+03 1.958931032592585325e+03 2.411998049864266525e-01
9.583500000000000000e+03 2.206339665528903879e+03 2.109438973766616654e-01
9.590500000000000000e+03 2.465792379144571441e+03 1.733534868776505922e-01
9.597500000000000000e+03 2.406056797546732923e+03 1.967938205062385593e-01
9.604500000000000000e+03 2.505889676215218969e+03 2.110501360831365802e-01
9.611500000000000000e+03 2.767698643346407152e+03 1.925776362337884851e-01
9.618500000000000000e+03 3.022146473155021340e+03 1.601104023568326595e-01
9.625500000000000000e+03 3.036527011911679892e+03 1.628012746474199191e-01
9.632500000000000000e+03 2.881412212226262000e+03 1.737275430244763497e-01
9.639500000000000000e+03 3.355435882784771366e+03 1.376545552181103749e-01
9.646500000000000000e+03 3.250092240552487510e+03 1.502601570977945278e-01
9.653500000000000000e+03 3.305838910162736738e+03 1.623176503912388269e-01
9.660500000000000000e+03 3.696517730091774865e+03 1.284948854712044952e-01
9.667500000000000000e+03 4.135776884029365647e+03 1.070500598227411698e-01
9.674500000000000000e+03 4.223300969700469068e+03 1.082449314759704878e-01
9.681500000000000000e+03 4.780120824077876932e+03 9.149729286172704479e-02
9.688500000000000000e+03 5.013480453226404279e+03 8.303474237006075453e-02
9.695500000000000000e+03 5.221769044909751756e+03 7.189108605062814739e-02
9.702500000000000000e+03 5.273017138443277872e+03 6.656223140932814031e-02
9.709500000000000000e+03 5.190028711690452838e+03 7.276562265220777592e-02
9.716500000000000000e+03 5.037238381527219644e+03 7.563109818966833042e-02
9.723500000000000000e+03 4.725963679218270045e+03 8.737275721864747047e-02
9.730500000000000000e+03 4.504680271787486163e+03 8.888224636088626340e-02
9.737500000000000000e+03 4.438919136525822978e+03 8.817052571778595527e-02
9.744500000000000000e+03 4.140716271783231605e+03 9.960963754263189862e-02
9.751500000000000000e+03 4.235224296635383325e+03 9.668879607757506489e-02
9.758500000000000000e+03 4.371699653013743955e+03 8.268045422019046353e-02
9.765500000000000000e+03 4.374677213651811144e+03 8.925083629306930499e-02
9.772500000000000000e+03 4.426545533871006228e+03 9.133567410795147279e-02
9.779500000000000000e+03 4.627367774205241403e+03 7.981777584677841875e-02
9.786500000000000000e+03 4.624120306572363916e+03 7.603430173941994052e-02
9.793500000000000000e+03 4.695266338745775101e+03 7.090080505189166882e-02
9.800500000000000000e+03 4.728058926137959133e+03 6.815400077699056147e-02
9.807500000000000000e+03 4.922322860120677433e+03 6.773754943845064491e-02
9.814500000000000000e+03 4.931352860778085414e+03 6.528439038391423144e-02
9.821500000000000000e+03 5.115102232536695738e+03 5.277409529887788081e-02
9.828500000000000000e+03 5.041747630072750326e+03 5.194702790027320299e-02
9.835500000000000000e+03 5.229694893908839731e+03 5.086484421099780884e-02
9.842500000000000000e+03 5.202485152492021371e+03 4.587288622844819252e-02
9.849500000000000000e+03 5.286899905882761232e+03 3.903338658157707447e-02
9.856500000000000000e+03 5.394585826643166911e+03 3.989020843119200910e-02
9.863500000000000000e+03 5.389532146152920177e+03 3.497348543697800100e-02
9.870500000000000000e+03 5.449436486171080105e+03 2.865390175678977913e-02
9.877500000000000000e+03 5.391293465973991260e+03 2.701588220991674519e-02
9.884500000000000000e+03 5.546324726536653543e+03 2.832481797059036716e-02
9.891500000000000000e+03 5.367507139017619011e+03 2.652043639737665381e-02
9.898500000000000000e+03 5.448974212780970447e+03 2.481635025132815364e-02
9.905500000000000000e+03 5.322448277510586195e+03 2.397691778482297087e-02
9.912500000000000000e+03 5.324949871457914014e+03 2.582536054020758212e-02
9.919500000000000000e+03 5.274568931202733438e+03 2.287279713629129102e-02
9.926500000000000000e+03 5.148574094358892580e+03 2.261037723300382551e-02
9.933500000000000000e+03 5.193442023219025032e+03 2.275044002205576371e-02
9.940500000000000000e+03 5.109961355995277700e+03 2.094699464905295030e-02
9.947500000000000000e+03 5.058551745658488471e+03 1.998479450573145341e-02
9.954500000000000000e+03 5.144583504371520576e+03 1.856799441185273680e-02
9.961500000000000000e+03 4.786291654919496978e+03 2.337700832196164258e-02
9.968500000000000000e+03 4.883348986769762632e+03 2.120911586462467802e-02
9.975500000000000000e+03 4.848258448462325759e+03 1.817750748399598118e-02
9.982500000000000000e+03 4.709134856912295618e+03 1.929007266945772028e-02
9.989500000000000000e+03 4.661592708557574952e+03 1.869069263530490077e-02
9.996500000000000000e+03 4.784888870205585590e+03 1.163439244658191415e-02
