# wavelength angstroms, flux, ext coeff
5.551500000000000000e+03 8.989823670259254868e+03 1.535738741180248668e-01
5.558500000000000000e+03 9.611145535828973152e+03 1.447176341990280835e-01
5.565500000000000000e+03 9.832772140589228002e+03 1.415917957649868164e-01
5.572500000000000000e+03 1.009522342882845987e+04 1.403325882042725792e-01
5.579500000000000000e+03 1.004223750193566775e+04 1.369426738660603493e-01
5.586500000000000000e+03 9.934985635739507416e+03 1.384108433690834916e-01
5.593500000000000000e+03 9.686878864121294100e+03 1.402965696845879517e-01
5.600500000000000000e+03 9.245130427166781374e+03 1.391709213686886104e-01
5.607500000000000000e+03 9.077300697446074992e+03 1.394824807140349898e-01
5.614500000000000000e+03 8.953349510920401372e+03 1.410217644785484725e-01
5.621500000000000000e+03 9.432647408131761040e+03 1.403186502371791544e-01
5.628500000000000000e+03 9.920889463387964497e+03 1.403500148350667054e-01
5.635500000000000000e+03 1.046520543673445900e+04 1.400081907839670070e-01
5.642500000000000000e+03 1.095529554105488569e+04 1.401846617079989532e-01
5.649500000000000000e+03 1.135780072076323449e+04 1.386345728663669896e-01
5.656500000000000000e+03 1.153247026915845527e+04 1.414322593751350665e-01
5.663500000000000000e+03 1.182812570352546754e+04 1.398402477522817933e-01
5.670500000000000000e+03 1.191391784550469674e+04 1.414620869757584609e-01
5.677500000000000000e+03 1.221669080369733456e+04 1.413576611633463043e-01
5.684500000000000000e+03 1.267016020988922719e+04 1.405327395428813131e-01
5.691500000000000000e+03 1.289003229623480911e+04 1.423104657597374922e-01
5.698500000000000000e+03 1.324836530350887188e+04 1.408538326367056726e-01
5.705500000000000000e+03 1.356843763342016064e+04 1.386382290407371654e-01
5.712500000000000000e+03 1.372393994288855902e+04 1.416249489956138974e-01
5.719500000000000000e+03 1.429900669427969842e+04 1.426002590881935150e-01
5.726500000000000000e+03 1.478500079080475189e+04 1.425786657066570318e-01
5.733500000000000000e+03 1.535513785339874084e+04 1.403442228986307994e-01
5.740500000000000000e+03 1.543516677834960319e+04 1.401251942821009899e-01
5.747500000000000000e+03 1.541669701381694722e+04 1.379343047213560935e-01
5.754500000000000000e+03 1.511047843341535736e+04 1.383625749771079938e-01
5.761500000000000000e+03 1.503799992179276887e+04 1.380302130922139991e-01
5.768500000000000000e+03 1.479589252057464364e+04 1.383335091257808513e-01
5.775500000000000000e+03 1.499758101858270675e+04 1.390480007284028707e-01
5.782500000000000000e+03 1.532922546285759745e+04 1.362501961943875795e-01
5.789500000000000000e+03 1.543325147642498632e+04 1.350647617835078196e-01
5.796500000000000000e+03 1.560213474931195378e+04 1.318086523863223058e-01
5.803500000000000000e+03 1.548845907481390896e+04 1.329988311934801049e-01
5.810500000000000000e+03 1.551991314001604769e+04 1.331769583067672069e-01
5.817500000000000000e+03 1.558831486347731880e+04 1.320112299502393116e-01
5.824500000000000000e+03 1.594767609277046722e+04 1.330847405061354460e-01
5.831500000000000000e+03 1.627106917776169030e+04 1.316563743998442060e-01
5.838500000000000000e+03 1.625917818360280216e+04 1.305495620435506432e-01
5.845500000000000000e+03 1.617509129582522473e+04 1.329443402068644642e-01
5.852500000000000000e+03 1.610676247040152521e+04 1.320649720921706904e-01
5.859500000000000000e+03 1.583372250321257707e+04 1.307501626600058586e-01
5.866500000000000000e+03 1.544626221852206982e+04 1.325457676162075937e-01
5.873500000000000000e+03 1.475483758162215418e+04 1.361764477739456913e-01
5.880500000000000000e+03 1.420176283059790694e+04 1.344695995022330559e-01
5.887500000000000000e+03 1.372174425800627614e+04 1.410305662885756040e-01
5.894500000000000000e+03 1.377699952663894692e+04 1.422266623661159746e-01
5.901500000000000000e+03 1.402463383113482632e+04 1.477381368772876791e-01
5.908500000000000000e+03 1.446060888218279433e+04 1.450143596581534855e-01
5.915500000000000000e+03 1.459196972887594347e+04 1.450551774559429297e-01
5.922500000000000000e+03 1.473620559758242234e+04 1.428703155745596198e-01
5.929500000000000000e+03 1.500256009629098662e+04 1.438459316712182301e-01
5.936500000000000000e+03 1.504558863132403712e+04 1.434487364636658213e-01
5.943500000000000000e+03 1.548668059875218023e+04 1.395373110013199136e-01
5.950500000000000000e+03 1.542817603738616344e+04 1.417204133933931409e-01
5.957500000000000000e+03 1.581235981363433166e+04 1.401028822927228301e-01
5.964500000000000000e+03 1.621276001298171286e+04 1.378549279534082295e-01
5.971500000000000000e+03 1.650289453794890142e+04 1.327705385350090306e-01
5.978500000000000000e+03 1.698263271282621281e+04 1.357987299952141125e-01
5.985500000000000000e+03 1.705677395015146612e+04 1.350361660810084630e-01
5.992500000000000000e+03 1.759730147565260631e+04 1.335191885461071148e-01
5.999500000000000000e+03 1.784207625479107446e+04 1.302802718401668836e-01
6.006500000000000000e+03 1.825439696996447674e+04 1.302448007754937742e-01
6.013500000000000000e+03 1.831139772564507439e+04 1.297135131587650314e-01
6.020500000000000000e+03 1.898805237486476472e+04 1.284992652949916991e-01
6.027500000000000000e+03 1.948381817020438757e+04 1.267144609996245508e-01
6.034500000000000000e+03 1.986462680263153015e+04 1.266910400952976634e-01
6.041500000000000000e+03 2.003433478205786014e+04 1.257934644944313229e-01
6.048500000000000000e+03 2.050592401865059583e+04 1.260302859446988666e-01
6.055500000000000000e+03 2.081210416236661695e+04 1.234580113388240863e-01
6.062500000000000000e+03 2.117606212655971831e+04 1.241454563062195510e-01
6.069500000000000000e+03 2.140852091176849353e+04 1.222719686552270896e-01
6.076500000000000000e+03 2.150596202536389319e+04 1.215023363290434755e-01
6.083500000000000000e+03 2.180625620174422511e+04 1.201916187568747713e-01
6.090500000000000000e+03 2.176436250149650732e+04 1.219342355707868780e-01
6.097500000000000000e+03 2.185372845788151972e+04 1.189079343838621433e-01
6.104500000000000000e+03 2.197923627774707711e+04 1.202020383587818625e-01
6.111500000000000000e+03 2.188454322650039830e+04 1.177828868852271865e-01
6.118500000000000000e+03 2.208978229649014611e+04 1.175324201090253706e-01
6.125500000000000000e+03 2.168055635315715335e+04 1.183844114955516919e-01
6.132500000000000000e+03 2.191791059378616774e+04 1.157684670683582356e-01
6.139500000000000000e+03 2.177383698021913006e+04 1.147750347115812225e-01
6.146500000000000000e+03 2.174706282217467378e+04 1.123914144516614672e-01
6.153500000000000000e+03 2.072281725161626673e+04 1.137751012571804887e-01
6.160500000000000000e+03 1.920782067990873475e+04 1.124355600503592345e-01
6.167500000000000000e+03 1.775144142785917938e+04 1.092228411861765197e-01
6.174500000000000000e+03 1.698933823472856966e+04 1.124131198833272643e-01
6.181500000000000000e+03 1.734742424271446725e+04 1.091037186177716556e-01
6.188500000000000000e+03 1.739848345102469830e+04 1.106480024347144542e-01
6.195500000000000000e+03 1.752539507614109607e+04 1.099539620644014448e-01
6.202500000000000000e+03 1.731992246373504895e+04 1.102305314432841105e-01
6.209500000000000000e+03 1.706061874401962632e+04 1.052083880993146259e-01
6.216500000000000000e+03 1.643428475981144948e+04 1.065436161335837489e-01
6.223500000000000000e+03 1.612385092763025386e+04 1.061696737100245452e-01
6.230500000000000000e+03 1.613790857778362806e+04 1.057098400983115111e-01
6.237500000000000000e+03 1.616438492756966843e+04 1.069912442348843334e-01
6.244500000000000000e+03 1.656358866044213210e+04 1.032274798081996570e-01
6.251500000000000000e+03 1.715329075480093888e+04 1.025293989258882765e-01
6.258500000000000000e+03 1.697565520514881791e+04 1.096289743602547467e-01
6.265500000000000000e+03 1.754485992575887940e+04 1.102010887690346996e-01
6.272500000000000000e+03 1.787144865696625493e+04 1.102716238937774262e-01
6.279500000000000000e+03 1.834722738446214498e+04 1.092991220207753661e-01
6.286500000000000000e+03 1.857624395274923882e+04 1.145949683582242057e-01
6.293500000000000000e+03 1.922102600394276669e+04 1.139301987950141204e-01
6.300500000000000000e+03 2.016064271108643879e+04 1.064969418578294164e-01
6.307500000000000000e+03 2.068335013929102570e+04 1.074567043932412591e-01
6.314500000000000000e+03 2.112495017933584677e+04 1.027945561497508459e-01
6.321500000000000000e+03 2.115763417686169487e+04 1.024161700564899524e-01
6.328500000000000000e+03 2.159241945180217226e+04 1.001728180347440933e-01
6.335500000000000000e+03 2.174331177588447099e+04 9.889841188778808467e-02
6.342500000000000000e+03 2.204642901663415978e+04 9.653816868131552542e-02
6.349500000000000000e+03 2.215094310271386712e+04 9.553090563224082843e-02
6.356500000000000000e+03 2.225523752762291770e+04 9.493768573468680527e-02
6.363500000000000000e+03 2.263542418899756740e+04 9.361942270009346312e-02
6.370500000000000000e+03 2.296309845371008487e+04 9.494048854744209509e-02
6.377500000000000000e+03 2.271450304211696857e+04 9.314707963447825534e-02
6.384500000000000000e+03 2.276856447515412947e+04 9.573973946939295931e-02
6.391500000000000000e+03 2.278127000651389608e+04 9.350155767676815444e-02
6.398500000000000000e+03 2.264566906485802610e+04 9.280761650868765700e-02
6.405500000000000000e+03 2.295434075803630549e+04 9.254984529607777899e-02
6.412500000000000000e+03 2.285976799010864488e+04 9.055438350980535289e-02
6.419500000000000000e+03 2.312077551719229086e+04 9.119364201943670756e-02
6.426500000000000000e+03 2.297482732881144693e+04 9.103047366271152518e-02
6.433500000000000000e+03 2.291799134019465419e+04 9.305352835376076714e-02
6.440500000000000000e+03 2.311934052282528864e+04 8.868869925323862036e-02
6.447500000000000000e+03 2.293546038883667643e+04 8.898065851833189543e-02
6.454500000000000000e+03 2.252960032087783475e+04 9.174059094577032003e-02
6.461500000000000000e+03 2.226830684529806240e+04 9.324275568511528056e-02
6.468500000000000000e+03 2.210658206100216921e+04 9.710902369375928878e-02
6.475500000000000000e+03 2.205790039663102289e+04 9.956316725964060865e-02
6.482500000000000000e+03 2.206655426068812085e+04 9.692281109653505533e-02
6.489500000000000000e+03 2.229261336198691060e+04 9.529393418551118655e-02
6.496500000000000000e+03 2.269377774897472045e+04 9.737307824468896533e-02
6.503500000000000000e+03 2.333028967223641666e+04 9.479746367691119224e-02
6.510500000000000000e+03 2.409626907218873748e+04 9.136089650608140988e-02
6.517500000000000000e+03 2.412023690678726780e+04 9.380454858706523125e-02
6.524500000000000000e+03 2.448911585126978025e+04 9.636638105610845217e-02
6.531500000000000000e+03 2.456297505679206370e+04 9.649971320730413304e-02
6.538500000000000000e+03 2.447181163337906037e+04 9.588515740719212588e-02
6.545500000000000000e+03 2.470917269920174658e+04 9.002503691222188409e-02
6.552500000000000000e+03 2.474667293963693373e+04 8.704340606694963012e-02
6.559500000000000000e+03 2.529735599588041077e+04 7.470177395889975036e-02
6.566500000000000000e+03 2.573368330110553143e+04 6.036935408479593423e-02
6.573500000000000000e+03 2.633103381281005204e+04 5.967037909512858118e-02
6.580500000000000000e+03 2.545109967963513191e+04 7.855595655256199239e-02
6.587500000000000000e+03 2.527052436185812621e+04 9.043768876419491787e-02
6.594500000000000000e+03 2.558884364626887691e+04 9.038536235964525489e-02
6.601500000000000000e+03 2.585276249331720464e+04 8.417292834836645476e-02
6.608500000000000000e+03 2.581499505565857908e+04 8.085891837839727370e-02
6.615500000000000000e+03 2.608759629721923920e+04 7.828733134108711855e-02
6.622500000000000000e+03 2.612000931126801515e+04 7.738992943620381926e-02
6.629500000000000000e+03 2.627986643190893665e+04 7.805324534843877116e-02
6.636500000000000000e+03 2.630775306624818768e+04 7.430821658236871907e-02
6.643500000000000000e+03 2.649310549299163540e+04 7.570314042971927615e-02
6.650500000000000000e+03 2.664922227386245140e+04 7.581594369957676827e-02
6.657500000000000000e+03 2.603545666984769196e+04 7.646893155745558557e-02
6.664500000000000000e+03 2.520738857492210082e+04 7.426621629948275405e-02
6.671500000000000000e+03 2.425212223740726404e+04 7.382151452850929663e-02
6.678500000000000000e+03 2.313673218521412127e+04 7.342379362942647036e-02
6.685500000000000000e+03 2.217138200494154808e+04 7.104135970066481620e-02
6.692500000000000000e+03 2.094635220883360671e+04 7.353015701478683719e-02
6.699500000000000000e+03 2.024977459283694043e+04 7.132980134010180606e-02
6.706500000000000000e+03 1.909443950269038396e+04 7.371359935690241505e-02
6.713500000000000000e+03 1.900606402205511404e+04 6.935216614226698273e-02
6.720500000000000000e+03 1.874723659769805818e+04 7.183417597913897834e-02
6.727500000000000000e+03 1.843629668342840887e+04 7.031741295408298897e-02
6.734500000000000000e+03 1.832404164962477807e+04 6.843865448289654374e-02
6.741500000000000000e+03 1.856111620713367665e+04 6.749051596930490116e-02
6.748500000000000000e+03 1.847838787286742809e+04 6.769631993024362304e-02
6.755500000000000000e+03 1.834251779421303581e+04 6.856476291410919244e-02
6.762500000000000000e+03 1.841776273107714951e+04 6.968200900229232220e-02
6.769500000000000000e+03 1.823358827158698841e+04 6.788729773078561180e-02
6.776500000000000000e+03 1.807537109120909372e+04 6.782776354965537602e-02
6.783500000000000000e+03 1.792999306161302593e+04 6.682331049918435739e-02
6.790500000000000000e+03 1.800336974709040078e+04 6.742081685419730464e-02
6.797500000000000000e+03 1.858796115392931097e+04 6.665668927097105623e-02
6.804500000000000000e+03 1.889667331261852814e+04 6.626557839032909403e-02
6.811500000000000000e+03 1.918525565057349377e+04 6.681742344911191511e-02
6.818500000000000000e+03 1.961118299703847515e+04 6.680811617906354249e-02
6.825500000000000000e+03 1.967074838248873857e+04 6.693628695829771658e-02
6.832500000000000000e+03 2.030673283084511786e+04 6.616098688466610922e-02
6.839500000000000000e+03 2.050345433670301281e+04 6.458812448690058605e-02
6.846500000000000000e+03 2.036246887931596939e+04 7.526358818189123057e-02
6.853500000000000000e+03 1.962408513725315424e+04 9.468331440847153890e-02
6.860500000000000000e+03 1.796782716397792683e+04 1.087755257380505630e-01
6.867500000000000000e+03 1.723346288821016788e+04 8.215473835882951270e-02
6.874500000000000000e+03 1.665569708243908462e+04 9.613231742331239393e-02
6.881500000000000000e+03 1.686916509570925700e+04 1.344712081815689353e-01
6.888500000000000000e+03 1.795481874546541803e+04 1.298545981757393275e-01
6.895500000000000000e+03 1.934831684353563469e+04 1.093940900572595160e-01
6.902500000000000000e+03 2.029387442336257300e+04 1.052294763848844322e-01
6.909500000000000000e+03 2.120262456207478317e+04 9.945653683149681401e-02
6.916500000000000000e+03 2.206425112465559505e+04 9.767998052712513479e-02
6.923500000000000000e+03 2.265082170041688369e+04 9.514283469789962255e-02
6.930500000000000000e+03 2.307699007588692621e+04 9.621440762060237684e-02
6.937500000000000000e+03 2.368705245336808366e+04 9.049940159613149848e-02
6.944500000000000000e+03 2.441805599213034657e+04 8.910771185283634932e-02
6.951500000000000000e+03 2.564383123838264510e+04 8.501780578228182450e-02
6.958500000000000000e+03 2.693681285446759284e+04 7.844459397946709767e-02
6.965500000000000000e+03 2.782376793019922115e+04 7.667298824678289715e-02
6.972500000000000000e+03 2.881964810213063538e+04 7.361780221975697258e-02
6.979500000000000000e+03 2.885473859996420651e+04 7.382361960048079708e-02
6.986500000000000000e+03 2.936291975873263800e+04 7.291478807176339505e-02
6.993500000000000000e+03 2.964980953824567041e+04 7.544621928677844314e-02
7.000500000000000000e+03 3.012614696608961094e+04 7.886666365048762561e-02
7.007500000000000000e+03 3.103018599938632542e+04 7.919485457154890051e-02
7.014500000000000000e+03 3.152280601628928343e+04 7.639655049668284126e-02
7.021500000000000000e+03 3.193789726872343090e+04 7.464592872451024375e-02
7.028500000000000000e+03 3.292672073510484188e+04 7.271963243708448599e-02
7.035500000000000000e+03 3.329307373963177815e+04 7.297162319163005839e-02
7.042500000000000000e+03 3.388588975338447199e+04 6.903354754920780489e-02
7.049500000000000000e+03 3.425845967143434973e+04 6.852324590650957226e-02
7.056500000000000000e+03 3.412849171792368725e+04 6.676133450980042960e-02
7.063500000000000000e+03 3.343303097128820082e+04 6.489944124786241331e-02
7.070500000000000000e+03 3.220086369732446110e+04 6.440940705051424742e-02
7.077500000000000000e+03 2.973383873209525336e+04 6.368367980256767202e-02
7.084500000000000000e+03 2.691045956742730414e+04 6.254393674059773034e-02
7.091500000000000000e+03 2.406360304255153824e+04 6.168581560569269540e-02
7.098500000000000000e+03 2.193023602286145251e+04 6.150029512220444444e-02
7.105500000000000000e+03 2.027078417855579391e+04 5.850482469579031813e-02
7.112500000000000000e+03 1.891264320385305837e+04 5.925443719792031910e-02
7.119500000000000000e+03 1.847042533793897383e+04 6.000225292968932450e-02
7.126500000000000000e+03 1.816874765711612054e+04 5.763406884434072591e-02
7.133500000000000000e+03 1.772707716326841910e+04 6.212296480884980238e-02
7.140500000000000000e+03 1.764402822431774985e+04 6.030089561316701735e-02
7.147500000000000000e+03 1.723285744123619952e+04 6.740633383011353230e-02
7.154500000000000000e+03 1.675304185588525797e+04 7.893950810565397713e-02
7.161500000000000000e+03 1.618188435834035226e+04 8.892084965813831787e-02
7.168500000000000000e+03 1.525771003662038311e+04 1.011829604120247500e-01
7.175500000000000000e+03 1.460204970096381294e+04 1.135884877846490004e-01
7.182500000000000000e+03 1.414729748275160637e+04 1.199780598082229310e-01
7.189500000000000000e+03 1.406219711538056799e+04 1.219062878699426894e-01
7.196500000000000000e+03 1.424924083085359962e+04 1.162134747498314580e-01
7.203500000000000000e+03 1.518596577813229669e+04 1.052768624965108174e-01
7.210500000000000000e+03 1.606340984570138608e+04 1.049384365610186165e-01
7.217500000000000000e+03 1.707967849982386178e+04 1.048417286534246706e-01
7.224500000000000000e+03 1.767480125165413483e+04 1.010045951287860677e-01
7.231500000000000000e+03 1.801079510579276393e+04 9.370867681007040428e-02
7.238500000000000000e+03 1.811517435442226270e+04 9.394565066632586114e-02
7.245500000000000000e+03 1.844720661358860525e+04 1.061072513771353504e-01
7.252500000000000000e+03 1.908615622096823063e+04 1.106471899715461837e-01
7.259500000000000000e+03 1.966733334900178306e+04 1.127093106434227526e-01
7.266500000000000000e+03 2.046036259835378951e+04 1.084573598437871406e-01
7.273500000000000000e+03 2.118436709578400405e+04 1.022698980132013269e-01
7.280500000000000000e+03 2.195004054321297735e+04 1.041160909569082832e-01
7.287500000000000000e+03 2.269113090450349046e+04 1.045593907166553344e-01
7.294500000000000000e+03 2.375726146613832316e+04 9.929046554646545064e-02
7.301500000000000000e+03 2.472017882636601644e+04 9.814892694063161172e-02
7.308500000000000000e+03 2.583167087100711797e+04 9.253605827011346374e-02
7.315500000000000000e+03 2.700742250448941559e+04 8.850885500723298938e-02
7.322500000000000000e+03 2.844007783926604316e+04 8.179836973272046341e-02
7.329500000000000000e+03 2.981612693941059115e+04 7.244785891596532135e-02
7.336500000000000000e+03 3.104794885469576911e+04 7.045543293996883727e-02
7.343500000000000000e+03 3.167862523689012960e+04 6.872022900804360124e-02
7.350500000000000000e+03 3.262967777121414838e+04 6.667453792782955524e-02
7.357500000000000000e+03 3.347269646726637438e+04 6.447847935259351515e-02
7.364500000000000000e+03 3.434675791328793275e+04 6.326643534242613887e-02
7.371500000000000000e+03 3.453039685363841272e+04 6.262324666395542583e-02
7.378500000000000000e+03 3.557581244924014754e+04 6.208480524302215781e-02
7.385500000000000000e+03 3.672716624642151146e+04 5.656597608693222229e-02
7.392500000000000000e+03 3.744160414943761134e+04 5.372460376565167672e-02
7.399500000000000000e+03 3.807991232972066791e+04 5.101143085835958824e-02
7.406500000000000000e+03 3.913517106129276362e+04 5.104068188749103646e-02
7.413500000000000000e+03 3.976617232239615259e+04 4.818004646300168975e-02
7.420500000000000000e+03 3.980416798029044730e+04 4.872440696575743024e-02
7.427500000000000000e+03 4.083555371933998686e+04 4.580541410394473045e-02
7.434500000000000000e+03 4.099637884071411099e+04 4.734412164233575693e-02
7.441500000000000000e+03 4.082785029811107233e+04 4.646825201291905627e-02
7.448500000000000000e+03 4.122622079809595016e+04 4.396706815801276758e-02
7.455500000000000000e+03 4.179398563931282115e+04 4.394234267918547404e-02
7.462500000000000000e+03 4.200782114946936781e+04 4.399394588719447025e-02
7.469500000000000000e+03 4.265826531456751400e+04 4.426061043336335793e-02
7.476500000000000000e+03 4.298395519560772664e+04 4.120960669454043490e-02
7.483500000000000000e+03 4.343506237987789791e+04 4.433251792314124584e-02
7.490500000000000000e+03 4.281214343823678064e+04 4.415263012369763373e-02
7.497500000000000000e+03 4.313981548434220895e+04 4.484062089623747083e-02
7.504500000000000000e+03 4.393622292037805892e+04 4.288943860534059904e-02
7.511500000000000000e+03 4.401601111725145165e+04 4.288068178394271318e-02
7.518500000000000000e+03 4.412981572865699854e+04 4.338266261747109054e-02
7.525500000000000000e+03 4.426547308574453928e+04 4.296593205907355689e-02
7.532500000000000000e+03 4.419632307522558403e+04 4.167475511835014301e-02
7.539500000000000000e+03 4.447056920958786941e+04 4.394058192433273474e-02
7.546500000000000000e+03 4.455541229121575452e+04 4.190850340064147805e-02
7.553500000000000000e+03 4.425234930749955674e+04 4.281918587845531116e-02
7.560500000000000000e+03 4.426994808794614801e+04 4.588210667084473282e-02
7.567500000000000000e+03 4.420744863926052494e+04 4.525418672878900317e-02
7.574500000000000000e+03 4.253377519075204327e+04 6.324513827189150172e-02
7.581500000000000000e+03 3.719282003464354784e+04 1.171225609233539217e-01
7.588500000000000000e+03 2.841832369432337509e+04 1.677852529739437271e-01
7.595500000000000000e+03 2.000926565558341463e+04 1.253227581449422590e-01
7.602500000000000000e+03 1.404929900454073504e+04 6.388365202757617656e-02
7.609500000000000000e+03 1.046462045986930934e+04 2.399314658724397975e-01
7.616500000000000000e+03 1.017239079428867990e+04 3.969920973906934103e-01
7.623500000000000000e+03 1.145270644022001943e+04 3.558780638441476629e-01
7.630500000000000000e+03 1.230098802854831229e+04 2.707225374654022021e-01
7.637500000000000000e+03 1.258262943399139658e+04 2.430352755920892061e-01
7.644500000000000000e+03 1.395049393071318445e+04 2.241541060300721033e-01
7.651500000000000000e+03 1.606796482454491706e+04 1.927834227651125942e-01
7.658500000000000000e+03 1.878448769026020454e+04 1.538758224479934988e-01
7.665500000000000000e+03 2.127472439032632974e+04 1.248538791442883045e-01
7.672500000000000000e+03 2.290766840707874508e+04 9.982507294483654314e-02
7.679500000000000000e+03 2.424763416520977989e+04 8.053904920764076714e-02
7.686500000000000000e+03 2.480068841406800129e+04 6.997421196113459696e-02
7.693500000000000000e+03 2.564737615712255501e+04 6.037311985009151394e-02
7.700500000000000000e+03 2.571196264393267847e+04 5.439002452470213800e-02
7.707500000000000000e+03 2.647189841421615711e+04 4.784025451121746292e-02
7.714500000000000000e+03 2.628703600882384490e+04 4.734248534466131003e-02
7.721500000000000000e+03 2.637818550775721815e+04 4.387905201525686694e-02
7.728500000000000000e+03 2.626910284391068126e+04 4.246598638104197299e-02
7.735500000000000000e+03 2.586483078253596250e+04 4.206797066944655689e-02
7.742500000000000000e+03 2.642978993127037756e+04 4.123954068860354732e-02
7.749500000000000000e+03 2.663440224510051485e+04 4.168478282898750720e-02
7.756500000000000000e+03 2.628598099717509831e+04 4.094907407982715380e-02
7.763500000000000000e+03 2.634026256611581994e+04 3.705128388648035870e-02
7.770500000000000000e+03 2.638997915110672329e+04 3.652539732837363495e-02
7.777500000000000000e+03 2.676410221530063427e+04 3.838205735328190787e-02
7.784500000000000000e+03 2.704551307514038490e+04 4.007396747456832414e-02
7.791500000000000000e+03 2.707706296430292787e+04 3.959495791551160410e-02
7.798500000000000000e+03 2.745436704225840003e+04 3.859993798443266122e-02
7.805500000000000000e+03 2.759342783859648989e+04 3.527279630524968179e-02
7.812500000000000000e+03 2.758157653852757358e+04 3.698945458527120450e-02
7.819500000000000000e+03 2.725977550116144630e+04 3.739530412873549869e-02
7.826500000000000000e+03 2.668925820443604607e+04 3.745590158122305557e-02
7.833500000000000000e+03 2.647186401301507794e+04 3.564402698355635668e-02
7.840500000000000000e+03 2.572939884052437264e+04 3.700844211756430108e-02
7.847500000000000000e+03 2.567825304015329675e+04 3.632716089160247658e-02
7.854500000000000000e+03 2.580319839201751165e+04 3.875659611263443383e-02
7.861500000000000000e+03 2.620146293516128571e+04 3.995855421457829293e-02
7.868500000000000000e+03 2.648622472937692510e+04 4.136620049808421851e-02
7.875500000000000000e+03 2.619041934163523911e+04 4.627823077506936639e-02
7.882500000000000000e+03 2.602221618293904248e+04 4.645462943665298883e-02
7.889500000000000000e+03 2.602736430495503009e+04 4.826880201898132300e-02
7.896500000000000000e+03 2.552616629078705955e+04 4.758788410570665567e-02
7.903500000000000000e+03 2.546748138921821737e+04 5.071819814120595571e-02
7.910500000000000000e+03 2.567337995321048584e+04 4.748239146358015916e-02
7.917500000000000000e+03 2.600502114955447178e+04 4.769439496247922933e-02
7.924500000000000000e+03 2.671162300896799206e+04 4.416989123947308304e-02
7.931500000000000000e+03 2.699609172788121941e+04 4.233469370170429152e-02
7.938500000000000000e+03 2.686238568235942512e+04 4.631223806969449880e-02
7.945500000000000000e+03 2.728647316422679069e+04 4.497105629195020243e-02
7.952500000000000000e+03 2.751323376898292554e+04 4.517759758454088087e-02
7.959500000000000000e+03 2.762542018274583461e+04 4.446482036576403229e-02
7.966500000000000000e+03 2.807765014539470212e+04 4.488861678039276354e-02
7.973500000000000000e+03 2.782271131279958354e+04 4.780446656245414261e-02
7.980500000000000000e+03 2.845599077555603799e+04 4.496703333305519107e-02
7.987500000000000000e+03 2.944243893361467053e+04 4.417243968321599157e-02
7.994500000000000000e+03 2.978761444595232751e+04 4.460099013362421594e-02
8.001500000000000000e+03 3.044516805951576680e+04 4.412990194794206428e-02
8.008500000000000000e+03 3.028377391308890947e+04 4.610714168548377123e-02
8.015500000000000000e+03 3.018632223468416851e+04 4.774206244151514567e-02
8.022500000000000000e+03 3.042281402216296192e+04 4.741505865922678725e-02
8.029500000000000000e+03 3.046768783398822779e+04 4.619073727471562085e-02
8.036500000000000000e+03 3.090905863935979869e+04 4.365384606157136221e-02
8.043500000000000000e+03 3.115833007323871789e+04 4.323192333919773089e-02
8.050500000000000000e+03 3.192001002887346112e+04 4.063854461521276829e-02
8.057500000000000000e+03 3.249375703644061286e+04 4.286327018004973399e-02
8.064500000000000000e+03 3.272234900327486685e+04 3.994924203565047849e-02
8.071500000000000000e+03 3.291397914535667223e+04 3.920109722795986351e-02
8.078500000000000000e+03 3.300271407473029831e+04 4.040735090736368579e-02
8.085500000000000000e+03 3.326424722833056148e+04 4.227417837164156034e-02
8.092500000000000000e+03 3.355949138481876435e+04 4.206915983085457444e-02
8.099500000000000000e+03 3.334624754206876241e+04 4.620138230433038645e-02
8.106500000000000000e+03 3.346425411555487517e+04 5.034317270478938511e-02
8.113500000000000000e+03 3.316909484844428516e+04 5.543130562440059389e-02
8.120500000000000000e+03 3.256201860117193064e+04 6.354114710888317252e-02
8.127500000000000000e+03 3.224998823225218439e+04 6.994349771032372376e-02
8.134500000000000000e+03 3.086118405419338524e+04 7.615542273229855552e-02
8.141500000000000000e+03 3.031891683255724274e+04 8.757119776322089266e-02
8.148500000000000000e+03 2.932398793598161137e+04 9.488189271990957185e-02
8.155500000000000000e+03 2.878190728262575431e+04 9.757286882552937413e-02
8.162500000000000000e+03 2.868557866613238730e+04 9.323120210944776942e-02
8.169500000000000000e+03 2.804016315457842211e+04 9.687937225895114357e-02
8.176500000000000000e+03 2.808266670086082013e+04 9.945743358936304235e-02
8.183500000000000000e+03 2.862790691758898174e+04 9.140915862761025967e-02
8.190500000000000000e+03 2.914931863556699682e+04 8.136490093471354657e-02
8.197500000000000000e+03 3.092078958391002379e+04 7.274535342179584696e-02
8.204500000000000000e+03 3.193231515420996948e+04 8.006073130516437597e-02
8.211500000000000000e+03 3.185459137146237117e+04 9.116340514572326970e-02
8.218500000000000000e+03 3.078606124142454428e+04 8.935599761174384259e-02
8.225500000000000000e+03 2.996712940591620645e+04 7.206321187509713566e-02
8.232500000000000000e+03 2.999007117354427101e+04 6.880891690756001100e-02
8.239500000000000000e+03 3.086270236371780265e+04 8.881559094167429391e-02
8.246500000000000000e+03 3.244972243491437621e+04 8.168967948965262516e-02
8.253500000000000000e+03 3.373062377218747861e+04 6.350283574361720307e-02
8.260500000000000000e+03 3.330889388459928159e+04 6.588575949872743642e-02
8.267500000000000000e+03 3.242018386295499658e+04 7.160488442509030382e-02
8.274500000000000000e+03 3.210935655762347233e+04 6.854145479764620075e-02
8.281500000000000000e+03 3.204568306236753779e+04 6.841788093898665268e-02
8.288500000000000000e+03 3.174945880414753265e+04 7.040495977260068095e-02
8.295500000000000000e+03 3.200288849280065551e+04 7.037439801034160725e-02
8.302500000000000000e+03 3.200068455401967003e+04 7.086468631129103080e-02
8.309500000000000000e+03 3.167597003527128618e+04 6.835390608446752225e-02
8.316500000000000000e+03 3.162791271460691132e+04 6.061822529303610707e-02
8.323500000000000000e+03 3.169409808244366650e+04 5.962692452246923930e-02
8.330500000000000000e+03 3.143473158483854058e+04 5.957021611373979064e-02
8.337500000000000000e+03 3.212301974258909104e+04 5.508846012322240332e-02
8.344500000000000000e+03 3.267643620716965233e+04 5.608840689772395111e-02
8.351500000000000000e+03 3.317545788557313790e+04 5.094757307246015193e-02
8.358500000000000000e+03 3.361710315375604114e+04 4.756100527995171107e-02
8.365500000000000000e+03 3.334884313265563105e+04 4.711660354340860973e-02
8.372500000000000000e+03 3.321171423881343071e+04 4.569190064827748088e-02
8.379500000000000000e+03 3.338674577198706538e+04 3.892860890561188753e-02
8.386500000000000000e+03 3.311381305379998958e+04 4.141549124459543985e-02
8.393500000000000000e+03 3.286845494780917943e+04 3.884674238666673690e-02
8.400500000000000000e+03 3.273693594252048933e+04 3.685091752312381203e-02
8.407500000000000000e+03 3.252461213696148479e+04 3.825313773513456389e-02
8.414500000000000000e+03 3.155159068786649732e+04 3.631819425981148985e-02
8.421500000000000000e+03 3.004518896306198803e+04 3.562882687366840384e-02
8.428500000000000000e+03 2.825710816117166542e+04 3.528309210748162977e-02
8.435500000000000000e+03 2.653209131343417539e+04 3.224377327707335372e-02
8.442500000000000000e+03 2.463450241377207567e+04 3.563768133851267367e-02
8.449500000000000000e+03 2.359980417438622680e+04 3.121735385342743960e-02
8.456500000000000000e+03 2.327861334491804882e+04 3.259151919529407193e-02
8.463500000000000000e+03 2.352381909986516621e+04 2.988891743034341464e-02
8.470500000000000000e+03 2.386932751429939162e+04 3.188964235028687172e-02
8.477500000000000000e+03 2.410055196335927030e+04 3.144310940506397922e-02
8.484500000000000000e+03 2.394482032822439942e+04 3.321553325236045046e-02
8.491500000000000000e+03 2.396446134885477659e+04 3.137459801354587630e-02
8.498500000000000000e+03 2.396974236394248510e+04 2.944643391741651531e-02
8.505500000000000000e+03 2.378924565695257115e+04 2.645969737226933419e-02
8.512500000000000000e+03 2.383148318235411716e+04 2.922797145791941956e-02
8.519500000000000000e+03 2.432729225023077379e+04 2.956492160206115882e-02
8.526500000000000000e+03 2.444490885416062883e+04 3.664581743104070033e-02
8.533500000000000000e+03 2.522808270250482019e+04 3.381616497516336250e-02
8.540500000000000000e+03 2.555992727747916797e+04 2.722609574013766173e-02
8.547500000000000000e+03 2.609158262807895881e+04 2.109849199351087126e-02
8.554500000000000000e+03 2.607489809858633816e+04 2.173464064049267230e-02
8.561500000000000000e+03 2.637619085689930216e+04 3.034995710470026961e-02
8.568500000000000000e+03 2.621743652607827971e+04 3.640696082492636543e-02
8.575500000000000000e+03 2.662519554481121668e+04 3.686310793266298069e-02
8.582500000000000000e+03 2.718759753058031129e+04 3.031409332539942297e-02
8.589500000000000000e+03 2.793319802036486726e+04 2.434048267447704722e-02
8.596500000000000000e+03 2.865032177797838085e+04 2.167292429849661597e-02
8.603500000000000000e+03 2.877641103236586787e+04 2.142569832162097634e-02
8.610500000000000000e+03 2.928527396591551224e+04 1.990323317468044306e-02
8.617500000000000000e+03 2.979859615206754097e+04 2.590086954012621803e-02
8.624500000000000000e+03 2.995737599752246388e+04 3.175117196796064384e-02
8.631500000000000000e+03 2.994228812094600653e+04 3.377233834042878829e-02
8.638500000000000000e+03 3.034153413483299300e+04 3.534133602180097172e-02
8.645500000000000000e+03 3.070806244502157278e+04 3.462814219343302719e-02
8.652500000000000000e+03 3.086106439531511569e+04 2.879550279513648503e-02
8.659500000000000000e+03 3.100160331623130332e+04 1.959170464941702508e-02
8.666500000000000000e+03 3.124438868164092855e+04 1.153848254898200490e-02
8.673500000000000000e+03 3.134520997266677659e+04 1.053826993161577699e-02
8.680500000000000000e+03 3.151943501245307925e+04 2.039256033951966987e-02
8.687500000000000000e+03 3.154747066802888367e+04 3.032726099336923234e-02
8.694500000000000000e+03 3.208657787508172987e+04 3.205746127779932064e-02
8.701500000000000000e+03 3.305473403090229840e+04 2.965740703635947814e-02
8.708500000000000000e+03 3.295647989262342162e+04 3.261468038809774844e-02
8.715500000000000000e+03 3.342145502411267807e+04 3.223226284653606805e-02
8.722500000000000000e+03 3.357802519875409780e+04 3.421833089437983921e-02
8.729500000000000000e+03 3.388813164392809995e+04 3.118532695137552282e-02
8.736500000000000000e+03 3.439250162736916536e+04 2.469243202614104793e-02
8.743500000000000000e+03 3.482275787146686343e+04 1.452679809444385080e-02
8.750500000000000000e+03 3.564949657234889310e+04 9.252840298149217144e-03
8.757500000000000000e+03 3.486685456950990920e+04 1.624523030316921482e-02
8.764500000000000000e+03 3.486330553945650900e+04 2.436344196147385149e-02
8.771500000000000000e+03 3.456068342726289120e+04 2.943885139581210730e-02
8.778500000000000000e+03 3.477770903495290986e+04 3.175175001614998632e-02
8.785500000000000000e+03 3.529688729431790853e+04 3.047180214827226175e-02
8.792500000000000000e+03 3.560877621666991035e+04 2.742894892470204224e-02
8.799500000000000000e+03 3.520267073778164195e+04 3.090570122334590844e-02
8.806500000000000000e+03 3.526262273364751309e+04 2.652028581782931924e-02
8.813500000000000000e+03 3.538529756337634171e+04 2.790920332435648660e-02
8.820500000000000000e+03 3.544882257541043509e+04 2.887753339676795913e-02
8.827500000000000000e+03 3.539500154333280807e+04 2.949212053882892259e-02
8.834500000000000000e+03 3.530936120447682333e+04 2.781140511229267601e-02
8.841500000000000000e+03 3.587428994358084310e+04 3.015180878109813278e-02
8.848500000000000000e+03 3.573647447860258399e+04 2.844867810022341098e-02
8.855500000000000000e+03 3.584844967455424921e+04 2.237053762731606305e-02
8.862500000000000000e+03 3.648797980685942457e+04 1.409778428266950795e-02
8.869500000000000000e+03 3.628072317884265794e+04 1.093632661263142271e-02
8.876500000000000000e+03 3.611282798770708905e+04 1.568015754330957454e-02
8.883500000000000000e+03 3.556808112892002100e+04 3.031869936775727012e-02
8.890500000000000000e+03 3.566739619504775328e+04 3.417603850504664920e-02
8.897500000000000000e+03 3.555875009431615035e+04 3.281037878126007168e-02
8.904500000000000000e+03 3.560158509971484455e+04 3.297226493610246750e-02
8.911500000000000000e+03 3.520754634707964578e+04 3.600240235591510574e-02
8.918500000000000000e+03 3.538998020778464706e+04 3.661541027596401654e-02
8.925500000000000000e+03 3.486763644353759446e+04 3.961345886624086793e-02
8.932500000000000000e+03 3.387777114252901083e+04 4.898586650499340417e-02
8.939500000000000000e+03 3.251068215153177152e+04 5.731704930827405398e-02
8.946500000000000000e+03 3.128322847878968241e+04 6.727268441448958081e-02
8.953500000000000000e+03 2.991756238130530255e+04 7.578702670083378723e-02
8.960500000000000000e+03 2.860648631246925652e+04 8.166081672639785571e-02
8.967500000000000000e+03 2.765217363929748899e+04 8.910409440457470187e-02
8.974500000000000000e+03 2.648318558059068164e+04 1.058900529843538052e-01
8.981500000000000000e+03 2.553022393768098482e+04 1.146936195204204673e-01
8.988500000000000000e+03 2.525427199560198278e+04 9.821827014693543245e-02
8.995500000000000000e+03 2.507566714725235943e+04 1.097328444774302997e-01
9.002500000000000000e+03 2.541457552156221573e+04 1.052953846215084893e-01
9.009500000000000000e+03 2.634354327356776048e+04 8.834719388436780563e-02
9.016500000000000000e+03 2.690419774947514816e+04 8.064301914273373784e-02
9.023500000000000000e+03 2.832686961421872547e+04 7.165914473967803511e-02
9.030500000000000000e+03 2.975697413456202048e+04 7.669498723596490652e-02
9.037500000000000000e+03 3.093998237968166359e+04 7.672621368911509976e-02
9.044500000000000000e+03 3.110135778386971651e+04 7.816406873192424665e-02
9.051500000000000000e+03 3.087544807061292158e+04 7.938259003332202857e-02
9.058500000000000000e+03 2.934303269402643855e+04 8.827132344456395385e-02
9.065500000000000000e+03 2.800350047633708891e+04 8.481172791975080671e-02
9.072500000000000000e+03 2.664625386206259282e+04 8.875107873524301638e-02
9.079500000000000000e+03 2.580668984366258883e+04 1.053677356771942353e-01
9.086500000000000000e+03 2.542883946883148019e+04 1.132453697512192381e-01
9.093500000000000000e+03 2.546751034947867083e+04 1.148766463018733169e-01
9.100500000000000000e+03 2.565636195445885824e+04 1.029259619175528634e-01
9.107500000000000000e+03 2.586866562093027460e+04 1.068632791207158872e-01
9.114500000000000000e+03 2.559368218376810910e+04 1.196715205430415874e-01
9.121500000000000000e+03 2.512994596257703233e+04 1.219935121201510958e-01
9.128500000000000000e+03 2.484228496955223818e+04 1.080945694794095829e-01
9.135500000000000000e+03 2.486292606737399910e+04 1.084877677817077529e-01
9.142500000000000000e+03 2.381752950039069037e+04 1.405883183765750388e-01
9.149500000000000000e+03 2.443917106012222212e+04 1.222027561829923809e-01
9.156500000000000000e+03 2.468387682270278674e+04 1.076886012317112840e-01
9.163500000000000000e+03 2.435525895557680633e+04 1.315361868771047493e-01
9.170500000000000000e+03 2.530045110881283472e+04 1.176046318768450699e-01
9.177500000000000000e+03 2.590986289509863127e+04 9.657838555232900468e-02
9.184500000000000000e+03 2.681046591720907236e+04 9.927332791658431688e-02
9.191500000000000000e+03 2.777603434815307264e+04 8.919271850295651394e-02
9.198500000000000000e+03 2.861338455492638604e+04 8.091618196029752574e-02
9.205500000000000000e+03 2.831181356545685412e+04 7.805366018639099679e-02
9.212500000000000000e+03 2.756000438410802599e+04 7.009619065912588154e-02
9.219500000000000000e+03 2.737654038953574127e+04 6.234844105798959674e-02
9.226500000000000000e+03 2.730524670529057767e+04 5.609479710674657865e-02
9.233500000000000000e+03 2.657155006203482844e+04 5.997294123084628142e-02
9.240500000000000000e+03 2.593671391709359887e+04 6.805371709383985224e-02
9.247500000000000000e+03 2.544329126087172335e+04 8.284038609412745779e-02
9.254500000000000000e+03 2.533898689819055289e+04 8.764205738340444252e-02
9.261500000000000000e+03 2.491776871763563759e+04 9.605073892232039723e-02
9.268500000000000000e+03 2.336396703435693416e+04 1.135240508086513972e-01
9.275500000000000000e+03 2.128733598108376100e+04 1.246530915645369941e-01
9.282500000000000000e+03 1.882030468053773075e+04 1.460995782858632852e-01
9.289500000000000000e+03 1.655453163941983439e+04 1.766560892652302983e-01
9.296500000000000000e+03 1.502636045321037818e+04 1.910524582970103691e-01
9.303500000000000000e+03 1.340055383165743478e+04 2.135098964128668286e-01
9.310500000000000000e+03 1.157559046064363974e+04 2.463894622862211337e-01
9.317500000000000000e+03 9.871269604771632658e+03 2.614900415456012372e-01
9.324500000000000000e+03 8.138062617323535051e+03 3.172216102423406348e-01
9.331500000000000000e+03 6.736752969450352794e+03 3.629334318615007882e-01
9.338500000000000000e+03 6.440935864347514325e+03 3.297571867319590289e-01
9.345500000000000000e+03 6.356153596498471416e+03 3.496208074438458269e-01
9.352500000000000000e+03 6.526076407554950492e+03 3.755682640319467636e-01
9.359500000000000000e+03 6.664174150472198562e+03 3.667932889530488572e-01
9.366500000000000000e+03 6.941158534477957801e+03 3.444150962609582867e-01
9.373500000000000000e+03 7.531685043028111068e+03 2.982069773183149697e-01
9.380500000000000000e+03 9.625028252710051675e+03 2.446886725241243510e-01
9.387500000000000000e+03 1.159801958570098577e+04 2.536927628013287972e-01
9.394500000000000000e+03 1.326003466278414635e+04 2.615645446610181390e-01
9.401500000000000000e+03 1.420129910145048416e+04 2.201909675869362093e-01
9.408500000000000000e+03 1.369217661991330169e+04 2.134942934617499455e-01
9.415500000000000000e+03 1.239915653981716241e+04 2.438244561269286015e-01
9.422500000000000000e+03 1.166632885669388270e+04 2.384202480166717764e-01
9.429500000000000000e+03 1.071751579631205641e+04 2.349337266359173559e-01
9.436500000000000000e+03 9.889112970575350118e+03 2.444411837907137508e-01
9.443500000000000000e+03 9.943948008851453778e+03 2.453509076423452118e-01
9.450500000000000000e+03 9.591016341685879524e+03 2.904552332924146274e-01
9.457500000000000000e+03 1.028516510301887138e+04 2.567668741089421669e-01
9.464500000000000000e+03 1.035192499013004817e+04 2.665720950682429757e-01
9.471500000000000000e+03 1.078856197438931304e+04 2.706879054876289437e-01
9.478500000000000000e+03 1.184424454760719527e+04 2.347859863262799496e-01
9.485500000000000000e+03 1.121666409061417653e+04 2.718966435198343357e-01
9.492500000000000000e+03 1.136156786773365275e+04 2.386761887434889484e-01
9.499500000000000000e+03 1.188915833707378079e+04 1.933677571078121216e-01
9.506500000000000000e+03 1.097407114081920736e+04 2.827234660843312986e-01
9.513500000000000000e+03 1.094703550389472912e+04 2.858828698509767174e-01
9.520500000000000000e+03 1.192387709476026430e+04 2.147436294997441264e-01
9.527500000000000000e+03 1.181401508306743017e+04 2.405911478304920970e-01
9.534500000000000000e+03 1.184075805377606594e+04 2.667034404261806602e-01
9.541500000000000000e+03 1.261555316991477775e+04 2.239060522396796593e-01
9.548500000000000000e+03 1.267551209753902185e+04 1.981253344317827347e-01
9.555500000000000000e+03 1.253526568983727702e+04 2.019070068855202127e-01
9.562500000000000000e+03 1.298896779390122902e+04 1.986972472625328778e-01
9.569500000000000000e+03 1.319228615560217622e+04 2.182504190781044406e-01
9.576500000000000000e+03 1.311460797047009692e+04 2.411998049864266525e-01
9.583500000000000000e+03 1.338727264287910293e+04 2.109438973766616654e-01
9.590500000000000000e+03 1.350717191912374619e+04 1.733534868776505922e-01
9.597500000000000000e+03 1.359291390821330424e+04 1.967938205062385593e-01
9.604500000000000000e+03 1.444276126028662475e+04 2.110501360831365802e-01
9.611500000000000000e+03 1.557117071617170586e+04 1.925776362337884851e-01
9.618500000000000000e+03 1.648846912632868771e+04 1.601104023568326595e-01
9.625500000000000000e+03 1.658540390960901641e+04 1.628012746474199191e-01
9.632500000000000000e+03 1.633349967592526809e+04 1.737275430244763497e-01
9.639500000000000000e+03 1.691284583892789306e+04 1.376545552181103749e-01
9.646500000000000000e+03 1.675889156007229394e+04 1.502601570977945278e-01
9.653500000000000000e+03 1.700331792525955098e+04 1.623176503912388269e-01
9.660500000000000000e+03 1.810743553440685355e+04 1.284948854712044952e-01
9.667500000000000000e+03 1.948555400256838038e+04 1.070500598227411698e-01
9.674500000000000000e+03 2.093095170029692963e+04 1.082449314759704878e-01
9.681500000000000000e+03 2.266730565748358276e+04 9.149729286172704479e-02
9.688500000000000000e+03 2.325000037298761890e+04 8.303474237006075453e-02
9.695500000000000000e+03 2.399834129509643390e+04 7.189108605062814739e-02
9.702500000000000000e+03 2.390593691607178334e+04 6.656223140932814031e-02
9.709500000000000000e+03 2.360161528230663316e+04 7.276562265220777592e-02
9.716500000000000000e+03 2.313433178308935021e+04 7.563109818966833042e-02
9.723500000000000000e+03 2.205734157594986027e+04 8.737275721864747047e-02
9.730500000000000000e+03 2.107269915540297370e+04 8.888224636088626340e-02
9.737500000000000000e+03 2.094948855751986775e+04 8.817052571778595527e-02
9.744500000000000000e+03 2.036603965781104489e+04 9.960963754263189862e-02
9.751500000000000000e+03 2.021318753270597517e+04 9.668879607757506489e-02
9.758500000000000000e+03 2.098595647092199579e+04 8.268045422019046353e-02
9.765500000000000000e+03 2.129973724862083691e+04 8.925083629306930499e-02
9.772500000000000000e+03 2.155987178809327088e+04 9.133567410795147279e-02
9.779500000000000000e+03 2.195658403306069886e+04 7.981777584677841875e-02
9.786500000000000000e+03 2.158943575002909347e+04 7.603430173941994052e-02
9.793500000000000000e+03 2.162507617020557882e+04 7.090080505189166882e-02
9.800500000000000000e+03 2.227070184358283950e+04 6.815400077699056147e-02
9.807500000000000000e+03 2.296890158342671930e+04 6.773754943845064491e-02
9.814500000000000000e+03 2.349412591286367024e+04 6.528439038391423144e-02
9.821500000000000000e+03 2.362553361721597685e+04 5.277409529887788081e-02
9.828500000000000000e+03 2.377448813832275118e+04 5.194702790027320299e-02
9.835500000000000000e+03 2.395808035470510731e+04 5.086484421099780884e-02
9.842500000000000000e+03 2.430400720829703278e+04 4.587288622844819252e-02
9.849500000000000000e+03 2.442382754214692613e+04 3.903338658157707447e-02
9.856500000000000000e+03 2.445668669077573213e+04 3.989020843119200910e-02
9.863500000000000000e+03 2.493749280739661481e+04 3.497348543697800100e-02
9.870500000000000000e+03 2.485078889441977299e+04 2.865390175678977913e-02
9.877500000000000000e+03 2.480189822235312749e+04 2.701588220991674519e-02
9.884500000000000000e+03 2.493140468985170446e+04 2.832481797059036716e-02
9.891500000000000000e+03 2.488135792601457069e+04 2.652043639737665381e-02
9.898500000000000000e+03 2.470762340883128127e+04 2.481635025132815364e-02
9.905500000000000000e+03 2.451553508236195194e+04 2.397691778482297087e-02
9.912500000000000000e+03 2.410043620856042253e+04 2.582536054020758212e-02
9.919500000000000000e+03 2.402282322142379053e+04 2.287279713629129102e-02
9.926500000000000000e+03 2.386396511867918161e+04 2.261037723300382551e-02
9.933500000000000000e+03 2.357508858830096506e+04 2.275044002205576371e-02
9.940500000000000000e+03 2.354354477806994691e+04 2.094699464905295030e-02
9.947500000000000000e+03 2.365301039084663716e+04 1.998479450573145341e-02
9.954500000000000000e+03 2.322915709556976435e+04 1.856799441185273680e-02
9.961500000000000000e+03 2.281424675465796463e+04 2.337700832196164258e-02
9.968500000000000000e+03 2.271378952321035831e+04 2.120911586462467802e-02
9.975500000000000000e+03 2.247781697975186034e+04 1.817750748399598118e-02
9.982500000000000000e+03 2.212806272314962916e+04 1.929007266945772028e-02
9.989500000000000000e+03 2.197478962205490461e+04 1.869069263530490077e-02
9.996500000000000000e+03 2.226696145307052939e+04 1.163439244658191415e-02
