# wavelength angstroms, flux, ext coeff
5.551500000000000000e+03 9.603283825039303338e+03 1.535738741180248668e-01
5.558500000000000000e+03 1.010346036050468683e+04 1.447176341990280835e-01
5.565500000000000000e+03 1.016922331353016489e+04 1.415917957649868164e-01
5.572500000000000000e+03 1.054850939534428653e+04 1.403325882042725792e-01
5.579500000000000000e+03 1.059867037250328212e+04 1.369426738660603493e-01
5.586500000000000000e+03 1.056513165216245579e+04 1.384108433690834916e-01
5.593500000000000000e+03 1.064778786714378475e+04 1.402965696845879517e-01
5.600500000000000000e+03 1.087373918384154240e+04 1.391709213686886104e-01
5.607500000000000000e+03 1.098457645440164015e+04 1.394824807140349898e-01
5.614500000000000000e+03 1.069222073849886328e+04 1.410217644785484725e-01
5.621500000000000000e+03 1.101658828869657918e+04 1.403186502371791544e-01
5.628500000000000000e+03 1.106752599509542415e+04 1.403500148350667054e-01
5.635500000000000000e+03 1.090630710112322777e+04 1.400081907839670070e-01
5.642500000000000000e+03 1.093526349056590880e+04 1.401846617079989532e-01
5.649500000000000000e+03 1.135112817989836367e+04 1.386345728663669896e-01
5.656500000000000000e+03 1.103414674879363702e+04 1.414322593751350665e-01
5.663500000000000000e+03 1.146376785585066318e+04 1.398402477522817933e-01
5.670500000000000000e+03 1.110100431696751184e+04 1.414620869757584609e-01
5.677500000000000000e+03 1.110717554374349129e+04 1.413576611633463043e-01
5.684500000000000000e+03 1.111945537312646593e+04 1.405327395428813131e-01
5.691500000000000000e+03 1.146397349273441978e+04 1.423104657597374922e-01
5.698500000000000000e+03 1.119051022102539901e+04 1.408538326367056726e-01
5.705500000000000000e+03 1.143660865408757491e+04 1.386382290407371654e-01
5.712500000000000000e+03 1.141083419036952000e+04 1.416249489956138974e-01
5.719500000000000000e+03 1.140057834407449627e+04 1.426002590881935150e-01
5.726500000000000000e+03 1.127609364065662157e+04 1.425786657066570318e-01
5.733500000000000000e+03 1.173626920696174602e+04 1.403442228986307994e-01
5.740500000000000000e+03 1.164121104394608665e+04 1.401251942821009899e-01
5.747500000000000000e+03 1.156737579643623394e+04 1.379343047213560935e-01
5.754500000000000000e+03 1.181319190076337873e+04 1.383625749771079938e-01
5.761500000000000000e+03 1.183181357881369877e+04 1.380302130922139991e-01
5.768500000000000000e+03 1.187063296609266399e+04 1.383335091257808513e-01
5.775500000000000000e+03 1.211285953920031534e+04 1.390480007284028707e-01
5.782500000000000000e+03 1.201300405522922119e+04 1.362501961943875795e-01
5.789500000000000000e+03 1.198950583352676585e+04 1.350647617835078196e-01
5.796500000000000000e+03 1.256549915732390582e+04 1.318086523863223058e-01
5.803500000000000000e+03 1.223876595987376822e+04 1.329988311934801049e-01
5.810500000000000000e+03 1.225917379980190526e+04 1.331769583067672069e-01
5.817500000000000000e+03 1.230376985735255766e+04 1.320112299502393116e-01
5.824500000000000000e+03 1.226072303354734504e+04 1.330847405061354460e-01
5.831500000000000000e+03 1.248073736327264487e+04 1.316563743998442060e-01
5.838500000000000000e+03 1.240463679594120003e+04 1.305495620435506432e-01
5.845500000000000000e+03 1.234563512192915186e+04 1.329443402068644642e-01
5.852500000000000000e+03 1.237981815334188468e+04 1.320649720921706904e-01
5.859500000000000000e+03 1.217624052031325118e+04 1.307501626600058586e-01
5.866500000000000000e+03 1.184123342597629562e+04 1.325457676162075937e-01
5.873500000000000000e+03 1.200861124379905596e+04 1.361764477739456913e-01
5.880500000000000000e+03 1.202923323432229881e+04 1.344695995022330559e-01
5.887500000000000000e+03 1.172745912765722278e+04 1.410305662885756040e-01
5.894500000000000000e+03 1.151280535306394449e+04 1.422266623661159746e-01
5.901500000000000000e+03 1.114853195042633706e+04 1.477381368772876791e-01
5.908500000000000000e+03 1.137307589872238350e+04 1.450143596581534855e-01
5.915500000000000000e+03 1.146239442047443117e+04 1.450551774559429297e-01
5.922500000000000000e+03 1.171431467067257472e+04 1.428703155745596198e-01
5.929500000000000000e+03 1.166545341564600676e+04 1.438459316712182301e-01
5.936500000000000000e+03 1.160375518788807312e+04 1.434487364636658213e-01
5.943500000000000000e+03 1.183533014019653456e+04 1.395373110013199136e-01
5.950500000000000000e+03 1.170112604870819268e+04 1.417204133933931409e-01
5.957500000000000000e+03 1.167859858884523237e+04 1.401028822927228301e-01
5.964500000000000000e+03 1.195804487470134700e+04 1.378549279534082295e-01
5.971500000000000000e+03 1.222525564021491846e+04 1.327705385350090306e-01
5.978500000000000000e+03 1.213154449030378964e+04 1.357987299952141125e-01
5.985500000000000000e+03 1.234572017624855107e+04 1.350361660810084630e-01
5.992500000000000000e+03 1.212475342947477111e+04 1.335191885461071148e-01
5.999500000000000000e+03 1.240338345953194948e+04 1.302802718401668836e-01
6.006500000000000000e+03 1.237799413741057469e+04 1.302448007754937742e-01
6.013500000000000000e+03 1.248533830189652690e+04 1.297135131587650314e-01
6.020500000000000000e+03 1.230069471431193597e+04 1.284992652949916991e-01
6.027500000000000000e+03 1.220455954597500750e+04 1.267144609996245508e-01
6.034500000000000000e+03 1.249797475673912049e+04 1.266910400952976634e-01
6.041500000000000000e+03 1.234969912235851916e+04 1.257934644944313229e-01
6.048500000000000000e+03 1.246992266859168012e+04 1.260302859446988666e-01
6.055500000000000000e+03 1.255448547081576544e+04 1.234580113388240863e-01
6.062500000000000000e+03 1.251678227915935167e+04 1.241454563062195510e-01
6.069500000000000000e+03 1.258767411086681386e+04 1.222719686552270896e-01
6.076500000000000000e+03 1.272305048932588761e+04 1.215023363290434755e-01
6.083500000000000000e+03 1.270340649033883710e+04 1.201916187568747713e-01
6.090500000000000000e+03 1.269027498084597573e+04 1.219342355707868780e-01
6.097500000000000000e+03 1.269645084608963225e+04 1.189079343838621433e-01
6.104500000000000000e+03 1.250083631030928518e+04 1.202020383587818625e-01
6.111500000000000000e+03 1.273261861604029036e+04 1.177828868852271865e-01
6.118500000000000000e+03 1.276790428785031327e+04 1.175324201090253706e-01
6.125500000000000000e+03 1.270838592510859053e+04 1.183844114955516919e-01
6.132500000000000000e+03 1.292981256958149606e+04 1.157684670683582356e-01
6.139500000000000000e+03 1.273983124648789999e+04 1.147750347115812225e-01
6.146500000000000000e+03 1.283240963682642723e+04 1.123914144516614672e-01
6.153500000000000000e+03 1.299460723581363163e+04 1.137751012571804887e-01
6.160500000000000000e+03 1.295688769989073808e+04 1.124355600503592345e-01
6.167500000000000000e+03 1.329367722493256770e+04 1.092228411861765197e-01
6.174500000000000000e+03 1.280365711207574350e+04 1.124131198833272643e-01
6.181500000000000000e+03 1.324302564705346231e+04 1.091037186177716556e-01
6.188500000000000000e+03 1.286796181308668383e+04 1.106480024347144542e-01
6.195500000000000000e+03 1.317952271357573773e+04 1.099539620644014448e-01
6.202500000000000000e+03 1.317709945710448847e+04 1.102305314432841105e-01
6.209500000000000000e+03 1.325426074385474567e+04 1.052083880993146259e-01
6.216500000000000000e+03 1.311045333481891066e+04 1.065436161335837489e-01
6.223500000000000000e+03 1.300098727584891094e+04 1.061696737100245452e-01
6.230500000000000000e+03 1.317691743137438789e+04 1.057098400983115111e-01
6.237500000000000000e+03 1.286700913569375734e+04 1.069912442348843334e-01
6.244500000000000000e+03 1.338394803988691274e+04 1.032274798081996570e-01
6.251500000000000000e+03 1.344163435282223872e+04 1.025293989258882765e-01
6.258500000000000000e+03 1.290403552397990825e+04 1.096289743602547467e-01
6.265500000000000000e+03 1.269294885348267417e+04 1.102010887690346996e-01
6.272500000000000000e+03 1.257481826378830010e+04 1.102716238937774262e-01
6.279500000000000000e+03 1.274513619119739451e+04 1.092991220207753661e-01
6.286500000000000000e+03 1.235509660642287781e+04 1.145949683582242057e-01
6.293500000000000000e+03 1.231507939285498287e+04 1.139301987950141204e-01
6.300500000000000000e+03 1.269495474019183530e+04 1.064969418578294164e-01
6.307500000000000000e+03 1.268884516449464172e+04 1.074567043932412591e-01
6.314500000000000000e+03 1.318901607963571405e+04 1.027945561497508459e-01
6.321500000000000000e+03 1.294582076072904601e+04 1.024161700564899524e-01
6.328500000000000000e+03 1.314724536026977512e+04 1.001728180347440933e-01
6.335500000000000000e+03 1.310849189041889804e+04 9.889841188778808467e-02
6.342500000000000000e+03 1.328963415304570299e+04 9.653816868131552542e-02
6.349500000000000000e+03 1.350557897154609236e+04 9.553090563224082843e-02
6.356500000000000000e+03 1.329415212710560991e+04 9.493768573468680527e-02
6.363500000000000000e+03 1.342001691386460334e+04 9.361942270009346312e-02
6.370500000000000000e+03 1.337820917989579902e+04 9.494048854744209509e-02
6.377500000000000000e+03 1.344751480919783899e+04 9.314707963447825534e-02
6.384500000000000000e+03 1.320990331208465068e+04 9.573973946939295931e-02
6.391500000000000000e+03 1.350013081294070253e+04 9.350155767676815444e-02
6.398500000000000000e+03 1.347037926360538950e+04 9.280761650868765700e-02
6.405500000000000000e+03 1.350307656274366127e+04 9.254984529607777899e-02
6.412500000000000000e+03 1.342868012665956485e+04 9.055438350980535289e-02
6.419500000000000000e+03 1.355965704162576912e+04 9.119364201943670756e-02
6.426500000000000000e+03 1.336414574107430053e+04 9.103047366271152518e-02
6.433500000000000000e+03 1.340552773162831909e+04 9.305352835376076714e-02
6.440500000000000000e+03 1.356293960367068030e+04 8.868869925323862036e-02
6.447500000000000000e+03 1.344905874118428801e+04 8.898065851833189543e-02
6.454500000000000000e+03 1.328307019983294049e+04 9.174059094577032003e-02
6.461500000000000000e+03 1.324819329878885947e+04 9.324275568511528056e-02
6.468500000000000000e+03 1.294415233061097570e+04 9.710902369375928878e-02
6.475500000000000000e+03 1.269669476653167476e+04 9.956316725964060865e-02
6.482500000000000000e+03 1.279084805458829760e+04 9.692281109653505533e-02
6.489500000000000000e+03 1.304774844883047808e+04 9.529393418551118655e-02
6.496500000000000000e+03 1.269038162112419377e+04 9.737307824468896533e-02
6.503500000000000000e+03 1.305428548428017712e+04 9.479746367691119224e-02
6.510500000000000000e+03 1.319159040690071924e+04 9.136089650608140988e-02
6.517500000000000000e+03 1.289870770466347676e+04 9.380454858706523125e-02
6.524500000000000000e+03 1.275616041950962426e+04 9.636638105610845217e-02
6.531500000000000000e+03 1.262440042604094924e+04 9.649971320730413304e-02
6.538500000000000000e+03 1.243978241179173165e+04 9.588515740719212588e-02
6.545500000000000000e+03 1.251539970896027080e+04 9.002503691222188409e-02
6.552500000000000000e+03 1.207394988306617779e+04 8.704340606694963012e-02
6.559500000000000000e+03 1.208286284481085022e+04 7.470177395889975036e-02
6.566500000000000000e+03 1.216621304227414294e+04 6.036935408479593423e-02
6.573500000000000000e+03 1.282893142116063063e+04 5.967037909512858118e-02
6.580500000000000000e+03 1.248238960408136154e+04 7.855595655256199239e-02
6.587500000000000000e+03 1.233839848415542110e+04 9.043768876419491787e-02
6.594500000000000000e+03 1.292805016447040362e+04 9.038536235964525489e-02
6.601500000000000000e+03 1.318440441679401374e+04 8.417292834836645476e-02
6.608500000000000000e+03 1.353096415575249375e+04 8.085891837839727370e-02
6.615500000000000000e+03 1.369649841734353686e+04 7.828733134108711855e-02
6.622500000000000000e+03 1.359760359498308571e+04 7.738992943620381926e-02
6.629500000000000000e+03 1.338598563474364710e+04 7.805324534843877116e-02
6.636500000000000000e+03 1.361093538144020386e+04 7.430821658236871907e-02
6.643500000000000000e+03 1.362875817100102176e+04 7.570314042971927615e-02
6.650500000000000000e+03 1.376824352050350171e+04 7.581594369957676827e-02
6.657500000000000000e+03 1.356904255445992749e+04 7.646893155745558557e-02
6.664500000000000000e+03 1.377366121017662772e+04 7.426621629948275405e-02
6.671500000000000000e+03 1.343486403073660040e+04 7.382151452850929663e-02
6.678500000000000000e+03 1.346579620333363528e+04 7.342379362942647036e-02
6.685500000000000000e+03 1.377613093066916554e+04 7.104135970066481620e-02
6.692500000000000000e+03 1.347680759880711594e+04 7.353015701478683719e-02
6.699500000000000000e+03 1.352047518917884190e+04 7.132980134010180606e-02
6.706500000000000000e+03 1.341036412594336798e+04 7.371359935690241505e-02
6.713500000000000000e+03 1.385559977386381615e+04 6.935216614226698273e-02
6.720500000000000000e+03 1.359809903040062272e+04 7.183417597913897834e-02
6.727500000000000000e+03 1.368945535909381761e+04 7.031741295408298897e-02
6.734500000000000000e+03 1.363567208372358436e+04 6.843865448289654374e-02
6.741500000000000000e+03 1.373133065952345169e+04 6.749051596930490116e-02
6.748500000000000000e+03 1.379888802851090986e+04 6.769631993024362304e-02
6.755500000000000000e+03 1.373984482647183722e+04 6.856476291410919244e-02
6.762500000000000000e+03 1.348857767971200883e+04 6.968200900229232220e-02
6.769500000000000000e+03 1.354112414679244830e+04 6.788729773078561180e-02
6.776500000000000000e+03 1.365734778105985970e+04 6.782776354965537602e-02
6.783500000000000000e+03 1.358012336441530715e+04 6.682331049918435739e-02
6.790500000000000000e+03 1.353546562905890096e+04 6.742081685419730464e-02
6.797500000000000000e+03 1.389716529870498562e+04 6.665668927097105623e-02
6.804500000000000000e+03 1.369029873566333117e+04 6.626557839032909403e-02
6.811500000000000000e+03 1.336830302196281446e+04 6.681742344911191511e-02
6.818500000000000000e+03 1.345479734120465400e+04 6.680811617906354249e-02
6.825500000000000000e+03 1.333654123838786472e+04 6.693628695829771658e-02
6.832500000000000000e+03 1.325614548213659327e+04 6.616098688466610922e-02
6.839500000000000000e+03 1.348463134567906854e+04 6.458812448690058605e-02
6.846500000000000000e+03 1.267328810631167653e+04 7.526358818189123057e-02
6.853500000000000000e+03 1.167301280830179894e+04 9.468331440847153890e-02
6.860500000000000000e+03 1.039476035076218977e+04 1.087755257380505630e-01
6.867500000000000000e+03 1.018606410881853481e+04 8.215473835882951270e-02
6.874500000000000000e+03 9.436240228316948560e+03 9.613231742331239393e-02
6.881500000000000000e+03 8.854628545660052623e+03 1.344712081815689353e-01
6.888500000000000000e+03 9.098191931565439518e+03 1.298545981757393275e-01
6.895500000000000000e+03 9.822402981907762296e+03 1.093940900572595160e-01
6.902500000000000000e+03 9.951567599796799186e+03 1.052294763848844322e-01
6.909500000000000000e+03 1.055998654431295654e+04 9.945653683149681401e-02
6.916500000000000000e+03 1.083294753008498810e+04 9.767998052712513479e-02
6.923500000000000000e+03 1.062625678871331547e+04 9.514283469789962255e-02
6.930500000000000000e+03 1.096263774645690864e+04 9.621440762060237684e-02
6.937500000000000000e+03 1.120432047744262672e+04 9.049940159613149848e-02
6.944500000000000000e+03 1.122925407744216500e+04 8.910771185283634932e-02
6.951500000000000000e+03 1.146834704104216871e+04 8.501780578228182450e-02
6.958500000000000000e+03 1.177712092042997028e+04 7.844459397946709767e-02
6.965500000000000000e+03 1.196663910148143987e+04 7.667298824678289715e-02
6.972500000000000000e+03 1.209812218651051990e+04 7.361780221975697258e-02
6.979500000000000000e+03 1.204250831945825848e+04 7.382361960048079708e-02
6.986500000000000000e+03 1.212196949086415043e+04 7.291478807176339505e-02
6.993500000000000000e+03 1.182949698300446289e+04 7.544621928677844314e-02
7.000500000000000000e+03 1.151533748865074631e+04 7.886666365048762561e-02
7.007500000000000000e+03 1.151720916598145959e+04 7.919485457154890051e-02
7.014500000000000000e+03 1.176996004286416610e+04 7.639655049668284126e-02
7.021500000000000000e+03 1.167752760632815807e+04 7.464592872451024375e-02
7.028500000000000000e+03 1.169793621613154028e+04 7.271963243708448599e-02
7.035500000000000000e+03 1.180145931655596905e+04 7.297162319163005839e-02
7.042500000000000000e+03 1.211655179281050005e+04 6.903354754920780489e-02
7.049500000000000000e+03 1.222867677946408367e+04 6.852324590650957226e-02
7.056500000000000000e+03 1.197012640786656266e+04 6.676133450980042960e-02
7.063500000000000000e+03 1.190280286409782275e+04 6.489944124786241331e-02
7.070500000000000000e+03 1.192596588500512007e+04 6.440940705051424742e-02
7.077500000000000000e+03 1.211646397126299235e+04 6.368367980256767202e-02
7.084500000000000000e+03 1.205497460513684564e+04 6.254393674059773034e-02
7.091500000000000000e+03 1.206137708184422991e+04 6.168581560569269540e-02
7.098500000000000000e+03 1.206542388433263477e+04 6.150029512220444444e-02
7.105500000000000000e+03 1.211059537304165133e+04 5.850482469579031813e-02
7.112500000000000000e+03 1.214018491135865224e+04 5.925443719792031910e-02
7.119500000000000000e+03 1.222880617364727550e+04 6.000225292968932450e-02
7.126500000000000000e+03 1.212910396406484324e+04 5.763406884434072591e-02
7.133500000000000000e+03 1.185647428533037419e+04 6.212296480884980238e-02
7.140500000000000000e+03 1.191019632271340924e+04 6.030089561316701735e-02
7.147500000000000000e+03 1.156593609891576671e+04 6.740633383011353230e-02
7.154500000000000000e+03 1.097819235957944875e+04 7.893950810565397713e-02
7.161500000000000000e+03 1.043851918108297286e+04 8.892084965813831787e-02
7.168500000000000000e+03 9.486745152761279314e+03 1.011829604120247500e-01
7.175500000000000000e+03 8.556109075956346715e+03 1.135884877846490004e-01
7.182500000000000000e+03 8.162019874546217579e+03 1.199780598082229310e-01
7.189500000000000000e+03 7.959193470124381747e+03 1.219062878699426894e-01
7.196500000000000000e+03 8.105026575552006761e+03 1.162134747498314580e-01
7.203500000000000000e+03 8.654217837122063429e+03 1.052768624965108174e-01
7.210500000000000000e+03 8.976024009660846787e+03 1.049384365610186165e-01
7.217500000000000000e+03 9.338617516172464093e+03 1.048417286534246706e-01
7.224500000000000000e+03 9.299249805328976436e+03 1.010045951287860677e-01
7.231500000000000000e+03 9.206425554818348246e+03 9.370867681007040428e-02
7.238500000000000000e+03 8.901953384245114648e+03 9.394565066632586114e-02
7.245500000000000000e+03 8.561890752079714730e+03 1.061072513771353504e-01
7.252500000000000000e+03 8.494840330605209601e+03 1.106471899715461837e-01
7.259500000000000000e+03 8.515115928879331477e+03 1.127093106434227526e-01
7.266500000000000000e+03 8.461626894152481327e+03 1.084573598437871406e-01
7.273500000000000000e+03 8.735724196032382679e+03 1.022698980132013269e-01
7.280500000000000000e+03 8.578696539662712894e+03 1.041160909569082832e-01
7.287500000000000000e+03 8.602517778227538656e+03 1.045593907166553344e-01
7.294500000000000000e+03 8.745284466241082555e+03 9.929046554646545064e-02
7.301500000000000000e+03 8.908602521173066634e+03 9.814892694063161172e-02
7.308500000000000000e+03 9.182812570534357292e+03 9.253605827011346374e-02
7.315500000000000000e+03 9.381066627554415390e+03 8.850885500723298938e-02
7.322500000000000000e+03 9.741514854359313176e+03 8.179836973272046341e-02
7.329500000000000000e+03 1.010835461282983852e+04 7.244785891596532135e-02
7.336500000000000000e+03 1.024208735799993519e+04 7.045543293996883727e-02
7.343500000000000000e+03 1.026192251378466608e+04 6.872022900804360124e-02
7.350500000000000000e+03 1.040721199847384923e+04 6.667453792782955524e-02
7.357500000000000000e+03 1.063015913545722651e+04 6.447847935259351515e-02
7.364500000000000000e+03 1.054057544946838789e+04 6.326643534242613887e-02
7.371500000000000000e+03 1.057344968800838251e+04 6.262324666395542583e-02
7.378500000000000000e+03 1.054140605838557713e+04 6.208480524302215781e-02
7.385500000000000000e+03 1.084196179454565572e+04 5.656597608693222229e-02
7.392500000000000000e+03 1.085615820385701045e+04 5.372460376565167672e-02
7.399500000000000000e+03 1.075072433783463021e+04 5.101143085835958824e-02
7.406500000000000000e+03 1.084879223039081444e+04 5.104068188749103646e-02
7.413500000000000000e+03 1.111212616615586194e+04 4.818004646300168975e-02
7.420500000000000000e+03 1.101912006419768477e+04 4.872440696575743024e-02
7.427500000000000000e+03 1.105356002342356260e+04 4.580541410394473045e-02
7.434500000000000000e+03 1.086976357290122178e+04 4.734412164233575693e-02
7.441500000000000000e+03 1.094280501750970689e+04 4.646825201291905627e-02
7.448500000000000000e+03 1.092474526444126604e+04 4.396706815801276758e-02
7.455500000000000000e+03 1.072071352465368000e+04 4.394234267918547404e-02
7.462500000000000000e+03 1.089868558014440896e+04 4.399394588719447025e-02
7.469500000000000000e+03 1.064558006277792447e+04 4.426061043336335793e-02
7.476500000000000000e+03 1.085911774337013230e+04 4.120960669454043490e-02
7.483500000000000000e+03 1.067742746017010541e+04 4.433251792314124584e-02
7.490500000000000000e+03 1.077221764132159478e+04 4.415263012369763373e-02
7.497500000000000000e+03 1.072647393601337535e+04 4.484062089623747083e-02
7.504500000000000000e+03 1.074338100970533014e+04 4.288943860534059904e-02
7.511500000000000000e+03 1.067308942708120776e+04 4.288068178394271318e-02
7.518500000000000000e+03 1.028380457754225608e+04 4.338266261747109054e-02
7.525500000000000000e+03 1.038374919525644691e+04 4.296593205907355689e-02
7.532500000000000000e+03 1.038891713301462732e+04 4.167475511835014301e-02
7.539500000000000000e+03 1.039801686423596038e+04 4.394058192433273474e-02
7.546500000000000000e+03 1.014950153391543427e+04 4.190850340064147805e-02
7.553500000000000000e+03 1.018102136484463881e+04 4.281918587845531116e-02
7.560500000000000000e+03 9.932106086313879132e+03 4.588210667084473282e-02
7.567500000000000000e+03 9.996297631412486226e+03 4.525418672878900317e-02
7.574500000000000000e+03 9.323859458014869233e+03 6.324513827189150172e-02
7.581500000000000000e+03 7.247017742526407346e+03 1.171225609233539217e-01
7.588500000000000000e+03 5.138191404426067493e+03 1.677852529739437271e-01
7.595500000000000000e+03 4.047024863420550901e+03 1.253227581449422590e-01
7.602500000000000000e+03 3.362154288151803939e+03 6.388365202757617656e-02
7.609500000000000000e+03 1.817866327893455946e+03 2.399314658724397975e-01
7.616500000000000000e+03 1.315023596077342972e+03 3.969920973906934103e-01
7.623500000000000000e+03 1.607429064896848558e+03 3.558780638441476629e-01
7.630500000000000000e+03 2.111438431662556923e+03 2.707225374654022021e-01
7.637500000000000000e+03 2.403731101196713098e+03 2.430352755920892061e-01
7.644500000000000000e+03 2.946598305901200092e+03 2.241541060300721033e-01
7.651500000000000000e+03 3.607745073265080464e+03 1.927834227651125942e-01
7.658500000000000000e+03 4.770487546857750203e+03 1.538758224479934988e-01
7.665500000000000000e+03 5.731875673717371683e+03 1.248538791442883045e-01
7.672500000000000000e+03 6.565194950278317265e+03 9.982507294483654314e-02
7.679500000000000000e+03 7.493055447550859753e+03 8.053904920764076714e-02
7.686500000000000000e+03 7.836380791234390927e+03 6.997421196113459696e-02
7.693500000000000000e+03 8.470811483355792006e+03 6.037311985009151394e-02
7.700500000000000000e+03 8.629198749918223257e+03 5.439002452470213800e-02
7.707500000000000000e+03 8.824280535931358827e+03 4.784025451121746292e-02
7.714500000000000000e+03 8.913046582573686464e+03 4.734248534466131003e-02
7.721500000000000000e+03 9.033692107163600667e+03 4.387905201525686694e-02
7.728500000000000000e+03 9.151995543648059538e+03 4.246598638104197299e-02
7.735500000000000000e+03 8.989796531452027921e+03 4.206797066944655689e-02
7.742500000000000000e+03 8.978025143004044367e+03 4.123954068860354732e-02
7.749500000000000000e+03 8.843795617498923093e+03 4.168478282898750720e-02
7.756500000000000000e+03 8.722182824467901810e+03 4.094907407982715380e-02
7.763500000000000000e+03 8.721827918297554788e+03 3.705128388648035870e-02
7.770500000000000000e+03 8.756075476076541236e+03 3.652539732837363495e-02
7.777500000000000000e+03 8.677005994814460792e+03 3.838205735328190787e-02
7.784500000000000000e+03 8.669277217779674174e+03 4.007396747456832414e-02
7.791500000000000000e+03 8.671287433753281221e+03 3.959495791551160410e-02
7.798500000000000000e+03 8.648540690812551475e+03 3.859993798443266122e-02
7.805500000000000000e+03 8.713411149039035081e+03 3.527279630524968179e-02
7.812500000000000000e+03 8.709468875659193145e+03 3.698945458527120450e-02
7.819500000000000000e+03 8.623124046846842248e+03 3.739530412873549869e-02
7.826500000000000000e+03 8.292629972943110261e+03 3.745590158122305557e-02
7.833500000000000000e+03 8.547817373370671703e+03 3.564402698355635668e-02
7.840500000000000000e+03 8.470657027720584665e+03 3.700844211756430108e-02
7.847500000000000000e+03 8.509428374908047772e+03 3.632716089160247658e-02
7.854500000000000000e+03 8.172776913049562609e+03 3.875659611263443383e-02
7.861500000000000000e+03 8.110571578908902666e+03 3.995855421457829293e-02
7.868500000000000000e+03 8.012384553575493555e+03 4.136620049808421851e-02
7.875500000000000000e+03 7.806834355406600480e+03 4.627823077506936639e-02
7.882500000000000000e+03 7.842180190686542119e+03 4.645462943665298883e-02
7.889500000000000000e+03 7.487225545096573114e+03 4.826880201898132300e-02
7.896500000000000000e+03 7.426378239551079787e+03 4.758788410570665567e-02
7.903500000000000000e+03 7.614288613826572146e+03 5.071819814120595571e-02
7.910500000000000000e+03 7.569997220184528487e+03 4.748239146358015916e-02
7.917500000000000000e+03 7.491627594369808321e+03 4.769439496247922933e-02
7.924500000000000000e+03 7.417078259694903863e+03 4.416989123947308304e-02
7.931500000000000000e+03 7.549518274756166647e+03 4.233469370170429152e-02
7.938500000000000000e+03 7.400220252715584138e+03 4.631223806969449880e-02
7.945500000000000000e+03 7.583509523247553261e+03 4.497105629195020243e-02
7.952500000000000000e+03 7.401225827419544657e+03 4.517759758454088087e-02
7.959500000000000000e+03 7.240050194424998153e+03 4.446482036576403229e-02
7.966500000000000000e+03 7.473922235062736945e+03 4.488861678039276354e-02
7.973500000000000000e+03 7.312820004919159146e+03 4.780446656245414261e-02
7.980500000000000000e+03 7.067732583032902767e+03 4.496703333305519107e-02
7.987500000000000000e+03 7.055934078120707454e+03 4.417243968321599157e-02
7.994500000000000000e+03 6.907971057203963028e+03 4.460099013362421594e-02
8.001500000000000000e+03 7.146688898848553436e+03 4.412990194794206428e-02
8.008500000000000000e+03 6.947414868480082077e+03 4.610714168548377123e-02
8.015500000000000000e+03 6.926313686440107631e+03 4.774206244151514567e-02
8.022500000000000000e+03 6.909624447971821610e+03 4.741505865922678725e-02
8.029500000000000000e+03 6.785461983930053066e+03 4.619073727471562085e-02
8.036500000000000000e+03 7.014452748029340000e+03 4.365384606157136221e-02
8.043500000000000000e+03 6.795235826331530916e+03 4.323192333919773089e-02
8.050500000000000000e+03 6.987405397977129724e+03 4.063854461521276829e-02
8.057500000000000000e+03 6.731946659983732388e+03 4.286327018004973399e-02
8.064500000000000000e+03 6.915956044469246990e+03 3.994924203565047849e-02
8.071500000000000000e+03 6.855609906710220457e+03 3.920109722795986351e-02
8.078500000000000000e+03 6.872322293760559660e+03 4.040735090736368579e-02
8.085500000000000000e+03 6.721201020806583983e+03 4.227417837164156034e-02
8.092500000000000000e+03 6.702495819550472334e+03 4.206915983085457444e-02
8.099500000000000000e+03 6.655771902569947088e+03 4.620138230433038645e-02
8.106500000000000000e+03 6.252378753807534849e+03 5.034317270478938511e-02
8.113500000000000000e+03 6.079138971430395031e+03 5.543130562440059389e-02
8.120500000000000000e+03 5.868375528837396814e+03 6.354114710888317252e-02
8.127500000000000000e+03 5.563749866744250539e+03 6.994349771032372376e-02
8.134500000000000000e+03 5.294671828454236675e+03 7.615542273229855552e-02
8.141500000000000000e+03 5.040347363795872297e+03 8.757119776322089266e-02
8.148500000000000000e+03 4.724526672628332562e+03 9.488189271990957185e-02
8.155500000000000000e+03 4.618222027799360148e+03 9.757286882552937413e-02
8.162500000000000000e+03 4.599670266480273312e+03 9.323120210944776942e-02
8.169500000000000000e+03 4.568499247147109600e+03 9.687937225895114357e-02
8.176500000000000000e+03 4.396572755191262331e+03 9.945743358936304235e-02
8.183500000000000000e+03 4.653727110795115550e+03 9.140915862761025967e-02
8.190500000000000000e+03 4.907514621701277974e+03 8.136490093471354657e-02
8.197500000000000000e+03 4.966784858355204960e+03 7.274535342179584696e-02
8.204500000000000000e+03 5.037686858812184255e+03 8.006073130516437597e-02
8.211500000000000000e+03 4.904324178709824992e+03 9.116340514572326970e-02
8.218500000000000000e+03 4.708261446969236204e+03 8.935599761174384259e-02
8.225500000000000000e+03 4.681903968740672099e+03 7.206321187509713566e-02
8.232500000000000000e+03 4.697035726026016164e+03 6.880891690756001100e-02
8.239500000000000000e+03 4.753899362885439587e+03 8.881559094167429391e-02
8.246500000000000000e+03 4.922867297400178359e+03 8.168967948965262516e-02
8.253500000000000000e+03 5.457285269682945909e+03 6.350283574361720307e-02
8.260500000000000000e+03 5.143060826947641544e+03 6.588575949872743642e-02
8.267500000000000000e+03 5.040527130780296829e+03 7.160488442509030382e-02
8.274500000000000000e+03 4.848069380520859340e+03 6.854145479764620075e-02
8.281500000000000000e+03 4.976718719292407513e+03 6.841788093898665268e-02
8.288500000000000000e+03 4.929746199210411760e+03 7.040495977260068095e-02
8.295500000000000000e+03 4.865864689553244716e+03 7.037439801034160725e-02
8.302500000000000000e+03 4.908305504787102109e+03 7.086468631129103080e-02
8.309500000000000000e+03 5.058196220632961740e+03 6.835390608446752225e-02
8.316500000000000000e+03 5.094314279758103112e+03 6.061822529303610707e-02
8.323500000000000000e+03 5.065839779229849228e+03 5.962692452246923930e-02
8.330500000000000000e+03 5.204374115496787454e+03 5.957021611373979064e-02
8.337500000000000000e+03 5.201325514825581195e+03 5.508846012322240332e-02
8.344500000000000000e+03 5.213423395752678516e+03 5.608840689772395111e-02
8.351500000000000000e+03 5.473230555851916506e+03 5.094757307246015193e-02
8.358500000000000000e+03 5.424994839558386047e+03 4.756100527995171107e-02
8.365500000000000000e+03 5.551544042366164831e+03 4.711660354340860973e-02
8.372500000000000000e+03 5.483480485453424990e+03 4.569190064827748088e-02
8.379500000000000000e+03 5.633073364474103983e+03 3.892860890561188753e-02
8.386500000000000000e+03 5.520716376148095151e+03 4.141549124459543985e-02
8.393500000000000000e+03 5.610873728430618939e+03 3.884674238666673690e-02
8.400500000000000000e+03 5.740351376428223375e+03 3.685091752312381203e-02
8.407500000000000000e+03 5.531878572431480279e+03 3.825313773513456389e-02
8.414500000000000000e+03 5.584690801237532469e+03 3.631819425981148985e-02
8.421500000000000000e+03 5.577630625212423183e+03 3.562882687366840384e-02
8.428500000000000000e+03 5.506962823192521682e+03 3.528309210748162977e-02
8.435500000000000000e+03 5.546975870443949134e+03 3.224377327707335372e-02
8.442500000000000000e+03 5.419472227817767816e+03 3.563768133851267367e-02
8.449500000000000000e+03 5.707104538949091875e+03 3.121735385342743960e-02
8.456500000000000000e+03 5.522903625333296077e+03 3.259151919529407193e-02
8.463500000000000000e+03 5.512997486280220983e+03 2.988891743034341464e-02
8.470500000000000000e+03 5.479769632246605397e+03 3.188964235028687172e-02
8.477500000000000000e+03 5.597843950037543436e+03 3.144310940506397922e-02
8.484500000000000000e+03 5.431650250991509893e+03 3.321553325236045046e-02
8.491500000000000000e+03 5.439662981005242727e+03 3.137459801354587630e-02
8.498500000000000000e+03 5.523193794130328570e+03 2.944643391741651531e-02
8.505500000000000000e+03 5.459778044178196978e+03 2.645969737226933419e-02
8.512500000000000000e+03 5.401782150250765881e+03 2.922797145791941956e-02
8.519500000000000000e+03 5.541946947537333472e+03 2.956492160206115882e-02
8.526500000000000000e+03 5.304044103072210419e+03 3.664581743104070033e-02
8.533500000000000000e+03 5.272468773117446290e+03 3.381616497516336250e-02
8.540500000000000000e+03 5.251782680382249964e+03 2.722609574013766173e-02
8.547500000000000000e+03 5.275756191074883645e+03 2.109849199351087126e-02
8.554500000000000000e+03 5.384584145146001902e+03 2.173464064049267230e-02
8.561500000000000000e+03 5.316420142769172344e+03 3.034995710470026961e-02
8.568500000000000000e+03 5.325609939748787838e+03 3.640696082492636543e-02
8.575500000000000000e+03 5.068351696588083541e+03 3.686310793266298069e-02
8.582500000000000000e+03 5.175843837087244538e+03 3.031409332539942297e-02
8.589500000000000000e+03 5.304614837209496727e+03 2.434048267447704722e-02
8.596500000000000000e+03 5.263322724116346762e+03 2.167292429849661597e-02
8.603500000000000000e+03 5.299675234773143529e+03 2.142569832162097634e-02
8.610500000000000000e+03 5.262245532009429553e+03 1.990323317468044306e-02
8.617500000000000000e+03 5.176674133793349938e+03 2.590086954012621803e-02
8.624500000000000000e+03 5.119649761630980720e+03 3.175117196796064384e-02
8.631500000000000000e+03 5.180057083517497631e+03 3.377233834042878829e-02
8.638500000000000000e+03 5.113141862067660441e+03 3.534133602180097172e-02
8.645500000000000000e+03 5.097414556634507790e+03 3.462814219343302719e-02
8.652500000000000000e+03 5.035441028619757162e+03 2.879550279513648503e-02
8.659500000000000000e+03 5.096104424608201043e+03 1.959170464941702508e-02
8.666500000000000000e+03 5.119965240634964175e+03 1.153848254898200490e-02
8.673500000000000000e+03 5.278132669702815292e+03 1.053826993161577699e-02
8.680500000000000000e+03 5.087261263303770647e+03 2.039256033951966987e-02
8.687500000000000000e+03 4.918246227440402436e+03 3.032726099336923234e-02
8.694500000000000000e+03 5.038515503127694501e+03 3.205746127779932064e-02
8.701500000000000000e+03 5.201575169995101533e+03 2.965740703635947814e-02
8.708500000000000000e+03 5.155528559158319695e+03 3.261468038809774844e-02
8.715500000000000000e+03 5.067683155128079306e+03 3.223226284653606805e-02
8.722500000000000000e+03 4.969858912163495916e+03 3.421833089437983921e-02
8.729500000000000000e+03 4.931152654445664666e+03 3.118532695137552282e-02
8.736500000000000000e+03 4.954850288055075907e+03 2.469243202614104793e-02
8.743500000000000000e+03 4.966954177483294188e+03 1.452679809444385080e-02
8.750500000000000000e+03 5.018283288362274106e+03 9.252840298149217144e-03
8.757500000000000000e+03 4.845109053160677831e+03 1.624523030316921482e-02
8.764500000000000000e+03 4.933771176951260713e+03 2.436344196147385149e-02
8.771500000000000000e+03 4.797342592385651187e+03 2.943885139581210730e-02
8.778500000000000000e+03 4.864605232588363833e+03 3.175175001614998632e-02
8.785500000000000000e+03 4.972808087997681469e+03 3.047180214827226175e-02
8.792500000000000000e+03 5.084963044579615598e+03 2.742894892470204224e-02
8.799500000000000000e+03 5.005726590962103728e+03 3.090570122334590844e-02
8.806500000000000000e+03 5.028200616365569658e+03 2.652028581782931924e-02
8.813500000000000000e+03 5.027783005073093591e+03 2.790920332435648660e-02
8.820500000000000000e+03 4.978860156965682108e+03 2.887753339676795913e-02
8.827500000000000000e+03 4.874160418182735157e+03 2.949212053882892259e-02
8.834500000000000000e+03 4.808839739876033491e+03 2.781140511229267601e-02
8.841500000000000000e+03 4.587933022003455335e+03 3.015180878109813278e-02
8.848500000000000000e+03 4.650882533359075751e+03 2.844867810022341098e-02
8.855500000000000000e+03 4.467969055970431327e+03 2.237053762731606305e-02
8.862500000000000000e+03 4.586644569575278183e+03 1.409778428266950795e-02
8.869500000000000000e+03 4.554535114934641570e+03 1.093632661263142271e-02
8.876500000000000000e+03 4.623648976416299774e+03 1.568015754330957454e-02
8.883500000000000000e+03 4.557715350869936628e+03 3.031869936775727012e-02
8.890500000000000000e+03 4.485954416712401326e+03 3.417603850504664920e-02
8.897500000000000000e+03 4.701996183742494395e+03 3.281037878126007168e-02
8.904500000000000000e+03 4.711676726569950915e+03 3.297226493610246750e-02
8.911500000000000000e+03 4.661057722858384295e+03 3.600240235591510574e-02
8.918500000000000000e+03 4.613014713200866026e+03 3.661541027596401654e-02
8.925500000000000000e+03 4.521486638618131110e+03 3.961345886624086793e-02
8.932500000000000000e+03 4.191357963004222256e+03 4.898586650499340417e-02
8.939500000000000000e+03 4.047116759108163023e+03 5.731704930827405398e-02
8.946500000000000000e+03 3.901657674434034107e+03 6.727268441448958081e-02
8.953500000000000000e+03 3.557579316746225686e+03 7.578702670083378723e-02
8.960500000000000000e+03 3.410606375204216874e+03 8.166081672639785571e-02
8.967500000000000000e+03 3.120429992093160763e+03 8.910409440457470187e-02
8.974500000000000000e+03 2.979957972703454288e+03 1.058900529843538052e-01
8.981500000000000000e+03 2.762029139140543975e+03 1.146936195204204673e-01
8.988500000000000000e+03 2.764492108392918453e+03 9.821827014693543245e-02
8.995500000000000000e+03 2.627357411838512235e+03 1.097328444774302997e-01
9.002500000000000000e+03 2.486027585146986894e+03 1.052953846215084893e-01
9.009500000000000000e+03 2.586194867674390935e+03 8.834719388436780563e-02
9.016500000000000000e+03 2.745410187281864182e+03 8.064301914273373784e-02
9.023500000000000000e+03 2.854769572281076762e+03 7.165914473967803511e-02
9.030500000000000000e+03 2.974820033529449120e+03 7.669498723596490652e-02
9.037500000000000000e+03 3.182941326892080724e+03 7.672621368911509976e-02
9.044500000000000000e+03 3.286455452925025384e+03 7.816406873192424665e-02
9.051500000000000000e+03 3.314555613659004393e+03 7.938259003332202857e-02
9.058500000000000000e+03 3.134420661148633826e+03 8.827132344456395385e-02
9.065500000000000000e+03 3.072730481747960766e+03 8.481172791975080671e-02
9.072500000000000000e+03 2.958163572553642553e+03 8.875107873524301638e-02
9.079500000000000000e+03 2.686252301398586951e+03 1.053677356771942353e-01
9.086500000000000000e+03 2.626748075927443097e+03 1.132453697512192381e-01
9.093500000000000000e+03 2.570356067539426931e+03 1.148766463018733169e-01
9.100500000000000000e+03 2.768857795347778847e+03 1.029259619175528634e-01
9.107500000000000000e+03 2.712952861454891263e+03 1.068632791207158872e-01
9.114500000000000000e+03 2.523144590047732436e+03 1.196715205430415874e-01
9.121500000000000000e+03 2.437838046647761985e+03 1.219935121201510958e-01
9.128500000000000000e+03 2.552874391653685507e+03 1.080945694794095829e-01
9.135500000000000000e+03 2.548816907118082781e+03 1.084877677817077529e-01
9.142500000000000000e+03 2.305868414566649335e+03 1.405883183765750388e-01
9.149500000000000000e+03 2.410041582832378936e+03 1.222027561829923809e-01
9.156500000000000000e+03 2.500164338205027889e+03 1.076886012317112840e-01
9.163500000000000000e+03 2.351670306747463201e+03 1.315361868771047493e-01
9.170500000000000000e+03 2.473976994342410308e+03 1.176046318768450699e-01
9.177500000000000000e+03 2.612141575897734128e+03 9.657838555232900468e-02
9.184500000000000000e+03 2.665167406887699599e+03 9.927332791658431688e-02
9.191500000000000000e+03 2.841934873345848700e+03 8.919271850295651394e-02
9.198500000000000000e+03 2.954802773316803723e+03 8.091618196029752574e-02
9.205500000000000000e+03 3.073229682908896848e+03 7.805366018639099679e-02
9.212500000000000000e+03 2.899878580932691875e+03 7.009619065912588154e-02
9.219500000000000000e+03 2.824270537126186809e+03 6.234844105798959674e-02
9.226500000000000000e+03 2.777616178234655308e+03 5.609479710674657865e-02
9.233500000000000000e+03 2.743847039912016953e+03 5.997294123084628142e-02
9.240500000000000000e+03 2.712577074414702565e+03 6.805371709383985224e-02
9.247500000000000000e+03 2.654325424202817430e+03 8.284038609412745779e-02
9.254500000000000000e+03 2.633196908525138042e+03 8.764205738340444252e-02
9.261500000000000000e+03 2.603505504768827450e+03 9.605073892232039723e-02
9.268500000000000000e+03 2.394806522742463130e+03 1.135240508086513972e-01
9.275500000000000000e+03 2.166787277566185821e+03 1.246530915645369941e-01
9.282500000000000000e+03 1.937823752075361881e+03 1.460995782858632852e-01
9.289500000000000000e+03 1.646312416298400876e+03 1.766560892652302983e-01
9.296500000000000000e+03 1.421834431055945515e+03 1.910524582970103691e-01
9.303500000000000000e+03 1.266989256964233618e+03 2.135098964128668286e-01
9.310500000000000000e+03 9.900057162664196539e+02 2.463894622862211337e-01
9.317500000000000000e+03 7.906748966826874039e+02 2.614900415456012372e-01
9.324500000000000000e+03 5.862122286907185753e+02 3.172216102423406348e-01
9.331500000000000000e+03 4.575101943289484439e+02 3.629334318615007882e-01
9.338500000000000000e+03 4.719040269531167269e+02 3.297571867319590289e-01
9.345500000000000000e+03 4.440708000704783558e+02 3.496208074438458269e-01
9.352500000000000000e+03 4.267768420403348841e+02 3.755682640319467636e-01
9.359500000000000000e+03 4.483090165963192817e+02 3.667932889530488572e-01
9.366500000000000000e+03 5.134674432470817464e+02 3.444150962609582867e-01
9.373500000000000000e+03 5.907341054817301256e+02 2.982069773183149697e-01
9.380500000000000000e+03 7.905862466894205909e+02 2.446886725241243510e-01
9.387500000000000000e+03 9.345768901137424791e+02 2.536927628013287972e-01
9.394500000000000000e+03 1.016345848028097180e+03 2.615645446610181390e-01
9.401500000000000000e+03 1.208112206480758005e+03 2.201909675869362093e-01
9.408500000000000000e+03 1.180482614021802647e+03 2.134942934617499455e-01
9.415500000000000000e+03 1.002006873942926404e+03 2.438244561269286015e-01
9.422500000000000000e+03 9.712993009730718086e+02 2.384202480166717764e-01
9.429500000000000000e+03 9.129390696568668773e+02 2.349337266359173559e-01
9.436500000000000000e+03 7.830582490809188130e+02 2.444411837907137508e-01
9.443500000000000000e+03 8.226734745755272797e+02 2.453509076423452118e-01
9.450500000000000000e+03 7.041544133561068293e+02 2.904552332924146274e-01
9.457500000000000000e+03 7.931501429858740266e+02 2.567668741089421669e-01
9.464500000000000000e+03 7.515401681537910008e+02 2.665720950682429757e-01
9.471500000000000000e+03 7.686193599869080799e+02 2.706879054876289437e-01
9.478500000000000000e+03 9.223282557961350676e+02 2.347859863262799496e-01
9.485500000000000000e+03 8.135775569054280822e+02 2.718966435198343357e-01
9.492500000000000000e+03 8.691733556316952445e+02 2.386761887434889484e-01
9.499500000000000000e+03 9.677491297970418600e+02 1.933677571078121216e-01
9.506500000000000000e+03 7.649207389439769713e+02 2.827234660843312986e-01
9.513500000000000000e+03 7.327810855181240868e+02 2.858828698509767174e-01
9.520500000000000000e+03 8.953832068342335333e+02 2.147436294997441264e-01
9.527500000000000000e+03 8.392678348274528162e+02 2.405911478304920970e-01
9.534500000000000000e+03 7.569599301943615046e+02 2.667034404261806602e-01
9.541500000000000000e+03 8.399262711645004629e+02 2.239060522396796593e-01
9.548500000000000000e+03 8.936759206021188220e+02 1.981253344317827347e-01
9.555500000000000000e+03 8.503602324096132179e+02 2.019070068855202127e-01
9.562500000000000000e+03 8.736541325955041657e+02 1.986972472625328778e-01
9.569500000000000000e+03 9.179966063148724515e+02 2.182504190781044406e-01
9.576500000000000000e+03 9.082760810972989702e+02 2.411998049864266525e-01
9.583500000000000000e+03 9.822555618049219675e+02 2.109438973766616654e-01
9.590500000000000000e+03 1.128729652672947395e+03 1.733534868776505922e-01
9.597500000000000000e+03 1.088159079062820410e+03 1.967938205062385593e-01
9.604500000000000000e+03 1.061207473251427700e+03 2.110501360831365802e-01
9.611500000000000000e+03 1.220551630043441719e+03 1.925776362337884851e-01
9.618500000000000000e+03 1.364772330772710347e+03 1.601104023568326595e-01
9.625500000000000000e+03 1.319304771367423655e+03 1.628012746474199191e-01
9.632500000000000000e+03 1.277940989357651915e+03 1.737275430244763497e-01
9.639500000000000000e+03 1.444890937523030516e+03 1.376545552181103749e-01
9.646500000000000000e+03 1.362815370283610946e+03 1.502601570977945278e-01
9.653500000000000000e+03 1.399756758767765405e+03 1.623176503912388269e-01
9.660500000000000000e+03 1.552837024488851284e+03 1.284948854712044952e-01
9.667500000000000000e+03 1.770770044218347493e+03 1.070500598227411698e-01
9.674500000000000000e+03 1.839196268710991262e+03 1.082449314759704878e-01
9.681500000000000000e+03 2.050715189473997270e+03 9.149729286172704479e-02
9.688500000000000000e+03 2.130978933866334046e+03 8.303474237006075453e-02
9.695500000000000000e+03 2.187597009979535869e+03 7.189108605062814739e-02
9.702500000000000000e+03 2.254555333781442187e+03 6.656223140932814031e-02
9.709500000000000000e+03 2.207636011330166184e+03 7.276562265220777592e-02
9.716500000000000000e+03 2.137140639239233224e+03 7.563109818966833042e-02
9.723500000000000000e+03 1.932390896842302709e+03 8.737275721864747047e-02
9.730500000000000000e+03 1.899796886062782050e+03 8.888224636088626340e-02
9.737500000000000000e+03 1.859625247165784231e+03 8.817052571778595527e-02
9.744500000000000000e+03 1.720585845947753569e+03 9.960963754263189862e-02
9.751500000000000000e+03 1.781561908162534792e+03 9.668879607757506489e-02
9.758500000000000000e+03 1.840561119631932115e+03 8.268045422019046353e-02
9.765500000000000000e+03 1.860494253665809310e+03 8.925083629306930499e-02
9.772500000000000000e+03 1.883551253049504567e+03 9.133567410795147279e-02
9.779500000000000000e+03 1.923408523607867664e+03 7.981777584677841875e-02
9.786500000000000000e+03 1.952118289993280314e+03 7.603430173941994052e-02
9.793500000000000000e+03 1.940234560893002936e+03 7.090080505189166882e-02
9.800500000000000000e+03 1.935230522707775663e+03 6.815400077699056147e-02
9.807500000000000000e+03 1.997845159655078987e+03 6.773754943845064491e-02
9.814500000000000000e+03 2.019034959596995350e+03 6.528439038391423144e-02
9.821500000000000000e+03 2.236639231179058697e+03 5.277409529887788081e-02
9.828500000000000000e+03 2.082700431170395859e+03 5.194702790027320299e-02
9.835500000000000000e+03 2.219559601138232210e+03 5.086484421099780884e-02
9.842500000000000000e+03 2.203017869709932711e+03 4.587288622844819252e-02
9.849500000000000000e+03 2.162256738617948940e+03 3.903338658157707447e-02
9.856500000000000000e+03 2.210951247862857144e+03 3.989020843119200910e-02
9.863500000000000000e+03 2.300319821479423354e+03 3.497348543697800100e-02
9.870500000000000000e+03 2.251587142254968967e+03 2.865390175678977913e-02
9.877500000000000000e+03 2.240846589033520104e+03 2.701588220991674519e-02
9.884500000000000000e+03 2.313191301408386153e+03 2.832481797059036716e-02
9.891500000000000000e+03 2.276299799242335666e+03 2.652043639737665381e-02
9.898500000000000000e+03 2.317963189742625673e+03 2.481635025132815364e-02
9.905500000000000000e+03 2.238163677826567891e+03 2.397691778482297087e-02
9.912500000000000000e+03 2.241062768699676326e+03 2.582536054020758212e-02
9.919500000000000000e+03 2.212693759329234581e+03 2.287279713629129102e-02
9.926500000000000000e+03 2.187261487191739889e+03 2.261037723300382551e-02
9.933500000000000000e+03 2.183582772233979995e+03 2.275044002205576371e-02
9.940500000000000000e+03 2.182478520015886716e+03 2.094699464905295030e-02
9.947500000000000000e+03 2.149342433475342204e+03 1.998479450573145341e-02
9.954500000000000000e+03 2.113792923667309879e+03 1.856799441185273680e-02
9.961500000000000000e+03 2.021775519206420768e+03 2.337700832196164258e-02
9.968500000000000000e+03 2.071671289922433516e+03 2.120911586462467802e-02
9.975500000000000000e+03 2.041878244210183084e+03 1.817750748399598118e-02
9.982500000000000000e+03 1.974724813521025226e+03 1.929007266945772028e-02
9.989500000000000000e+03 2.010851189616102602e+03 1.869069263530490077e-02
9.996500000000000000e+03 2.062284995186028027e+03 1.163439244658191415e-02
