# wavelength (angstroms), extinction coefficient
3.197800000000000182e+03 1.132660721384961544e+00
3.201300000000000182e+03 1.119732335395328127e+00
3.204800000000000182e+03 1.098986212546759322e+00
3.208300000000000182e+03 1.083804700380627262e+00
3.211800000000000182e+03 1.066551488729755803e+00
3.215300000000000182e+03 1.057687782593954795e+00
3.218800000000000182e+03 1.044857457044843008e+00
3.222300000000000182e+03 1.029395946998916456e+00
3.225800000000000182e+03 1.019472986684635485e+00
3.229300000000000182e+03 1.008166673413065428e+00
3.232800000000000182e+03 9.931301788729065549e-01
3.236300000000000182e+03 9.731495489329092807e-01
3.239800000000000182e+03 9.635454940012800895e-01
3.243300000000000182e+03 9.491403904347581744e-01
3.246800000000000182e+03 9.458134297369310550e-01
3.250300000000000182e+03 9.395023147511474271e-01
3.253800000000000182e+03 9.329538368642441570e-01
3.257300000000000182e+03 9.200716033245727177e-01
3.260800000000000182e+03 9.069385989901889156e-01
3.264300000000000182e+03 8.933858406433646815e-01
3.267800000000000182e+03 8.892106917901170249e-01
3.271300000000000182e+03 8.849160462063682120e-01
3.274800000000000182e+03 8.759020362793492609e-01
3.278300000000000182e+03 8.762115336550279077e-01
3.281800000000000182e+03 8.698593361070608987e-01
3.285300000000000182e+03 8.646598825608011740e-01
3.288800000000000182e+03 8.483953837988612579e-01
3.292300000000000182e+03 8.394243204928132362e-01
3.295800000000000182e+03 8.269478240959179383e-01
3.299300000000000182e+03 8.207506612754389419e-01
3.302800000000000182e+03 8.216460050163524320e-01
3.306300000000000182e+03 8.120737784333725839e-01
3.309800000000000182e+03 8.134202058036414940e-01
3.313300000000000182e+03 8.084907672838022030e-01
3.316800000000000182e+03 8.029184722955430287e-01
3.320300000000000182e+03 7.929764522226785406e-01
3.323800000000000182e+03 7.825501949490181186e-01
3.327300000000000182e+03 7.763840004958112440e-01
3.330800000000000182e+03 7.696354209737531482e-01
3.334300000000000182e+03 7.666657250339389273e-01
3.337800000000000182e+03 7.699411846324435427e-01
3.341300000000000182e+03 7.620701080503246017e-01
3.344800000000000182e+03 7.570385021588162955e-01
3.348300000000000182e+03 7.538625684415548589e-01
3.351800000000000182e+03 7.456306824416121248e-01
3.355300000000000182e+03 7.439039746353729443e-01
3.358800000000000182e+03 7.333255854568284660e-01
3.362300000000000182e+03 7.240711971641821121e-01
3.365800000000000182e+03 7.276412933893673385e-01
3.369300000000000182e+03 7.260168539991002090e-01
3.372800000000000182e+03 7.229268831514279459e-01
3.376300000000000182e+03 7.208455461070580883e-01
3.379800000000000182e+03 7.099783294410222378e-01
3.383300000000000182e+03 7.101875360704096307e-01
3.386800000000000182e+03 7.042418714625083842e-01
3.390300000000000182e+03 6.951499822126074868e-01
3.393800000000000182e+03 6.943156412818547452e-01
3.397300000000000182e+03 6.914926584065284043e-01
3.400800000000000182e+03 6.895616579428075488e-01
3.404300000000000182e+03 6.828299663598447200e-01
3.407800000000000182e+03 6.789826401379648324e-01
3.411300000000000182e+03 6.780582189167907448e-01
3.414800000000000182e+03 6.713911155646921092e-01
3.418300000000000182e+03 6.701973183693222813e-01
3.421800000000000182e+03 6.642600255911610407e-01
3.425300000000000182e+03 6.615654069409112603e-01
3.428800000000000182e+03 6.572155818614457967e-01
3.432300000000000182e+03 6.566211151207498320e-01
3.435800000000000182e+03 6.537071549483973731e-01
3.439300000000000182e+03 6.522299846390786637e-01
3.442800000000000182e+03 6.487635208420424737e-01
3.446300000000000182e+03 6.465392165948762315e-01
3.449800000000000182e+03 6.441996595834476036e-01
3.453300000000000182e+03 6.384225019925359179e-01
3.456800000000000182e+03 6.341864611307145294e-01
3.460300000000000182e+03 6.285167184096607240e-01
3.463800000000000182e+03 6.318218707246778809e-01
3.467300000000000182e+03 6.248276871375875174e-01
3.470800000000000182e+03 6.212260120876968994e-01
3.474300000000000182e+03 6.218596932722375570e-01
3.477800000000000182e+03 6.162380123976254342e-01
3.481300000000000182e+03 6.134762168750547140e-01
3.484800000000000182e+03 6.087004606326866796e-01
3.488300000000000182e+03 6.061798119663317497e-01
3.491800000000000182e+03 6.058238893417517978e-01
3.495300000000000182e+03 6.029010589490741978e-01
3.498800000000000182e+03 6.033474816561273935e-01
3.502300000000000182e+03 6.002816853151684562e-01
3.505800000000000182e+03 5.978273681988142130e-01
3.509300000000000182e+03 5.976501579889700322e-01
3.512800000000000182e+03 5.935473362120801122e-01
3.516300000000000182e+03 5.880022671122313582e-01
3.519800000000000182e+03 5.888629852678495258e-01
3.523300000000000182e+03 5.886910336628723428e-01
3.526800000000000182e+03 5.809901289435155380e-01
3.530300000000000182e+03 5.796911910418229841e-01
3.533800000000000182e+03 5.744777409804052715e-01
3.537300000000000182e+03 5.768298494464114690e-01
3.540800000000000182e+03 5.718305172260563785e-01
3.544300000000000182e+03 5.705564890747243378e-01
3.547800000000000182e+03 5.706764534017353396e-01
3.551300000000000182e+03 5.690644755633933460e-01
3.554800000000000182e+03 5.637489960441270931e-01
3.558300000000000182e+03 5.612400105717949561e-01
3.561800000000000182e+03 5.581238022855407044e-01
3.565300000000000182e+03 5.573745796571178968e-01
3.568800000000000182e+03 5.525900494826225806e-01
3.572300000000000182e+03 5.488220232652866182e-01
3.575800000000000182e+03 5.477984136549811645e-01
3.579300000000000182e+03 5.480322752640123252e-01
3.582800000000000182e+03 5.450765097934883174e-01
3.586300000000000182e+03 5.440460289249705594e-01
3.589800000000000182e+03 5.408774398375318926e-01
3.593300000000000182e+03 5.411118749524423954e-01
3.596800000000000182e+03 5.366405968284641004e-01
3.600300000000000182e+03 5.337468782597847294e-01
3.603800000000000182e+03 5.341351499287015914e-01
3.607300000000000182e+03 5.292901523218915827e-01
3.610800000000000182e+03 5.283796313026719593e-01
3.614300000000000182e+03 5.232379352604356049e-01
3.617800000000000182e+03 5.226229022273616298e-01
3.621300000000000182e+03 5.201867263333115332e-01
3.624800000000000182e+03 5.224095146881415630e-01
3.628300000000000182e+03 5.180997852122447567e-01
3.631800000000000182e+03 5.168560412564991990e-01
3.635300000000000182e+03 5.131519914413192884e-01
3.638800000000000182e+03 5.092434695966746583e-01
3.642300000000000182e+03 5.091488800364374345e-01
3.645800000000000182e+03 5.091531803062027128e-01
3.649300000000000182e+03 5.063369137019986255e-01
3.652800000000000182e+03 5.032990029960391354e-01
3.656300000000000182e+03 5.054071627274179246e-01
3.659800000000000182e+03 5.026003820073750017e-01
3.663300000000000182e+03 5.001412429932494685e-01
3.666800000000000182e+03 4.947956395256728479e-01
3.670300000000000182e+03 4.954258170181336518e-01
3.673800000000000182e+03 4.920576491278841336e-01
3.677300000000000182e+03 4.930029108775168534e-01
3.680800000000000182e+03 4.918403582969802512e-01
3.684300000000000182e+03 4.885146462520491006e-01
3.687800000000000182e+03 4.822285282213293334e-01
3.691300000000000182e+03 4.817857167617642933e-01
3.694800000000000182e+03 4.805336291737233867e-01
3.698300000000000182e+03 4.781657911055933741e-01
3.701800000000000182e+03 4.770004099271529241e-01
3.705300000000000182e+03 4.797813671510275935e-01
3.708800000000000182e+03 4.755669030895228189e-01
3.712300000000000182e+03 4.750684975060321391e-01
3.715800000000000182e+03 4.719443879644761308e-01
3.719300000000000182e+03 4.708499732559230933e-01
3.722800000000000182e+03 4.664169382145361697e-01
3.726300000000000182e+03 4.622715445444863791e-01
3.729800000000000182e+03 4.594992638126469409e-01
3.733300000000000182e+03 4.562941050774612650e-01
3.736800000000000182e+03 4.597021732056414400e-01
3.740300000000000182e+03 4.614167405521469312e-01
3.743800000000000182e+03 4.587254339428685768e-01
3.747300000000000182e+03 4.572040352966064147e-01
3.750800000000000182e+03 4.570469629134609746e-01
3.754300000000000182e+03 4.541205625822166692e-01
3.757800000000000182e+03 4.510840625619283450e-01
3.761300000000000182e+03 4.485117235606856378e-01
3.764800000000000182e+03 4.455998327622636701e-01
3.768300000000000182e+03 4.432927148468788769e-01
3.771800000000000182e+03 4.415247324029257237e-01
3.775300000000000182e+03 4.431299098175385254e-01
3.778800000000000182e+03 4.392773956481167419e-01
3.782300000000000182e+03 4.387792883173978198e-01
3.785800000000000182e+03 4.356697617634723296e-01
3.789300000000000182e+03 4.351373263662828839e-01
3.792800000000000182e+03 4.353213203107749729e-01
3.796300000000000182e+03 4.314222252995619233e-01
3.799800000000000182e+03 4.352587924938689512e-01
3.803300000000000182e+03 4.348597281303810402e-01
3.806800000000000182e+03 4.335071992466124069e-01
3.810300000000000182e+03 4.352634921271701374e-01
3.813800000000000182e+03 4.342958737322781815e-01
3.817300000000000182e+03 4.272253683570631511e-01
3.820800000000000182e+03 4.223335643862503597e-01
3.824300000000000182e+03 4.120488369246838034e-01
3.827800000000000182e+03 4.053530893652260714e-01
3.831300000000000182e+03 4.024628070143390635e-01
3.834800000000000182e+03 4.071957922483653847e-01
3.838300000000000182e+03 4.099292668592864342e-01
3.841800000000000182e+03 4.119873127824029702e-01
3.845300000000000182e+03 4.157978719879273366e-01
3.848800000000000182e+03 4.161729013071745475e-01
3.852300000000000182e+03 4.125581432507414714e-01
3.855800000000000182e+03 4.099193761461515373e-01
3.859300000000000182e+03 4.117776023395394724e-01
3.862800000000000182e+03 4.119965984276655613e-01
3.866300000000000182e+03 4.120935515452648912e-01
3.869800000000000182e+03 4.158867194226467112e-01
3.873300000000000182e+03 4.117219502510046647e-01
3.876800000000000182e+03 4.052214627630754129e-01
3.880300000000000182e+03 3.940818565347803393e-01
3.883800000000000182e+03 3.803985024253458413e-01
3.887300000000000182e+03 3.686491843057272400e-01
3.890800000000000182e+03 3.663945947576368045e-01
3.894300000000000182e+03 3.685936498887786850e-01
3.897800000000000182e+03 3.814931319823637312e-01
3.901300000000000182e+03 3.895598988963878129e-01
3.904800000000000182e+03 3.975456392824628926e-01
3.908300000000000182e+03 4.018947415134337398e-01
3.911800000000000182e+03 3.972852015040893581e-01
3.915300000000000182e+03 3.952844810729268521e-01
3.918800000000000182e+03 3.882923477770325871e-01
3.922300000000000182e+03 3.809080406267070229e-01
3.925800000000000182e+03 3.719984394634094915e-01
3.929300000000000182e+03 3.666167317297743256e-01
3.932800000000000182e+03 3.674746207484298477e-01
3.936300000000000182e+03 3.711319250972064387e-01
3.939800000000000182e+03 3.751057285437833788e-01
3.943300000000000182e+03 3.798169574000627158e-01
3.946800000000000182e+03 3.847188727845787803e-01
3.950300000000000182e+03 3.880097212029253728e-01
3.953800000000000182e+03 3.820162047821675233e-01
3.957300000000000182e+03 3.749742211941283765e-01
3.960800000000000182e+03 3.627605243024299986e-01
3.964300000000000182e+03 3.453191782489095085e-01
3.967800000000000182e+03 3.330808338166155180e-01
3.971300000000000182e+03 3.307020850852614990e-01
3.974800000000000182e+03 3.371240076150322507e-01
3.978300000000000182e+03 3.489119149082620663e-01
3.981800000000000182e+03 3.589373556764661188e-01
3.985300000000000182e+03 3.642326391681039999e-01
3.988800000000000182e+03 3.676205031726079153e-01
3.992300000000000182e+03 3.634641127672173511e-01
3.995800000000000182e+03 3.578171076823692398e-01
3.999300000000000182e+03 3.569184891764866085e-01
4.002800000000000182e+03 3.549605053252404274e-01
4.006300000000000182e+03 3.519634167174603978e-01
4.009800000000000182e+03 3.524565881751962060e-01
4.013300000000000182e+03 3.514099391805970973e-01
4.016800000000000182e+03 3.484014284019935626e-01
4.020300000000000182e+03 3.483965495837570980e-01
4.023800000000000182e+03 3.460906665691615980e-01
4.027300000000000182e+03 3.433049336079250224e-01
4.030800000000000182e+03 3.424061083657169435e-01
4.034300000000000182e+03 3.406687638713360999e-01
4.037800000000000182e+03 3.389866598436768186e-01
4.041300000000000182e+03 3.396031432275851691e-01
4.044800000000000182e+03 3.382414377490575164e-01
4.048300000000000182e+03 3.383542221038507991e-01
4.051800000000000182e+03 3.377863763540580044e-01
4.055300000000000182e+03 3.362389689129613446e-01
4.058800000000000182e+03 3.351612074849203426e-01
4.062300000000000182e+03 3.330222105249913134e-01
4.065800000000000182e+03 3.331583853999003919e-01
4.069300000000000182e+03 3.334473010212709587e-01
4.072800000000000182e+03 3.312627973266716874e-01
4.076300000000000182e+03 3.304308462000590252e-01
4.079800000000000182e+03 3.301435827002129897e-01
4.083300000000000182e+03 3.274312039980486477e-01
4.086800000000000182e+03 3.242108899928580201e-01
4.090300000000000182e+03 3.257543829059514895e-01
4.093800000000000182e+03 3.224637110281889374e-01
4.097300000000000182e+03 3.198060807221109747e-01
4.100800000000000182e+03 3.151850952313025034e-01
4.104300000000000182e+03 3.084849537180550105e-01
4.107800000000000182e+03 3.039605878341539169e-01
4.111300000000000182e+03 3.027236212447758090e-01
4.114800000000000182e+03 3.036614494202257708e-01
4.118300000000000182e+03 3.106920478467573576e-01
4.121800000000000182e+03 3.169438963103167750e-01
4.125300000000000182e+03 3.188642984340833708e-01
4.128800000000000182e+03 3.197695576490934277e-01
4.132300000000000182e+03 3.196664321114536245e-01
4.135800000000000182e+03 3.157706578732593639e-01
4.139300000000000182e+03 3.120510954521930058e-01
4.142800000000000182e+03 3.090385258146095548e-01
4.146300000000000182e+03 3.073565823897862481e-01
4.149800000000000182e+03 3.078438772867817530e-01
4.153300000000000182e+03 3.038738731751705058e-01
4.156800000000000182e+03 3.054274210022003277e-01
4.160300000000000182e+03 3.053321274461743284e-01
4.163800000000000182e+03 3.020859974158693895e-01
4.167300000000000182e+03 3.015447414779963142e-01
4.170800000000000182e+03 2.997709380247782218e-01
4.174300000000000182e+03 3.019773503005360737e-01
4.177800000000000182e+03 2.984486888033475172e-01
4.181300000000000182e+03 2.965525470018700038e-01
4.184800000000000182e+03 2.957058459832486719e-01
4.188300000000000182e+03 2.966675914182541618e-01
4.191800000000000182e+03 2.943543693453427590e-01
4.195300000000000182e+03 2.945805291308617457e-01
4.198800000000000182e+03 2.957941361902441391e-01
4.202300000000000182e+03 2.917841966453886271e-01
4.205800000000000182e+03 2.916843053763683025e-01
4.209300000000000182e+03 2.891854260183251424e-01
4.212800000000000182e+03 2.913505762397407550e-01
4.216300000000000182e+03 2.882782241264590373e-01
4.219800000000000182e+03 2.870437470233038191e-01
4.223300000000000182e+03 2.849615284487959088e-01
4.226800000000000182e+03 2.849324878667909844e-01
4.230300000000000182e+03 2.825597601593236585e-01
4.233800000000000182e+03 2.820353124266056222e-01
4.237300000000000182e+03 2.832944208160216304e-01
4.240800000000000182e+03 2.834988793366644555e-01
4.244300000000000182e+03 2.817703678522467947e-01
4.247800000000000182e+03 2.814855002557401509e-01
4.251300000000000182e+03 2.790272625856393129e-01
4.254800000000000182e+03 2.794246784957378771e-01
4.258300000000000182e+03 2.779087630377657936e-01
4.261800000000000182e+03 2.781342039524983267e-01
4.265300000000000182e+03 2.766429953634298999e-01
4.268800000000000182e+03 2.755377225322332979e-01
4.272300000000000182e+03 2.732333724515029205e-01
4.275800000000000182e+03 2.715313282054329647e-01
4.279300000000000182e+03 2.710568718635269492e-01
4.282800000000000182e+03 2.724869513632225404e-01
4.286300000000000182e+03 2.714482269789217361e-01
4.289800000000000182e+03 2.724952922607561390e-01
4.293300000000000182e+03 2.694797451958962364e-01
4.296800000000000182e+03 2.683182420207292918e-01
4.300300000000000182e+03 2.699164361839705428e-01
4.303800000000000182e+03 2.673807868969830248e-01
4.307300000000000182e+03 2.681236805619411911e-01
4.310800000000000182e+03 2.702266020918301370e-01
4.314300000000000182e+03 2.664812996189219740e-01
4.317800000000000182e+03 2.653318853514671782e-01
4.321300000000000182e+03 2.639195082501329392e-01
4.324800000000000182e+03 2.621153102025306492e-01
4.328300000000000182e+03 2.600211154773441335e-01
4.331800000000000182e+03 2.590949283972322492e-01
4.335300000000000182e+03 2.592337562480114821e-01
4.338800000000000182e+03 2.554886057407331212e-01
4.342300000000000182e+03 2.506555587086730652e-01
4.345800000000000182e+03 2.484689138010983955e-01
4.349300000000000182e+03 2.444692284275088723e-01
4.352800000000000182e+03 2.462487636131764079e-01
4.356300000000000182e+03 2.472266971786745426e-01
4.359800000000000182e+03 2.516007232977594543e-01
4.363300000000000182e+03 2.565292993590452819e-01
4.366800000000000182e+03 2.592370644726353368e-01
4.370300000000000182e+03 2.582322018254619156e-01
4.373800000000000182e+03 2.568136987735928356e-01
4.377300000000000182e+03 2.529869985185034253e-01
4.380800000000000182e+03 2.505661674757765356e-01
4.384300000000000182e+03 2.505090277017262279e-01
4.387800000000000182e+03 2.456166112160373949e-01
4.391300000000000182e+03 2.461214446154954272e-01
4.394800000000000182e+03 2.478361610008986138e-01
4.398300000000000182e+03 2.455630703652467439e-01
4.401800000000000182e+03 2.472150444339299147e-01
4.405300000000000182e+03 2.450957648824210466e-01
4.408800000000000182e+03 2.458682075459928951e-01
4.412300000000000182e+03 2.441648196884801392e-01
4.415800000000000182e+03 2.450265475868099174e-01
4.419300000000000182e+03 2.430001594827659595e-01
4.422800000000000182e+03 2.424414464562883731e-01
4.426300000000000182e+03 2.415151106738526177e-01
4.429800000000000182e+03 2.396892305895796105e-01
4.433300000000000182e+03 2.390871871697372586e-01
4.436800000000000182e+03 2.394814911014921111e-01
4.440300000000000182e+03 2.390162351410617392e-01
4.443800000000000182e+03 2.382902019129234938e-01
4.447300000000000182e+03 2.378775945706138872e-01
4.450800000000000182e+03 2.378788441937833287e-01
4.454300000000000182e+03 2.363316257143563137e-01
4.457800000000000182e+03 2.342542871646824398e-01
4.461300000000000182e+03 2.337271946550147639e-01
4.464800000000000182e+03 2.347966875064817494e-01
4.468300000000000182e+03 2.335463919041234904e-01
4.471800000000000182e+03 2.326385587354721785e-01
4.475300000000000182e+03 2.306506483466971846e-01
4.478800000000000182e+03 2.320857485331514480e-01
4.482300000000000182e+03 2.295710903995501762e-01
4.485800000000000182e+03 2.295298157344304868e-01
4.489300000000000182e+03 2.277100852393738883e-01
4.492800000000000182e+03 2.267444597823429775e-01
4.496300000000000182e+03 2.275999285621059520e-01
4.499800000000000182e+03 2.267984619778327382e-01
4.503300000000000182e+03 2.275408499164753851e-01
4.506800000000000182e+03 2.246025172059351038e-01
4.510300000000000182e+03 2.267936015259600924e-01
4.513800000000000182e+03 2.259637542278820355e-01
4.517300000000000182e+03 2.257917715787884638e-01
4.520800000000000182e+03 2.250072496698008184e-01
4.524300000000000182e+03 2.239042040129781974e-01
4.527800000000000182e+03 2.215058290398508045e-01
4.531300000000000182e+03 2.231257554532017073e-01
4.534800000000000182e+03 2.196125705956839536e-01
4.538300000000000182e+03 2.231975796942608503e-01
4.541800000000000182e+03 2.192347501683645228e-01
4.545300000000000182e+03 2.178628785647996335e-01
4.548800000000000182e+03 2.177020586942525204e-01
4.552300000000000182e+03 2.173006316889401213e-01
4.555800000000000182e+03 2.184965114290705057e-01
4.559300000000000182e+03 2.167103456094894021e-01
4.562800000000000182e+03 2.167811559632543683e-01
4.566300000000000182e+03 2.182136693748703005e-01
4.569800000000000182e+03 2.143089970107679154e-01
4.573300000000000182e+03 2.167507756647989725e-01
4.576800000000000182e+03 2.149128577312059141e-01
4.580300000000000182e+03 2.155654782428734761e-01
4.583800000000000182e+03 2.129520792546326646e-01
4.587300000000000182e+03 2.110527468082985802e-01
4.590800000000000182e+03 2.120667770126054563e-01
4.594300000000000182e+03 2.108789092405551902e-01
4.597800000000000182e+03 2.095797955599018880e-01
4.601300000000000182e+03 2.100198921634489624e-01
4.604800000000000182e+03 2.095265680212687054e-01
4.608300000000000182e+03 2.123889932937992608e-01
4.611800000000000182e+03 2.112029302716816048e-01
4.615300000000000182e+03 2.079330435757514028e-01
4.618800000000000182e+03 2.065538796279134115e-01
4.622300000000000182e+03 2.085095134633166425e-01
4.625800000000000182e+03 2.062445653225888353e-01
4.629300000000000182e+03 2.046340689956271386e-01
4.632800000000000182e+03 2.045550171470283118e-01
4.636300000000000182e+03 2.032266763177717483e-01
4.639800000000000182e+03 2.044208113741265154e-01
4.643300000000000182e+03 2.014918110372874993e-01
4.646800000000000182e+03 2.042743681910524911e-01
4.650300000000000182e+03 2.013626478852670043e-01
4.653800000000000182e+03 2.008566226430780755e-01
4.657300000000000182e+03 2.029275859604258714e-01
4.660800000000000182e+03 2.012457756396222874e-01
4.664300000000000182e+03 2.012760182994620672e-01
4.667800000000000182e+03 1.993957097041311743e-01
4.671300000000000182e+03 2.008649266095849373e-01
4.674800000000000182e+03 1.993690274794772677e-01
4.678300000000000182e+03 1.994831850073878754e-01
4.681800000000000182e+03 1.988066429817195446e-01
4.685300000000000182e+03 1.963850184267322274e-01
4.688800000000000182e+03 1.978745190924257602e-01
4.692300000000000182e+03 1.975579536902612732e-01
4.695800000000000182e+03 1.967173490524895263e-01
4.699300000000000182e+03 1.950438627753742216e-01
4.702800000000000182e+03 1.944936633418704874e-01
4.706300000000000182e+03 1.933230992713811380e-01
4.709800000000000182e+03 1.930856248894459726e-01
4.713300000000000182e+03 1.940886049386849332e-01
4.716800000000000182e+03 1.927489091598514892e-01
4.720300000000000182e+03 1.929520809018696326e-01
4.723800000000000182e+03 1.915226360784841320e-01
4.727300000000000182e+03 1.933280813236884499e-01
4.730800000000000182e+03 1.922026959665359136e-01
4.734300000000000182e+03 1.921995225644300143e-01
4.737800000000000182e+03 1.916214868062352528e-01
4.741300000000000182e+03 1.924596042545369812e-01
4.744800000000000182e+03 1.885394051469694021e-01
4.748300000000000182e+03 1.892110403932723839e-01
4.751800000000000182e+03 1.867090114713895743e-01
4.755300000000000182e+03 1.885401633927055176e-01
4.758800000000000182e+03 1.884303912998549491e-01
4.762300000000000182e+03 1.873325707465341994e-01
4.765800000000000182e+03 1.875661917985838867e-01
4.769300000000000182e+03 1.852673303987872888e-01
4.772800000000000182e+03 1.863773163737738048e-01
4.776300000000000182e+03 1.852731471131895125e-01
4.779800000000000182e+03 1.861650217273402297e-01
4.783300000000000182e+03 1.875507692246998759e-01
4.786800000000000182e+03 1.859046403500935751e-01
4.790300000000000182e+03 1.867220851261268966e-01
4.793800000000000182e+03 1.854488752257303363e-01
4.797300000000000182e+03 1.810242190550591379e-01
4.800800000000000182e+03 1.828774197260064627e-01
4.804300000000000182e+03 1.823394251841379821e-01
4.807800000000000182e+03 1.827806945589140197e-01
4.811300000000000182e+03 1.819057752023085228e-01
4.814800000000000182e+03 1.804524702439598005e-01
4.818300000000000182e+03 1.817919399500349253e-01
4.821800000000000182e+03 1.849678012583970133e-01
4.825300000000000182e+03 1.831974996615673978e-01
4.828800000000000182e+03 1.817538766730646127e-01
4.832300000000000182e+03 1.831535656807330437e-01
4.835800000000000182e+03 1.822664228317546764e-01
4.839300000000000182e+03 1.805515247982953098e-01
4.842800000000000182e+03 1.797772526295928486e-01
4.846300000000000182e+03 1.791417481011260693e-01
4.849800000000000182e+03 1.777486052533827632e-01
4.853300000000000182e+03 1.770559368789290100e-01
4.856800000000000182e+03 1.743688686128728460e-01
4.860300000000000182e+03 1.723420492980611285e-01
4.863800000000000182e+03 1.688815138276837935e-01
4.867300000000000182e+03 1.631707366715184904e-01
4.870800000000000182e+03 1.624112564104920331e-01
4.874300000000000182e+03 1.640618949677111194e-01
4.877800000000000182e+03 1.707436575683020652e-01
4.881300000000000182e+03 1.729711404937250008e-01
4.884800000000000182e+03 1.784911044842245886e-01
4.888300000000000182e+03 1.814595223625438403e-01
4.891800000000000182e+03 1.798606291345035413e-01
4.895300000000000182e+03 1.780911293090580994e-01
4.898800000000000182e+03 1.751806323950114430e-01
4.902300000000000182e+03 1.721203451451968625e-01
4.905800000000000182e+03 1.724847753129077621e-01
4.909300000000000182e+03 1.732612632124997942e-01
4.912800000000000182e+03 1.701659280231812565e-01
4.916300000000000182e+03 1.718688464356067369e-01
4.919800000000000182e+03 1.697607955212804831e-01
4.923300000000000182e+03 1.701520577940599244e-01
4.926800000000000182e+03 1.673726314153869965e-01
4.930300000000000182e+03 1.699472942109194196e-01
4.933800000000000182e+03 1.693702084205020719e-01
4.937300000000000182e+03 1.686730178926783563e-01
4.940800000000000182e+03 1.691147894498053195e-01
4.944300000000000182e+03 1.700480765313864828e-01
4.947800000000000182e+03 1.689701280052527954e-01
4.951300000000000182e+03 1.685157933779895811e-01
4.954800000000000182e+03 1.692095699786428098e-01
4.958300000000000182e+03 1.678124912890767428e-01
4.961800000000000182e+03 1.698410170481554071e-01
4.965300000000000182e+03 1.683409895519191457e-01
4.968800000000000182e+03 1.674635468112979919e-01
4.972300000000000182e+03 1.673249725485345396e-01
4.975800000000000182e+03 1.667316024545268671e-01
4.979300000000000182e+03 1.673536683129808744e-01
4.982800000000000182e+03 1.683373461143642391e-01
4.986300000000000182e+03 1.678920231455756640e-01
4.989800000000000182e+03 1.670335464471350007e-01
4.993300000000000182e+03 1.656570962220063892e-01
4.996800000000000182e+03 1.655617338184368625e-01
5.000300000000000182e+03 1.651530981067448056e-01
5.003800000000000182e+03 1.647755252860936825e-01
5.007300000000000182e+03 1.636126307229264221e-01
5.010800000000000182e+03 1.637312828107998774e-01
5.014300000000000182e+03 1.636796680052236275e-01
5.017800000000000182e+03 1.637729002247246823e-01
5.021300000000000182e+03 1.658422616990760934e-01
5.024800000000000182e+03 1.655671446667865143e-01
5.028300000000000182e+03 1.665097102639754301e-01
5.031800000000000182e+03 1.686111737254150367e-01
5.035300000000000182e+03 1.670684759058787550e-01
5.038800000000000182e+03 1.674238129622371285e-01
5.042300000000000182e+03 1.656754099253097412e-01
5.045800000000000182e+03 1.651648026582301643e-01
5.049300000000000182e+03 1.641908637798525916e-01
5.052800000000000182e+03 1.615345784518836258e-01
5.056300000000000182e+03 1.608326282182495626e-01
5.059800000000000182e+03 1.631938354609664965e-01
5.063300000000000182e+03 1.642536757917688606e-01
5.066800000000000182e+03 1.622833147254910124e-01
5.070300000000000182e+03 1.642393971016329335e-01
5.073800000000000182e+03 1.631462410598308044e-01
5.077300000000000182e+03 1.612992663365301060e-01
5.080800000000000182e+03 1.625129285681680413e-01
5.084300000000000182e+03 1.613582960378560915e-01
5.087800000000000182e+03 1.598387914417009337e-01
5.091300000000000182e+03 1.578561462359195644e-01
5.094800000000000182e+03 1.563134617348719280e-01
5.098300000000000182e+03 1.585665248377381709e-01
5.101800000000000182e+03 1.545469322756289621e-01
5.105300000000000182e+03 1.577484650602102856e-01
5.108800000000000182e+03 1.567312872953768033e-01
5.112300000000000182e+03 1.566619537968875486e-01
5.115800000000000182e+03 1.569812886835121601e-01
5.119300000000000182e+03 1.544836073022814726e-01
5.122800000000000182e+03 1.564981801996695177e-01
5.126300000000000182e+03 1.544582282095417480e-01
5.129800000000000182e+03 1.544417319215099504e-01
5.133300000000000182e+03 1.555294351340752723e-01
5.136800000000000182e+03 1.544049339754811900e-01
5.140300000000000182e+03 1.559013800907264879e-01
5.143800000000000182e+03 1.530276734987683906e-01
5.147300000000000182e+03 1.534280711161148669e-01
5.150800000000000182e+03 1.548564388632822919e-01
5.154300000000000182e+03 1.538432689799236752e-01
5.157800000000000182e+03 1.534057620716001435e-01
5.161300000000000182e+03 1.518762434580596954e-01
5.164800000000000182e+03 1.532964396616077751e-01
5.168300000000000182e+03 1.509229684731993593e-01
5.171800000000000182e+03 1.516167652599376692e-01
5.175300000000000182e+03 1.513359884955722268e-01
5.178800000000000182e+03 1.518072144001027801e-01
5.182300000000000182e+03 1.523269892007891313e-01
5.185800000000000182e+03 1.550828255225025210e-01
5.189300000000000182e+03 1.506810319925828978e-01
5.192800000000000182e+03 1.517192990113902240e-01
5.196300000000000182e+03 1.539801077084294312e-01
5.199800000000000182e+03 1.526374482725033899e-01
5.203300000000000182e+03 1.506427049835886989e-01
5.206800000000000182e+03 1.490677273129444314e-01
5.210300000000000182e+03 1.517255100785044331e-01
5.213800000000000182e+03 1.492056326576970404e-01
5.217300000000000182e+03 1.505772832249787363e-01
5.220800000000000182e+03 1.497947507260305455e-01
5.224300000000000182e+03 1.514184818200065841e-01
5.227800000000000182e+03 1.485459572035427722e-01
5.231300000000000182e+03 1.506444714998203260e-01
5.234800000000000182e+03 1.499112912497765071e-01
5.238300000000000182e+03 1.508211615159502639e-01
5.241800000000000182e+03 1.522400987899968083e-01
5.245300000000000182e+03 1.504574919745985395e-01
5.248800000000000182e+03 1.513497701467646506e-01
5.252300000000000182e+03 1.529315135358328415e-01
5.255800000000000182e+03 1.497190081912106729e-01
5.259300000000000182e+03 1.502845343174135095e-01
5.262800000000000182e+03 1.487040895778020122e-01
5.266300000000000182e+03 1.495221297872678656e-01
5.269800000000000182e+03 1.466579868408078302e-01
5.273300000000000182e+03 1.502908313116390615e-01
5.276800000000000182e+03 1.482710803716092152e-01
5.280300000000000182e+03 1.502145891677003631e-01
5.283800000000000182e+03 1.532304507304613483e-01
5.287300000000000182e+03 1.511157355452215634e-01
5.290800000000000182e+03 1.510223726827898127e-01
5.294300000000000182e+03 1.500230064151774623e-01
5.297800000000000182e+03 1.479139952950915271e-01
5.301300000000000182e+03 1.502066387407163806e-01
5.304800000000000182e+03 1.497007018998533778e-01
5.308300000000000182e+03 1.484759831642363526e-01
5.311800000000000182e+03 1.491631524806240894e-01
5.315300000000000182e+03 1.504961192809927961e-01
5.318800000000000182e+03 1.488694173934302090e-01
5.322300000000000182e+03 1.465176467072675237e-01
5.325800000000000182e+03 1.488612231480178349e-01
5.329300000000000182e+03 1.486498697621013165e-01
5.332800000000000182e+03 1.447460225634009945e-01
5.336300000000000182e+03 1.463096233699467119e-01
5.339800000000000182e+03 1.458321950026388036e-01
5.343300000000000182e+03 1.474554519704791844e-01
5.346800000000000182e+03 1.468971591546551769e-01
5.350300000000000182e+03 1.485284940262690812e-01
5.353800000000000182e+03 1.467888464774417534e-01
5.357300000000000182e+03 1.462870486705793727e-01
5.360800000000000182e+03 1.474314276855636097e-01
5.364300000000000182e+03 1.469311125667684681e-01
5.367800000000000182e+03 1.454413750457309307e-01
5.371300000000000182e+03 1.450951100339835653e-01
5.374800000000000182e+03 1.430260514677162420e-01
5.378300000000000182e+03 1.457150299823850581e-01
5.381800000000000182e+03 1.443159846319151673e-01
5.385300000000000182e+03 1.455740875761199205e-01
5.388800000000000182e+03 1.457959955082727965e-01
5.392300000000000182e+03 1.463863034540957009e-01
5.395800000000000182e+03 1.450803299694423121e-01
5.399300000000000182e+03 1.439731664750459050e-01
5.402800000000000182e+03 1.449425216677880102e-01
5.406300000000000182e+03 1.459181942529057252e-01
5.409800000000000182e+03 1.449361889839824447e-01
5.413300000000000182e+03 1.462005119866902347e-01
5.416800000000000182e+03 1.468836383854389971e-01
5.420300000000000182e+03 1.460554739661845125e-01
5.423800000000000182e+03 1.449729042239922272e-01
5.427300000000000182e+03 1.460479127608478866e-01
5.430800000000000182e+03 1.442204261841467106e-01
5.434300000000000182e+03 1.449852756040268809e-01
5.437800000000000182e+03 1.461654615084237718e-01
5.441300000000000182e+03 1.438748170119359404e-01
5.444800000000000182e+03 1.450042131932002820e-01
5.448300000000000182e+03 1.435706354062744883e-01
5.451800000000000182e+03 1.455226386416659246e-01
5.455300000000000182e+03 1.439785309154814896e-01
5.458800000000000182e+03 1.448224325606372598e-01
5.462300000000000182e+03 1.438239701911259438e-01
5.465800000000000182e+03 1.437216458394334206e-01
5.469300000000000182e+03 1.452349208352338994e-01
5.472800000000000182e+03 1.407249199600117961e-01
5.476300000000000182e+03 1.417231455040899035e-01
5.479800000000000182e+03 1.416666874907594742e-01
5.483300000000000182e+03 1.421644881825719908e-01
5.486800000000000182e+03 1.413123662079215637e-01
5.490300000000000182e+03 1.425025470261889748e-01
5.493800000000000182e+03 1.438662608331990611e-01
5.497300000000000182e+03 1.398936295549952635e-01
5.500800000000000182e+03 1.400651209474195746e-01
5.504300000000000182e+03 1.414032065424176421e-01
5.507800000000000182e+03 1.414412016131075256e-01
5.511300000000000182e+03 1.427497931616751037e-01
5.514800000000000182e+03 1.420709414690201067e-01
5.518300000000000182e+03 1.396971230413024123e-01
5.521800000000000182e+03 1.413973314386626212e-01
5.525300000000000182e+03 1.400452451824130695e-01
5.528800000000000182e+03 1.412775383063901991e-01
5.532300000000000182e+03 1.394268758200048197e-01
5.535800000000000182e+03 1.383071189568322590e-01
5.539300000000000182e+03 1.402275191963248679e-01
5.542800000000000182e+03 1.393692064049604218e-01
5.546300000000000182e+03 1.396474502358038827e-01
5.549800000000000182e+03 1.396285203236332650e-01
5.553300000000000182e+03 1.408341904402398426e-01
5.556800000000000182e+03 1.405212320943878268e-01
5.560300000000000182e+03 1.389277216026019723e-01
5.563800000000000182e+03 1.389050804172715647e-01
5.567300000000000182e+03 1.403032193552494200e-01
5.570800000000000182e+03 1.401161365450345198e-01
5.574300000000000182e+03 1.401482971408228861e-01
5.577800000000000182e+03 1.395873031473293391e-01
5.581300000000000182e+03 1.388172899283337813e-01
5.584800000000000182e+03 1.397738090676400591e-01
5.588300000000000182e+03 1.404290064689427964e-01
5.591800000000000182e+03 1.397542097002583139e-01
5.595300000000000182e+03 1.397278622282412952e-01
5.598800000000000182e+03 1.390764287893483941e-01
5.602300000000000182e+03 1.423381169642584654e-01
5.605800000000000182e+03 1.390100691397657406e-01
5.609300000000000182e+03 1.392229385773723072e-01
5.612800000000000182e+03 1.420192349842832324e-01
5.616300000000000182e+03 1.389007732572874743e-01
5.619800000000000182e+03 1.410189615370226190e-01
5.623300000000000182e+03 1.403987501643337021e-01
5.626800000000000182e+03 1.401057964317354021e-01
5.630300000000000182e+03 1.406381522551260754e-01
5.633800000000000182e+03 1.391274644897149693e-01
5.637300000000000182e+03 1.377982253592535400e-01
5.640800000000000182e+03 1.384019696366699526e-01
5.644300000000000182e+03 1.402772580642716316e-01
5.647800000000000182e+03 1.374170505114900021e-01
5.651300000000000182e+03 1.413304324127251099e-01
5.654800000000000182e+03 1.406623377513455952e-01
5.658300000000000182e+03 1.401024571310740541e-01
5.661800000000000182e+03 1.384808367568471643e-01
5.665300000000000182e+03 1.410719409198567531e-01
5.668800000000000182e+03 1.403114592192253873e-01
5.672300000000000182e+03 1.414295175447608799e-01
5.675800000000000182e+03 1.425928364571316109e-01
5.679300000000000182e+03 1.405170386833482776e-01
5.682800000000000182e+03 1.430912000692791675e-01
5.686300000000000182e+03 1.422637173272491007e-01
5.689800000000000182e+03 1.444306237172148788e-01
5.693300000000000182e+03 1.430949790141317346e-01
5.696800000000000182e+03 1.427431547812405832e-01
5.700300000000000182e+03 1.424372750757374739e-01
5.703800000000000182e+03 1.414118044999858326e-01
5.707300000000000182e+03 1.407421999871006357e-01
5.710800000000000182e+03 1.408208995522104712e-01
5.714300000000000182e+03 1.405264510290624991e-01
5.717800000000000182e+03 1.420271764451934704e-01
5.721300000000000182e+03 1.420941720179824397e-01
5.724800000000000182e+03 1.407854910560408512e-01
5.728300000000000182e+03 1.404854945597456273e-01
5.731800000000000182e+03 1.401190582541199103e-01
5.735300000000000182e+03 1.421296443707599499e-01
5.738800000000000182e+03 1.403406289146028607e-01
5.742300000000000182e+03 1.399078795594736468e-01
5.745800000000000182e+03 1.410693136745831411e-01
5.749300000000000182e+03 1.379387408405648441e-01
5.752800000000000182e+03 1.412322735209550484e-01
5.756300000000000182e+03 1.395102897614274029e-01
5.759800000000000182e+03 1.369473305665096785e-01
5.763300000000000182e+03 1.365429143978159066e-01
5.766800000000000182e+03 1.365573494365009688e-01
5.770300000000000182e+03 1.359689852569858082e-01
5.773800000000000182e+03 1.371784008884655293e-01
5.777300000000000182e+03 1.347228950551938864e-01
5.780800000000000182e+03 1.367106767316177696e-01
5.784300000000000182e+03 1.364710222418870078e-01
5.787800000000000182e+03 1.337484319722754555e-01
5.791300000000000182e+03 1.330770145594405429e-01
5.794800000000000182e+03 1.378567943542190477e-01
5.798300000000000182e+03 1.349234724677033093e-01
