# wavelength angstroms, flux, ext coeff
5.551500000000000000e+03 2.369647774559625759e+04 1.539254494739213941e-01
5.558500000000000000e+03 2.401074562863455139e+04 1.472999350701746368e-01
5.565500000000000000e+03 2.455337364112164869e+04 1.402963340787835578e-01
5.572500000000000000e+03 2.456272098446289601e+04 1.397076320562008755e-01
5.579500000000000000e+03 2.482906919930679214e+04 1.405169239506049161e-01
5.586500000000000000e+03 2.521159133428580753e+04 1.391959770630482873e-01
5.593500000000000000e+03 2.544158508399107086e+04 1.377592139579675856e-01
5.600500000000000000e+03 2.561357432462185898e+04 1.397352353622067223e-01
5.607500000000000000e+03 2.588726222154184507e+04 1.412624143928481735e-01
5.614500000000000000e+03 2.630338887775226976e+04 1.405288114836666102e-01
5.621500000000000000e+03 2.658955384098309514e+04 1.401497053329962550e-01
5.628500000000000000e+03 2.669877242410874169e+04 1.369137423423675282e-01
5.635500000000000000e+03 2.695780875244443814e+04 1.412913432825362303e-01
5.642500000000000000e+03 2.703171366258963099e+04 1.404249118265210872e-01
5.649500000000000000e+03 2.726810119874752127e+04 1.402867720080535618e-01
5.656500000000000000e+03 2.730145799150378298e+04 1.404717415935253233e-01
5.663500000000000000e+03 2.733437704563958687e+04 1.400173368255480111e-01
5.670500000000000000e+03 2.753177565751447037e+04 1.414391795474158608e-01
5.677500000000000000e+03 2.768746596989819227e+04 1.422917105762324941e-01
5.684500000000000000e+03 2.794757862240486793e+04 1.414415543865901737e-01
5.691500000000000000e+03 2.805404344024735838e+04 1.417190338874515509e-01
5.698500000000000000e+03 2.822967270218887643e+04 1.423318537356821900e-01
5.705500000000000000e+03 2.849074006917491351e+04 1.395895910227090975e-01
5.712500000000000000e+03 2.877407703130288792e+04 1.413980562914085581e-01
5.719500000000000000e+03 2.893664701945593333e+04 1.412545872140537617e-01
5.726500000000000000e+03 2.948732519993400274e+04 1.416561053890331989e-01
5.733500000000000000e+03 2.965690918072813656e+04 1.396158626126286495e-01
5.740500000000000000e+03 2.970202838665579475e+04 1.397858441776026472e-01
5.747500000000000000e+03 2.968730827923003744e+04 1.387546141500510810e-01
5.754500000000000000e+03 2.987802084807912615e+04 1.369062420525731794e-01
5.761500000000000000e+03 2.992049923137242877e+04 1.398920871985148418e-01
5.768500000000000000e+03 3.029728942897986781e+04 1.369422402543959139e-01
5.775500000000000000e+03 3.036912878487470880e+04 1.348552420505855498e-01
5.782500000000000000e+03 3.050226822785494733e+04 1.353557342288450038e-01
5.789500000000000000e+03 3.051691749973509286e+04 1.362782605047085649e-01
5.796500000000000000e+03 3.084522360760426818e+04 1.347587110336826710e-01
5.803500000000000000e+03 3.088886316954595532e+04 1.344092886172005563e-01
5.810500000000000000e+03 3.127951995960437125e+04 1.320772002805782608e-01
5.817500000000000000e+03 3.144968107054151187e+04 1.326895904474082732e-01
5.824500000000000000e+03 3.133378638422740551e+04 1.326783989699795441e-01
5.831500000000000000e+03 3.158797677242949067e+04 1.309127980509850742e-01
5.838500000000000000e+03 3.157954615689850107e+04 1.314709135816321262e-01
5.845500000000000000e+03 3.168740704982159514e+04 1.334757081238258647e-01
5.852500000000000000e+03 3.166076774315421426e+04 1.331659631118085885e-01
5.859500000000000000e+03 3.169232081218499297e+04 1.307953892990894595e-01
5.866500000000000000e+03 3.188249976311442515e+04 1.321302596815753794e-01
5.873500000000000000e+03 3.162797487374889170e+04 1.338418554121091342e-01
5.880500000000000000e+03 3.112296173375280341e+04 1.395353757564623542e-01
5.887500000000000000e+03 3.083477903465410418e+04 1.408543735287567933e-01
5.894500000000000000e+03 3.064180956836331461e+04 1.435315301668564636e-01
5.901500000000000000e+03 3.087712367770600395e+04 1.450595117834112269e-01
5.908500000000000000e+03 3.115587715645829303e+04 1.466796033946633493e-01
5.915500000000000000e+03 3.145681966229101090e+04 1.427852226955315107e-01
5.922500000000000000e+03 3.154441786180829513e+04 1.412822562461329423e-01
5.929500000000000000e+03 3.155280790036449253e+04 1.437105321626960253e-01
5.936500000000000000e+03 3.170279763665617065e+04 1.420537469111665674e-01
5.943500000000000000e+03 3.166190255773510944e+04 1.410547347153663367e-01
5.950500000000000000e+03 3.197404914701452799e+04 1.405276472600784365e-01
5.957500000000000000e+03 3.209114750923287647e+04 1.402628517561249344e-01
5.964500000000000000e+03 3.210456036190003579e+04 1.392852743352219480e-01
5.971500000000000000e+03 3.223285943398661402e+04 1.347868978384691996e-01
5.978500000000000000e+03 3.219990467364704091e+04 1.366516165725772114e-01
5.985500000000000000e+03 3.234195277617658576e+04 1.343571908224875933e-01
5.992500000000000000e+03 3.241947793804918183e+04 1.309251773097247495e-01
5.999500000000000000e+03 3.260600649060980140e+04 1.291783317860486224e-01
6.006500000000000000e+03 3.233431671012977313e+04 1.300940252849482892e-01
6.013500000000000000e+03 3.243698979333142415e+04 1.287085283731373986e-01
6.020500000000000000e+03 3.250788178468652040e+04 1.280150382581547452e-01
6.027500000000000000e+03 3.259343035705088187e+04 1.273492232630900611e-01
6.034500000000000000e+03 3.278901450236673554e+04 1.254942181175750515e-01
6.041500000000000000e+03 3.315791155843476008e+04 1.263211094774183141e-01
6.048500000000000000e+03 3.317754461329308833e+04 1.257856157082897219e-01
6.055500000000000000e+03 3.357902782065156498e+04 1.234206622700843303e-01
6.062500000000000000e+03 3.325575255731810466e+04 1.239860041925941736e-01
6.069500000000000000e+03 3.336921345308431773e+04 1.231009589112745523e-01
6.076500000000000000e+03 3.333151081785911083e+04 1.220402050120458354e-01
6.083500000000000000e+03 3.327342431744235364e+04 1.221427429516534213e-01
6.090500000000000000e+03 3.334810635749145149e+04 1.225327004477808485e-01
6.097500000000000000e+03 3.322784724894539977e+04 1.192616308039119721e-01
6.104500000000000000e+03 3.334223750911703246e+04 1.190291104816270235e-01
6.111500000000000000e+03 3.317814826523709780e+04 1.171061752636856634e-01
6.118500000000000000e+03 3.301107715004131751e+04 1.173064270597318631e-01
6.125500000000000000e+03 3.284189681646437384e+04 1.147686581357976188e-01
6.132500000000000000e+03 3.279543814834675868e+04 1.162449610618352530e-01
6.139500000000000000e+03 3.296633866750195011e+04 1.139599296060566647e-01
6.146500000000000000e+03 3.283161468168671126e+04 1.134490121103470806e-01
6.153500000000000000e+03 3.296409853261656826e+04 1.162714053830167654e-01
6.160500000000000000e+03 3.287683444358120323e+04 1.099960127317649167e-01
6.167500000000000000e+03 3.320638521630942705e+04 1.104740352858685770e-01
6.174500000000000000e+03 3.319112255837981502e+04 1.111684108625770329e-01
6.181500000000000000e+03 3.367693768712163728e+04 1.107572947210208186e-01
6.188500000000000000e+03 3.389766053263811773e+04 1.099714783388435202e-01
6.195500000000000000e+03 3.420119156095982908e+04 1.079913790240105559e-01
6.202500000000000000e+03 3.398032989305218507e+04 1.072660783738577789e-01
6.209500000000000000e+03 3.402095130588590109e+04 1.070330162046395361e-01
6.216500000000000000e+03 3.402226770331503212e+04 1.066227916363603340e-01
6.223500000000000000e+03 3.378251258613055688e+04 1.084089501505020731e-01
6.230500000000000000e+03 3.382734677770493727e+04 1.041394201949725484e-01
6.237500000000000000e+03 3.352083065584392898e+04 1.032502152465395590e-01
6.244500000000000000e+03 3.318441094564901869e+04 1.024389476255760656e-01
6.251500000000000000e+03 3.342792640653933631e+04 1.025003113840199098e-01
6.258500000000000000e+03 3.332779492746973119e+04 1.081808885531120590e-01
6.265500000000000000e+03 3.359604239624791080e+04 1.109675902839152017e-01
6.272500000000000000e+03 3.359902722517850634e+04 1.089071439145965631e-01
6.279500000000000000e+03 3.327779299087896652e+04 1.124743964688096204e-01
6.286500000000000000e+03 3.320430392954961280e+04 1.152927679539623440e-01
6.293500000000000000e+03 3.336160005932675995e+04 1.117977982944445836e-01
6.300500000000000000e+03 3.362879578620374377e+04 1.101317911683692141e-01
6.307500000000000000e+03 3.353142338396050764e+04 1.041189341783092664e-01
6.314500000000000000e+03 3.339622446683762973e+04 1.060242512356685679e-01
6.321500000000000000e+03 3.378852037947371718e+04 1.045377845603435440e-01
6.328500000000000000e+03 3.403493705426376255e+04 9.948867167510934417e-02
6.335500000000000000e+03 3.403827090351829247e+04 1.003368291853355548e-01
6.342500000000000000e+03 3.429820000647634151e+04 9.830403874387205754e-02
6.349500000000000000e+03 3.403759038562316709e+04 9.792552129163904773e-02
6.356500000000000000e+03 3.416291176889654162e+04 9.529850044687003530e-02
6.363500000000000000e+03 3.428108593338284845e+04 9.454099313137202809e-02
6.370500000000000000e+03 3.451307722605994786e+04 9.619537836449307266e-02
6.377500000000000000e+03 3.448129805438509356e+04 9.413391370250499823e-02
6.384500000000000000e+03 3.450444475014031923e+04 9.566714054958032343e-02
6.391500000000000000e+03 3.450807962595197750e+04 9.415285718669234860e-02
6.398500000000000000e+03 3.446045741166235530e+04 9.298382457899809217e-02
6.405500000000000000e+03 3.430577741707943642e+04 9.041309977755135341e-02
6.412500000000000000e+03 3.421758930953777599e+04 9.071709475263521616e-02
6.419500000000000000e+03 3.422317714279382926e+04 8.999395706410510953e-02
6.426500000000000000e+03 3.426572791386079189e+04 9.179720052269360608e-02
6.433500000000000000e+03 3.435248515317302372e+04 9.173132566601016613e-02
6.440500000000000000e+03 3.437849468971000169e+04 9.088489426904843016e-02
6.447500000000000000e+03 3.449466785179197177e+04 9.226374675222616395e-02
6.454500000000000000e+03 3.415321940621947579e+04 9.278184956356246016e-02
6.461500000000000000e+03 3.404004904101227294e+04 9.453262376895274488e-02
6.468500000000000000e+03 3.375944195667882013e+04 9.536981906572551682e-02
6.475500000000000000e+03 3.361078670827710448e+04 9.959907058394337764e-02
6.482500000000000000e+03 3.362439746398015996e+04 9.655251097956754625e-02
6.489500000000000000e+03 3.358570369833853329e+04 9.513044661297133386e-02
6.496500000000000000e+03 3.374108470833680622e+04 9.557654214479584243e-02
6.503500000000000000e+03 3.374621981515512016e+04 9.608077310445861663e-02
6.510500000000000000e+03 3.394357422692090768e+04 9.220282398313424388e-02
6.517500000000000000e+03 3.370182945604312408e+04 9.223507027338563591e-02
6.524500000000000000e+03 3.348787304296000366e+04 9.528421093918219842e-02
6.531500000000000000e+03 3.298288075555171963e+04 9.584226756707039940e-02
6.538500000000000000e+03 3.221457286390283844e+04 9.301780521281741154e-02
6.545500000000000000e+03 3.086859447357555837e+04 9.324293901615249291e-02
6.552500000000000000e+03 2.926588655591238785e+04 8.837635176932540082e-02
6.559500000000000000e+03 2.753900472427618661e+04 7.489074998194332478e-02
6.566500000000000000e+03 2.654672002686202177e+04 6.027136629194351780e-02
6.573500000000000000e+03 2.712345312148161975e+04 6.043278857130948006e-02
6.580500000000000000e+03 2.893586543935971349e+04 7.463604423885789041e-02
6.587500000000000000e+03 3.116874063232824847e+04 9.220916381451257915e-02
6.594500000000000000e+03 3.297622282810012257e+04 9.488974953236589682e-02
6.601500000000000000e+03 3.398200243665558810e+04 8.651677572441270059e-02
6.608500000000000000e+03 3.443848012613882747e+04 8.102015669345688509e-02
6.615500000000000000e+03 3.474158416657979251e+04 7.792991556230710604e-02
6.622500000000000000e+03 3.490364022847458546e+04 7.881607827175145242e-02
6.629500000000000000e+03 3.506959378516011202e+04 7.536663818358720068e-02
6.636500000000000000e+03 3.499033337303162261e+04 7.552408136615605672e-02
6.643500000000000000e+03 3.513496529415757686e+04 7.793122757223644448e-02
6.650500000000000000e+03 3.511459194398122781e+04 7.540543507139702006e-02
6.657500000000000000e+03 3.509482638457571011e+04 7.357992811918419307e-02
6.664500000000000000e+03 3.513845180697726755e+04 7.316566806954263869e-02
6.671500000000000000e+03 3.515079519984097715e+04 7.363633129711905090e-02
6.678500000000000000e+03 3.514660573175588070e+04 7.359078580283917592e-02
6.685500000000000000e+03 3.523036231822832633e+04 7.260180329663788734e-02
6.692500000000000000e+03 3.530964480931367143e+04 7.131361106535924477e-02
6.699500000000000000e+03 3.538639901595666743e+04 7.023671027828798374e-02
6.706500000000000000e+03 3.528094304357034707e+04 7.126438767073074720e-02
6.713500000000000000e+03 3.522518633082186716e+04 7.038522451269352276e-02
6.720500000000000000e+03 3.532478180017081468e+04 7.076769709647316720e-02
6.727500000000000000e+03 3.521386801510875375e+04 7.051428052922810441e-02
6.734500000000000000e+03 3.514104252149775130e+04 7.008233383988198006e-02
6.741500000000000000e+03 3.512434461533667491e+04 7.023989496011345812e-02
6.748500000000000000e+03 3.505318304448234267e+04 6.971928447480069124e-02
6.755500000000000000e+03 3.519885859454399906e+04 6.937555853823670904e-02
6.762500000000000000e+03 3.532785736687204917e+04 6.685629470686893505e-02
6.769500000000000000e+03 3.523912661065284919e+04 6.789355809001089426e-02
6.776500000000000000e+03 3.516580904896854918e+04 6.608892465263298266e-02
6.783500000000000000e+03 3.497219119637305266e+04 6.761139471439799042e-02
6.790500000000000000e+03 3.512203510040095716e+04 6.530350211675038652e-02
6.797500000000000000e+03 3.516733573483709188e+04 6.742183329882420195e-02
6.804500000000000000e+03 3.485332129716394411e+04 6.679882640258097415e-02
6.811500000000000000e+03 3.502626256991933042e+04 6.630555509645366663e-02
6.818500000000000000e+03 3.493811542518157512e+04 6.708885433362622719e-02
6.825500000000000000e+03 3.494354577565462387e+04 6.494185226868097460e-02
6.832500000000000000e+03 3.497338331743475283e+04 6.637350361124483289e-02
6.839500000000000000e+03 3.483695039161631576e+04 6.672987721538446715e-02
6.846500000000000000e+03 3.431482736846324406e+04 7.208878087280173874e-02
6.853500000000000000e+03 3.332090402385482594e+04 9.175725267460707602e-02
6.860500000000000000e+03 3.140655081445535325e+04 1.105055380888118888e-01
6.867500000000000000e+03 2.870225649780562890e+04 8.597540340381934487e-02
6.874500000000000000e+03 2.764700193468992802e+04 9.551184615424099245e-02
6.881500000000000000e+03 2.833396917818073052e+04 1.350501089653085018e-01
6.888500000000000000e+03 2.901021461155147335e+04 1.284856032772525303e-01
6.895500000000000000e+03 2.970762899486464812e+04 1.079649698675958225e-01
6.902500000000000000e+03 3.024031414861628582e+04 1.040281452004144097e-01
6.909500000000000000e+03 3.087645070382144331e+04 1.031468495817313702e-01
6.916500000000000000e+03 3.152720000726860962e+04 9.960322451424538648e-02
6.923500000000000000e+03 3.192089515147123529e+04 9.335188157610689597e-02
6.930500000000000000e+03 3.207710410924522876e+04 9.311926537020083494e-02
6.937500000000000000e+03 3.208148989753109345e+04 9.158921373640328822e-02
6.944500000000000000e+03 3.215872932093097552e+04 8.921801335234154362e-02
6.951500000000000000e+03 3.258413089867348390e+04 8.433904163612460092e-02
6.958500000000000000e+03 3.287018326629260991e+04 8.052021094224245945e-02
6.965500000000000000e+03 3.339212655103454017e+04 7.513721870217113241e-02
6.972500000000000000e+03 3.339983431031425425e+04 7.535714930930537125e-02
6.979500000000000000e+03 3.330861670304491417e+04 7.347083256965768194e-02
6.986500000000000000e+03 3.300183488596513052e+04 7.519383982849354997e-02
6.993500000000000000e+03 3.280889128566871659e+04 7.657673077746741941e-02
7.000500000000000000e+03 3.263755646143705962e+04 7.878691263866356709e-02
7.007500000000000000e+03 3.232635939067515210e+04 7.846668306095969103e-02
7.014500000000000000e+03 3.211440979083918501e+04 7.556910856975507240e-02
7.021500000000000000e+03 3.242927138066685075e+04 7.489520584773778911e-02
7.028500000000000000e+03 3.256690868992236938e+04 7.459183213286556258e-02
7.035500000000000000e+03 3.281093770694051636e+04 7.258056662954444349e-02
7.042500000000000000e+03 3.290962391905023105e+04 6.895019040116689979e-02
7.049500000000000000e+03 3.291735841460670781e+04 6.859797046783806806e-02
7.056500000000000000e+03 3.283465773178312520e+04 6.599252776147300492e-02
7.063500000000000000e+03 3.304777959483343875e+04 6.530258171641950549e-02
7.070500000000000000e+03 3.285717517197686539e+04 6.440323068717784816e-02
7.077500000000000000e+03 3.314815643560574244e+04 6.159997727276340929e-02
7.084500000000000000e+03 3.299684314546095266e+04 6.254552193564566487e-02
7.091500000000000000e+03 3.300716288819486363e+04 6.156581103150898793e-02
7.098500000000000000e+03 3.258231041940866271e+04 6.227966769641252870e-02
7.105500000000000000e+03 3.269939248329621842e+04 5.858553614434572343e-02
7.112500000000000000e+03 3.245625752925537381e+04 5.858433389981430178e-02
7.119500000000000000e+03 3.260467151098488466e+04 5.716984682796157069e-02
7.126500000000000000e+03 3.245498346248168673e+04 5.993338213329357095e-02
7.133500000000000000e+03 3.244483933050706037e+04 6.119116035327414049e-02
7.140500000000000000e+03 3.234193817376172956e+04 6.060324084287829760e-02
7.147500000000000000e+03 3.199562445443457545e+04 6.724566288505612333e-02
7.154500000000000000e+03 3.156596031279655654e+04 7.763680492743123274e-02
7.161500000000000000e+03 3.047751898295405772e+04 9.030622238941642121e-02
7.168500000000000000e+03 2.911034811011219790e+04 1.001128301852048513e-01
7.175500000000000000e+03 2.756085372688220377e+04 1.110693556646979302e-01
7.182500000000000000e+03 2.663699760370991498e+04 1.177205278537487299e-01
7.189500000000000000e+03 2.619963411102317696e+04 1.230172468010647530e-01
7.196500000000000000e+03 2.657816298025646029e+04 1.160509671848572594e-01
7.203500000000000000e+03 2.741314429211735114e+04 1.056474398364294215e-01
7.210500000000000000e+03 2.872520030501485599e+04 1.053548680428061102e-01
7.217500000000000000e+03 2.943633869904583844e+04 1.054269130845993246e-01
7.224500000000000000e+03 2.932127636777491716e+04 9.937785715436761591e-02
7.231500000000000000e+03 2.834860443345955719e+04 9.163373464955829051e-02
7.238500000000000000e+03 2.756527549297400401e+04 9.679650005004100666e-02
7.245500000000000000e+03 2.738575738022747464e+04 1.084064241075936852e-01
7.252500000000000000e+03 2.767574128836727687e+04 1.100680697373973560e-01
7.259500000000000000e+03 2.781329882424603784e+04 1.123267853010772588e-01
7.266500000000000000e+03 2.768840766460310988e+04 1.105631778048110775e-01
7.273500000000000000e+03 2.760391357093242550e+04 1.034171446271244660e-01
7.280500000000000000e+03 2.763171289827230794e+04 1.036849761563872624e-01
7.287500000000000000e+03 2.751785066114295478e+04 1.054171691900608471e-01
7.294500000000000000e+03 2.773690979926201908e+04 9.870149832120143907e-02
7.301500000000000000e+03 2.784332816668006490e+04 9.897151394551524650e-02
7.308500000000000000e+03 2.809551610021197121e+04 9.338442696658337538e-02
7.315500000000000000e+03 2.856356877631781026e+04 8.601726132741595310e-02
7.322500000000000000e+03 2.907359595931340300e+04 8.163626687199632137e-02
7.329500000000000000e+03 2.964205648461356395e+04 7.588228477220304580e-02
7.336500000000000000e+03 2.984103192480387588e+04 6.883987469807337223e-02
7.343500000000000000e+03 3.000966603105609829e+04 6.848390217053917928e-02
7.350500000000000000e+03 2.993377436182617748e+04 6.358512227562904129e-02
7.357500000000000000e+03 2.995953460996738067e+04 6.415906461684689477e-02
7.364500000000000000e+03 3.005686750155813570e+04 6.228384916148197586e-02
7.371500000000000000e+03 2.994670688128859547e+04 5.941286550605759387e-02
7.378500000000000000e+03 2.981537788672666284e+04 6.039321848290313266e-02
7.385500000000000000e+03 2.986052113452831327e+04 5.773748550997542806e-02
7.392500000000000000e+03 2.966974284505315882e+04 5.573850459732166557e-02
7.399500000000000000e+03 2.939991666675747183e+04 5.381212975815641286e-02
7.406500000000000000e+03 2.928107142147263585e+04 5.185315375401131771e-02
7.413500000000000000e+03 2.932655647295890230e+04 4.941743049643854829e-02
7.420500000000000000e+03 2.950569389711779149e+04 4.865074610833550195e-02
7.427500000000000000e+03 2.950931135987522794e+04 4.664552918278906668e-02
7.434500000000000000e+03 2.951434215835428768e+04 4.505190141434974038e-02
7.441500000000000000e+03 2.955903963778331308e+04 4.611285125294844328e-02
7.448500000000000000e+03 2.943961824894205711e+04 4.587982739237492225e-02
7.455500000000000000e+03 2.941149146703485530e+04 4.375278203388383025e-02
7.462500000000000000e+03 2.934575940868673206e+04 4.465916990060088410e-02
7.469500000000000000e+03 2.921058730533003836e+04 4.504403250259860630e-02
7.476500000000000000e+03 2.929031136003223946e+04 4.326849016916992779e-02
7.483500000000000000e+03 2.912290163879218744e+04 4.300415581367477563e-02
7.490500000000000000e+03 2.892903038950236441e+04 4.294209494423107537e-02
7.497500000000000000e+03 2.886115024164849456e+04 4.211467331817370097e-02
7.504500000000000000e+03 2.881995787691554870e+04 4.266729244600282744e-02
7.511500000000000000e+03 2.890743877295358106e+04 4.299304792678858983e-02
7.518500000000000000e+03 2.876628925204969710e+04 4.142172538448727487e-02
7.525500000000000000e+03 2.861574428342618194e+04 4.363170808372734272e-02
7.532500000000000000e+03 2.844727939624056307e+04 4.261916591551550421e-02
7.539500000000000000e+03 2.846609741400271378e+04 4.032231073389682535e-02
7.546500000000000000e+03 2.846441589769840721e+04 4.305800147374601317e-02
7.553500000000000000e+03 2.831910290979191268e+04 4.229507008579017763e-02
7.560500000000000000e+03 2.838815516039095746e+04 4.249153898126346168e-02
7.567500000000000000e+03 2.788774288289369360e+04 4.680781150714745376e-02
7.574500000000000000e+03 2.727182679474143151e+04 6.549554561536591324e-02
7.581500000000000000e+03 2.558529131709131616e+04 1.148208585029419082e-01
7.588500000000000000e+03 2.095670645536750817e+04 1.681157136848948352e-01
7.595500000000000000e+03 1.456564958540650332e+04 1.244414697064512715e-01
7.602500000000000000e+03 9.657937392469255428e+03 6.437004685834860074e-02
7.609500000000000000e+03 9.323935852315953525e+03 2.434144066221285152e-01
7.616500000000000000e+03 1.138200833392284403e+04 3.950201909219110408e-01
7.623500000000000000e+03 1.251635385842224241e+04 3.558178683321234770e-01
7.630500000000000000e+03 1.258916381218309289e+04 2.696077023951331531e-01
7.637500000000000000e+03 1.313058887016293920e+04 2.426877686144306989e-01
7.644500000000000000e+03 1.461151746705464029e+04 2.254273925862157191e-01
7.651500000000000000e+03 1.686214444202017694e+04 1.923809399200089032e-01
7.658500000000000000e+03 1.906091291943907709e+04 1.566403452251254047e-01
7.665500000000000000e+03 2.089227342500384111e+04 1.238758091720520427e-01
7.672500000000000000e+03 2.231494562796673199e+04 9.916457106885244455e-02
7.679500000000000000e+03 2.344889551325636421e+04 8.168107806518333514e-02
7.686500000000000000e+03 2.436316226607377030e+04 6.890201956182209764e-02
7.693500000000000000e+03 2.496061556772473705e+04 5.756905103672992768e-02
7.700500000000000000e+03 2.516857490102420343e+04 5.398220067400489458e-02
7.707500000000000000e+03 2.530461589308431940e+04 5.189726385951032306e-02
7.714500000000000000e+03 2.530239820822079491e+04 4.734268373718612810e-02
7.721500000000000000e+03 2.558674909049527923e+04 4.250075403745259828e-02
7.728500000000000000e+03 2.533980474409118688e+04 4.245370373794961349e-02
7.735500000000000000e+03 2.541357973890698850e+04 3.948555699349622083e-02
7.742500000000000000e+03 2.515993319256090399e+04 3.939497574988626294e-02
7.749500000000000000e+03 2.506153931301642297e+04 4.098854636721806222e-02
7.756500000000000000e+03 2.506802495385883594e+04 3.880132847893391634e-02
7.763500000000000000e+03 2.484512369124528414e+04 3.771831952781726921e-02
7.770500000000000000e+03 2.462124460743518648e+04 3.854555688947309405e-02
7.777500000000000000e+03 2.488856520726891540e+04 3.571281118309273250e-02
7.784500000000000000e+03 2.476429128508494614e+04 3.935338454922827217e-02
7.791500000000000000e+03 2.472649155957296534e+04 4.082349105840097497e-02
7.798500000000000000e+03 2.457595659576353137e+04 3.832965192398610915e-02
7.805500000000000000e+03 2.455785023052095130e+04 3.807325240366188357e-02
7.812500000000000000e+03 2.427766693580091305e+04 4.011534371393286891e-02
7.819500000000000000e+03 2.429686364512946602e+04 3.871805202154521980e-02
7.826500000000000000e+03 2.411104807148465989e+04 3.764142395001873753e-02
7.833500000000000000e+03 2.395446157202110771e+04 3.750547552689025704e-02
7.840500000000000000e+03 2.377910772980801630e+04 3.637362044214995788e-02
7.847500000000000000e+03 2.360994668272536001e+04 3.839989271652875097e-02
7.854500000000000000e+03 2.366813971373084496e+04 3.681234164948930798e-02
7.861500000000000000e+03 2.347931918582363505e+04 3.965152180136276988e-02
7.868500000000000000e+03 2.327714875308635965e+04 4.368576150709397449e-02
7.875500000000000000e+03 2.314007622871057902e+04 4.196017750792836731e-02
7.882500000000000000e+03 2.290684255329123334e+04 4.605455678042252171e-02
7.889500000000000000e+03 2.258989757632966212e+04 4.533062094256275903e-02
7.896500000000000000e+03 2.250321442277871029e+04 4.980581287593633527e-02
7.903500000000000000e+03 2.235261090974925537e+04 4.830551513904252081e-02
7.910500000000000000e+03 2.229743972136973753e+04 4.787410995328268692e-02
7.917500000000000000e+03 2.227200741134394048e+04 4.576880193423087800e-02
7.924500000000000000e+03 2.208195485366358844e+04 4.523848896391580165e-02
7.931500000000000000e+03 2.200461886962186327e+04 4.278233488312147698e-02
7.938500000000000000e+03 2.196538984407003954e+04 4.381526861904556924e-02
7.945500000000000000e+03 2.174754472944438021e+04 4.513950884238378258e-02
7.952500000000000000e+03 2.171924312846380417e+04 4.431778359199093492e-02
7.959500000000000000e+03 2.163547602301895677e+04 4.378350221868693853e-02
7.966500000000000000e+03 2.170577608998537107e+04 4.422644409430832868e-02
7.973500000000000000e+03 2.162382263065704683e+04 4.892284914186591921e-02
7.980500000000000000e+03 2.141551064831183612e+04 4.493577202466274290e-02
7.987500000000000000e+03 2.137335655365139246e+04 4.354322401328727943e-02
7.994500000000000000e+03 2.136120364897379477e+04 4.388883097096767105e-02
8.001500000000000000e+03 2.106047159136304617e+04 4.734454750267799023e-02
8.008500000000000000e+03 2.096178382336715367e+04 4.691961863319242532e-02
8.015500000000000000e+03 2.069032892181218995e+04 4.793851591821275682e-02
8.022500000000000000e+03 2.070564929471765572e+04 4.763895952220079111e-02
8.029500000000000000e+03 2.073559910325225064e+04 4.792507706293450132e-02
8.036500000000000000e+03 2.068927846201413195e+04 4.487096451272964276e-02
8.043500000000000000e+03 2.050111196210336857e+04 4.286975979784952290e-02
8.050500000000000000e+03 2.052471776380355004e+04 4.038594468064119619e-02
8.057500000000000000e+03 2.063821557334569661e+04 4.084211792960979609e-02
8.064500000000000000e+03 2.065532875891104777e+04 3.965813885643602182e-02
8.071500000000000000e+03 2.063872659147643208e+04 4.099469486566247739e-02
8.078500000000000000e+03 2.036524293221667176e+04 4.178750991211990090e-02
8.085500000000000000e+03 2.026852741350125143e+04 4.282432349850151532e-02
8.092500000000000000e+03 1.994546935281093829e+04 4.224087442790899066e-02
8.099500000000000000e+03 1.996245825633703862e+04 4.401236042218358707e-02
8.106500000000000000e+03 1.978824778996046371e+04 4.834418721018234055e-02
8.113500000000000000e+03 1.946941332156611315e+04 5.537742379027475043e-02
8.120500000000000000e+03 1.920420541329206753e+04 6.455563116096703358e-02
8.127500000000000000e+03 1.862306973587856555e+04 7.200133123761133513e-02
8.134500000000000000e+03 1.805889150483437697e+04 7.614638750589815264e-02
8.141500000000000000e+03 1.757297671473729133e+04 8.623289594600845598e-02
8.148500000000000000e+03 1.705080791775386751e+04 9.667385473689329989e-02
8.155500000000000000e+03 1.663978579363889367e+04 9.548576176493375756e-02
8.162500000000000000e+03 1.625890399674426226e+04 9.464977359434370574e-02
8.169500000000000000e+03 1.636659285755306155e+04 1.028743290941774580e-01
8.176500000000000000e+03 1.633363905626055021e+04 9.767085080743864722e-02
8.183500000000000000e+03 1.619163211350639176e+04 9.291596914463941259e-02
8.190500000000000000e+03 1.646035987201660464e+04 8.394783106478552470e-02
8.197500000000000000e+03 1.676861203682840642e+04 7.540011706048169171e-02
8.204500000000000000e+03 1.731585607286312734e+04 8.069862356478182952e-02
8.211500000000000000e+03 1.728796365365221573e+04 9.065350125794020830e-02
8.218500000000000000e+03 1.664107184886503092e+04 9.120579510085972952e-02
8.225500000000000000e+03 1.573094184486754602e+04 6.763129497579203897e-02
8.232500000000000000e+03 1.567931590369500191e+04 6.714323947769916534e-02
8.239500000000000000e+03 1.634944559407934139e+04 9.086361530015936439e-02
8.246500000000000000e+03 1.709951806526222208e+04 8.321844260082184030e-02
8.253500000000000000e+03 1.720477713357271568e+04 7.023931808764731499e-02
8.260500000000000000e+03 1.733287335963125224e+04 6.443932720655437540e-02
8.267500000000000000e+03 1.709808840918364876e+04 7.132633417765057993e-02
8.274500000000000000e+03 1.677066724265658559e+04 6.715083165945644195e-02
8.281500000000000000e+03 1.654075105706168688e+04 6.833028983043228088e-02
8.288500000000000000e+03 1.658543518038920956e+04 7.043831430658074877e-02
8.295500000000000000e+03 1.672977944881694566e+04 7.082738664663461303e-02
8.302500000000000000e+03 1.674969678691579975e+04 6.886175802300657789e-02
8.309500000000000000e+03 1.681187696580174088e+04 6.818514476044527928e-02
8.316500000000000000e+03 1.658878429640934701e+04 6.423675732568276397e-02
8.323500000000000000e+03 1.662746046180250414e+04 5.794905516843745774e-02
8.330500000000000000e+03 1.684356422117534748e+04 5.960463393405505267e-02
8.337500000000000000e+03 1.692549271156061150e+04 5.706510280739975072e-02
8.344500000000000000e+03 1.717402518493000753e+04 5.413470097844495094e-02
8.351500000000000000e+03 1.719537285438281833e+04 5.217408445355005420e-02
8.358500000000000000e+03 1.724137340209432296e+04 4.732122319078098382e-02
8.365500000000000000e+03 1.717819817088098353e+04 4.656331929200670933e-02
8.372500000000000000e+03 1.738273021155048264e+04 4.361080252964531084e-02
8.379500000000000000e+03 1.723007061573227838e+04 4.242983335047823684e-02
8.386500000000000000e+03 1.725394762590762184e+04 4.032559879186813773e-02
8.393500000000000000e+03 1.719927186660388179e+04 3.938967018215337040e-02
8.400500000000000000e+03 1.716078652287426303e+04 3.942392425816133167e-02
8.407500000000000000e+03 1.715877748467024503e+04 3.574864072367533313e-02
8.414500000000000000e+03 1.725220400548163161e+04 3.580805348465095073e-02
8.421500000000000000e+03 1.713311927482201281e+04 3.686100563251386297e-02
8.428500000000000000e+03 1.713118110876641003e+04 3.455439625968700912e-02
8.435500000000000000e+03 1.700072306878758536e+04 3.372645633531627662e-02
8.442500000000000000e+03 1.690103826689301786e+04 3.253098408375475897e-02
8.449500000000000000e+03 1.693337500685309715e+04 3.204521674942995002e-02
8.456500000000000000e+03 1.692915413345807974e+04 3.015917483871988561e-02
8.463500000000000000e+03 1.683503123176677036e+04 2.908458649187950495e-02
8.470500000000000000e+03 1.678858428543453192e+04 3.015419227638553926e-02
8.477500000000000000e+03 1.685329189806459181e+04 3.202916574902184982e-02
8.484500000000000000e+03 1.685393848985316799e+04 3.296297445841955831e-02
8.491500000000000000e+03 1.655145798379276312e+04 3.342314088548303808e-02
8.498500000000000000e+03 1.635775503345409561e+04 3.014668775244402910e-02
8.505500000000000000e+03 1.617757930932533782e+04 2.967008387581508005e-02
8.512500000000000000e+03 1.625834393446582180e+04 2.748099686057757507e-02
8.519500000000000000e+03 1.631270963722291162e+04 3.165577990677888309e-02
8.526500000000000000e+03 1.640455347127621280e+04 3.497125287944941735e-02
8.533500000000000000e+03 1.638444267322233281e+04 3.365260331763995222e-02
8.540500000000000000e+03 1.608329309202192962e+04 2.643646613109939397e-02
8.547500000000000000e+03 1.587610306037516602e+04 1.918671946070471535e-02
8.554500000000000000e+03 1.594014296845311765e+04 2.082641531391053735e-02
8.561500000000000000e+03 1.616752170576814206e+04 2.679225914764760477e-02
8.568500000000000000e+03 1.636782186931979413e+04 3.678360412161444520e-02
8.575500000000000000e+03 1.631429456888943423e+04 3.542505766512842741e-02
8.582500000000000000e+03 1.628089630899174881e+04 3.051524921077860761e-02
8.589500000000000000e+03 1.622493615248722563e+04 2.570333821322708101e-02
8.596500000000000000e+03 1.607421709992292381e+04 2.345928056623415234e-02
8.603500000000000000e+03 1.601641761742454037e+04 2.089742222403723551e-02
8.610500000000000000e+03 1.598617133187494255e+04 2.351406034032821335e-02
8.617500000000000000e+03 1.604952197361957042e+04 2.369822837054167547e-02
8.624500000000000000e+03 1.600713448990707730e+04 3.436823188601806356e-02
8.631500000000000000e+03 1.621947485958534890e+04 3.361198688101828952e-02
8.638500000000000000e+03 1.633028039414808882e+04 3.289987129772753427e-02
8.645500000000000000e+03 1.602681097842365671e+04 3.255063804300938057e-02
8.652500000000000000e+03 1.580790971336668008e+04 2.966902233268961867e-02
8.659500000000000000e+03 1.539010598672473316e+04 2.163973111606956601e-02
8.666500000000000000e+03 1.487043559037099112e+04 1.033624347692483313e-02
8.673500000000000000e+03 1.485478938414639742e+04 1.139468756257546421e-02
8.680500000000000000e+03 1.505872356521074107e+04 2.231077146795487978e-02
8.687500000000000000e+03 1.546587301148114057e+04 2.778475485468762454e-02
8.694500000000000000e+03 1.577542598802166685e+04 3.321998741822489859e-02
8.701500000000000000e+03 1.584868481655903088e+04 3.110339553707101856e-02
8.708500000000000000e+03 1.587220528214876867e+04 3.238548410016881679e-02
8.715500000000000000e+03 1.576538486250543065e+04 3.048441820688996967e-02
8.722500000000000000e+03 1.572960370909956691e+04 3.100098257499235913e-02
8.729500000000000000e+03 1.555127440064187613e+04 3.286029606155120575e-02
8.736500000000000000e+03 1.515502977484359690e+04 2.488045105261281476e-02
8.743500000000000000e+03 1.481827298582972435e+04 1.205387093048515199e-02
8.750500000000000000e+03 1.476901074215911467e+04 8.807429949465704275e-03
8.757500000000000000e+03 1.486265420070677465e+04 1.273685727780459430e-02
8.764500000000000000e+03 1.502046071193359421e+04 2.549736904319508182e-02
8.771500000000000000e+03 1.535249217717212923e+04 3.053525279986437843e-02
8.778500000000000000e+03 1.554508852960477998e+04 2.851614593355174601e-02
8.785500000000000000e+03 1.564288399705853953e+04 2.784023218748308062e-02
8.792500000000000000e+03 1.557164034059598816e+04 3.076889296931200821e-02
8.799500000000000000e+03 1.555025861989016266e+04 2.835718665897515520e-02
8.806500000000000000e+03 1.547550436649644689e+04 2.599811637357345162e-02
8.813500000000000000e+03 1.533408724693320801e+04 2.766934713062764103e-02
8.820500000000000000e+03 1.535226125918642174e+04 2.744160234549463881e-02
8.827500000000000000e+03 1.525215920124846161e+04 3.044538603000642232e-02
8.834500000000000000e+03 1.507033875973011345e+04 2.724439315147011986e-02
8.841500000000000000e+03 1.488459255880727869e+04 2.944825955588330907e-02
8.848500000000000000e+03 1.457297857995625782e+04 2.682353385965773745e-02
8.855500000000000000e+03 1.414938757307557353e+04 2.190843133667176937e-02
8.862500000000000000e+03 1.392106165677234458e+04 1.550328864994222032e-02
8.869500000000000000e+03 1.376509256970078422e+04 9.917613939325138975e-03
8.876500000000000000e+03 1.389239945158177397e+04 1.535660321351180364e-02
8.883500000000000000e+03 1.422107595982841121e+04 2.682906635333810394e-02
8.890500000000000000e+03 1.468648706097656577e+04 3.611030005393671416e-02
8.897500000000000000e+03 1.479516579005875792e+04 3.344687599546428830e-02
8.904500000000000000e+03 1.487717302071648010e+04 3.195612461340716082e-02
8.911500000000000000e+03 1.485846375188850652e+04 3.194917461882477994e-02
8.918500000000000000e+03 1.459870928678787823e+04 3.491450077970695981e-02
8.925500000000000000e+03 1.446443014760383812e+04 3.881087893211354611e-02
8.932500000000000000e+03 1.416729154985264177e+04 4.598280261684276060e-02
8.939500000000000000e+03 1.384438031074242645e+04 5.736429515020713410e-02
8.946500000000000000e+03 1.346332791968498350e+04 6.712718137536591301e-02
8.953500000000000000e+03 1.292029077318838063e+04 7.540209382484894252e-02
8.960500000000000000e+03 1.246217035066403514e+04 8.195692042214057504e-02
8.967500000000000000e+03 1.210545926271048120e+04 8.960759114132467451e-02
8.974500000000000000e+03 1.180319180388630048e+04 1.098100956759170826e-01
8.981500000000000000e+03 1.143829827144405135e+04 1.147900359299170170e-01
8.988500000000000000e+03 1.084027148334347112e+04 9.937520991630154066e-02
8.995500000000000000e+03 1.070648287307813916e+04 1.091518324839233639e-01
9.002500000000000000e+03 1.036664455898214692e+04 1.060738618376381448e-01
9.009500000000000000e+03 1.027926434720291581e+04 8.809009445542391459e-02
9.016500000000000000e+03 1.045488910274232330e+04 7.953299255298766635e-02
9.023500000000000000e+03 1.088005900439521247e+04 7.227909550725516996e-02
9.030500000000000000e+03 1.161192701662825675e+04 7.788474926558885958e-02
9.037500000000000000e+03 1.234781587519719687e+04 7.535075703622769183e-02
9.044500000000000000e+03 1.259005141471062780e+04 7.447285705712541892e-02
9.051500000000000000e+03 1.249846411377344521e+04 7.928296195287755366e-02
9.058500000000000000e+03 1.210705483298454601e+04 8.966506485010848626e-02
9.065500000000000000e+03 1.148266807376208635e+04 8.648722872161275499e-02
9.072500000000000000e+03 1.095379687437788743e+04 8.929923167877867884e-02
9.079500000000000000e+03 1.071681684172310997e+04 1.028329133784110228e-01
9.086500000000000000e+03 1.081159711215180141e+04 1.097469742496645917e-01
9.093500000000000000e+03 1.084573929874157147e+04 1.124969881902260771e-01
9.100500000000000000e+03 1.084450995588696424e+04 1.027244656223873648e-01
9.107500000000000000e+03 1.092092769780553135e+04 1.077641254498357265e-01
9.114500000000000000e+03 1.105971953469514119e+04 1.206450771414217665e-01
9.121500000000000000e+03 1.095756521567724485e+04 1.227200355207138244e-01
9.128500000000000000e+03 1.059140609168972333e+04 1.120409452125147171e-01
9.135500000000000000e+03 1.042068020321883705e+04 1.122304263545003816e-01
9.142500000000000000e+03 1.065501570376845666e+04 1.361923334345037928e-01
9.149500000000000000e+03 1.050680699382812236e+04 1.200786328405235998e-01
9.156500000000000000e+03 1.049401282663671736e+04 1.038725825220419841e-01
9.163500000000000000e+03 1.065627533269971354e+04 1.307142792937273923e-01
9.170500000000000000e+03 1.061862179235968870e+04 1.152359077086246991e-01
9.177500000000000000e+03 1.063771181804390471e+04 9.307421538068452738e-02
9.184500000000000000e+03 1.098053178940168073e+04 9.777970605405575388e-02
9.191500000000000000e+03 1.116904415609835269e+04 9.017272764844459776e-02
9.198500000000000000e+03 1.155036149567093526e+04 8.063828066225496582e-02
9.205500000000000000e+03 1.145137934829575170e+04 7.800688376438671967e-02
9.212500000000000000e+03 1.088830768375059233e+04 6.882059606036131094e-02
9.219500000000000000e+03 1.063459438340458291e+04 5.865115922887736283e-02
9.226500000000000000e+03 1.022401908597782676e+04 5.659248149960760532e-02
9.233500000000000000e+03 1.008014421777604366e+04 5.948419366094233329e-02
9.240500000000000000e+03 1.017126415237776564e+04 7.018925185853702731e-02
9.247500000000000000e+03 1.040844541071449021e+04 8.065670247262593517e-02
9.254500000000000000e+03 1.073557957575829096e+04 8.870071011859449739e-02
9.261500000000000000e+03 1.076021048436298952e+04 9.416497266069692729e-02
9.268500000000000000e+03 1.051458001797578254e+04 1.131368039306720058e-01
9.275500000000000000e+03 1.006715104492834507e+04 1.224575214886618885e-01
9.282500000000000000e+03 9.251979384884201863e+03 1.430985980802631508e-01
9.289500000000000000e+03 8.653636076446402512e+03 1.756611444842375580e-01
9.296500000000000000e+03 7.967365724297829729e+03 1.906136528732545465e-01
9.303500000000000000e+03 7.349211806389091180e+03 2.208765231913802918e-01
9.310500000000000000e+03 6.565018478142580534e+03 2.448460755122914834e-01
9.317500000000000000e+03 5.700607550834677568e+03 2.644789982672304252e-01
9.324500000000000000e+03 5.014034158690072218e+03 3.201507423019945842e-01
9.331500000000000000e+03 4.435117523612715559e+03 3.646223285892380983e-01
9.338500000000000000e+03 4.056238293817506928e+03 3.308556867981553573e-01
9.345500000000000000e+03 4.114835743935354003e+03 3.484998145631555411e-01
9.352500000000000000e+03 4.402797514587964542e+03 3.703014275204363770e-01
9.359500000000000000e+03 4.413985341535714724e+03 3.673705210390170173e-01
9.366500000000000000e+03 4.485749557597156127e+03 3.598733227652045619e-01
9.373500000000000000e+03 4.654832234806011002e+03 2.987061688612233645e-01
9.380500000000000000e+03 5.306169262299874390e+03 2.480849140115380658e-01
9.387500000000000000e+03 6.408338537360627924e+03 2.558079064263533153e-01
9.394500000000000000e+03 7.195417740496296574e+03 2.635935917604558254e-01
9.401500000000000000e+03 7.168718682050747702e+03 2.215172689900287706e-01
9.408500000000000000e+03 6.886999096642602126e+03 2.163370084632660340e-01
9.415500000000000000e+03 6.493158607783938351e+03 2.464748336545074803e-01
9.422500000000000000e+03 6.119573027860678849e+03 2.434758020730339312e-01
9.429500000000000000e+03 5.641818271778501185e+03 2.438069137706535272e-01
9.436500000000000000e+03 5.338821528575252159e+03 2.444458363928202482e-01
9.443500000000000000e+03 5.239939753355713947e+03 2.518778164469875347e-01
9.450500000000000000e+03 5.394664127797370384e+03 2.995468551467340146e-01
9.457500000000000000e+03 5.397807033896232497e+03 2.625450967471980035e-01
9.464500000000000000e+03 5.572188062139227441e+03 2.648195298427494793e-01
9.471500000000000000e+03 5.797637298348413424e+03 2.737311739463125226e-01
9.478500000000000000e+03 5.894757645616263289e+03 2.442508431424105231e-01
9.485500000000000000e+03 5.975894910032231564e+03 2.721951896791188208e-01
9.492500000000000000e+03 5.763390171951043158e+03 2.418618989388907348e-01
9.499500000000000000e+03 5.504728751233279581e+03 1.947680008284084219e-01
9.506500000000000000e+03 5.838364196879321753e+03 2.845678031122061968e-01
9.513500000000000000e+03 5.803148227649351611e+03 2.885468759908030312e-01
9.520500000000000000e+03 5.551611992531155920e+03 2.218243317451928376e-01
9.527500000000000000e+03 5.579821225189561119e+03 2.473238591684298326e-01
9.534500000000000000e+03 5.651544256887314987e+03 2.661667697403505284e-01
9.541500000000000000e+03 5.402312133400992934e+03 2.260141291558727672e-01
9.548500000000000000e+03 5.222430300736121353e+03 2.025695502691843841e-01
9.555500000000000000e+03 5.210464022026674684e+03 2.050538166712372601e-01
9.562500000000000000e+03 5.493995757888828848e+03 1.973091549523046107e-01
9.569500000000000000e+03 5.953930466987580076e+03 2.196428106065783092e-01
9.576500000000000000e+03 6.241635846827455680e+03 2.433702957579558790e-01
9.583500000000000000e+03 6.076965236888886466e+03 2.113834278821076773e-01
9.590500000000000000e+03 5.824997521832714483e+03 1.792962427682185944e-01
9.597500000000000000e+03 6.146449146763841782e+03 2.008249522497388695e-01
9.604500000000000000e+03 6.570981129574787701e+03 2.104180849651867136e-01
9.611500000000000000e+03 6.835275448370765844e+03 1.990903715925516626e-01
9.618500000000000000e+03 6.891007659923570827e+03 1.645100814825476709e-01
9.625500000000000000e+03 6.887584500549087352e+03 1.654649791696792549e-01
9.632500000000000000e+03 6.993819343241061688e+03 1.719288471754259751e-01
9.639500000000000000e+03 6.925243466400414036e+03 1.409790044968177170e-01
9.646500000000000000e+03 7.021434288806663062e+03 1.484965524943800130e-01
9.653500000000000000e+03 7.259451407298477534e+03 1.652146632762364065e-01
9.660500000000000000e+03 7.362450963940290421e+03 1.276353595506474481e-01
9.667500000000000000e+03 7.627974912110455989e+03 1.084120600355089753e-01
9.674500000000000000e+03 8.175463812902206882e+03 1.098240218799971940e-01
9.681500000000000000e+03 8.448932595955327997e+03 9.106724615886731267e-02
9.688500000000000000e+03 8.671696423833685913e+03 8.511818632136035345e-02
9.695500000000000000e+03 8.676041419584285904e+03 7.580077292840436964e-02
9.702500000000000000e+03 8.671957328162372505e+03 6.681087870051069522e-02
9.709500000000000000e+03 8.656053915482267257e+03 7.416648077150921059e-02
9.716500000000000000e+03 8.600817525995313190e+03 7.772528202047329637e-02
9.723500000000000000e+03 8.303284946174318975e+03 8.442225777154666044e-02
9.730500000000000000e+03 8.033991514090462260e+03 8.792363760905838599e-02
9.737500000000000000e+03 7.778609021758355084e+03 8.710167959879393240e-02
9.744500000000000000e+03 7.700374269807050950e+03 1.002248797793884177e-01
9.751500000000000000e+03 7.570530340357400746e+03 9.347226649725301484e-02
9.758500000000000000e+03 7.577908402209827727e+03 8.641818193934158732e-02
9.765500000000000000e+03 7.724171471262327941e+03 9.124633624574925161e-02
9.772500000000000000e+03 7.953967068989026302e+03 9.297203270527852614e-02
9.779500000000000000e+03 7.839700529085541348e+03 8.089771715687432696e-02
9.786500000000000000e+03 7.856680176384315928e+03 7.378977615300537363e-02
9.793500000000000000e+03 7.738417999276181945e+03 6.967399623331008152e-02
9.800500000000000000e+03 7.983515941606886372e+03 6.269102869326736993e-02
9.807500000000000000e+03 8.053238771529576297e+03 6.940703038894721622e-02
9.814500000000000000e+03 8.070438116368908595e+03 6.745811864440694194e-02
9.821500000000000000e+03 8.103531847241528340e+03 5.285498400378079581e-02
9.828500000000000000e+03 8.010538830461557154e+03 5.123810154064720179e-02
9.835500000000000000e+03 8.077030198157344785e+03 5.076389199436838473e-02
9.842500000000000000e+03 8.087450698110920712e+03 4.446712010826335548e-02
9.849500000000000000e+03 8.100546246204371528e+03 4.075009205929955303e-02
9.856500000000000000e+03 8.107219552089187346e+03 3.893635619960644778e-02
9.863500000000000000e+03 8.046175412807059729e+03 3.519829532761585555e-02
9.870500000000000000e+03 8.019730895404391958e+03 2.657975751181671994e-02
9.877500000000000000e+03 7.914706167678104975e+03 2.952241223228307260e-02
9.884500000000000000e+03 7.903884436723271392e+03 2.657262892607101593e-02
9.891500000000000000e+03 7.799787337602107073e+03 2.474312869830172512e-02
9.898500000000000000e+03 7.715696345153189213e+03 2.341055590708831374e-02
9.905500000000000000e+03 7.735793146519197762e+03 2.265291253509841771e-02
9.912500000000000000e+03 7.607768854611529605e+03 2.445484985939197151e-02
9.919500000000000000e+03 7.565167773949782713e+03 2.706114298269503976e-02
9.926500000000000000e+03 7.520780789683372859e+03 1.999143648535420259e-02
9.933500000000000000e+03 7.381246684008988268e+03 2.245129119632496839e-02
9.940500000000000000e+03 7.371067580392118543e+03 2.686148867135611587e-02
9.947500000000000000e+03 7.277324785923779018e+03 2.314409133720140427e-02
9.954500000000000000e+03 7.257853392172246458e+03 2.010427864032188205e-02
9.961500000000000000e+03 7.117042685009394518e+03 1.620603613083401728e-02
9.968500000000000000e+03 7.060398985725532839e+03 2.183559255607052385e-02
9.975500000000000000e+03 6.999633511451666891e+03 1.830971056961325227e-02
9.982500000000000000e+03 6.913538427165041867e+03 1.993158761531106660e-02
9.989500000000000000e+03 6.815887539966189252e+03 1.469374281153921352e-02
9.996500000000000000e+03 6.676816374598908624e+03 1.258883947083973623e-02
