# wavelength angstroms, flux, ext coeff
5.551500000000000000e+03 3.388489669853126998e+03 1.539254494739213941e-01
5.558500000000000000e+03 3.484490261850996831e+03 1.472999350701746368e-01
5.565500000000000000e+03 3.539238427491358834e+03 1.402963340787835578e-01
5.572500000000000000e+03 3.532932914009102205e+03 1.397076320562008755e-01
5.579500000000000000e+03 3.581129733254178063e+03 1.405169239506049161e-01
5.586500000000000000e+03 3.600262244417257989e+03 1.391959770630482873e-01
5.593500000000000000e+03 3.676294551887430316e+03 1.377592139579675856e-01
5.600500000000000000e+03 3.700797673877779744e+03 1.397352353622067223e-01
5.607500000000000000e+03 3.723068669134591346e+03 1.412624143928481735e-01
5.614500000000000000e+03 3.782720396253657782e+03 1.405288114836666102e-01
5.621500000000000000e+03 3.826477665652929772e+03 1.401497053329962550e-01
5.628500000000000000e+03 3.891136934169103824e+03 1.369137423423675282e-01
5.635500000000000000e+03 3.860686986051982785e+03 1.412913432825362303e-01
5.642500000000000000e+03 3.941016575492229094e+03 1.404249118265210872e-01
5.649500000000000000e+03 3.963399484298282914e+03 1.402867720080535618e-01
5.656500000000000000e+03 3.971413403646451115e+03 1.404717415935253233e-01
5.663500000000000000e+03 3.980517173678499603e+03 1.400173368255480111e-01
5.670500000000000000e+03 3.971628699586899984e+03 1.414391795474158608e-01
5.677500000000000000e+03 3.990002670237022812e+03 1.422917105762324941e-01
5.684500000000000000e+03 4.025857216909263570e+03 1.414415543865901737e-01
5.691500000000000000e+03 4.067222130612915407e+03 1.417190338874515509e-01
5.698500000000000000e+03 4.065740747216178988e+03 1.423318537356821900e-01
5.705500000000000000e+03 4.115892789430364246e+03 1.395895910227090975e-01
5.712500000000000000e+03 4.145638188499592616e+03 1.413980562914085581e-01
5.719500000000000000e+03 4.182948578497345807e+03 1.412545872140537617e-01
5.726500000000000000e+03 4.222538923302562580e+03 1.416561053890331989e-01
5.733500000000000000e+03 4.300178010033600003e+03 1.396158626126286495e-01
5.740500000000000000e+03 4.303334273324295282e+03 1.397858441776026472e-01
5.747500000000000000e+03 4.269439811218850991e+03 1.387546141500510810e-01
5.754500000000000000e+03 4.341155002282635905e+03 1.369062420525731794e-01
5.761500000000000000e+03 4.327979407314946002e+03 1.398920871985148418e-01
5.768500000000000000e+03 4.366041770200913561e+03 1.369422402543959139e-01
5.775500000000000000e+03 4.389241325043655706e+03 1.348552420505855498e-01
5.782500000000000000e+03 4.397961612288315337e+03 1.353557342288450038e-01
5.789500000000000000e+03 4.414354419085054360e+03 1.362782605047085649e-01
5.796500000000000000e+03 4.458439430964427629e+03 1.347587110336826710e-01
5.803500000000000000e+03 4.453601846578985715e+03 1.344092886172005563e-01
5.810500000000000000e+03 4.508035969431083686e+03 1.320772002805782608e-01
5.817500000000000000e+03 4.528756618763058214e+03 1.326895904474082732e-01
5.824500000000000000e+03 4.545435500640481223e+03 1.326783989699795441e-01
5.831500000000000000e+03 4.615573010993496609e+03 1.309127980509850742e-01
5.838500000000000000e+03 4.620088840178092141e+03 1.314709135816321262e-01
5.845500000000000000e+03 4.565464697376150070e+03 1.334757081238258647e-01
5.852500000000000000e+03 4.581564456932904250e+03 1.331659631118085885e-01
5.859500000000000000e+03 4.623593824738437434e+03 1.307953892990894595e-01
5.866500000000000000e+03 4.617285588421851571e+03 1.321302596815753794e-01
5.873500000000000000e+03 4.559524679563132850e+03 1.338418554121091342e-01
5.880500000000000000e+03 4.469602894147284132e+03 1.395353757564623542e-01
5.887500000000000000e+03 4.423840744132813597e+03 1.408543735287567933e-01
5.894500000000000000e+03 4.427240454306131141e+03 1.435315301668564636e-01
5.901500000000000000e+03 4.451774331665919817e+03 1.450595117834112269e-01
5.908500000000000000e+03 4.507443894385223757e+03 1.466796033946633493e-01
5.915500000000000000e+03 4.500246815579104805e+03 1.427852226955315107e-01
5.922500000000000000e+03 4.556890360296278232e+03 1.412822562461329423e-01
5.929500000000000000e+03 4.526787658434132936e+03 1.437105321626960253e-01
5.936500000000000000e+03 4.576163304698466163e+03 1.420537469111665674e-01
5.943500000000000000e+03 4.604572538428228654e+03 1.410547347153663367e-01
5.950500000000000000e+03 4.581040581561216641e+03 1.405276472600784365e-01
5.957500000000000000e+03 4.624147135316715321e+03 1.402628517561249344e-01
5.964500000000000000e+03 4.673161428691899346e+03 1.392852743352219480e-01
5.971500000000000000e+03 4.682544906394740792e+03 1.347868978384691996e-01
5.978500000000000000e+03 4.659535295829313327e+03 1.366516165725772114e-01
5.985500000000000000e+03 4.694970567362533984e+03 1.343571908224875933e-01
5.992500000000000000e+03 4.702463280122165088e+03 1.309251773097247495e-01
5.999500000000000000e+03 4.716659657777569009e+03 1.291783317860486224e-01
6.006500000000000000e+03 4.708573355634448490e+03 1.300940252849482892e-01
6.013500000000000000e+03 4.728855808360473929e+03 1.287085283731373986e-01
6.020500000000000000e+03 4.760723038789587008e+03 1.280150382581547452e-01
6.027500000000000000e+03 4.739612181061668707e+03 1.273492232630900611e-01
6.034500000000000000e+03 4.783267133971530711e+03 1.254942181175750515e-01
6.041500000000000000e+03 4.795558963527894775e+03 1.263211094774183141e-01
6.048500000000000000e+03 4.809293598586533335e+03 1.257856157082897219e-01
6.055500000000000000e+03 4.861138103884531120e+03 1.234206622700843303e-01
6.062500000000000000e+03 4.843675433399738722e+03 1.239860041925941736e-01
6.069500000000000000e+03 4.880519458977184513e+03 1.231009589112745523e-01
6.076500000000000000e+03 4.840172482013253102e+03 1.220402050120458354e-01
6.083500000000000000e+03 4.851059041578969300e+03 1.221427429516534213e-01
6.090500000000000000e+03 4.843294786600552470e+03 1.225327004477808485e-01
6.097500000000000000e+03 4.879585693775646178e+03 1.192616308039119721e-01
6.104500000000000000e+03 4.831168124578541210e+03 1.190291104816270235e-01
6.111500000000000000e+03 4.845380681609945896e+03 1.171061752636856634e-01
6.118500000000000000e+03 4.803865736013264723e+03 1.173064270597318631e-01
6.125500000000000000e+03 4.850935938162213461e+03 1.147686581357976188e-01
6.132500000000000000e+03 4.818602668064437239e+03 1.162449610618352530e-01
6.139500000000000000e+03 4.821027071798511315e+03 1.139599296060566647e-01
6.146500000000000000e+03 4.803972499792259441e+03 1.134490121103470806e-01
6.153500000000000000e+03 4.826573881219295799e+03 1.162714053830167654e-01
6.160500000000000000e+03 4.855937091484441225e+03 1.099960127317649167e-01
6.167500000000000000e+03 4.856180610355671888e+03 1.104740352858685770e-01
6.174500000000000000e+03 4.880398007118143141e+03 1.111684108625770329e-01
6.181500000000000000e+03 4.949632440597508321e+03 1.107572947210208186e-01
6.188500000000000000e+03 5.009421271428496766e+03 1.099714783388435202e-01
6.195500000000000000e+03 5.008008727795803679e+03 1.079913790240105559e-01
6.202500000000000000e+03 4.993247300877495036e+03 1.072660783738577789e-01
6.209500000000000000e+03 4.999342401458123277e+03 1.070330162046395361e-01
6.216500000000000000e+03 5.026681820301015250e+03 1.066227916363603340e-01
6.223500000000000000e+03 4.974017835336334429e+03 1.084089501505020731e-01
6.230500000000000000e+03 4.960439826023659407e+03 1.041394201949725484e-01
6.237500000000000000e+03 4.947612667707703622e+03 1.032502152465395590e-01
6.244500000000000000e+03 4.934473457210281595e+03 1.024389476255760656e-01
6.251500000000000000e+03 4.957591461657316358e+03 1.025003113840199098e-01
6.258500000000000000e+03 4.951797145154707323e+03 1.081808885531120590e-01
6.265500000000000000e+03 4.928907724081876040e+03 1.109675902839152017e-01
6.272500000000000000e+03 4.940776109813435141e+03 1.089071439145965631e-01
6.279500000000000000e+03 4.895852245124642650e+03 1.124743964688096204e-01
6.286500000000000000e+03 4.889309231762096715e+03 1.152927679539623440e-01
6.293500000000000000e+03 4.927089983369633046e+03 1.117977982944445836e-01
6.300500000000000000e+03 4.952076692319177710e+03 1.101317911683692141e-01
6.307500000000000000e+03 4.976616154092872421e+03 1.041189341783092664e-01
6.314500000000000000e+03 4.978238851636670006e+03 1.060242512356685679e-01
6.321500000000000000e+03 4.959151278533129698e+03 1.045377845603435440e-01
6.328500000000000000e+03 5.011050851181409598e+03 9.948867167510934417e-02
6.335500000000000000e+03 5.046835407447043508e+03 1.003368291853355548e-01
6.342500000000000000e+03 5.054026757659026771e+03 9.830403874387205754e-02
6.349500000000000000e+03 5.127259305901970947e+03 9.792552129163904773e-02
6.356500000000000000e+03 5.090752801411837936e+03 9.529850044687003530e-02
6.363500000000000000e+03 5.070402708334716408e+03 9.454099313137202809e-02
6.370500000000000000e+03 5.126240042936079590e+03 9.619537836449307266e-02
6.377500000000000000e+03 5.102818932456926632e+03 9.413391370250499823e-02
6.384500000000000000e+03 5.104307022955505090e+03 9.566714054958032343e-02
6.391500000000000000e+03 5.126938692519238430e+03 9.415285718669234860e-02
6.398500000000000000e+03 5.146143711155831625e+03 9.298382457899809217e-02
6.405500000000000000e+03 5.145296643537243654e+03 9.041309977755135341e-02
6.412500000000000000e+03 5.135086587639070785e+03 9.071709475263521616e-02
6.419500000000000000e+03 5.119837594319883465e+03 8.999395706410510953e-02
6.426500000000000000e+03 5.165989774501047577e+03 9.179720052269360608e-02
6.433500000000000000e+03 5.150608418530700874e+03 9.173132566601016613e-02
6.440500000000000000e+03 5.127705844329160755e+03 9.088489426904843016e-02
6.447500000000000000e+03 5.122844186025852650e+03 9.226374675222616395e-02
6.454500000000000000e+03 5.092485520908733633e+03 9.278184956356246016e-02
6.461500000000000000e+03 5.040978814784325550e+03 9.453262376895274488e-02
6.468500000000000000e+03 5.057055101940697568e+03 9.536981906572551682e-02
6.475500000000000000e+03 4.996008919771960791e+03 9.959907058394337764e-02
6.482500000000000000e+03 4.989248167410724818e+03 9.655251097956754625e-02
6.489500000000000000e+03 4.994958950832374285e+03 9.513044661297133386e-02
6.496500000000000000e+03 5.014905367246122296e+03 9.557654214479584243e-02
6.503500000000000000e+03 5.022964970921578242e+03 9.608077310445861663e-02
6.510500000000000000e+03 5.010679268174354547e+03 9.220282398313424388e-02
6.517500000000000000e+03 5.008441280154900596e+03 9.223507027338563591e-02
6.524500000000000000e+03 4.989827260218338779e+03 9.528421093918219842e-02
6.531500000000000000e+03 4.915799931265269151e+03 9.584226756707039940e-02
6.538500000000000000e+03 4.800177062700234274e+03 9.301780521281741154e-02
6.545500000000000000e+03 4.547000496822823152e+03 9.324293901615249291e-02
6.552500000000000000e+03 4.312959355519715245e+03 8.837635176932540082e-02
6.559500000000000000e+03 4.140601981321198764e+03 7.489074998194332478e-02
6.566500000000000000e+03 4.066290223941448858e+03 6.027136629194351780e-02
6.573500000000000000e+03 4.162432997509989946e+03 6.043278857130948006e-02
6.580500000000000000e+03 4.368938347805939884e+03 7.463604423885789041e-02
6.587500000000000000e+03 4.649125705479460521e+03 9.220916381451257915e-02
6.594500000000000000e+03 4.895580947432967150e+03 9.488974953236589682e-02
6.601500000000000000e+03 5.095600639956392115e+03 8.651677572441270059e-02
6.608500000000000000e+03 5.163855551842115347e+03 8.102015669345688509e-02
6.615500000000000000e+03 5.230575130027103114e+03 7.792991556230710604e-02
6.622500000000000000e+03 5.244473993504281680e+03 7.881607827175145242e-02
6.629500000000000000e+03 5.310491150203282814e+03 7.536663818358720068e-02
6.636500000000000000e+03 5.261777468454928567e+03 7.552408136615605672e-02
6.643500000000000000e+03 5.293670765661389851e+03 7.793122757223644448e-02
6.650500000000000000e+03 5.330942182736934228e+03 7.540543507139702006e-02
6.657500000000000000e+03 5.315878718532138919e+03 7.357992811918419307e-02
6.664500000000000000e+03 5.304627145652172658e+03 7.316566806954263869e-02
6.671500000000000000e+03 5.252613341360510276e+03 7.363633129711905090e-02
6.678500000000000000e+03 5.327734671914215141e+03 7.359078580283917592e-02
6.685500000000000000e+03 5.331987516893018437e+03 7.260180329663788734e-02
6.692500000000000000e+03 5.319450121184029740e+03 7.131361106535924477e-02
6.699500000000000000e+03 5.388317430758369483e+03 7.023671027828798374e-02
6.706500000000000000e+03 5.287002042091576186e+03 7.126438767073074720e-02
6.713500000000000000e+03 5.326097716682976170e+03 7.038522451269352276e-02
6.720500000000000000e+03 5.317787160475758355e+03 7.076769709647316720e-02
6.727500000000000000e+03 5.307461633495913702e+03 7.051428052922810441e-02
6.734500000000000000e+03 5.328352098050859240e+03 7.008233383988198006e-02
6.741500000000000000e+03 5.312898239979366735e+03 7.023989496011345812e-02
6.748500000000000000e+03 5.306231244778576183e+03 6.971928447480069124e-02
6.755500000000000000e+03 5.310771903494287471e+03 6.937555853823670904e-02
6.762500000000000000e+03 5.349434889970057156e+03 6.685629470686893505e-02
6.769500000000000000e+03 5.329052026823844244e+03 6.789355809001089426e-02
6.776500000000000000e+03 5.338723591516899432e+03 6.608892465263298266e-02
6.783500000000000000e+03 5.337689702535490142e+03 6.761139471439799042e-02
6.790500000000000000e+03 5.343190700950173778e+03 6.530350211675038652e-02
6.797500000000000000e+03 5.310173957191620502e+03 6.742183329882420195e-02
6.804500000000000000e+03 5.289376940698524777e+03 6.679882640258097415e-02
6.811500000000000000e+03 5.313885262895340929e+03 6.630555509645366663e-02
6.818500000000000000e+03 5.322699562328759384e+03 6.708885433362622719e-02
6.825500000000000000e+03 5.308119424242718196e+03 6.494185226868097460e-02
6.832500000000000000e+03 5.290058735171882290e+03 6.637350361124483289e-02
6.839500000000000000e+03 5.249519464008893010e+03 6.672987721538446715e-02
6.846500000000000000e+03 5.184520583783873917e+03 7.208878087280173874e-02
6.853500000000000000e+03 4.993333395197552818e+03 9.175725267460707602e-02
6.860500000000000000e+03 4.576400860754978567e+03 1.105055380888118888e-01
6.867500000000000000e+03 4.285935642816960353e+03 8.597540340381934487e-02
6.874500000000000000e+03 4.046324666946298748e+03 9.551184615424099245e-02
6.881500000000000000e+03 4.049743443560418655e+03 1.350501089653085018e-01
6.888500000000000000e+03 4.242040684395260541e+03 1.284856032772525303e-01
6.895500000000000000e+03 4.345203268241043588e+03 1.079649698675958225e-01
6.902500000000000000e+03 4.449176894611275202e+03 1.040281452004144097e-01
6.909500000000000000e+03 4.546634730453510201e+03 1.031468495817313702e-01
6.916500000000000000e+03 4.660713224689139679e+03 9.960322451424538648e-02
6.923500000000000000e+03 4.756899519657312339e+03 9.335188157610689597e-02
6.930500000000000000e+03 4.748651237716188916e+03 9.311926537020083494e-02
6.937500000000000000e+03 4.726867773438927543e+03 9.158921373640328822e-02
6.944500000000000000e+03 4.830198022478868552e+03 8.921801335234154362e-02
6.951500000000000000e+03 4.842797402618035449e+03 8.433904163612460092e-02
6.958500000000000000e+03 4.923352003823301857e+03 8.052021094224245945e-02
6.965500000000000000e+03 5.019867361205117959e+03 7.513721870217113241e-02
6.972500000000000000e+03 5.053472810586357809e+03 7.535714930930537125e-02
6.979500000000000000e+03 5.023804214460064031e+03 7.347083256965768194e-02
6.986500000000000000e+03 4.970110631787132661e+03 7.519383982849354997e-02
6.993500000000000000e+03 4.931686737304537019e+03 7.657673077746741941e-02
7.000500000000000000e+03 4.885877400038850283e+03 7.878691263866356709e-02
7.007500000000000000e+03 4.817111824857427564e+03 7.846668306095969103e-02
7.014500000000000000e+03 4.859584481175469591e+03 7.556910856975507240e-02
7.021500000000000000e+03 4.852197164731484918e+03 7.489520584773778911e-02
7.028500000000000000e+03 4.919135523995421863e+03 7.459183213286556258e-02
7.035500000000000000e+03 4.970765886013354248e+03 7.258056662954444349e-02
7.042500000000000000e+03 4.969688227283168089e+03 6.895019040116689979e-02
7.049500000000000000e+03 4.962390946407408592e+03 6.859797046783806806e-02
7.056500000000000000e+03 4.981395723049138724e+03 6.599252776147300492e-02
7.063500000000000000e+03 5.002500467672447485e+03 6.530258171641950549e-02
7.070500000000000000e+03 5.011159241973773533e+03 6.440323068717784816e-02
7.077500000000000000e+03 5.042396321754331439e+03 6.159997727276340929e-02
7.084500000000000000e+03 5.022788774858089710e+03 6.254552193564566487e-02
7.091500000000000000e+03 4.983230005341616561e+03 6.156581103150898793e-02
7.098500000000000000e+03 5.001538965189717601e+03 6.227966769641252870e-02
7.105500000000000000e+03 4.929445583084617283e+03 5.858553614434572343e-02
7.112500000000000000e+03 4.936069249072676030e+03 5.858433389981430178e-02
7.119500000000000000e+03 4.956934991383036504e+03 5.716984682796157069e-02
7.126500000000000000e+03 4.919760100987913574e+03 5.993338213329357095e-02
7.133500000000000000e+03 4.897056727151523774e+03 6.119116035327414049e-02
7.140500000000000000e+03 4.888443198372138795e+03 6.060324084287829760e-02
7.147500000000000000e+03 4.837321066402873839e+03 6.724566288505612333e-02
7.154500000000000000e+03 4.711899213377671003e+03 7.763680492743123274e-02
7.161500000000000000e+03 4.519825724344859736e+03 9.030622238941642121e-02
7.168500000000000000e+03 4.286427019103657585e+03 1.001128301852048513e-01
7.175500000000000000e+03 4.037250453302437563e+03 1.110693556646979302e-01
7.182500000000000000e+03 3.879471745530362114e+03 1.177205278537487299e-01
7.189500000000000000e+03 3.830295509798813328e+03 1.230172468010647530e-01
7.196500000000000000e+03 3.860694085691961391e+03 1.160509671848572594e-01
7.203500000000000000e+03 4.037206296447264322e+03 1.056474398364294215e-01
7.210500000000000000e+03 4.240676907013340497e+03 1.053548680428061102e-01
7.217500000000000000e+03 4.335037509664433856e+03 1.054269130845993246e-01
7.224500000000000000e+03 4.329496901600155979e+03 9.937785715436761591e-02
7.231500000000000000e+03 4.237135271272469254e+03 9.163373464955829051e-02
7.238500000000000000e+03 4.093581700044471745e+03 9.679650005004100666e-02
7.245500000000000000e+03 4.042498170298450077e+03 1.084064241075936852e-01
7.252500000000000000e+03 4.036159103652124031e+03 1.100680697373973560e-01
7.259500000000000000e+03 4.064625703333322235e+03 1.123267853010772588e-01
7.266500000000000000e+03 4.072774073316377780e+03 1.105631778048110775e-01
7.273500000000000000e+03 4.076114917901497847e+03 1.034171446271244660e-01
7.280500000000000000e+03 4.071262499018814651e+03 1.036849761563872624e-01
7.287500000000000000e+03 4.073356393664990719e+03 1.054171691900608471e-01
7.294500000000000000e+03 4.105315380041734898e+03 9.870149832120143907e-02
7.301500000000000000e+03 4.114599461025868550e+03 9.897151394551524650e-02
7.308500000000000000e+03 4.198508042827604186e+03 9.338442696658337538e-02
7.315500000000000000e+03 4.263435414735786253e+03 8.601726132741595310e-02
7.322500000000000000e+03 4.368125832372672448e+03 8.163626687199632137e-02
7.329500000000000000e+03 4.466019088901686700e+03 7.588228477220304580e-02
7.336500000000000000e+03 4.510502980364615723e+03 6.883987469807337223e-02
7.343500000000000000e+03 4.524619408416901024e+03 6.848390217053917928e-02
7.350500000000000000e+03 4.560355120000421266e+03 6.358512227562904129e-02
7.357500000000000000e+03 4.565519155761307047e+03 6.415906461684689477e-02
7.364500000000000000e+03 4.523432154376879225e+03 6.228384916148197586e-02
7.371500000000000000e+03 4.528578692718841921e+03 5.941286550605759387e-02
7.378500000000000000e+03 4.548439475986081561e+03 6.039321848290313266e-02
7.385500000000000000e+03 4.538986508260412847e+03 5.773748550997542806e-02
7.392500000000000000e+03 4.486743113714404899e+03 5.573850459732166557e-02
7.399500000000000000e+03 4.495478091657918412e+03 5.381212975815641286e-02
7.406500000000000000e+03 4.498284105269470274e+03 5.185315375401131771e-02
7.413500000000000000e+03 4.522301654718809914e+03 4.941743049643854829e-02
7.420500000000000000e+03 4.500112232447298993e+03 4.865074610833550195e-02
7.427500000000000000e+03 4.531739033157227823e+03 4.664552918278906668e-02
7.434500000000000000e+03 4.559205355648052318e+03 4.505190141434974038e-02
7.441500000000000000e+03 4.544997244104493802e+03 4.611285125294844328e-02
7.448500000000000000e+03 4.564736571132339122e+03 4.587982739237492225e-02
7.455500000000000000e+03 4.513402204992925363e+03 4.375278203388383025e-02
7.462500000000000000e+03 4.534984236246582441e+03 4.465916990060088410e-02
7.469500000000000000e+03 4.501642014156657751e+03 4.504403250259860630e-02
7.476500000000000000e+03 4.509894935161565627e+03 4.326849016916992779e-02
7.483500000000000000e+03 4.488353494835098900e+03 4.300415581367477563e-02
7.490500000000000000e+03 4.468039764248881511e+03 4.294209494423107537e-02
7.497500000000000000e+03 4.465069498663905506e+03 4.211467331817370097e-02
7.504500000000000000e+03 4.442747807651094263e+03 4.266729244600282744e-02
7.511500000000000000e+03 4.438091495513554037e+03 4.299304792678858983e-02
7.518500000000000000e+03 4.437051191591413954e+03 4.142172538448727487e-02
7.525500000000000000e+03 4.379515903486044408e+03 4.363170808372734272e-02
7.532500000000000000e+03 4.425231792340483480e+03 4.261916591551550421e-02
7.539500000000000000e+03 4.417246420471098645e+03 4.032231073389682535e-02
7.546500000000000000e+03 4.385321541214881108e+03 4.305800147374601317e-02
7.553500000000000000e+03 4.359507909382332400e+03 4.229507008579017763e-02
7.560500000000000000e+03 4.354096848311156464e+03 4.249153898126346168e-02
7.567500000000000000e+03 4.339109616044785071e+03 4.680781150714745376e-02
7.574500000000000000e+03 4.154030758076044549e+03 6.549554561536591324e-02
7.581500000000000000e+03 3.735290575007498774e+03 1.148208585029419082e-01
7.588500000000000000e+03 2.949081017622835134e+03 1.681157136848948352e-01
7.595500000000000000e+03 2.073620751577815099e+03 1.244414697064512715e-01
7.602500000000000000e+03 1.409675571333375956e+03 6.437004685834860074e-02
7.609500000000000000e+03 1.193282411462627579e+03 2.434144066221285152e-01
7.616500000000000000e+03 1.336438725207756306e+03 3.950201909219110408e-01
7.623500000000000000e+03 1.549946496710076417e+03 3.558178683321234770e-01
7.630500000000000000e+03 1.636749301158133903e+03 2.696077023951331531e-01
7.637500000000000000e+03 1.718686641734363548e+03 2.426877686144306989e-01
7.644500000000000000e+03 1.965025774002162507e+03 2.254273925862157191e-01
7.651500000000000000e+03 2.300519321987256717e+03 1.923809399200089032e-01
7.658500000000000000e+03 2.676129780376450526e+03 1.566403452251254047e-01
7.665500000000000000e+03 3.037961651137299214e+03 1.238758091720520427e-01
7.672500000000000000e+03 3.315959470331708872e+03 9.916457106885244455e-02
7.679500000000000000e+03 3.547032438464846109e+03 8.168107806518333514e-02
7.686500000000000000e+03 3.649277714901639229e+03 6.890201956182209764e-02
7.693500000000000000e+03 3.780745995013216998e+03 5.756905103672992768e-02
7.700500000000000000e+03 3.845791500481462208e+03 5.398220067400489458e-02
7.707500000000000000e+03 3.867510592403791179e+03 5.189726385951032306e-02
7.714500000000000000e+03 3.915738201800265870e+03 4.734268373718612810e-02
7.721500000000000000e+03 3.918064881453806265e+03 4.250075403745259828e-02
7.728500000000000000e+03 3.928013105179202739e+03 4.245370373794961349e-02
7.735500000000000000e+03 3.903685244436429002e+03 3.948555699349622083e-02
7.742500000000000000e+03 3.880083717014545982e+03 3.939497574988626294e-02
7.749500000000000000e+03 3.887536749254297774e+03 4.098854636721806222e-02
7.756500000000000000e+03 3.864536450220577990e+03 3.880132847893391634e-02
7.763500000000000000e+03 3.804983387913924616e+03 3.771831952781726921e-02
7.770500000000000000e+03 3.802194885523858375e+03 3.854555688947309405e-02
7.777500000000000000e+03 3.820957824089508449e+03 3.571281118309273250e-02
7.784500000000000000e+03 3.818428452976075278e+03 3.935338454922827217e-02
7.791500000000000000e+03 3.818938917346216840e+03 4.082349105840097497e-02
7.798500000000000000e+03 3.790703799709344821e+03 3.832965192398610915e-02
7.805500000000000000e+03 3.803192402936454528e+03 3.807325240366188357e-02
7.812500000000000000e+03 3.726708834295592169e+03 4.011534371393286891e-02
7.819500000000000000e+03 3.729428630530556347e+03 3.871805202154521980e-02
7.826500000000000000e+03 3.681545365337612111e+03 3.764142395001873753e-02
7.833500000000000000e+03 3.703013474945538746e+03 3.750547552689025704e-02
7.840500000000000000e+03 3.667803130233935008e+03 3.637362044214995788e-02
7.847500000000000000e+03 3.651035171908666598e+03 3.839989271652875097e-02
7.854500000000000000e+03 3.641444784729390449e+03 3.681234164948930798e-02
7.861500000000000000e+03 3.617961789905475143e+03 3.965152180136276988e-02
7.868500000000000000e+03 3.573128865079175284e+03 4.368576150709397449e-02
7.875500000000000000e+03 3.587951565269745061e+03 4.196017750792836731e-02
7.882500000000000000e+03 3.513634695435244339e+03 4.605455678042252171e-02
7.889500000000000000e+03 3.500829551067537068e+03 4.533062094256275903e-02
7.896500000000000000e+03 3.426596975543713597e+03 4.980581287593633527e-02
7.903500000000000000e+03 3.435398254189404270e+03 4.830551513904252081e-02
7.910500000000000000e+03 3.417879580827944210e+03 4.787410995328268692e-02
7.917500000000000000e+03 3.386165504476690330e+03 4.576880193423087800e-02
7.924500000000000000e+03 3.390661116370262334e+03 4.523848896391580165e-02
7.931500000000000000e+03 3.379959326169045653e+03 4.278233488312147698e-02
7.938500000000000000e+03 3.411746989873550774e+03 4.381526861904556924e-02
7.945500000000000000e+03 3.352420520921966272e+03 4.513950884238378258e-02
7.952500000000000000e+03 3.330214194324792516e+03 4.431778359199093492e-02
7.959500000000000000e+03 3.315650290642219716e+03 4.378350221868693853e-02
7.966500000000000000e+03 3.324991104414311394e+03 4.422644409430832868e-02
7.973500000000000000e+03 3.317657109279419274e+03 4.892284914186591921e-02
7.980500000000000000e+03 3.314976354508287386e+03 4.493577202466274290e-02
7.987500000000000000e+03 3.317468930376248863e+03 4.354322401328727943e-02
7.994500000000000000e+03 3.279300256062520930e+03 4.388883097096767105e-02
8.001500000000000000e+03 3.232065676873231041e+03 4.734454750267799023e-02
8.008500000000000000e+03 3.221078312746249139e+03 4.691961863319242532e-02
8.015500000000000000e+03 3.205671161763693817e+03 4.793851591821275682e-02
8.022500000000000000e+03 3.172906586360915298e+03 4.763895952220079111e-02
8.029500000000000000e+03 3.213334720723420560e+03 4.792507706293450132e-02
8.036500000000000000e+03 3.188514878405709169e+03 4.487096451272964276e-02
8.043500000000000000e+03 3.177034401452910515e+03 4.286975979784952290e-02
8.050500000000000000e+03 3.173007255908955813e+03 4.038594468064119619e-02
8.057500000000000000e+03 3.195274708713625841e+03 4.084211792960979609e-02
8.064500000000000000e+03 3.179044005882919009e+03 3.965813885643602182e-02
8.071500000000000000e+03 3.138745873106620365e+03 4.099469486566247739e-02
8.078500000000000000e+03 3.128056344615759826e+03 4.178750991211990090e-02
8.085500000000000000e+03 3.109929556061433686e+03 4.282432349850151532e-02
8.092500000000000000e+03 3.103542095084010271e+03 4.224087442790899066e-02
8.099500000000000000e+03 3.072943002039608473e+03 4.401236042218358707e-02
8.106500000000000000e+03 2.999223135982408166e+03 4.834418721018234055e-02
8.113500000000000000e+03 2.976146715315659094e+03 5.537742379027475043e-02
8.120500000000000000e+03 2.933198890384757306e+03 6.455563116096703358e-02
8.127500000000000000e+03 2.826271510342220608e+03 7.200133123761133513e-02
8.134500000000000000e+03 2.703920344751138146e+03 7.614638750589815264e-02
8.141500000000000000e+03 2.601754142523028349e+03 8.623289594600845598e-02
8.148500000000000000e+03 2.515425195117092699e+03 9.667385473689329989e-02
8.155500000000000000e+03 2.472299660912363834e+03 9.548576176493375756e-02
8.162500000000000000e+03 2.413233577322717338e+03 9.464977359434370574e-02
8.169500000000000000e+03 2.381491069951883219e+03 1.028743290941774580e-01
8.176500000000000000e+03 2.400075477391714230e+03 9.767085080743864722e-02
8.183500000000000000e+03 2.397234225353282909e+03 9.291596914463941259e-02
8.190500000000000000e+03 2.477252158465993944e+03 8.394783106478552470e-02
8.197500000000000000e+03 2.535050542567009416e+03 7.540011706048169171e-02
8.204500000000000000e+03 2.604488657646926185e+03 8.069862356478182952e-02
8.211500000000000000e+03 2.586968627206452766e+03 9.065350125794020830e-02
8.218500000000000000e+03 2.467678585772036058e+03 9.120579510085972952e-02
8.225500000000000000e+03 2.363621913995825707e+03 6.763129497579203897e-02
8.232500000000000000e+03 2.358485787515593984e+03 6.714323947769916534e-02
8.239500000000000000e+03 2.433641644384709707e+03 9.086361530015936439e-02
8.246500000000000000e+03 2.550994255415756470e+03 8.321844260082184030e-02
8.253500000000000000e+03 2.606407190317589539e+03 7.023931808764731499e-02
8.260500000000000000e+03 2.625051879836160424e+03 6.443932720655437540e-02
8.267500000000000000e+03 2.579384482758464856e+03 7.132633417765057993e-02
8.274500000000000000e+03 2.524090148550800222e+03 6.715083165945644195e-02
8.281500000000000000e+03 2.495397619067102823e+03 6.833028983043228088e-02
8.288500000000000000e+03 2.469955992143862659e+03 7.043831430658074877e-02
8.295500000000000000e+03 2.490999842605873710e+03 7.082738664663461303e-02
8.302500000000000000e+03 2.537699911745437021e+03 6.886175802300657789e-02
8.309500000000000000e+03 2.534178128243895117e+03 6.818514476044527928e-02
8.316500000000000000e+03 2.518739034811315378e+03 6.423675732568276397e-02
8.323500000000000000e+03 2.528192313674660454e+03 5.794905516843745774e-02
8.330500000000000000e+03 2.537966860001871737e+03 5.960463393405505267e-02
8.337500000000000000e+03 2.585580347702891686e+03 5.706510280739975072e-02
8.344500000000000000e+03 2.594364918582654809e+03 5.413470097844495094e-02
8.351500000000000000e+03 2.627394485485398945e+03 5.217408445355005420e-02
8.358500000000000000e+03 2.653959446202013623e+03 4.732122319078098382e-02
8.365500000000000000e+03 2.666787035731560991e+03 4.656331929200670933e-02
8.372500000000000000e+03 2.667638429809773697e+03 4.361080252964531084e-02
8.379500000000000000e+03 2.670779907008761256e+03 4.242983335047823684e-02
8.386500000000000000e+03 2.690772070356809309e+03 4.032559879186813773e-02
8.393500000000000000e+03 2.663775008164714563e+03 3.938967018215337040e-02
8.400500000000000000e+03 2.669181827694338608e+03 3.942392425816133167e-02
8.407500000000000000e+03 2.678228352246122995e+03 3.574864072367533313e-02
8.414500000000000000e+03 2.667054289901153425e+03 3.580805348465095073e-02
8.421500000000000000e+03 2.649198016078536511e+03 3.686100563251386297e-02
8.428500000000000000e+03 2.659495842709090994e+03 3.455439625968700912e-02
8.435500000000000000e+03 2.644969828879146917e+03 3.372645633531627662e-02
8.442500000000000000e+03 2.641705054116755946e+03 3.253098408375475897e-02
8.449500000000000000e+03 2.631399729979951644e+03 3.204521674942995002e-02
8.456500000000000000e+03 2.629911616161753045e+03 3.015917483871988561e-02
8.463500000000000000e+03 2.607038802538711934e+03 2.908458649187950495e-02
8.470500000000000000e+03 2.610751250762421932e+03 3.015419227638553926e-02
8.477500000000000000e+03 2.602136228455539367e+03 3.202916574902184982e-02
8.484500000000000000e+03 2.601099496877610818e+03 3.296297445841955831e-02
8.491500000000000000e+03 2.553389516583773457e+03 3.342314088548303808e-02
8.498500000000000000e+03 2.533447585861228163e+03 3.014668775244402910e-02
8.505500000000000000e+03 2.520980784776981636e+03 2.967008387581508005e-02
8.512500000000000000e+03 2.518243104534813483e+03 2.748099686057757507e-02
8.519500000000000000e+03 2.549667928617631787e+03 3.165577990677888309e-02
8.526500000000000000e+03 2.536061053447725044e+03 3.497125287944941735e-02
8.533500000000000000e+03 2.532000970818918177e+03 3.365260331763995222e-02
8.540500000000000000e+03 2.487309805294644775e+03 2.643646613109939397e-02
8.547500000000000000e+03 2.458802379585263679e+03 1.918671946070471535e-02
8.554500000000000000e+03 2.481830915014799757e+03 2.082641531391053735e-02
8.561500000000000000e+03 2.511319235433988069e+03 2.679225914764760477e-02
8.568500000000000000e+03 2.527291798140075571e+03 3.678360412161444520e-02
8.575500000000000000e+03 2.545763114099105678e+03 3.542505766512842741e-02
8.582500000000000000e+03 2.522386052248384203e+03 3.051524921077860761e-02
8.589500000000000000e+03 2.509861295574196447e+03 2.570333821322708101e-02
8.596500000000000000e+03 2.494151113702431303e+03 2.345928056623415234e-02
8.603500000000000000e+03 2.484095550584459488e+03 2.089742222403723551e-02
8.610500000000000000e+03 2.489178243296972596e+03 2.351406034032821335e-02
8.617500000000000000e+03 2.507937610285784103e+03 2.369822837054167547e-02
8.624500000000000000e+03 2.494203218651676252e+03 3.436823188601806356e-02
8.631500000000000000e+03 2.527198756392358518e+03 3.361198688101828952e-02
8.638500000000000000e+03 2.521084501290309163e+03 3.289987129772753427e-02
8.645500000000000000e+03 2.506383291601974634e+03 3.255063804300938057e-02
8.652500000000000000e+03 2.450041828944174995e+03 2.966902233268961867e-02
8.659500000000000000e+03 2.415169265184545566e+03 2.163973111606956601e-02
8.666500000000000000e+03 2.328774492987881786e+03 1.033624347692483313e-02
8.673500000000000000e+03 2.321194266716913717e+03 1.139468756257546421e-02
8.680500000000000000e+03 2.345218213314934019e+03 2.231077146795487978e-02
8.687500000000000000e+03 2.397443080968363574e+03 2.778475485468762454e-02
8.694500000000000000e+03 2.410185964368058649e+03 3.321998741822489859e-02
8.701500000000000000e+03 2.477660243175019332e+03 3.110339553707101856e-02
8.708500000000000000e+03 2.465504953003905030e+03 3.238548410016881679e-02
8.715500000000000000e+03 2.474123326048533272e+03 3.048441820688996967e-02
8.722500000000000000e+03 2.428365838684018399e+03 3.100098257499235913e-02
8.729500000000000000e+03 2.381971295436044784e+03 3.286029606155120575e-02
8.736500000000000000e+03 2.361506852207781321e+03 2.488045105261281476e-02
8.743500000000000000e+03 2.332384420878967376e+03 1.205387093048515199e-02
8.750500000000000000e+03 2.298286244401558179e+03 8.807429949465704275e-03
8.757500000000000000e+03 2.325055198771181495e+03 1.273685727780459430e-02
8.764500000000000000e+03 2.358922359154923925e+03 2.549736904319508182e-02
8.771500000000000000e+03 2.370342822633479955e+03 3.053525279986437843e-02
8.778500000000000000e+03 2.413553713405966391e+03 2.851614593355174601e-02
8.785500000000000000e+03 2.432262488628415667e+03 2.784023218748308062e-02
8.792500000000000000e+03 2.422499626522762355e+03 3.076889296931200821e-02
8.799500000000000000e+03 2.433982531751616534e+03 2.835718665897515520e-02
8.806500000000000000e+03 2.428677011467638749e+03 2.599811637357345162e-02
8.813500000000000000e+03 2.405815307127872984e+03 2.766934713062764103e-02
8.820500000000000000e+03 2.393115238001591479e+03 2.744160234549463881e-02
8.827500000000000000e+03 2.365864217087068937e+03 3.044538603000642232e-02
8.834500000000000000e+03 2.351094818036668585e+03 2.724439315147011986e-02
8.841500000000000000e+03 2.302616161139644646e+03 2.944825955588330907e-02
8.848500000000000000e+03 2.260692249479778638e+03 2.682353385965773745e-02
8.855500000000000000e+03 2.236513393523403010e+03 2.190843133667176937e-02
8.862500000000000000e+03 2.184007574390187983e+03 1.550328864994222032e-02
8.869500000000000000e+03 2.168711136608342713e+03 9.917613939325138975e-03
8.876500000000000000e+03 2.190031863570962742e+03 1.535660321351180364e-02
8.883500000000000000e+03 2.247940344087716312e+03 2.682906635333810394e-02
8.890500000000000000e+03 2.264101121543497356e+03 3.611030005393671416e-02
8.897500000000000000e+03 2.314914817212756134e+03 3.344687599546428830e-02
8.904500000000000000e+03 2.302966624539174063e+03 3.195612461340716082e-02
8.911500000000000000e+03 2.299330484542836530e+03 3.194917461882477994e-02
8.918500000000000000e+03 2.291670755311644371e+03 3.491450077970695981e-02
8.925500000000000000e+03 2.264532170455983305e+03 3.881087893211354611e-02
8.932500000000000000e+03 2.174561984924678654e+03 4.598280261684276060e-02
8.939500000000000000e+03 2.127928550251509932e+03 5.736429515020713410e-02
8.946500000000000000e+03 2.046612014596230665e+03 6.712718137536591301e-02
8.953500000000000000e+03 1.952328252671663222e+03 7.540209382484894252e-02
8.960500000000000000e+03 1.851952924532483394e+03 8.195692042214057504e-02
8.967500000000000000e+03 1.801278599207382968e+03 8.960759114132467451e-02
8.974500000000000000e+03 1.726809965612895212e+03 1.098100956759170826e-01
8.981500000000000000e+03 1.662396576126986929e+03 1.147900359299170170e-01
8.988500000000000000e+03 1.600693123177729603e+03 9.937520991630154066e-02
8.995500000000000000e+03 1.560544379505263123e+03 1.091518324839233639e-01
9.002500000000000000e+03 1.533296091856240082e+03 1.060738618376381448e-01
9.009500000000000000e+03 1.533786105337180743e+03 8.809009445542391459e-02
9.016500000000000000e+03 1.550704211825585389e+03 7.953299255298766635e-02
9.023500000000000000e+03 1.638585144259194522e+03 7.227909550725516996e-02
9.030500000000000000e+03 1.743632283534978797e+03 7.788474926558885958e-02
9.037500000000000000e+03 1.869595276272876617e+03 7.535075703622769183e-02
9.044500000000000000e+03 1.892465000682759182e+03 7.447285705712541892e-02
9.051500000000000000e+03 1.884994101494178267e+03 7.928296195287755366e-02
9.058500000000000000e+03 1.800263014407598348e+03 8.966506485010848626e-02
9.065500000000000000e+03 1.709946902055324699e+03 8.648722872161275499e-02
9.072500000000000000e+03 1.621649491750803008e+03 8.929923167877867884e-02
9.079500000000000000e+03 1.569326631820615148e+03 1.028329133784110228e-01
9.086500000000000000e+03 1.553532193758678886e+03 1.097469742496645917e-01
9.093500000000000000e+03 1.565308192514115490e+03 1.124969881902260771e-01
9.100500000000000000e+03 1.578971823892043403e+03 1.027244656223873648e-01
9.107500000000000000e+03 1.608580594791498697e+03 1.077641254498357265e-01
9.114500000000000000e+03 1.610970999843236086e+03 1.206450771414217665e-01
9.121500000000000000e+03 1.575608630078431133e+03 1.227200355207138244e-01
9.128500000000000000e+03 1.539116509904652276e+03 1.120409452125147171e-01
9.135500000000000000e+03 1.526191593701887314e+03 1.122304263545003816e-01
9.142500000000000000e+03 1.511274527683719953e+03 1.361923334345037928e-01
9.149500000000000000e+03 1.538156623082961914e+03 1.200786328405235998e-01
9.156500000000000000e+03 1.539827934687392371e+03 1.038725825220419841e-01
9.163500000000000000e+03 1.525934797913521379e+03 1.307142792937273923e-01
9.170500000000000000e+03 1.542859312058071509e+03 1.152359077086246991e-01
9.177500000000000000e+03 1.593884520661755005e+03 9.307421538068452738e-02
9.184500000000000000e+03 1.626619389453597023e+03 9.777970605405575388e-02
9.191500000000000000e+03 1.685533038503673652e+03 9.017272764844459776e-02
9.198500000000000000e+03 1.727069938315953550e+03 8.063828066225496582e-02
9.205500000000000000e+03 1.704382259940751283e+03 7.800688376438671967e-02
9.212500000000000000e+03 1.642987655553823970e+03 6.882059606036131094e-02
9.219500000000000000e+03 1.606289424131906799e+03 5.865115922887736283e-02
9.226500000000000000e+03 1.550399122610759150e+03 5.659248149960760532e-02
9.233500000000000000e+03 1.521601198812378470e+03 5.948419366094233329e-02
9.240500000000000000e+03 1.526950632926954313e+03 7.018925185853702731e-02
9.247500000000000000e+03 1.558380595630799235e+03 8.065670247262593517e-02
9.254500000000000000e+03 1.598913213542529320e+03 8.870071011859449739e-02
9.261500000000000000e+03 1.622879669754790939e+03 9.416497266069692729e-02
9.268500000000000000e+03 1.560528389719637062e+03 1.131368039306720058e-01
9.275500000000000000e+03 1.453836012273430242e+03 1.224575214886618885e-01
9.282500000000000000e+03 1.335006224567405070e+03 1.430985980802631508e-01
9.289500000000000000e+03 1.211985778973628157e+03 1.756611444842375580e-01
9.296500000000000000e+03 1.110359556873617748e+03 1.906136528732545465e-01
9.303500000000000000e+03 9.847745397831502032e+02 2.208765231913802918e-01
9.310500000000000000e+03 8.663360028445929402e+02 2.448460755122914834e-01
9.317500000000000000e+03 7.493274037895839683e+02 2.644789982672304252e-01
9.324500000000000000e+03 6.244882741115055751e+02 3.201507423019945842e-01
9.331500000000000000e+03 5.327847117022855628e+02 3.646223285892380983e-01
9.338500000000000000e+03 5.028305714172511216e+02 3.308556867981553573e-01
9.345500000000000000e+03 5.123244911982850454e+02 3.484998145631555411e-01
9.352500000000000000e+03 5.300455443590592495e+02 3.703014275204363770e-01
9.359500000000000000e+03 5.371455094659886527e+02 3.673705210390170173e-01
9.366500000000000000e+03 5.356091602237357847e+02 3.598733227652045619e-01
9.373500000000000000e+03 5.762546032210278781e+02 2.987061688612233645e-01
9.380500000000000000e+03 6.969906093110171241e+02 2.480849140115380658e-01
9.387500000000000000e+03 8.456683676852103417e+02 2.558079064263533153e-01
9.394500000000000000e+03 9.420032108983865555e+02 2.635935917604558254e-01
9.401500000000000000e+03 9.859602070193276404e+02 2.215172689900287706e-01
9.408500000000000000e+03 9.312208808314395583e+02 2.163370084632660340e-01
9.415500000000000000e+03 8.622743237174149726e+02 2.464748336545074803e-01
9.422500000000000000e+03 8.009557723491791421e+02 2.434758020730339312e-01
9.429500000000000000e+03 7.502236150075451633e+02 2.438069137706535272e-01
9.436500000000000000e+03 7.091809085975538665e+02 2.444458363928202482e-01
9.443500000000000000e+03 6.910891690638949285e+02 2.518778164469875347e-01
9.450500000000000000e+03 6.828033372232220017e+02 2.995468551467340146e-01
9.457500000000000000e+03 7.153670456322001883e+02 2.625450967471980035e-01
9.464500000000000000e+03 7.279186604570652435e+02 2.648195298427494793e-01
9.471500000000000000e+03 7.501429415713272419e+02 2.737311739463125226e-01
9.478500000000000000e+03 7.985019561713082794e+02 2.442508431424105231e-01
9.485500000000000000e+03 7.771473041812650990e+02 2.721951896791188208e-01
9.492500000000000000e+03 7.615859195479741857e+02 2.418618989388907348e-01
9.499500000000000000e+03 7.646783952291522155e+02 1.947680008284084219e-01
9.506500000000000000e+03 7.522503016123135922e+02 2.845678031122061968e-01
9.513500000000000000e+03 7.507095952879393508e+02 2.885468759908030312e-01
9.520500000000000000e+03 7.449644027845504297e+02 2.218243317451928376e-01
9.527500000000000000e+03 7.347489053327914235e+02 2.473238591684298326e-01
9.534500000000000000e+03 7.363883558654512171e+02 2.661667697403505284e-01
9.541500000000000000e+03 7.345339916528088224e+02 2.260141291558727672e-01
9.548500000000000000e+03 7.214174379698405346e+02 2.025695502691843841e-01
9.555500000000000000e+03 7.027401341603198262e+02 2.050538166712372601e-01
9.562500000000000000e+03 7.357632279871970695e+02 1.973091549523046107e-01
9.569500000000000000e+03 7.972080091379438045e+02 2.196428106065783092e-01
9.576500000000000000e+03 8.353871668429926558e+02 2.433702957579558790e-01
9.583500000000000000e+03 8.285556301819623286e+02 2.113834278821076773e-01
9.590500000000000000e+03 8.074957837792021564e+02 1.792962427682185944e-01
9.597500000000000000e+03 8.455409338345363039e+02 2.008249522497388695e-01
9.604500000000000000e+03 8.854921659577679520e+02 2.104180849651867136e-01
9.611500000000000000e+03 9.344023084289584631e+02 1.990903715925516626e-01
9.618500000000000000e+03 9.625654129833899333e+02 1.645100814825476709e-01
9.625500000000000000e+03 9.672823469751767789e+02 1.654649791696792549e-01
9.632500000000000000e+03 9.602644837694737134e+02 1.719288471754259751e-01
9.639500000000000000e+03 9.951731740519501273e+02 1.409790044968177170e-01
9.646500000000000000e+03 9.992084677381711799e+02 1.484965524943800130e-01
9.653500000000000000e+03 1.012946802663403332e+03 1.652146632762364065e-01
9.660500000000000000e+03 1.070427574895094494e+03 1.276353595506474481e-01
9.667500000000000000e+03 1.111097910022419455e+03 1.084120600355089753e-01
9.674500000000000000e+03 1.187058516153907476e+03 1.098240218799971940e-01
9.681500000000000000e+03 1.266553842320510057e+03 9.106724615886731267e-02
9.688500000000000000e+03 1.283799282221463727e+03 8.511818632136035345e-02
9.695500000000000000e+03 1.298489540274683350e+03 7.580077292840436964e-02
9.702500000000000000e+03 1.316364122624553829e+03 6.681087870051069522e-02
9.709500000000000000e+03 1.302588995963719526e+03 7.416648077150921059e-02
9.716500000000000000e+03 1.284801372177800431e+03 7.772528202047329637e-02
9.723500000000000000e+03 1.234556556828002385e+03 8.442225777154666044e-02
9.730500000000000000e+03 1.179974081945818170e+03 8.792363760905838599e-02
9.737500000000000000e+03 1.167687657191859444e+03 8.710167959879393240e-02
9.744500000000000000e+03 1.133616536739716139e+03 1.002248797793884177e-01
9.751500000000000000e+03 1.122355729003652186e+03 9.347226649725301484e-02
9.758500000000000000e+03 1.140398216261337893e+03 8.641818193934158732e-02
9.765500000000000000e+03 1.168998192174820360e+03 9.124633624574925161e-02
9.772500000000000000e+03 1.174168557896951597e+03 9.297203270527852614e-02
9.779500000000000000e+03 1.179201548452358111e+03 8.089771715687432696e-02
9.786500000000000000e+03 1.176862447504096735e+03 7.378977615300537363e-02
9.793500000000000000e+03 1.177488766007866161e+03 6.967399623331008152e-02
9.800500000000000000e+03 1.209567879069640867e+03 6.269102869326736993e-02
9.807500000000000000e+03 1.209893614354633428e+03 6.940703038894721622e-02
9.814500000000000000e+03 1.231657113812403622e+03 6.745811864440694194e-02
9.821500000000000000e+03 1.232268067157087216e+03 5.285498400378079581e-02
9.828500000000000000e+03 1.218067352147044630e+03 5.123810154064720179e-02
9.835500000000000000e+03 1.231569968698434195e+03 5.076389199436838473e-02
9.842500000000000000e+03 1.239558694469484863e+03 4.446712010826335548e-02
9.849500000000000000e+03 1.236641890046834305e+03 4.075009205929955303e-02
9.856500000000000000e+03 1.243277428819927763e+03 3.893635619960644778e-02
9.863500000000000000e+03 1.245902537055098264e+03 3.519829532761585555e-02
9.870500000000000000e+03 1.246332448040434656e+03 2.657975751181671994e-02
9.877500000000000000e+03 1.231794242265592402e+03 2.952241223228307260e-02
9.884500000000000000e+03 1.228707974040423778e+03 2.657262892607101593e-02
9.891500000000000000e+03 1.212158093590426915e+03 2.474312869830172512e-02
9.898500000000000000e+03 1.213511605849596435e+03 2.341055590708831374e-02
9.905500000000000000e+03 1.212166171615991288e+03 2.265291253509841771e-02
9.912500000000000000e+03 1.190041223162997767e+03 2.445484985939197151e-02
9.919500000000000000e+03 1.174789682845410653e+03 2.706114298269503976e-02
9.926500000000000000e+03 1.177682212956406147e+03 1.999143648535420259e-02
9.933500000000000000e+03 1.148315699816155984e+03 2.245129119632496839e-02
9.940500000000000000e+03 1.140962374441284283e+03 2.686148867135611587e-02
9.947500000000000000e+03 1.146583820807361690e+03 2.314409133720140427e-02
9.954500000000000000e+03 1.133813752667566177e+03 2.010427864032188205e-02
9.961500000000000000e+03 1.126659746031630675e+03 1.620603613083401728e-02
9.968500000000000000e+03 1.099647931703344284e+03 2.183559255607052385e-02
9.975500000000000000e+03 1.090942318288809929e+03 1.830971056961325227e-02
9.982500000000000000e+03 1.070405280821112910e+03 1.993158761531106660e-02
9.989500000000000000e+03 1.056041189810375272e+03 1.469374281153921352e-02
9.996500000000000000e+03 1.062122589247568612e+03 1.258883947083973623e-02
