# wavelength angstroms, flux, ext coeff
5.551500000000000000e+03 2.252436428432006142e+04 1.539254494739213941e-01
5.558500000000000000e+03 2.361470337558005849e+04 1.472999350701746368e-01
5.565500000000000000e+03 2.437460683849914494e+04 1.402963340787835578e-01
5.572500000000000000e+03 2.443439852667425293e+04 1.397076320562008755e-01
5.579500000000000000e+03 2.458158487349390634e+04 1.405169239506049161e-01
5.586500000000000000e+03 2.481288151692227621e+04 1.391959770630482873e-01
5.593500000000000000e+03 2.521946860837093845e+04 1.377592139579675856e-01
5.600500000000000000e+03 2.536159364984330387e+04 1.397352353622067223e-01
5.607500000000000000e+03 2.553246472947900838e+04 1.412624143928481735e-01
5.614500000000000000e+03 2.543649382777329811e+04 1.405288114836666102e-01
5.621500000000000000e+03 2.543361145210701579e+04 1.401497053329962550e-01
5.628500000000000000e+03 2.621928193271328200e+04 1.369137423423675282e-01
5.635500000000000000e+03 2.534853201939364953e+04 1.412913432825362303e-01
5.642500000000000000e+03 2.619340321306265832e+04 1.404249118265210872e-01
5.649500000000000000e+03 2.623132059828572892e+04 1.402867720080535618e-01
5.656500000000000000e+03 2.603432963887593360e+04 1.404717415935253233e-01
5.663500000000000000e+03 2.586140825605400096e+04 1.400173368255480111e-01
5.670500000000000000e+03 2.605340204392293890e+04 1.414391795474158608e-01
5.677500000000000000e+03 2.562990482364721902e+04 1.422917105762324941e-01
5.684500000000000000e+03 2.582110280587090529e+04 1.414415543865901737e-01
5.691500000000000000e+03 2.640971296704110500e+04 1.417190338874515509e-01
5.698500000000000000e+03 2.627993553317066835e+04 1.423318537356821900e-01
5.705500000000000000e+03 2.664207115381917174e+04 1.395895910227090975e-01
5.712500000000000000e+03 2.701185916036296840e+04 1.413980562914085581e-01
5.719500000000000000e+03 2.683476624122788053e+04 1.412545872140537617e-01
5.726500000000000000e+03 2.655598487877965454e+04 1.416561053890331989e-01
5.733500000000000000e+03 2.696892275301847621e+04 1.396158626126286495e-01
5.740500000000000000e+03 2.682235939601988139e+04 1.397858441776026472e-01
5.747500000000000000e+03 2.711313960227152347e+04 1.387546141500510810e-01
5.754500000000000000e+03 2.721552202421252150e+04 1.369062420525731794e-01
5.761500000000000000e+03 2.676099474700788051e+04 1.398920871985148418e-01
5.768500000000000000e+03 2.746844850049857996e+04 1.369422402543959139e-01
5.775500000000000000e+03 2.745980383789737243e+04 1.348552420505855498e-01
5.782500000000000000e+03 2.836806629159982185e+04 1.353557342288450038e-01
5.789500000000000000e+03 2.805695920140867747e+04 1.362782605047085649e-01
5.796500000000000000e+03 2.781886359250826717e+04 1.347587110336826710e-01
5.803500000000000000e+03 2.810607569643455645e+04 1.344092886172005563e-01
5.810500000000000000e+03 2.808630939006922199e+04 1.320772002805782608e-01
5.817500000000000000e+03 2.852645452102040508e+04 1.326895904474082732e-01
5.824500000000000000e+03 2.844405240111909734e+04 1.326783989699795441e-01
5.831500000000000000e+03 2.832481608301639790e+04 1.309127980509850742e-01
5.838500000000000000e+03 2.840774551060486920e+04 1.314709135816321262e-01
5.845500000000000000e+03 2.791843012754231313e+04 1.334757081238258647e-01
5.852500000000000000e+03 2.818204065124513363e+04 1.331659631118085885e-01
5.859500000000000000e+03 2.815990246214497893e+04 1.307953892990894595e-01
5.866500000000000000e+03 2.807967058152836034e+04 1.321302596815753794e-01
5.873500000000000000e+03 2.780352040384065185e+04 1.338418554121091342e-01
5.880500000000000000e+03 2.704018104341134676e+04 1.395353757564623542e-01
5.887500000000000000e+03 2.667797894110505877e+04 1.408543735287567933e-01
5.894500000000000000e+03 2.634970472778337717e+04 1.435315301668564636e-01
5.901500000000000000e+03 2.639660169507717728e+04 1.450595117834112269e-01
5.908500000000000000e+03 2.656709084443480970e+04 1.466796033946633493e-01
5.915500000000000000e+03 2.700912193574365665e+04 1.427852226955315107e-01
5.922500000000000000e+03 2.686913827580165162e+04 1.412822562461329423e-01
5.929500000000000000e+03 2.699638433619564239e+04 1.437105321626960253e-01
5.936500000000000000e+03 2.689255377962317289e+04 1.420537469111665674e-01
5.943500000000000000e+03 2.669647270538473094e+04 1.410547347153663367e-01
5.950500000000000000e+03 2.714316705113176431e+04 1.405276472600784365e-01
5.957500000000000000e+03 2.715318968608159048e+04 1.402628517561249344e-01
5.964500000000000000e+03 2.735213624799878016e+04 1.392852743352219480e-01
5.971500000000000000e+03 2.765866302494153570e+04 1.347868978384691996e-01
5.978500000000000000e+03 2.756202760695340839e+04 1.366516165725772114e-01
5.985500000000000000e+03 2.749712654003250282e+04 1.343571908224875933e-01
5.992500000000000000e+03 2.814145605275573689e+04 1.309251773097247495e-01
5.999500000000000000e+03 2.838729169700177590e+04 1.291783317860486224e-01
6.006500000000000000e+03 2.817094792140788923e+04 1.300940252849482892e-01
6.013500000000000000e+03 2.849071003385550284e+04 1.287085283731373986e-01
6.020500000000000000e+03 2.818363816826925540e+04 1.280150382581547452e-01
6.027500000000000000e+03 2.861704573773471566e+04 1.273492232630900611e-01
6.034500000000000000e+03 2.819721494943893413e+04 1.254942181175750515e-01
6.041500000000000000e+03 2.845743093150938148e+04 1.263211094774183141e-01
6.048500000000000000e+03 2.850383034377250806e+04 1.257856157082897219e-01
6.055500000000000000e+03 2.896397490460078552e+04 1.234206622700843303e-01
6.062500000000000000e+03 2.850259230787565684e+04 1.239860041925941736e-01
6.069500000000000000e+03 2.851523565299248730e+04 1.231009589112745523e-01
6.076500000000000000e+03 2.850235255031312045e+04 1.220402050120458354e-01
6.083500000000000000e+03 2.896676195851574812e+04 1.221427429516534213e-01
6.090500000000000000e+03 2.887141306712733058e+04 1.225327004477808485e-01
6.097500000000000000e+03 2.948157218015343824e+04 1.192616308039119721e-01
6.104500000000000000e+03 2.930886477444192496e+04 1.190291104816270235e-01
6.111500000000000000e+03 2.880227404864813070e+04 1.171061752636856634e-01
6.118500000000000000e+03 2.919235151825013963e+04 1.173064270597318631e-01
6.125500000000000000e+03 2.925623455510616623e+04 1.147686581357976188e-01
6.132500000000000000e+03 2.911615385953814257e+04 1.162449610618352530e-01
6.139500000000000000e+03 2.945183203218765266e+04 1.139599296060566647e-01
6.146500000000000000e+03 2.946136734939051166e+04 1.134490121103470806e-01
6.153500000000000000e+03 2.906320283530000233e+04 1.162714053830167654e-01
6.160500000000000000e+03 2.947428658365787851e+04 1.099960127317649167e-01
6.167500000000000000e+03 2.958037552302732001e+04 1.104740352858685770e-01
6.174500000000000000e+03 2.961340840928483885e+04 1.111684108625770329e-01
6.181500000000000000e+03 2.964465270633076943e+04 1.107572947210208186e-01
6.188500000000000000e+03 2.970161467193521094e+04 1.099714783388435202e-01
6.195500000000000000e+03 2.980506069280281372e+04 1.079913790240105559e-01
6.202500000000000000e+03 2.956250124697582942e+04 1.072660783738577789e-01
6.209500000000000000e+03 2.949036311350436154e+04 1.070330162046395361e-01
6.216500000000000000e+03 2.930254549296174446e+04 1.066227916363603340e-01
6.223500000000000000e+03 2.984660551517535350e+04 1.084089501505020731e-01
6.230500000000000000e+03 2.981253383413478514e+04 1.041394201949725484e-01
6.237500000000000000e+03 2.968666801246401519e+04 1.032502152465395590e-01
6.244500000000000000e+03 2.972395612325948241e+04 1.024389476255760656e-01
6.251500000000000000e+03 3.010656787926243123e+04 1.025003113840199098e-01
6.258500000000000000e+03 2.889830919886819902e+04 1.081808885531120590e-01
6.265500000000000000e+03 2.885725352417775139e+04 1.109675902839152017e-01
6.272500000000000000e+03 2.845615930085949003e+04 1.089071439145965631e-01
6.279500000000000000e+03 2.818660768486685993e+04 1.124743964688096204e-01
6.286500000000000000e+03 2.770415732807861787e+04 1.152927679539623440e-01
6.293500000000000000e+03 2.822658892972547619e+04 1.117977982944445836e-01
6.300500000000000000e+03 2.831648589066760542e+04 1.101317911683692141e-01
6.307500000000000000e+03 2.895730501945909054e+04 1.041189341783092664e-01
6.314500000000000000e+03 2.893216845605968047e+04 1.060242512356685679e-01
6.321500000000000000e+03 2.879776684530113198e+04 1.045377845603435440e-01
6.328500000000000000e+03 2.976168100055775722e+04 9.948867167510934417e-02
6.335500000000000000e+03 2.971646417466712228e+04 1.003368291853355548e-01
6.342500000000000000e+03 3.009977858594426652e+04 9.830403874387205754e-02
6.349500000000000000e+03 2.915748382553514239e+04 9.792552129163904773e-02
6.356500000000000000e+03 2.996743226889912694e+04 9.529850044687003530e-02
6.363500000000000000e+03 3.011668320267106174e+04 9.454099313137202809e-02
6.370500000000000000e+03 2.984907722852132065e+04 9.619537836449307266e-02
6.377500000000000000e+03 2.975196014957239458e+04 9.413391370250499823e-02
6.384500000000000000e+03 3.011146182549966761e+04 9.566714054958032343e-02
6.391500000000000000e+03 3.005106243158143843e+04 9.415285718669234860e-02
6.398500000000000000e+03 2.992296536458732226e+04 9.298382457899809217e-02
6.405500000000000000e+03 3.062532441528222989e+04 9.041309977755135341e-02
6.412500000000000000e+03 3.022835583875496013e+04 9.071709475263521616e-02
6.419500000000000000e+03 3.051243081460469693e+04 8.999395706410510953e-02
6.426500000000000000e+03 3.029341186388934148e+04 9.179720052269360608e-02
6.433500000000000000e+03 2.998648092929445556e+04 9.173132566601016613e-02
6.440500000000000000e+03 2.952669192021916751e+04 9.088489426904843016e-02
6.447500000000000000e+03 3.004159732440220614e+04 9.226374675222616395e-02
6.454500000000000000e+03 2.987460295913127629e+04 9.278184956356246016e-02
6.461500000000000000e+03 2.916974713909804632e+04 9.453262376895274488e-02
6.468500000000000000e+03 2.925311066676097107e+04 9.536981906572551682e-02
6.475500000000000000e+03 2.795281087834159189e+04 9.959907058394337764e-02
6.482500000000000000e+03 2.879191019245535790e+04 9.655251097956754625e-02
6.489500000000000000e+03 2.889235495546099992e+04 9.513044661297133386e-02
6.496500000000000000e+03 2.880523108735237838e+04 9.557654214479584243e-02
6.503500000000000000e+03 2.847197278580204875e+04 9.608077310445861663e-02
6.510500000000000000e+03 2.921040627869370655e+04 9.220282398313424388e-02
6.517500000000000000e+03 2.882365811158503857e+04 9.223507027338563591e-02
6.524500000000000000e+03 2.866785918101388597e+04 9.528421093918219842e-02
6.531500000000000000e+03 2.862564997840399155e+04 9.584226756707039940e-02
6.538500000000000000e+03 2.866686181909343213e+04 9.301780521281741154e-02
6.545500000000000000e+03 2.783484323644787582e+04 9.324293901615249291e-02
6.552500000000000000e+03 2.745463284997897063e+04 8.837635176932540082e-02
6.559500000000000000e+03 2.808821928044656306e+04 7.489074998194332478e-02
6.566500000000000000e+03 2.881483913276617386e+04 6.027136629194351780e-02
6.573500000000000000e+03 2.833712981031320669e+04 6.043278857130948006e-02
6.580500000000000000e+03 2.851032802103598806e+04 7.463604423885789041e-02
6.587500000000000000e+03 2.753336004934024459e+04 9.220916381451257915e-02
6.594500000000000000e+03 2.783654036705988256e+04 9.488974953236589682e-02
6.601500000000000000e+03 2.892527187707744088e+04 8.651677572441270059e-02
6.608500000000000000e+03 3.009719571871646986e+04 8.102015669345688509e-02
6.615500000000000000e+03 3.049314713052162915e+04 7.792991556230710604e-02
6.622500000000000000e+03 2.978499757611538371e+04 7.881607827175145242e-02
6.629500000000000000e+03 3.063808306944655851e+04 7.536663818358720068e-02
6.636500000000000000e+03 2.978789471731636877e+04 7.552408136615605672e-02
6.643500000000000000e+03 2.930509879304227434e+04 7.793122757223644448e-02
6.650500000000000000e+03 3.037742704335884264e+04 7.540543507139702006e-02
6.657500000000000000e+03 2.988606699843317983e+04 7.357992811918419307e-02
6.664500000000000000e+03 3.046604930235377105e+04 7.316566806954263869e-02
6.671500000000000000e+03 2.987217609075849032e+04 7.363633129711905090e-02
6.678500000000000000e+03 2.954735075740023603e+04 7.359078580283917592e-02
6.685500000000000000e+03 2.991087139738855694e+04 7.260180329663788734e-02
6.692500000000000000e+03 3.005800838660816953e+04 7.131361106535924477e-02
6.699500000000000000e+03 3.013953417943192471e+04 7.023671027828798374e-02
6.706500000000000000e+03 2.957912158320880189e+04 7.126438767073074720e-02
6.713500000000000000e+03 2.999856921327437885e+04 7.038522451269352276e-02
6.720500000000000000e+03 2.973716095965720524e+04 7.076769709647316720e-02
6.727500000000000000e+03 2.963143695147689868e+04 7.051428052922810441e-02
6.734500000000000000e+03 2.971720409610789284e+04 7.008233383988198006e-02
6.741500000000000000e+03 2.956066337436834147e+04 7.023989496011345812e-02
6.748500000000000000e+03 2.963494003548179171e+04 6.971928447480069124e-02
6.755500000000000000e+03 2.965515186853542764e+04 6.937555853823670904e-02
6.762500000000000000e+03 2.968413265614035481e+04 6.685629470686893505e-02
6.769500000000000000e+03 2.982635753627666782e+04 6.789355809001089426e-02
6.776500000000000000e+03 3.008709882581824058e+04 6.608892465263298266e-02
6.783500000000000000e+03 2.944766799643518243e+04 6.761139471439799042e-02
6.790500000000000000e+03 2.981830744030142159e+04 6.530350211675038652e-02
6.797500000000000000e+03 2.944907810729087578e+04 6.742183329882420195e-02
6.804500000000000000e+03 2.954297330715135467e+04 6.679882640258097415e-02
6.811500000000000000e+03 2.926746890333497504e+04 6.630555509645366663e-02
6.818500000000000000e+03 2.898369015216105981e+04 6.708885433362622719e-02
6.825500000000000000e+03 2.954417885978696722e+04 6.494185226868097460e-02
6.832500000000000000e+03 2.905758087053686177e+04 6.637350361124483289e-02
6.839500000000000000e+03 2.915258509843435604e+04 6.672987721538446715e-02
6.846500000000000000e+03 2.851675547421431475e+04 7.208878087280173874e-02
6.853500000000000000e+03 2.600970628826757820e+04 9.175725267460707602e-02
6.860500000000000000e+03 2.319720634930424421e+04 1.105055380888118888e-01
6.867500000000000000e+03 2.212813240638851858e+04 8.597540340381934487e-02
6.874500000000000000e+03 2.067945114831254978e+04 9.551184615424099245e-02
6.881500000000000000e+03 1.928326859889956904e+04 1.350501089653085018e-01
6.888500000000000000e+03 1.976519733963411272e+04 1.284856032772525303e-01
6.895500000000000000e+03 2.155393792809064689e+04 1.079649698675958225e-01
6.902500000000000000e+03 2.252893734031115309e+04 1.040281452004144097e-01
6.909500000000000000e+03 2.271329956106768805e+04 1.031468495817313702e-01
6.916500000000000000e+03 2.334016334115724749e+04 9.960322451424538648e-02
6.923500000000000000e+03 2.455718659270829085e+04 9.335188157610689597e-02
6.930500000000000000e+03 2.411796497952057325e+04 9.311926537020083494e-02
6.937500000000000000e+03 2.436111295353229798e+04 9.158921373640328822e-02
6.944500000000000000e+03 2.475620899485236441e+04 8.921801335234154362e-02
6.951500000000000000e+03 2.507274975533807446e+04 8.433904163612460092e-02
6.958500000000000000e+03 2.560355822940634607e+04 8.052021094224245945e-02
6.965500000000000000e+03 2.642342473006642103e+04 7.513721870217113241e-02
6.972500000000000000e+03 2.636484909787405559e+04 7.535714930930537125e-02
6.979500000000000000e+03 2.631859036810542239e+04 7.347083256965768194e-02
6.986500000000000000e+03 2.569402210813513375e+04 7.519383982849354997e-02
6.993500000000000000e+03 2.532757794325419673e+04 7.657673077746741941e-02
7.000500000000000000e+03 2.482592611975290492e+04 7.878691263866356709e-02
7.007500000000000000e+03 2.480489061876365304e+04 7.846668306095969103e-02
7.014500000000000000e+03 2.543586617725947508e+04 7.556910856975507240e-02
7.021500000000000000e+03 2.537245724026066091e+04 7.489520584773778911e-02
7.028500000000000000e+03 2.550473205715233780e+04 7.459183213286556258e-02
7.035500000000000000e+03 2.609255819482648076e+04 7.258056662954444349e-02
7.042500000000000000e+03 2.626144846296107789e+04 6.895019040116689979e-02
7.049500000000000000e+03 2.607990449313753197e+04 6.859797046783806806e-02
7.056500000000000000e+03 2.621363260184743922e+04 6.599252776147300492e-02
7.063500000000000000e+03 2.621223356895407051e+04 6.530258171641950549e-02
7.070500000000000000e+03 2.599448532654009978e+04 6.440323068717784816e-02
7.077500000000000000e+03 2.667387288395246287e+04 6.159997727276340929e-02
7.084500000000000000e+03 2.618976026167559758e+04 6.254552193564566487e-02
7.091500000000000000e+03 2.642765896772553606e+04 6.156581103150898793e-02
7.098500000000000000e+03 2.638485049600791172e+04 6.227966769641252870e-02
7.105500000000000000e+03 2.600650667405017884e+04 5.858553614434572343e-02
7.112500000000000000e+03 2.590863185531660201e+04 5.858433389981430178e-02
7.119500000000000000e+03 2.660594189342152458e+04 5.716984682796157069e-02
7.126500000000000000e+03 2.571575482321472009e+04 5.993338213329357095e-02
7.133500000000000000e+03 2.564288926686205014e+04 6.119116035327414049e-02
7.140500000000000000e+03 2.558972419206790801e+04 6.060324084287829760e-02
7.147500000000000000e+03 2.540037739530381077e+04 6.724566288505612333e-02
7.154500000000000000e+03 2.363371896924752582e+04 7.763680492743123274e-02
7.161500000000000000e+03 2.247689658820503973e+04 9.030622238941642121e-02
7.168500000000000000e+03 2.035822803420967830e+04 1.001128301852048513e-01
7.175500000000000000e+03 1.915264050978872910e+04 1.110693556646979302e-01
7.182500000000000000e+03 1.818115764529921580e+04 1.177205278537487299e-01
7.189500000000000000e+03 1.757801850719538197e+04 1.230172468010647530e-01
7.196500000000000000e+03 1.797378192263202800e+04 1.160509671848572594e-01
7.203500000000000000e+03 1.879192549154099470e+04 1.056474398364294215e-01
7.210500000000000000e+03 1.950701059284975418e+04 1.053548680428061102e-01
7.217500000000000000e+03 2.019665037883064360e+04 1.054269130845993246e-01
7.224500000000000000e+03 2.025786150175575676e+04 9.937785715436761591e-02
7.231500000000000000e+03 2.020392582124183173e+04 9.163373464955829051e-02
7.238500000000000000e+03 1.942970087271980447e+04 9.679650005004100666e-02
7.245500000000000000e+03 1.824420730161637039e+04 1.084064241075936852e-01
7.252500000000000000e+03 1.851041405460189708e+04 1.100680697373973560e-01
7.259500000000000000e+03 1.838607301197999186e+04 1.123267853010772588e-01
7.266500000000000000e+03 1.845177518353103005e+04 1.105631778048110775e-01
7.273500000000000000e+03 1.905577367714524007e+04 1.034171446271244660e-01
7.280500000000000000e+03 1.871973445884316970e+04 1.036849761563872624e-01
7.287500000000000000e+03 1.891325423282540578e+04 1.054171691900608471e-01
7.294500000000000000e+03 1.895595809110942719e+04 9.870149832120143907e-02
7.301500000000000000e+03 1.907019576111964125e+04 9.897151394551524650e-02
7.308500000000000000e+03 1.956408661181998832e+04 9.338442696658337538e-02
7.315500000000000000e+03 2.007500219308915621e+04 8.601726132741595310e-02
7.322500000000000000e+03 2.087159641454500888e+04 8.163626687199632137e-02
7.329500000000000000e+03 2.134001320101857345e+04 7.588228477220304580e-02
7.336500000000000000e+03 2.206547031693702229e+04 6.883987469807337223e-02
7.343500000000000000e+03 2.224520083275637444e+04 6.848390217053917928e-02
7.350500000000000000e+03 2.248201667429539157e+04 6.358512227562904129e-02
7.357500000000000000e+03 2.240302914919216346e+04 6.415906461684689477e-02
7.364500000000000000e+03 2.228449523715237956e+04 6.228384916148197586e-02
7.371500000000000000e+03 2.290067293919281292e+04 5.941286550605759387e-02
7.378500000000000000e+03 2.284613332451125098e+04 6.039321848290313266e-02
7.385500000000000000e+03 2.263982236415300576e+04 5.773748550997542806e-02
7.392500000000000000e+03 2.315650070664712257e+04 5.573850459732166557e-02
7.399500000000000000e+03 2.311186295866986256e+04 5.381212975815641286e-02
7.406500000000000000e+03 2.262057390505133662e+04 5.185315375401131771e-02
7.413500000000000000e+03 2.308104675774808857e+04 4.941743049643854829e-02
7.420500000000000000e+03 2.310772486848187327e+04 4.865074610833550195e-02
7.427500000000000000e+03 2.315919354171798113e+04 4.664552918278906668e-02
7.434500000000000000e+03 2.342407038849377568e+04 4.505190141434974038e-02
7.441500000000000000e+03 2.316672253095575434e+04 4.611285125294844328e-02
7.448500000000000000e+03 2.295110621626011925e+04 4.587982739237492225e-02
7.455500000000000000e+03 2.287453131000875146e+04 4.375278203388383025e-02
7.462500000000000000e+03 2.308486790115559779e+04 4.465916990060088410e-02
7.469500000000000000e+03 2.280147216264495000e+04 4.504403250259860630e-02
7.476500000000000000e+03 2.297811355555348564e+04 4.326849016916992779e-02
7.483500000000000000e+03 2.287651545545540284e+04 4.300415581367477563e-02
7.490500000000000000e+03 2.272139106714341324e+04 4.294209494423107537e-02
7.497500000000000000e+03 2.246119254714734416e+04 4.211467331817370097e-02
7.504500000000000000e+03 2.244920827883708262e+04 4.266729244600282744e-02
7.511500000000000000e+03 2.242498612765135840e+04 4.299304792678858983e-02
7.518500000000000000e+03 2.233632877936993827e+04 4.142172538448727487e-02
7.525500000000000000e+03 2.208115401926882987e+04 4.363170808372734272e-02
7.532500000000000000e+03 2.197146829915522903e+04 4.261916591551550421e-02
7.539500000000000000e+03 2.227289649861148064e+04 4.032231073389682535e-02
7.546500000000000000e+03 2.174259823816418793e+04 4.305800147374601317e-02
7.553500000000000000e+03 2.192022199972385715e+04 4.229507008579017763e-02
7.560500000000000000e+03 2.161310900600760942e+04 4.249153898126346168e-02
7.567500000000000000e+03 2.102503000998482457e+04 4.680781150714745376e-02
7.574500000000000000e+03 1.947954343491477630e+04 6.549554561536591324e-02
7.581500000000000000e+03 1.559386667322250105e+04 1.148208585029419082e-01
7.588500000000000000e+03 1.106307840920513627e+04 1.681157136848948352e-01
7.595500000000000000e+03 8.760024942050060417e+03 1.244414697064512715e-01
7.602500000000000000e+03 6.851957613480491091e+03 6.437004685834860074e-02
7.609500000000000000e+03 3.923895787282755464e+03 2.434144066221285152e-01
7.616500000000000000e+03 3.092306558721715191e+03 3.950201909219110408e-01
7.623500000000000000e+03 3.862956094157205825e+03 3.558178683321234770e-01
7.630500000000000000e+03 4.832795608389751578e+03 2.696077023951331531e-01
7.637500000000000000e+03 5.482221402704773936e+03 2.426877686144306989e-01
7.644500000000000000e+03 6.469252164003205507e+03 2.254273925862157191e-01
7.651500000000000000e+03 8.267661125768672719e+03 1.923809399200089032e-01
7.658500000000000000e+03 1.017117813184289116e+04 1.566403452251254047e-01
7.665500000000000000e+03 1.250206098564765489e+04 1.238758091720520427e-01
7.672500000000000000e+03 1.408294606525204290e+04 9.916457106885244455e-02
7.679500000000000000e+03 1.606564145379696856e+04 8.168107806518333514e-02
7.686500000000000000e+03 1.688906605666759060e+04 6.890201956182209764e-02
7.693500000000000000e+03 1.795314293031904890e+04 5.756905103672992768e-02
7.700500000000000000e+03 1.810981797108543105e+04 5.398220067400489458e-02
7.707500000000000000e+03 1.857536774290652465e+04 5.189726385951032306e-02
7.714500000000000000e+03 1.892314961160304665e+04 4.734268373718612810e-02
7.721500000000000000e+03 1.884782729169544109e+04 4.250075403745259828e-02
7.728500000000000000e+03 1.897523011654711809e+04 4.245370373794961349e-02
7.735500000000000000e+03 1.878456977218962493e+04 3.948555699349622083e-02
7.742500000000000000e+03 1.894890857959714413e+04 3.939497574988626294e-02
7.749500000000000000e+03 1.888455624792873641e+04 4.098854636721806222e-02
7.756500000000000000e+03 1.873415820898823586e+04 3.880132847893391634e-02
7.763500000000000000e+03 1.884459244671996566e+04 3.771831952781726921e-02
7.770500000000000000e+03 1.840843430454081681e+04 3.854555688947309405e-02
7.777500000000000000e+03 1.853048766029238323e+04 3.571281118309273250e-02
7.784500000000000000e+03 1.857901931396829968e+04 3.935338454922827217e-02
7.791500000000000000e+03 1.811821170926693958e+04 4.082349105840097497e-02
7.798500000000000000e+03 1.812509599573728337e+04 3.832965192398610915e-02
7.805500000000000000e+03 1.822615874173646080e+04 3.807325240366188357e-02
7.812500000000000000e+03 1.784046006630516058e+04 4.011534371393286891e-02
7.819500000000000000e+03 1.809353081445181306e+04 3.871805202154521980e-02
7.826500000000000000e+03 1.783408353113860721e+04 3.764142395001873753e-02
7.833500000000000000e+03 1.784048949862939844e+04 3.750547552689025704e-02
7.840500000000000000e+03 1.758107313182711368e+04 3.637362044214995788e-02
7.847500000000000000e+03 1.722151993993145152e+04 3.839989271652875097e-02
7.854500000000000000e+03 1.744251404577880385e+04 3.681234164948930798e-02
7.861500000000000000e+03 1.730376909358194098e+04 3.965152180136276988e-02
7.868500000000000000e+03 1.682208740853389827e+04 4.368576150709397449e-02
7.875500000000000000e+03 1.669553778666819926e+04 4.196017750792836731e-02
7.882500000000000000e+03 1.615912842063478456e+04 4.605455678042252171e-02
7.889500000000000000e+03 1.602155948555018040e+04 4.533062094256275903e-02
7.896500000000000000e+03 1.558227346958746057e+04 4.980581287593633527e-02
7.903500000000000000e+03 1.571365538375039432e+04 4.830551513904252081e-02
7.910500000000000000e+03 1.563870905245873655e+04 4.787410995328268692e-02
7.917500000000000000e+03 1.589397150583263283e+04 4.576880193423087800e-02
7.924500000000000000e+03 1.585775104614058364e+04 4.523848896391580165e-02
7.931500000000000000e+03 1.608421318219275963e+04 4.278233488312147698e-02
7.938500000000000000e+03 1.597131416573045135e+04 4.381526861904556924e-02
7.945500000000000000e+03 1.552513870892727937e+04 4.513950884238378258e-02
7.952500000000000000e+03 1.565314954869382200e+04 4.431778359199093492e-02
7.959500000000000000e+03 1.540302887530719090e+04 4.378350221868693853e-02
7.966500000000000000e+03 1.510414253135958097e+04 4.422644409430832868e-02
7.973500000000000000e+03 1.504429116836529101e+04 4.892284914186591921e-02
7.980500000000000000e+03 1.530685351475308380e+04 4.493577202466274290e-02
7.987500000000000000e+03 1.514539057380531995e+04 4.354322401328727943e-02
7.994500000000000000e+03 1.486854030011109353e+04 4.388883097096767105e-02
8.001500000000000000e+03 1.479419892091633665e+04 4.734454750267799023e-02
8.008500000000000000e+03 1.439963439683369688e+04 4.691961863319242532e-02
8.015500000000000000e+03 1.455289206748676770e+04 4.793851591821275682e-02
8.022500000000000000e+03 1.453136122460970182e+04 4.763895952220079111e-02
8.029500000000000000e+03 1.443392293419372982e+04 4.792507706293450132e-02
8.036500000000000000e+03 1.455635402413870906e+04 4.487096451272964276e-02
8.043500000000000000e+03 1.483169805935281693e+04 4.286975979784952290e-02
8.050500000000000000e+03 1.453432868340794448e+04 4.038594468064119619e-02
8.057500000000000000e+03 1.468205743329857796e+04 4.084211792960979609e-02
8.064500000000000000e+03 1.426564256521493553e+04 3.965813885643602182e-02
8.071500000000000000e+03 1.427838000266684685e+04 4.099469486566247739e-02
8.078500000000000000e+03 1.408754598121860363e+04 4.178750991211990090e-02
8.085500000000000000e+03 1.385296622089058110e+04 4.282432349850151532e-02
8.092500000000000000e+03 1.374306440531427870e+04 4.224087442790899066e-02
8.099500000000000000e+03 1.363120194599874048e+04 4.401236042218358707e-02
8.106500000000000000e+03 1.341484542195776157e+04 4.834418721018234055e-02
8.113500000000000000e+03 1.303582686307979748e+04 5.537742379027475043e-02
8.120500000000000000e+03 1.242227207341974827e+04 6.455563116096703358e-02
8.127500000000000000e+03 1.184804967324770951e+04 7.200133123761133513e-02
8.134500000000000000e+03 1.129653399621354947e+04 7.614638750589815264e-02
8.141500000000000000e+03 1.045552219192143275e+04 8.623289594600845598e-02
8.148500000000000000e+03 1.002983939568185633e+04 9.667385473689329989e-02
8.155500000000000000e+03 9.681622686125559994e+03 9.548576176493375756e-02
8.162500000000000000e+03 9.723781115835567107e+03 9.464977359434370574e-02
8.169500000000000000e+03 9.184922907262895023e+03 1.028743290941774580e-01
8.176500000000000000e+03 9.474293754645505032e+03 9.767085080743864722e-02
8.183500000000000000e+03 9.807565046328078097e+03 9.291596914463941259e-02
8.190500000000000000e+03 1.002274122159341641e+04 8.394783106478552470e-02
8.197500000000000000e+03 1.054416426381271413e+04 7.540011706048169171e-02
8.204500000000000000e+03 1.064527163658974678e+04 8.069862356478182952e-02
8.211500000000000000e+03 1.035638913903417415e+04 9.065350125794020830e-02
8.218500000000000000e+03 9.788836711957015723e+03 9.120579510085972952e-02
8.225500000000000000e+03 9.789114311925499351e+03 6.763129497579203897e-02
8.232500000000000000e+03 9.940932623555190730e+03 6.714323947769916534e-02
8.239500000000000000e+03 9.698970617560726168e+03 9.086361530015936439e-02
8.246500000000000000e+03 1.014378678659264551e+04 8.321844260082184030e-02
8.253500000000000000e+03 1.081209407170061968e+04 7.023931808764731499e-02
8.260500000000000000e+03 1.104886336702639892e+04 6.443932720655437540e-02
8.267500000000000000e+03 1.063240761323447805e+04 7.132633417765057993e-02
8.274500000000000000e+03 1.027890186654249192e+04 6.715083165945644195e-02
8.281500000000000000e+03 1.023141092495859630e+04 6.833028983043228088e-02
8.288500000000000000e+03 1.032873049131869629e+04 7.043831430658074877e-02
8.295500000000000000e+03 1.017225619213472055e+04 7.082738664663461303e-02
8.302500000000000000e+03 1.040084745365252274e+04 6.886175802300657789e-02
8.309500000000000000e+03 1.028712845819031827e+04 6.818514476044527928e-02
8.316500000000000000e+03 1.045051757982845447e+04 6.423675732568276397e-02
8.323500000000000000e+03 1.072082660637911977e+04 5.794905516843745774e-02
8.330500000000000000e+03 1.085501500654660049e+04 5.960463393405505267e-02
8.337500000000000000e+03 1.091625178871124444e+04 5.706510280739975072e-02
8.344500000000000000e+03 1.111139065819747157e+04 5.413470097844495094e-02
8.351500000000000000e+03 1.116874031868942802e+04 5.217408445355005420e-02
8.358500000000000000e+03 1.138778709391961092e+04 4.732122319078098382e-02
8.365500000000000000e+03 1.131938641559171447e+04 4.656331929200670933e-02
8.372500000000000000e+03 1.150156436172468057e+04 4.361080252964531084e-02
8.379500000000000000e+03 1.132792524718709501e+04 4.242983335047823684e-02
8.386500000000000000e+03 1.157926350344338061e+04 4.032559879186813773e-02
8.393500000000000000e+03 1.140798531646441370e+04 3.938967018215337040e-02
8.400500000000000000e+03 1.131907498398929602e+04 3.942392425816133167e-02
8.407500000000000000e+03 1.157814007566656255e+04 3.574864072367533313e-02
8.414500000000000000e+03 1.162515373007554081e+04 3.580805348465095073e-02
8.421500000000000000e+03 1.159674858358763413e+04 3.686100563251386297e-02
8.428500000000000000e+03 1.173386825631804459e+04 3.455439625968700912e-02
8.435500000000000000e+03 1.147782813101404645e+04 3.372645633531627662e-02
8.442500000000000000e+03 1.150635475744595169e+04 3.253098408375475897e-02
8.449500000000000000e+03 1.141399493626744879e+04 3.204521674942995002e-02
8.456500000000000000e+03 1.129376284563580157e+04 3.015917483871988561e-02
8.463500000000000000e+03 1.150518314606158492e+04 2.908458649187950495e-02
8.470500000000000000e+03 1.135513208987489452e+04 3.015419227638553926e-02
8.477500000000000000e+03 1.127564290788743165e+04 3.202916574902184982e-02
8.484500000000000000e+03 1.134018123182287309e+04 3.296297445841955831e-02
8.491500000000000000e+03 1.114415562196288374e+04 3.342314088548303808e-02
8.498500000000000000e+03 1.112575069657074164e+04 3.014668775244402910e-02
8.505500000000000000e+03 1.100611560860827740e+04 2.967008387581508005e-02
8.512500000000000000e+03 1.145180100899717945e+04 2.748099686057757507e-02
8.519500000000000000e+03 1.113698611686554977e+04 3.165577990677888309e-02
8.526500000000000000e+03 1.104481925566232530e+04 3.497125287944941735e-02
8.533500000000000000e+03 1.085572670715373170e+04 3.365260331763995222e-02
8.540500000000000000e+03 1.108174176637062010e+04 2.643646613109939397e-02
8.547500000000000000e+03 1.134377515762323492e+04 1.918671946070471535e-02
8.554500000000000000e+03 1.141886085120760254e+04 2.082641531391053735e-02
8.561500000000000000e+03 1.115603283710062897e+04 2.679225914764760477e-02
8.568500000000000000e+03 1.087212690575334454e+04 3.678360412161444520e-02
8.575500000000000000e+03 1.081646220894293765e+04 3.542505766512842741e-02
8.582500000000000000e+03 1.085232057986733162e+04 3.051524921077860761e-02
8.589500000000000000e+03 1.084288973892319700e+04 2.570333821322708101e-02
8.596500000000000000e+03 1.071825874110187033e+04 2.345928056623415234e-02
8.603500000000000000e+03 1.087608232364318974e+04 2.089742222403723551e-02
8.610500000000000000e+03 1.077393139505272302e+04 2.351406034032821335e-02
8.617500000000000000e+03 1.080895794456343720e+04 2.369822837054167547e-02
8.624500000000000000e+03 1.054242486839511184e+04 3.436823188601806356e-02
8.631500000000000000e+03 1.065827656153795215e+04 3.361198688101828952e-02
8.638500000000000000e+03 1.064366220782924938e+04 3.289987129772753427e-02
8.645500000000000000e+03 1.044475750655341108e+04 3.255063804300938057e-02
8.652500000000000000e+03 1.066892961483968611e+04 2.966902233268961867e-02
8.659500000000000000e+03 1.057404718373565811e+04 2.163973111606956601e-02
8.666500000000000000e+03 1.072409712299195780e+04 1.033624347692483313e-02
8.673500000000000000e+03 1.059249677333894033e+04 1.139468756257546421e-02
8.680500000000000000e+03 1.034886560484260190e+04 2.231077146795487978e-02
8.687500000000000000e+03 1.033043633130162561e+04 2.778475485468762454e-02
8.694500000000000000e+03 1.039771782564971545e+04 3.321998741822489859e-02
8.701500000000000000e+03 1.052963921836526788e+04 3.110339553707101856e-02
8.708500000000000000e+03 1.036038216438847485e+04 3.238548410016881679e-02
8.715500000000000000e+03 1.038583083204614741e+04 3.048441820688996967e-02
8.722500000000000000e+03 1.030909408803426777e+04 3.100098257499235913e-02
8.729500000000000000e+03 1.014463040544928117e+04 3.286029606155120575e-02
8.736500000000000000e+03 1.001932949318269493e+04 2.488045105261281476e-02
8.743500000000000000e+03 1.029133233076601937e+04 1.205387093048515199e-02
8.750500000000000000e+03 1.008468572928584399e+04 8.807429949465704275e-03
8.757500000000000000e+03 1.004299472969877388e+04 1.273685727780459430e-02
8.764500000000000000e+03 9.876280924068312743e+03 2.549736904319508182e-02
8.771500000000000000e+03 9.729676620561709569e+03 3.053525279986437843e-02
8.778500000000000000e+03 9.902180336801493468e+03 2.851614593355174601e-02
8.785500000000000000e+03 1.006045980423095170e+04 2.784023218748308062e-02
8.792500000000000000e+03 9.848348733186387108e+03 3.076889296931200821e-02
8.799500000000000000e+03 1.001241408417590355e+04 2.835718665897515520e-02
8.806500000000000000e+03 9.986441063080597814e+03 2.599811637357345162e-02
8.813500000000000000e+03 1.004292023696395154e+04 2.766934713062764103e-02
8.820500000000000000e+03 1.003223407529368342e+04 2.744160234549463881e-02
8.827500000000000000e+03 9.912317274524959430e+03 3.044538603000642232e-02
8.834500000000000000e+03 9.785838247989826414e+03 2.724439315147011986e-02
8.841500000000000000e+03 9.600715772590821871e+03 2.944825955588330907e-02
8.848500000000000000e+03 9.383750290551199214e+03 2.682353385965773745e-02
8.855500000000000000e+03 9.240631842740600405e+03 2.190843133667176937e-02
8.862500000000000000e+03 9.304095808657457383e+03 1.550328864994222032e-02
8.869500000000000000e+03 9.320878435056481976e+03 9.917613939325138975e-03
8.876500000000000000e+03 9.326140262243248799e+03 1.535660321351180364e-02
8.883500000000000000e+03 9.288851583510157070e+03 2.682906635333810394e-02
8.890500000000000000e+03 8.960407087534624225e+03 3.611030005393671416e-02
8.897500000000000000e+03 9.235831474328526383e+03 3.344687599546428830e-02
8.904500000000000000e+03 9.300360879180234406e+03 3.195612461340716082e-02
8.911500000000000000e+03 9.407821036185459889e+03 3.194917461882477994e-02
8.918500000000000000e+03 9.191494583304649495e+03 3.491450077970695981e-02
8.925500000000000000e+03 9.102970436209236141e+03 3.881087893211354611e-02
8.932500000000000000e+03 8.606474335343826169e+03 4.598280261684276060e-02
8.939500000000000000e+03 8.214027779047573858e+03 5.736429515020713410e-02
8.946500000000000000e+03 7.677902219070192587e+03 6.712718137536591301e-02
8.953500000000000000e+03 7.200056273718932061e+03 7.540209382484894252e-02
8.960500000000000000e+03 6.738488836912720217e+03 8.195692042214057504e-02
8.967500000000000000e+03 6.407426398926560069e+03 8.960759114132467451e-02
8.974500000000000000e+03 5.801356914505979148e+03 1.098100956759170826e-01
8.981500000000000000e+03 5.530640215106667711e+03 1.147900359299170170e-01
8.988500000000000000e+03 5.636785121809506563e+03 9.937520991630154066e-02
8.995500000000000000e+03 5.228155903495523489e+03 1.091518324839233639e-01
9.002500000000000000e+03 5.275231728535325601e+03 1.060738618376381448e-01
9.009500000000000000e+03 5.364775372096419233e+03 8.809009445542391459e-02
9.016500000000000000e+03 5.702486870074207218e+03 7.953299255298766635e-02
9.023500000000000000e+03 5.981226665707692518e+03 7.227909550725516996e-02
9.030500000000000000e+03 6.240131538492370055e+03 7.788474926558885958e-02
9.037500000000000000e+03 6.717634137408681454e+03 7.535075703622769183e-02
9.044500000000000000e+03 6.873473708842599990e+03 7.447285705712541892e-02
9.051500000000000000e+03 6.746858490237339538e+03 7.928296195287755366e-02
9.058500000000000000e+03 6.277800473294882067e+03 8.966506485010848626e-02
9.065500000000000000e+03 6.103992700729578246e+03 8.648722872161275499e-02
9.072500000000000000e+03 5.777787278411991792e+03 8.929923167877867884e-02
9.079500000000000000e+03 5.474823455481331621e+03 1.028329133784110228e-01
9.086500000000000000e+03 5.462419449608759351e+03 1.097469742496645917e-01
9.093500000000000000e+03 5.329759624147485738e+03 1.124969881902260771e-01
9.100500000000000000e+03 5.467954124502748527e+03 1.027244656223873648e-01
9.107500000000000000e+03 5.428882880347848186e+03 1.077641254498357265e-01
9.114500000000000000e+03 5.225860574573550366e+03 1.206450771414217665e-01
9.121500000000000000e+03 5.067234573123967493e+03 1.227200355207138244e-01
9.128500000000000000e+03 5.062647554315322850e+03 1.120409452125147171e-01
9.135500000000000000e+03 5.013891475648526466e+03 1.122304263545003816e-01
9.142500000000000000e+03 4.782117090668533820e+03 1.361923334345037928e-01
9.149500000000000000e+03 4.931712611839180681e+03 1.200786328405235998e-01
9.156500000000000000e+03 5.228089529251552449e+03 1.038725825220419841e-01
9.163500000000000000e+03 4.814478606639783720e+03 1.307142792937273923e-01
9.170500000000000000e+03 4.997262987216920919e+03 1.152359077086246991e-01
9.177500000000000000e+03 5.413459055056540819e+03 9.307421538068452738e-02
9.184500000000000000e+03 5.437462487553788378e+03 9.777970605405575388e-02
9.191500000000000000e+03 5.785555701092703202e+03 9.017272764844459776e-02
9.198500000000000000e+03 5.954606599989368988e+03 8.063828066225496582e-02
9.205500000000000000e+03 6.047809921126820882e+03 7.800688376438671967e-02
9.212500000000000000e+03 5.908276526858113357e+03 6.882059606036131094e-02
9.219500000000000000e+03 5.877390343408789704e+03 5.865115922887736283e-02
9.226500000000000000e+03 5.745010234179062536e+03 5.659248149960760532e-02
9.233500000000000000e+03 5.627230122544793630e+03 5.948419366094233329e-02
9.240500000000000000e+03 5.522442865957677895e+03 7.018925185853702731e-02
9.247500000000000000e+03 5.518965785709146985e+03 8.065670247262593517e-02
9.254500000000000000e+03 5.614299286846573523e+03 8.870071011859449739e-02
9.261500000000000000e+03 5.458841694480212936e+03 9.416497266069692729e-02
9.268500000000000000e+03 5.015299857625564073e+03 1.131368039306720058e-01
9.275500000000000000e+03 4.613823389372531892e+03 1.224575214886618885e-01
9.282500000000000000e+03 4.060909906074058199e+03 1.430985980802631508e-01
9.289500000000000000e+03 3.381486425828900337e+03 1.756611444842375580e-01
9.296500000000000000e+03 3.050117292022327547e+03 1.906136528732545465e-01
9.303500000000000000e+03 2.427526998381837984e+03 2.208765231913802918e-01
9.310500000000000000e+03 2.067589185592496960e+03 2.448460755122914834e-01
9.317500000000000000e+03 1.701687969037876655e+03 2.644789982672304252e-01
9.324500000000000000e+03 1.262933331511769666e+03 3.201507423019945842e-01
9.331500000000000000e+03 9.844734974803279783e+02 3.646223285892380983e-01
9.338500000000000000e+03 1.012377527936411752e+03 3.308556867981553573e-01
9.345500000000000000e+03 9.518806762214971968e+02 3.484998145631555411e-01
9.352500000000000000e+03 9.317019421217879653e+02 3.703014275204363770e-01
9.359500000000000000e+03 9.781586270313380282e+02 3.673705210390170173e-01
9.366500000000000000e+03 9.864532476425562209e+02 3.598733227652045619e-01
9.373500000000000000e+03 1.240476682281790090e+03 2.987061688612233645e-01
9.380500000000000000e+03 1.629326089918413800e+03 2.480849140115380658e-01
9.387500000000000000e+03 1.964737551275597525e+03 2.558079064263533153e-01
9.394500000000000000e+03 2.113672402104973571e+03 2.635935917604558254e-01
9.401500000000000000e+03 2.414513313857687990e+03 2.215172689900287706e-01
9.408500000000000000e+03 2.369709222698066696e+03 2.163370084632660340e-01
9.415500000000000000e+03 2.100197106128066480e+03 2.464748336545074803e-01
9.422500000000000000e+03 1.923179252504735587e+03 2.434758020730339312e-01
9.429500000000000000e+03 1.786181906696271653e+03 2.438069137706535272e-01
9.436500000000000000e+03 1.681814021564322957e+03 2.444458363928202482e-01
9.443500000000000000e+03 1.630802441499425868e+03 2.518778164469875347e-01
9.450500000000000000e+03 1.420694396231276187e+03 2.995468551467340146e-01
9.457500000000000000e+03 1.570575954786756483e+03 2.625450967471980035e-01
9.464500000000000000e+03 1.610317915917467417e+03 2.648195298427494793e-01
9.471500000000000000e+03 1.646231650310480290e+03 2.737311739463125226e-01
9.478500000000000000e+03 1.857867137880051814e+03 2.442508431424105231e-01
9.485500000000000000e+03 1.733534932402046252e+03 2.721951896791188208e-01
9.492500000000000000e+03 1.786215290350260148e+03 2.418618989388907348e-01
9.499500000000000000e+03 1.951521339365190670e+03 1.947680008284084219e-01
9.506500000000000000e+03 1.592353171781472611e+03 2.845678031122061968e-01
9.513500000000000000e+03 1.568691638880106211e+03 2.885468759908030312e-01
9.520500000000000000e+03 1.835388133345712959e+03 2.218243317451928376e-01
9.527500000000000000e+03 1.684504214230763864e+03 2.473238591684298326e-01
9.534500000000000000e+03 1.645043791437442678e+03 2.661667697403505284e-01
9.541500000000000000e+03 1.777453929997353725e+03 2.260141291558727672e-01
9.548500000000000000e+03 1.799479504037717106e+03 2.025695502691843841e-01
9.555500000000000000e+03 1.774766843404250039e+03 2.050538166712372601e-01
9.562500000000000000e+03 1.929077872687960053e+03 1.973091549523046107e-01
9.569500000000000000e+03 1.969852190150978686e+03 2.196428106065783092e-01
9.576500000000000000e+03 1.916216265984896609e+03 2.433702957579558790e-01
9.583500000000000000e+03 2.060098179414456808e+03 2.113834278821076773e-01
9.590500000000000000e+03 2.155239839172078973e+03 1.792962427682185944e-01
9.597500000000000000e+03 2.154164167110889139e+03 2.008249522497388695e-01
9.604500000000000000e+03 2.249483341143329199e+03 2.104180849651867136e-01
9.611500000000000000e+03 2.403333251388086865e+03 1.990903715925516626e-01
9.618500000000000000e+03 2.650619802122632336e+03 1.645100814825476709e-01
9.625500000000000000e+03 2.711042613702215021e+03 1.654649791696792549e-01
9.632500000000000000e+03 2.636488433967838773e+03 1.719288471754259751e-01
9.639500000000000000e+03 2.828631619916375257e+03 1.409790044968177170e-01
9.646500000000000000e+03 2.792566218843562183e+03 1.484965524943800130e-01
9.653500000000000000e+03 2.820016384430565722e+03 1.652146632762364065e-01
9.660500000000000000e+03 3.120885884883232393e+03 1.276353595506474481e-01
9.667500000000000000e+03 3.530532033494419920e+03 1.084120600355089753e-01
9.674500000000000000e+03 3.658225997975275277e+03 1.098240218799971940e-01
9.681500000000000000e+03 3.969189975404463439e+03 9.106724615886731267e-02
9.688500000000000000e+03 4.174340156122361805e+03 8.511818632136035345e-02
9.695500000000000000e+03 4.302824315662757726e+03 7.580077292840436964e-02
9.702500000000000000e+03 4.432190925392813369e+03 6.681087870051069522e-02
9.709500000000000000e+03 4.275872154068811142e+03 7.416648077150921059e-02
9.716500000000000000e+03 4.137155510796829731e+03 7.772528202047329637e-02
9.723500000000000000e+03 3.944580426992870798e+03 8.442225777154666044e-02
9.730500000000000000e+03 3.736258113307628719e+03 8.792363760905838599e-02
9.737500000000000000e+03 3.633118461864008623e+03 8.710167959879393240e-02
9.744500000000000000e+03 3.455180768802367766e+03 1.002248797793884177e-01
9.751500000000000000e+03 3.484025051361378246e+03 9.347226649725301484e-02
9.758500000000000000e+03 3.594862751214968739e+03 8.641818193934158732e-02
9.765500000000000000e+03 3.577614325022826051e+03 9.124633624574925161e-02
9.772500000000000000e+03 3.696956382429294536e+03 9.297203270527852614e-02
9.779500000000000000e+03 3.787172149339834050e+03 8.089771715687432696e-02
9.786500000000000000e+03 3.813488283843062618e+03 7.378977615300537363e-02
9.793500000000000000e+03 3.840113501178977913e+03 6.967399623331008152e-02
9.800500000000000000e+03 3.954867992306981705e+03 6.269102869326736993e-02
9.807500000000000000e+03 3.946409426593738772e+03 6.940703038894721622e-02
9.814500000000000000e+03 3.989767600903021503e+03 6.745811864440694194e-02
9.821500000000000000e+03 4.185920076624314788e+03 5.285498400378079581e-02
9.828500000000000000e+03 4.157575631802626049e+03 5.123810154064720179e-02
9.835500000000000000e+03 4.131957096210992859e+03 5.076389199436838473e-02
9.842500000000000000e+03 4.203552906349394107e+03 4.446712010826335548e-02
9.849500000000000000e+03 4.294078284803904353e+03 4.075009205929955303e-02
9.856500000000000000e+03 4.275937457287935104e+03 3.893635619960644778e-02
9.863500000000000000e+03 4.265467256336012724e+03 3.519829532761585555e-02
9.870500000000000000e+03 4.461508264063025308e+03 2.657975751181671994e-02
9.877500000000000000e+03 4.337915554708704803e+03 2.952241223228307260e-02
9.884500000000000000e+03 4.309631723032740410e+03 2.657262892607101593e-02
9.891500000000000000e+03 4.281700205552506304e+03 2.474312869830172512e-02
9.898500000000000000e+03 4.427388140957352334e+03 2.341055590708831374e-02
9.905500000000000000e+03 4.350482577856502758e+03 2.265291253509841771e-02
9.912500000000000000e+03 4.248610713973598649e+03 2.445484985939197151e-02
9.919500000000000000e+03 4.124505787867377876e+03 2.706114298269503976e-02
9.926500000000000000e+03 4.229981129395538119e+03 1.999143648535420259e-02
9.933500000000000000e+03 4.253156339431313427e+03 2.245129119632496839e-02
9.940500000000000000e+03 4.127586785517412864e+03 2.686148867135611587e-02
9.947500000000000000e+03 4.125431415818486130e+03 2.314409133720140427e-02
9.954500000000000000e+03 4.103119333101395569e+03 2.010427864032188205e-02
9.961500000000000000e+03 4.129567857681696296e+03 1.620603613083401728e-02
9.968500000000000000e+03 3.921954127054337732e+03 2.183559255607052385e-02
9.975500000000000000e+03 3.922793011301540446e+03 1.830971056961325227e-02
9.982500000000000000e+03 3.830012537333308501e+03 1.993158761531106660e-02
9.989500000000000000e+03 3.859614133342632158e+03 1.469374281153921352e-02
9.996500000000000000e+03 3.821047201170021253e+03 1.258883947083973623e-02
