# wavelength angstroms, flux, ext coeff
5.551500000000000000e+03 6.275888124286866514e+03 1.539254494739213941e-01
5.558500000000000000e+03 6.489462198055737645e+03 1.472999350701746368e-01
5.565500000000000000e+03 6.665704113477724604e+03 1.402963340787835578e-01
5.572500000000000000e+03 6.735373021026554852e+03 1.397076320562008755e-01
5.579500000000000000e+03 6.934214898250130318e+03 1.405169239506049161e-01
5.586500000000000000e+03 6.933036993367481045e+03 1.391959770630482873e-01
5.593500000000000000e+03 7.029503277814636931e+03 1.377592139579675856e-01
5.600500000000000000e+03 7.033590758006135729e+03 1.397352353622067223e-01
5.607500000000000000e+03 7.020286535907702273e+03 1.412624143928481735e-01
5.614500000000000000e+03 7.159608290576823492e+03 1.405288114836666102e-01
5.621500000000000000e+03 7.137877855858278053e+03 1.401497053329962550e-01
5.628500000000000000e+03 7.384060831819349005e+03 1.369137423423675282e-01
5.635500000000000000e+03 7.252721490431639722e+03 1.412913432825362303e-01
5.642500000000000000e+03 7.256098873336389261e+03 1.404249118265210872e-01
5.649500000000000000e+03 7.271038004626253496e+03 1.402867720080535618e-01
5.656500000000000000e+03 7.411198404501296864e+03 1.404717415935253233e-01
5.663500000000000000e+03 7.351900625756231420e+03 1.400173368255480111e-01
5.670500000000000000e+03 7.388813804342543335e+03 1.414391795474158608e-01
5.677500000000000000e+03 7.387184529552991989e+03 1.422917105762324941e-01
5.684500000000000000e+03 7.422216956818229846e+03 1.414415543865901737e-01
5.691500000000000000e+03 7.402703985466740050e+03 1.417190338874515509e-01
5.698500000000000000e+03 7.421178151963495111e+03 1.423318537356821900e-01
5.705500000000000000e+03 7.581929405045494605e+03 1.395895910227090975e-01
5.712500000000000000e+03 7.597056755606441584e+03 1.413980562914085581e-01
5.719500000000000000e+03 7.613955218210466228e+03 1.412545872140537617e-01
5.726500000000000000e+03 7.553457408191450668e+03 1.416561053890331989e-01
5.733500000000000000e+03 7.710966939394197652e+03 1.396158626126286495e-01
5.740500000000000000e+03 7.669469876881332311e+03 1.397858441776026472e-01
5.747500000000000000e+03 7.689420639578647751e+03 1.387546141500510810e-01
5.754500000000000000e+03 7.801314131578316847e+03 1.369062420525731794e-01
5.761500000000000000e+03 7.758763412768963462e+03 1.398920871985148418e-01
5.768500000000000000e+03 7.928165555356398727e+03 1.369422402543959139e-01
5.775500000000000000e+03 7.879778369227236908e+03 1.348552420505855498e-01
5.782500000000000000e+03 7.935344739745898551e+03 1.353557342288450038e-01
5.789500000000000000e+03 7.937860703532350271e+03 1.362782605047085649e-01
5.796500000000000000e+03 7.980371997908374397e+03 1.347587110336826710e-01
5.803500000000000000e+03 8.004506168390224047e+03 1.344092886172005563e-01
5.810500000000000000e+03 8.146439418209145515e+03 1.320772002805782608e-01
5.817500000000000000e+03 8.200554756690287832e+03 1.326895904474082732e-01
5.824500000000000000e+03 8.113825689545115893e+03 1.326783989699795441e-01
5.831500000000000000e+03 8.141740230308784703e+03 1.309127980509850742e-01
5.838500000000000000e+03 8.273671124615420922e+03 1.314709135816321262e-01
5.845500000000000000e+03 8.168930966471184547e+03 1.334757081238258647e-01
5.852500000000000000e+03 8.157930217697050466e+03 1.331659631118085885e-01
5.859500000000000000e+03 8.332325962205923133e+03 1.307953892990894595e-01
5.866500000000000000e+03 8.158586835379742297e+03 1.321302596815753794e-01
5.873500000000000000e+03 8.108063623863319663e+03 1.338418554121091342e-01
5.880500000000000000e+03 7.925686478405702474e+03 1.395353757564623542e-01
5.887500000000000000e+03 7.833209737862223847e+03 1.408543735287567933e-01
5.894500000000000000e+03 7.733279027197439973e+03 1.435315301668564636e-01
5.901500000000000000e+03 7.712660569106523326e+03 1.450595117834112269e-01
5.908500000000000000e+03 7.732470882280683327e+03 1.466796033946633493e-01
5.915500000000000000e+03 7.820416934621945984e+03 1.427852226955315107e-01
5.922500000000000000e+03 7.806308934097669407e+03 1.412822562461329423e-01
5.929500000000000000e+03 7.898204032836732949e+03 1.437105321626960253e-01
5.936500000000000000e+03 7.956262636799576285e+03 1.420537469111665674e-01
5.943500000000000000e+03 7.912794303117711934e+03 1.410547347153663367e-01
5.950500000000000000e+03 7.894237034156961272e+03 1.405276472600784365e-01
5.957500000000000000e+03 7.842533585686934202e+03 1.402628517561249344e-01
5.964500000000000000e+03 7.922680281094153543e+03 1.392852743352219480e-01
5.971500000000000000e+03 8.123796010814037800e+03 1.347868978384691996e-01
5.978500000000000000e+03 8.037218038040037754e+03 1.366516165725772114e-01
5.985500000000000000e+03 8.132755807952905343e+03 1.343571908224875933e-01
5.992500000000000000e+03 8.127291102370317276e+03 1.309251773097247495e-01
5.999500000000000000e+03 8.221480349337365624e+03 1.291783317860486224e-01
6.006500000000000000e+03 8.221311376244515486e+03 1.300940252849482892e-01
6.013500000000000000e+03 8.261061719885859929e+03 1.287085283731373986e-01
6.020500000000000000e+03 8.264302039825033717e+03 1.280150382581547452e-01
6.027500000000000000e+03 8.301215731884631168e+03 1.273492232630900611e-01
6.034500000000000000e+03 8.496890012918773209e+03 1.254942181175750515e-01
6.041500000000000000e+03 8.333441598008777873e+03 1.263211094774183141e-01
6.048500000000000000e+03 8.381976779387703573e+03 1.257856157082897219e-01
6.055500000000000000e+03 8.427685629124711340e+03 1.234206622700843303e-01
6.062500000000000000e+03 8.370140129102150240e+03 1.239860041925941736e-01
6.069500000000000000e+03 8.374754910458859740e+03 1.231009589112745523e-01
6.076500000000000000e+03 8.402760997999754181e+03 1.220402050120458354e-01
6.083500000000000000e+03 8.388178026536523248e+03 1.221427429516534213e-01
6.090500000000000000e+03 8.473860550543458885e+03 1.225327004477808485e-01
6.097500000000000000e+03 8.560210221805900801e+03 1.192616308039119721e-01
6.104500000000000000e+03 8.577311494965548263e+03 1.190291104816270235e-01
6.111500000000000000e+03 8.612298985633849952e+03 1.171061752636856634e-01
6.118500000000000000e+03 8.456133438218908850e+03 1.173064270597318631e-01
6.125500000000000000e+03 8.579910816117155264e+03 1.147686581357976188e-01
6.132500000000000000e+03 8.631544652967520960e+03 1.162449610618352530e-01
6.139500000000000000e+03 8.598296778922256635e+03 1.139599296060566647e-01
6.146500000000000000e+03 8.614764588338990507e+03 1.134490121103470806e-01
6.153500000000000000e+03 8.399672325949124570e+03 1.162714053830167654e-01
6.160500000000000000e+03 8.796621825056448870e+03 1.099960127317649167e-01
6.167500000000000000e+03 8.766354634247119975e+03 1.104740352858685770e-01
6.174500000000000000e+03 8.663499749497679659e+03 1.111684108625770329e-01
6.181500000000000000e+03 8.678500218944151129e+03 1.107572947210208186e-01
6.188500000000000000e+03 8.665132771144215440e+03 1.099714783388435202e-01
6.195500000000000000e+03 8.823870335297749989e+03 1.079913790240105559e-01
6.202500000000000000e+03 8.930539539889918160e+03 1.072660783738577789e-01
6.209500000000000000e+03 8.703477284983224308e+03 1.070330162046395361e-01
6.216500000000000000e+03 8.777011085049922258e+03 1.066227916363603340e-01
6.223500000000000000e+03 8.762326991606685624e+03 1.084089501505020731e-01
6.230500000000000000e+03 8.861944472444920393e+03 1.041394201949725484e-01
6.237500000000000000e+03 8.849807182540544090e+03 1.032502152465395590e-01
6.244500000000000000e+03 8.805193926227560951e+03 1.024389476255760656e-01
6.251500000000000000e+03 8.990692285546849234e+03 1.025003113840199098e-01
6.258500000000000000e+03 8.479177482857421637e+03 1.081808885531120590e-01
6.265500000000000000e+03 8.679652614208389423e+03 1.109675902839152017e-01
6.272500000000000000e+03 8.576874085820370965e+03 1.089071439145965631e-01
6.279500000000000000e+03 8.395627095137246215e+03 1.124743964688096204e-01
6.286500000000000000e+03 8.417377447331256917e+03 1.152927679539623440e-01
6.293500000000000000e+03 8.548308967039873096e+03 1.117977982944445836e-01
6.300500000000000000e+03 8.498139804154252488e+03 1.101317911683692141e-01
6.307500000000000000e+03 8.735547071092651095e+03 1.041189341783092664e-01
6.314500000000000000e+03 8.559827652313273575e+03 1.060242512356685679e-01
6.321500000000000000e+03 8.609723691980305375e+03 1.045377845603435440e-01
6.328500000000000000e+03 8.840033124499794212e+03 9.948867167510934417e-02
6.335500000000000000e+03 8.841536655335816249e+03 1.003368291853355548e-01
6.342500000000000000e+03 8.924186230254608745e+03 9.830403874387205754e-02
6.349500000000000000e+03 8.935644886442214556e+03 9.792552129163904773e-02
6.356500000000000000e+03 8.701963980977674510e+03 9.529850044687003530e-02
6.363500000000000000e+03 8.894937874024572011e+03 9.454099313137202809e-02
6.370500000000000000e+03 8.897178045734839543e+03 9.619537836449307266e-02
6.377500000000000000e+03 8.968390057996150063e+03 9.413391370250499823e-02
6.384500000000000000e+03 9.053170241182331665e+03 9.566714054958032343e-02
6.391500000000000000e+03 8.916898954098625836e+03 9.415285718669234860e-02
6.398500000000000000e+03 8.844490435761548724e+03 9.298382457899809217e-02
6.405500000000000000e+03 9.051251512250439191e+03 9.041309977755135341e-02
6.412500000000000000e+03 9.013346250495271306e+03 9.071709475263521616e-02
6.419500000000000000e+03 9.059476910328152371e+03 8.999395706410510953e-02
6.426500000000000000e+03 8.899573474997527228e+03 9.179720052269360608e-02
6.433500000000000000e+03 8.936931025773032161e+03 9.173132566601016613e-02
6.440500000000000000e+03 9.024912515516047279e+03 9.088489426904843016e-02
6.447500000000000000e+03 8.876473092458347310e+03 9.226374675222616395e-02
6.454500000000000000e+03 8.766161826439076322e+03 9.278184956356246016e-02
6.461500000000000000e+03 8.789802865238061713e+03 9.453262376895274488e-02
6.468500000000000000e+03 8.829068089493648586e+03 9.536981906572551682e-02
6.475500000000000000e+03 8.479116057976641969e+03 9.959907058394337764e-02
6.482500000000000000e+03 8.621341161977863521e+03 9.655251097956754625e-02
6.489500000000000000e+03 8.642826352966536433e+03 9.513044661297133386e-02
6.496500000000000000e+03 8.508650251692313759e+03 9.557654214479584243e-02
6.503500000000000000e+03 8.549314172028001849e+03 9.608077310445861663e-02
6.510500000000000000e+03 8.548956378634005887e+03 9.220282398313424388e-02
6.517500000000000000e+03 8.368985971428850462e+03 9.223507027338563591e-02
6.524500000000000000e+03 8.124613674759115383e+03 9.528421093918219842e-02
6.531500000000000000e+03 8.110698574406260377e+03 9.584226756707039940e-02
6.538500000000000000e+03 7.758997070959085249e+03 9.301780521281741154e-02
6.545500000000000000e+03 7.336252489492710993e+03 9.324293901615249291e-02
6.552500000000000000e+03 6.882115546554660796e+03 8.837635176932540082e-02
6.559500000000000000e+03 6.652739494208755787e+03 7.489074998194332478e-02
6.566500000000000000e+03 6.650582977209253841e+03 6.027136629194351780e-02
6.573500000000000000e+03 6.930652726002575946e+03 6.043278857130948006e-02
6.580500000000000000e+03 7.088460431225596949e+03 7.463604423885789041e-02
6.587500000000000000e+03 7.533356521146500199e+03 9.220916381451257915e-02
6.594500000000000000e+03 7.859465554646307282e+03 9.488974953236589682e-02
6.601500000000000000e+03 8.478432273171330962e+03 8.651677572441270059e-02
6.608500000000000000e+03 8.824887981855456019e+03 8.102015669345688509e-02
6.615500000000000000e+03 8.915614701002854417e+03 7.792991556230710604e-02
6.622500000000000000e+03 9.007338114327658332e+03 7.881607827175145242e-02
6.629500000000000000e+03 9.179075798090405442e+03 7.536663818358720068e-02
6.636500000000000000e+03 9.208642922754959727e+03 7.552408136615605672e-02
6.643500000000000000e+03 9.204909967819452504e+03 7.793122757223644448e-02
6.650500000000000000e+03 9.078870194067128978e+03 7.540543507139702006e-02
6.657500000000000000e+03 9.103372630438363558e+03 7.357992811918419307e-02
6.664500000000000000e+03 9.234940165585006980e+03 7.316566806954263869e-02
6.671500000000000000e+03 9.008494542890486628e+03 7.363633129711905090e-02
6.678500000000000000e+03 9.244925097198398362e+03 7.359078580283917592e-02
6.685500000000000000e+03 9.192199605224153856e+03 7.260180329663788734e-02
6.692500000000000000e+03 9.042181203718826509e+03 7.131361106535924477e-02
6.699500000000000000e+03 9.294276930605030429e+03 7.023671027828798374e-02
6.706500000000000000e+03 9.279944069368255441e+03 7.126438767073074720e-02
6.713500000000000000e+03 9.157409410715086779e+03 7.038522451269352276e-02
6.720500000000000000e+03 8.990970605509903180e+03 7.076769709647316720e-02
6.727500000000000000e+03 9.135642621553559366e+03 7.051428052922810441e-02
6.734500000000000000e+03 9.216948176571429940e+03 7.008233383988198006e-02
6.741500000000000000e+03 9.219774196218564612e+03 7.023989496011345812e-02
6.748500000000000000e+03 9.151765801812613063e+03 6.971928447480069124e-02
6.755500000000000000e+03 9.298875354409839929e+03 6.937555853823670904e-02
6.762500000000000000e+03 9.191687192010260333e+03 6.685629470686893505e-02
6.769500000000000000e+03 9.036278256608200536e+03 6.789355809001089426e-02
6.776500000000000000e+03 9.155169941426413061e+03 6.608892465263298266e-02
6.783500000000000000e+03 9.267437953038213891e+03 6.761139471439799042e-02
6.790500000000000000e+03 9.150162168480812397e+03 6.530350211675038652e-02
6.797500000000000000e+03 9.162186351147252935e+03 6.742183329882420195e-02
6.804500000000000000e+03 9.097176927794856965e+03 6.679882640258097415e-02
6.811500000000000000e+03 9.086262296790622713e+03 6.630555509645366663e-02
6.818500000000000000e+03 9.024318580636554543e+03 6.708885433362622719e-02
6.825500000000000000e+03 9.086717721780894863e+03 6.494185226868097460e-02
6.832500000000000000e+03 9.040105496215546736e+03 6.637350361124483289e-02
6.839500000000000000e+03 9.021189061043078254e+03 6.672987721538446715e-02
6.846500000000000000e+03 8.852292101910084966e+03 7.208878087280173874e-02
6.853500000000000000e+03 8.226359156868758873e+03 9.175725267460707602e-02
6.860500000000000000e+03 7.341633129301792906e+03 1.105055380888118888e-01
6.867500000000000000e+03 6.987152132844960761e+03 8.597540340381934487e-02
6.874500000000000000e+03 6.600717643260964905e+03 9.551184615424099245e-02
6.881500000000000000e+03 6.100854599641053028e+03 1.350501089653085018e-01
6.888500000000000000e+03 6.456251910619872433e+03 1.284856032772525303e-01
6.895500000000000000e+03 6.809479615242539694e+03 1.079649698675958225e-01
6.902500000000000000e+03 7.168565730442116546e+03 1.040281452004144097e-01
6.909500000000000000e+03 7.232713657750136008e+03 1.031468495817313702e-01
6.916500000000000000e+03 7.448893221903330414e+03 9.960322451424538648e-02
6.923500000000000000e+03 7.588551306246537933e+03 9.335188157610689597e-02
6.930500000000000000e+03 7.765693161126962877e+03 9.311926537020083494e-02
6.937500000000000000e+03 7.684867015921186066e+03 9.158921373640328822e-02
6.944500000000000000e+03 7.622780204002139726e+03 8.921801335234154362e-02
6.951500000000000000e+03 7.936891018175186218e+03 8.433904163612460092e-02
6.958500000000000000e+03 8.053443817530622255e+03 8.052021094224245945e-02
6.965500000000000000e+03 8.293544514599645481e+03 7.513721870217113241e-02
6.972500000000000000e+03 8.199817743392452030e+03 7.535714930930537125e-02
6.979500000000000000e+03 8.451437374005046877e+03 7.347083256965768194e-02
6.986500000000000000e+03 8.183757843772223168e+03 7.519383982849354997e-02
6.993500000000000000e+03 8.055152135950669617e+03 7.657673077746741941e-02
7.000500000000000000e+03 8.036824145426095129e+03 7.878691263866356709e-02
7.007500000000000000e+03 8.087893318790346711e+03 7.846668306095969103e-02
7.014500000000000000e+03 8.165549014689031537e+03 7.556910856975507240e-02
7.021500000000000000e+03 8.089765630266583685e+03 7.489520584773778911e-02
7.028500000000000000e+03 8.013859514423061228e+03 7.459183213286556258e-02
7.035500000000000000e+03 8.164704027026627955e+03 7.258056662954444349e-02
7.042500000000000000e+03 8.234236204146212913e+03 6.895019040116689979e-02
7.049500000000000000e+03 8.269902421314092862e+03 6.859797046783806806e-02
7.056500000000000000e+03 8.199878599056379244e+03 6.599252776147300492e-02
7.063500000000000000e+03 8.236439145237700359e+03 6.530258171641950549e-02
7.070500000000000000e+03 8.304926392264260357e+03 6.440323068717784816e-02
7.077500000000000000e+03 8.462975084129155221e+03 6.159997727276340929e-02
7.084500000000000000e+03 8.356368101759942874e+03 6.254552193564566487e-02
7.091500000000000000e+03 8.258921660787660585e+03 6.156581103150898793e-02
7.098500000000000000e+03 8.235999050093245387e+03 6.227966769641252870e-02
7.105500000000000000e+03 8.357695277725761116e+03 5.858553614434572343e-02
7.112500000000000000e+03 8.392770674111319749e+03 5.858433389981430178e-02
7.119500000000000000e+03 8.355192955676688143e+03 5.716984682796157069e-02
7.126500000000000000e+03 8.156518450437821230e+03 5.993338213329357095e-02
7.133500000000000000e+03 8.213312360617192098e+03 6.119116035327414049e-02
7.140500000000000000e+03 8.294332891800650032e+03 6.060324084287829760e-02
7.147500000000000000e+03 7.962768367756872067e+03 6.724566288505612333e-02
7.154500000000000000e+03 7.580497663339346218e+03 7.763680492743123274e-02
7.161500000000000000e+03 7.236098656900822789e+03 9.030622238941642121e-02
7.168500000000000000e+03 6.676052449145193350e+03 1.001128301852048513e-01
7.175500000000000000e+03 6.221147784227447119e+03 1.110693556646979302e-01
7.182500000000000000e+03 5.969802593784458622e+03 1.177205278537487299e-01
7.189500000000000000e+03 5.679439441655224982e+03 1.230172468010647530e-01
7.196500000000000000e+03 5.909183029189912304e+03 1.160509671848572594e-01
7.203500000000000000e+03 6.128952369827490656e+03 1.056474398364294215e-01
7.210500000000000000e+03 6.387533665831742837e+03 1.053548680428061102e-01
7.217500000000000000e+03 6.542433269610407478e+03 1.054269130845993246e-01
7.224500000000000000e+03 6.656090894878281688e+03 9.937785715436761591e-02
7.231500000000000000e+03 6.556407677993246580e+03 9.163373464955829051e-02
7.238500000000000000e+03 6.347339862045999325e+03 9.679650005004100666e-02
7.245500000000000000e+03 6.126012182169976768e+03 1.084064241075936852e-01
7.252500000000000000e+03 6.155418831062588652e+03 1.100680697373973560e-01
7.259500000000000000e+03 6.043508184877739041e+03 1.123267853010772588e-01
7.266500000000000000e+03 6.180922307599654232e+03 1.105631778048110775e-01
7.273500000000000000e+03 6.143475231364598585e+03 1.034171446271244660e-01
7.280500000000000000e+03 6.183964167565114622e+03 1.036849761563872624e-01
7.287500000000000000e+03 6.201607681089066318e+03 1.054171691900608471e-01
7.294500000000000000e+03 6.353672874666091047e+03 9.870149832120143907e-02
7.301500000000000000e+03 6.320343818742240728e+03 9.897151394551524650e-02
7.308500000000000000e+03 6.503749689076083996e+03 9.338442696658337538e-02
7.315500000000000000e+03 6.697343473858340985e+03 8.601726132741595310e-02
7.322500000000000000e+03 6.921245004669475748e+03 8.163626687199632137e-02
7.329500000000000000e+03 7.170866849496547729e+03 7.588228477220304580e-02
7.336500000000000000e+03 7.261775862486219921e+03 6.883987469807337223e-02
7.343500000000000000e+03 7.171957575710745004e+03 6.848390217053917928e-02
7.350500000000000000e+03 7.377406857366263466e+03 6.358512227562904129e-02
7.357500000000000000e+03 7.206077002179375086e+03 6.415906461684689477e-02
7.364500000000000000e+03 7.400242381172157366e+03 6.228384916148197586e-02
7.371500000000000000e+03 7.347558409341714651e+03 5.941286550605759387e-02
7.378500000000000000e+03 7.289866750715284979e+03 6.039321848290313266e-02
7.385500000000000000e+03 7.488408223403145712e+03 5.773748550997542806e-02
7.392500000000000000e+03 7.357186802384565453e+03 5.573850459732166557e-02
7.399500000000000000e+03 7.378484311858780529e+03 5.381212975815641286e-02
7.406500000000000000e+03 7.444884714174083456e+03 5.185315375401131771e-02
7.413500000000000000e+03 7.599845265634432508e+03 4.941743049643854829e-02
7.420500000000000000e+03 7.570658387669840522e+03 4.865074610833550195e-02
7.427500000000000000e+03 7.549836802549158165e+03 4.664552918278906668e-02
7.434500000000000000e+03 7.591336848023214770e+03 4.505190141434974038e-02
7.441500000000000000e+03 7.519760185944931436e+03 4.611285125294844328e-02
7.448500000000000000e+03 7.517055015579581777e+03 4.587982739237492225e-02
7.455500000000000000e+03 7.519810227980261516e+03 4.375278203388383025e-02
7.462500000000000000e+03 7.467779595014096230e+03 4.465916990060088410e-02
7.469500000000000000e+03 7.426958192397292805e+03 4.504403250259860630e-02
7.476500000000000000e+03 7.318033773487941289e+03 4.326849016916992779e-02
7.483500000000000000e+03 7.360632126033467102e+03 4.300415581367477563e-02
7.490500000000000000e+03 7.374530432137928074e+03 4.294209494423107537e-02
7.497500000000000000e+03 7.447421973853329291e+03 4.211467331817370097e-02
7.504500000000000000e+03 7.339031458700451367e+03 4.266729244600282744e-02
7.511500000000000000e+03 7.141432901975997083e+03 4.299304792678858983e-02
7.518500000000000000e+03 7.388800381261715302e+03 4.142172538448727487e-02
7.525500000000000000e+03 7.241561583671996232e+03 4.363170808372734272e-02
7.532500000000000000e+03 7.181764646159243966e+03 4.261916591551550421e-02
7.539500000000000000e+03 7.201910521798836271e+03 4.032231073389682535e-02
7.546500000000000000e+03 7.049910262103378045e+03 4.305800147374601317e-02
7.553500000000000000e+03 7.094762374375210129e+03 4.229507008579017763e-02
7.560500000000000000e+03 7.065942583438308247e+03 4.249153898126346168e-02
7.567500000000000000e+03 7.008763019572007579e+03 4.680781150714745376e-02
7.574500000000000000e+03 6.463301670016103344e+03 6.549554561536591324e-02
7.581500000000000000e+03 5.418650240890363420e+03 1.148208585029419082e-01
7.588500000000000000e+03 3.902840417501003230e+03 1.681157136848948352e-01
7.595500000000000000e+03 2.916251040206669586e+03 1.244414697064512715e-01
7.602500000000000000e+03 2.259139939707802114e+03 6.437004685834860074e-02
7.609500000000000000e+03 1.408842518159819292e+03 2.434144066221285152e-01
7.616500000000000000e+03 1.183906826800923454e+03 3.950201909219110408e-01
7.623500000000000000e+03 1.449390862253236264e+03 3.558178683321234770e-01
7.630500000000000000e+03 1.787548018073609683e+03 2.696077023951331531e-01
7.637500000000000000e+03 1.995334947932097293e+03 2.426877686144306989e-01
7.644500000000000000e+03 2.283045291488646853e+03 2.254273925862157191e-01
7.651500000000000000e+03 2.917904173141889260e+03 1.923809399200089032e-01
7.658500000000000000e+03 3.602801063110539872e+03 1.566403452251254047e-01
7.665500000000000000e+03 4.293177348905950566e+03 1.238758091720520427e-01
7.672500000000000000e+03 4.841347728159715189e+03 9.916457106885244455e-02
7.679500000000000000e+03 5.406491337321756873e+03 8.168107806518333514e-02
7.686500000000000000e+03 5.699142502913365206e+03 6.890201956182209764e-02
7.693500000000000000e+03 5.993217816412688990e+03 5.756905103672992768e-02
7.700500000000000000e+03 6.097713803699271921e+03 5.398220067400489458e-02
7.707500000000000000e+03 6.156538829877372336e+03 5.189726385951032306e-02
7.714500000000000000e+03 6.141203498767364181e+03 4.734268373718612810e-02
7.721500000000000000e+03 6.294395031255730828e+03 4.250075403745259828e-02
7.728500000000000000e+03 6.208237740161716829e+03 4.245370373794961349e-02
7.735500000000000000e+03 6.252699143847728010e+03 3.948555699349622083e-02
7.742500000000000000e+03 6.350047096223996959e+03 3.939497574988626294e-02
7.749500000000000000e+03 6.231259472457755692e+03 4.098854636721806222e-02
7.756500000000000000e+03 6.203376494835667472e+03 3.880132847893391634e-02
7.763500000000000000e+03 6.193947459145180801e+03 3.771831952781726921e-02
7.770500000000000000e+03 6.103365878880924356e+03 3.854555688947309405e-02
7.777500000000000000e+03 6.203237338838285723e+03 3.571281118309273250e-02
7.784500000000000000e+03 6.105522234594484871e+03 3.935338454922827217e-02
7.791500000000000000e+03 6.126101801306074776e+03 4.082349105840097497e-02
7.798500000000000000e+03 6.048877727738870817e+03 3.832965192398610915e-02
7.805500000000000000e+03 6.037966357919074653e+03 3.807325240366188357e-02
7.812500000000000000e+03 6.032232599233415385e+03 4.011534371393286891e-02
7.819500000000000000e+03 6.047384847530624938e+03 3.871805202154521980e-02
7.826500000000000000e+03 5.929055832934413957e+03 3.764142395001873753e-02
7.833500000000000000e+03 5.909621596327551742e+03 3.750547552689025704e-02
7.840500000000000000e+03 5.953346813513975576e+03 3.637362044214995788e-02
7.847500000000000000e+03 5.820584178242866074e+03 3.839989271652875097e-02
7.854500000000000000e+03 5.821652866843043739e+03 3.681234164948930798e-02
7.861500000000000000e+03 5.784996070738701746e+03 3.965152180136276988e-02
7.868500000000000000e+03 5.542303556297205432e+03 4.368576150709397449e-02
7.875500000000000000e+03 5.642456266768594105e+03 4.196017750792836731e-02
7.882500000000000000e+03 5.427915925847260951e+03 4.605455678042252171e-02
7.889500000000000000e+03 5.600631929487328307e+03 4.533062094256275903e-02
7.896500000000000000e+03 5.350587885852402906e+03 4.980581287593633527e-02
7.903500000000000000e+03 5.305272069540905250e+03 4.830551513904252081e-02
7.910500000000000000e+03 5.334158813331302554e+03 4.787410995328268692e-02
7.917500000000000000e+03 5.375129854905786488e+03 4.576880193423087800e-02
7.924500000000000000e+03 5.350953383848502199e+03 4.523848896391580165e-02
7.931500000000000000e+03 5.382812759395517787e+03 4.278233488312147698e-02
7.938500000000000000e+03 5.351049672834283228e+03 4.381526861904556924e-02
7.945500000000000000e+03 5.446885448195258505e+03 4.513950884238378258e-02
7.952500000000000000e+03 5.233718566712245774e+03 4.431778359199093492e-02
7.959500000000000000e+03 5.224612513939878227e+03 4.378350221868693853e-02
7.966500000000000000e+03 5.185730710346771957e+03 4.422644409430832868e-02
7.973500000000000000e+03 5.131461036823118775e+03 4.892284914186591921e-02
7.980500000000000000e+03 5.068682840820481033e+03 4.493577202466274290e-02
7.987500000000000000e+03 5.134980362699287980e+03 4.354322401328727943e-02
7.994500000000000000e+03 5.056294676067615001e+03 4.388883097096767105e-02
8.001500000000000000e+03 4.968385818754883985e+03 4.734454750267799023e-02
8.008500000000000000e+03 5.021932515013061675e+03 4.691961863319242532e-02
8.015500000000000000e+03 4.886468711037805406e+03 4.793851591821275682e-02
8.022500000000000000e+03 4.896685732626024219e+03 4.763895952220079111e-02
8.029500000000000000e+03 4.947389144442763609e+03 4.792507706293450132e-02
8.036500000000000000e+03 4.903547752164393387e+03 4.487096451272964276e-02
8.043500000000000000e+03 4.946855209556214504e+03 4.286975979784952290e-02
8.050500000000000000e+03 5.021047427732511096e+03 4.038594468064119619e-02
8.057500000000000000e+03 4.919168870800315744e+03 4.084211792960979609e-02
8.064500000000000000e+03 4.955763184884566726e+03 3.965813885643602182e-02
8.071500000000000000e+03 4.912325954994471431e+03 4.099469486566247739e-02
8.078500000000000000e+03 4.937900846448414086e+03 4.178750991211990090e-02
8.085500000000000000e+03 4.834150906658091117e+03 4.282432349850151532e-02
8.092500000000000000e+03 4.800016529068154341e+03 4.224087442790899066e-02
8.099500000000000000e+03 4.772289416153650564e+03 4.401236042218358707e-02
8.106500000000000000e+03 4.641811004778327515e+03 4.834418721018234055e-02
8.113500000000000000e+03 4.446726984708119744e+03 5.537742379027475043e-02
8.120500000000000000e+03 4.264367968762545388e+03 6.455563116096703358e-02
8.127500000000000000e+03 4.116593535481264553e+03 7.200133123761133513e-02
8.134500000000000000e+03 3.913799009683821623e+03 7.614638750589815264e-02
8.141500000000000000e+03 3.703558564824961195e+03 8.623289594600845598e-02
8.148500000000000000e+03 3.564019543811722542e+03 9.667385473689329989e-02
8.155500000000000000e+03 3.489915656181522081e+03 9.548576176493375756e-02
8.162500000000000000e+03 3.319443647055726160e+03 9.464977359434370574e-02
8.169500000000000000e+03 3.290042150578663495e+03 1.028743290941774580e-01
8.176500000000000000e+03 3.362630372417003400e+03 9.767085080743864722e-02
8.183500000000000000e+03 3.396008551301914849e+03 9.291596914463941259e-02
8.190500000000000000e+03 3.544786633889783388e+03 8.394783106478552470e-02
8.197500000000000000e+03 3.668771000344797812e+03 7.540011706048169171e-02
8.204500000000000000e+03 3.769997654161385526e+03 8.069862356478182952e-02
8.211500000000000000e+03 3.621799795826409081e+03 9.065350125794020830e-02
8.218500000000000000e+03 3.521959582256827161e+03 9.120579510085972952e-02
8.225500000000000000e+03 3.518693558915088488e+03 6.763129497579203897e-02
8.232500000000000000e+03 3.519019678107772961e+03 6.714323947769916534e-02
8.239500000000000000e+03 3.464384754053789493e+03 9.086361530015936439e-02
8.246500000000000000e+03 3.737422486594773545e+03 8.321844260082184030e-02
8.253500000000000000e+03 3.867596507410187769e+03 7.023931808764731499e-02
8.260500000000000000e+03 3.831099610495623438e+03 6.443932720655437540e-02
8.267500000000000000e+03 3.738975890424092086e+03 7.132633417765057993e-02
8.274500000000000000e+03 3.750258946985994044e+03 6.715083165945644195e-02
8.281500000000000000e+03 3.634184521588230382e+03 6.833028983043228088e-02
8.288500000000000000e+03 3.628090301876063222e+03 7.043831430658074877e-02
8.295500000000000000e+03 3.634240740530609855e+03 7.082738664663461303e-02
8.302500000000000000e+03 3.717685970215340603e+03 6.886175802300657789e-02
8.309500000000000000e+03 3.692066203164086346e+03 6.818514476044527928e-02
8.316500000000000000e+03 3.730406175372062989e+03 6.423675732568276397e-02
8.323500000000000000e+03 3.832537738681623978e+03 5.794905516843745774e-02
8.330500000000000000e+03 3.779536392903565229e+03 5.960463393405505267e-02
8.337500000000000000e+03 3.868730591467988688e+03 5.706510280739975072e-02
8.344500000000000000e+03 3.918918405296595211e+03 5.413470097844495094e-02
8.351500000000000000e+03 3.942702397620208103e+03 5.217408445355005420e-02
8.358500000000000000e+03 4.037893731327816113e+03 4.732122319078098382e-02
8.365500000000000000e+03 4.065892133886638021e+03 4.656331929200670933e-02
8.372500000000000000e+03 4.068732909328050027e+03 4.361080252964531084e-02
8.379500000000000000e+03 4.040205409135148329e+03 4.242983335047823684e-02
8.386500000000000000e+03 4.026528441225652386e+03 4.032559879186813773e-02
8.393500000000000000e+03 4.054561944883276738e+03 3.938967018215337040e-02
8.400500000000000000e+03 3.905733445751790896e+03 3.942392425816133167e-02
8.407500000000000000e+03 4.045698317167288224e+03 3.574864072367533313e-02
8.414500000000000000e+03 4.013883659960483328e+03 3.580805348465095073e-02
8.421500000000000000e+03 3.979337939432576604e+03 3.686100563251386297e-02
8.428500000000000000e+03 4.035661220767112809e+03 3.455439625968700912e-02
8.435500000000000000e+03 3.933165396191745458e+03 3.372645633531627662e-02
8.442500000000000000e+03 3.874704038706465781e+03 3.253098408375475897e-02
8.449500000000000000e+03 3.907892208991814186e+03 3.204521674942995002e-02
8.456500000000000000e+03 3.860613267372030805e+03 3.015917483871988561e-02
8.463500000000000000e+03 3.950633032026819819e+03 2.908458649187950495e-02
8.470500000000000000e+03 3.843662105194319793e+03 3.015419227638553926e-02
8.477500000000000000e+03 3.916879427437295362e+03 3.202916574902184982e-02
8.484500000000000000e+03 3.917575625885210229e+03 3.296297445841955831e-02
8.491500000000000000e+03 3.819825373179171947e+03 3.342314088548303808e-02
8.498500000000000000e+03 3.819314282364819519e+03 3.014668775244402910e-02
8.505500000000000000e+03 3.722226650302704002e+03 2.967008387581508005e-02
8.512500000000000000e+03 3.760170766900834678e+03 2.748099686057757507e-02
8.519500000000000000e+03 3.774705926416907459e+03 3.165577990677888309e-02
8.526500000000000000e+03 3.747471040679904490e+03 3.497125287944941735e-02
8.533500000000000000e+03 3.728614608215275894e+03 3.365260331763995222e-02
8.540500000000000000e+03 3.750318865104815359e+03 2.643646613109939397e-02
8.547500000000000000e+03 3.682490431974526018e+03 1.918671946070471535e-02
8.554500000000000000e+03 3.783257820698639080e+03 2.082641531391053735e-02
8.561500000000000000e+03 3.816290115625450198e+03 2.679225914764760477e-02
8.568500000000000000e+03 3.725948770490407696e+03 3.678360412161444520e-02
8.575500000000000000e+03 3.673016793293390037e+03 3.542505766512842741e-02
8.582500000000000000e+03 3.712509154939396012e+03 3.051524921077860761e-02
8.589500000000000000e+03 3.662321164414284340e+03 2.570333821322708101e-02
8.596500000000000000e+03 3.675240659596826390e+03 2.345928056623415234e-02
8.603500000000000000e+03 3.595871883288146364e+03 2.089742222403723551e-02
8.610500000000000000e+03 3.668226497359855784e+03 2.351406034032821335e-02
8.617500000000000000e+03 3.754816732227588545e+03 2.369822837054167547e-02
8.624500000000000000e+03 3.759862889180443744e+03 3.436823188601806356e-02
8.631500000000000000e+03 3.822750807241251550e+03 3.361198688101828952e-02
8.638500000000000000e+03 3.783104310652768163e+03 3.289987129772753427e-02
8.645500000000000000e+03 3.722506772041768727e+03 3.255063804300938057e-02
8.652500000000000000e+03 3.594683017845254199e+03 2.966902233268961867e-02
8.659500000000000000e+03 3.475595441947448307e+03 2.163973111606956601e-02
8.666500000000000000e+03 3.464463885242016204e+03 1.033624347692483313e-02
8.673500000000000000e+03 3.457368046318274082e+03 1.139468756257546421e-02
8.680500000000000000e+03 3.551111522122158021e+03 2.231077146795487978e-02
8.687500000000000000e+03 3.650281892844769118e+03 2.778475485468762454e-02
8.694500000000000000e+03 3.809519971345541308e+03 3.321998741822489859e-02
8.701500000000000000e+03 3.889506990755747211e+03 3.110339553707101856e-02
8.708500000000000000e+03 3.888490242039193163e+03 3.238548410016881679e-02
8.715500000000000000e+03 3.896247957708720151e+03 3.048441820688996967e-02
8.722500000000000000e+03 3.851475541492539833e+03 3.100098257499235913e-02
8.729500000000000000e+03 3.644996823194995159e+03 3.286029606155120575e-02
8.736500000000000000e+03 3.480733049121537078e+03 2.488045105261281476e-02
8.743500000000000000e+03 3.423177506166377952e+03 1.205387093048515199e-02
8.750500000000000000e+03 3.329467048186474585e+03 8.807429949465704275e-03
8.757500000000000000e+03 3.400737020642957305e+03 1.273685727780459430e-02
8.764500000000000000e+03 3.406219935216513932e+03 2.549736904319508182e-02
8.771500000000000000e+03 3.523946118834742265e+03 3.053525279986437843e-02
8.778500000000000000e+03 3.631885608805681841e+03 2.851614593355174601e-02
8.785500000000000000e+03 3.785725984428817810e+03 2.784023218748308062e-02
8.792500000000000000e+03 3.860810695274105910e+03 3.076889296931200821e-02
8.799500000000000000e+03 4.006730814914080838e+03 2.835718665897515520e-02
8.806500000000000000e+03 3.988934721712375904e+03 2.599811637357345162e-02
8.813500000000000000e+03 3.885592827833940191e+03 2.766934713062764103e-02
8.820500000000000000e+03 3.827157651256334248e+03 2.744160234549463881e-02
8.827500000000000000e+03 3.733384523434132007e+03 3.044538603000642232e-02
8.834500000000000000e+03 3.668656122929346111e+03 2.724439315147011986e-02
8.841500000000000000e+03 3.518842396386113251e+03 2.944825955588330907e-02
8.848500000000000000e+03 3.279355402692427106e+03 2.682353385965773745e-02
8.855500000000000000e+03 3.184333944905885346e+03 2.190843133667176937e-02
8.862500000000000000e+03 3.105058373343242692e+03 1.550328864994222032e-02
8.869500000000000000e+03 3.101795409501151426e+03 9.917613939325138975e-03
8.876500000000000000e+03 3.183063487621561308e+03 1.535660321351180364e-02
8.883500000000000000e+03 3.261755512663841728e+03 2.682906635333810394e-02
8.890500000000000000e+03 3.354089348111106574e+03 3.611030005393671416e-02
8.897500000000000000e+03 3.535603004781535219e+03 3.344687599546428830e-02
8.904500000000000000e+03 3.655424241106763475e+03 3.195612461340716082e-02
8.911500000000000000e+03 3.698053424005454872e+03 3.194917461882477994e-02
8.918500000000000000e+03 3.669229481900075371e+03 3.491450077970695981e-02
8.925500000000000000e+03 3.640860690646988132e+03 3.881087893211354611e-02
8.932500000000000000e+03 3.457239430180585714e+03 4.598280261684276060e-02
8.939500000000000000e+03 3.437138931717236119e+03 5.736429515020713410e-02
8.946500000000000000e+03 3.158699102930041136e+03 6.712718137536591301e-02
8.953500000000000000e+03 2.991065380454659589e+03 7.540209382484894252e-02
8.960500000000000000e+03 2.854370525699732752e+03 8.195692042214057504e-02
8.967500000000000000e+03 2.573714677501492588e+03 8.960759114132467451e-02
8.974500000000000000e+03 2.416021607671055790e+03 1.098100956759170826e-01
8.981500000000000000e+03 2.230053959486621352e+03 1.147900359299170170e-01
8.988500000000000000e+03 2.187626580326049407e+03 9.937520991630154066e-02
8.995500000000000000e+03 1.978360988586018948e+03 1.091518324839233639e-01
9.002500000000000000e+03 1.900489125337114729e+03 1.060738618376381448e-01
9.009500000000000000e+03 1.952054681436095507e+03 8.809009445542391459e-02
9.016500000000000000e+03 1.965257741288786519e+03 7.953299255298766635e-02
9.023500000000000000e+03 2.131524124865426074e+03 7.227909550725516996e-02
9.030500000000000000e+03 2.335258416864873197e+03 7.788474926558885958e-02
9.037500000000000000e+03 2.509060574723878744e+03 7.535075703622769183e-02
9.044500000000000000e+03 2.639691967572041449e+03 7.447285705712541892e-02
9.051500000000000000e+03 2.641199554897992130e+03 7.928296195287755366e-02
9.058500000000000000e+03 2.520800497509825163e+03 8.966506485010848626e-02
9.065500000000000000e+03 2.462001258930527911e+03 8.648722872161275499e-02
9.072500000000000000e+03 2.390259283200789014e+03 8.929923167877867884e-02
9.079500000000000000e+03 2.294168855471416464e+03 1.028329133784110228e-01
9.086500000000000000e+03 2.226797242982926946e+03 1.097469742496645917e-01
9.093500000000000000e+03 2.255850248113998077e+03 1.124969881902260771e-01
9.100500000000000000e+03 2.352609802682703958e+03 1.027244656223873648e-01
9.107500000000000000e+03 2.347029012991371928e+03 1.077641254498357265e-01
9.114500000000000000e+03 2.244314080326762451e+03 1.206450771414217665e-01
9.121500000000000000e+03 2.210968985532128045e+03 1.227200355207138244e-01
9.128500000000000000e+03 2.179227625063254436e+03 1.120409452125147171e-01
9.135500000000000000e+03 2.164080209075279072e+03 1.122304263545003816e-01
9.142500000000000000e+03 2.065621502470396990e+03 1.361923334345037928e-01
9.149500000000000000e+03 2.140044823557634118e+03 1.200786328405235998e-01
9.156500000000000000e+03 2.189410786702235328e+03 1.038725825220419841e-01
9.163500000000000000e+03 2.073068448686357442e+03 1.307142792937273923e-01
9.170500000000000000e+03 2.111929125234395087e+03 1.152359077086246991e-01
9.177500000000000000e+03 2.213398618148495643e+03 9.307421538068452738e-02
9.184500000000000000e+03 2.249370481810122783e+03 9.777970605405575388e-02
9.191500000000000000e+03 2.337816944497727036e+03 9.017272764844459776e-02
9.198500000000000000e+03 2.388614045091875141e+03 8.063828066225496582e-02
9.205500000000000000e+03 2.321636358379735157e+03 7.800688376438671967e-02
9.212500000000000000e+03 2.197793788153066544e+03 6.882059606036131094e-02
9.219500000000000000e+03 2.151174395309587908e+03 5.865115922887736283e-02
9.226500000000000000e+03 2.053612213697104380e+03 5.659248149960760532e-02
9.233500000000000000e+03 1.971615459658821692e+03 5.948419366094233329e-02
9.240500000000000000e+03 1.976193304955506392e+03 7.018925185853702731e-02
9.247500000000000000e+03 2.030568128590567312e+03 8.065670247262593517e-02
9.254500000000000000e+03 2.078760512423640193e+03 8.870071011859449739e-02
9.261500000000000000e+03 2.163624052343222502e+03 9.416497266069692729e-02
9.268500000000000000e+03 2.003585665228809148e+03 1.131368039306720058e-01
9.275500000000000000e+03 1.890099835831467317e+03 1.224575214886618885e-01
9.282500000000000000e+03 1.723360583778355476e+03 1.430985980802631508e-01
9.289500000000000000e+03 1.484026241363658528e+03 1.756611444842375580e-01
9.296500000000000000e+03 1.319250792783678889e+03 1.906136528732545465e-01
9.303500000000000000e+03 1.120230019837927557e+03 2.208765231913802918e-01
9.310500000000000000e+03 9.539292450439173763e+02 2.448460755122914834e-01
9.317500000000000000e+03 7.979102492928187758e+02 2.644789982672304252e-01
9.324500000000000000e+03 6.268942374091562897e+02 3.201507423019945842e-01
9.331500000000000000e+03 4.985245419578455426e+02 3.646223285892380983e-01
9.338500000000000000e+03 4.918807754128028478e+02 3.308556867981553573e-01
9.345500000000000000e+03 4.722372186476137017e+02 3.484998145631555411e-01
9.352500000000000000e+03 4.858115066874962622e+02 3.703014275204363770e-01
9.359500000000000000e+03 4.952951570673157562e+02 3.673705210390170173e-01
9.366500000000000000e+03 5.005029728481145526e+02 3.598733227652045619e-01
9.373500000000000000e+03 5.756002291773114621e+02 2.987061688612233645e-01
9.380500000000000000e+03 7.615845062721366503e+02 2.480849140115380658e-01
9.387500000000000000e+03 8.948835132135926642e+02 2.558079064263533153e-01
9.394500000000000000e+03 1.021965303003538565e+03 2.635935917604558254e-01
9.401500000000000000e+03 1.154023815299419311e+03 2.215172689900287706e-01
9.408500000000000000e+03 1.091025287372644925e+03 2.163370084632660340e-01
9.415500000000000000e+03 9.835023547872212930e+02 2.464748336545074803e-01
9.422500000000000000e+03 9.035755224991783052e+02 2.434758020730339312e-01
9.429500000000000000e+03 8.477504423585373843e+02 2.438069137706535272e-01
9.436500000000000000e+03 7.940849749283042911e+02 2.444458363928202482e-01
9.443500000000000000e+03 7.548954184980532318e+02 2.518778164469875347e-01
9.450500000000000000e+03 6.934019412293565665e+02 2.995468551467340146e-01
9.457500000000000000e+03 7.494965956610295734e+02 2.625450967471980035e-01
9.464500000000000000e+03 7.604426350775004266e+02 2.648195298427494793e-01
9.471500000000000000e+03 7.772320357322968221e+02 2.737311739463125226e-01
9.478500000000000000e+03 8.365607002959577585e+02 2.442508431424105231e-01
9.485500000000000000e+03 8.058274803072540635e+02 2.721951896791188208e-01
9.492500000000000000e+03 8.232397636878816911e+02 2.418618989388907348e-01
9.499500000000000000e+03 8.747592169299615534e+02 1.947680008284084219e-01
9.506500000000000000e+03 7.398760355678679161e+02 2.845678031122061968e-01
9.513500000000000000e+03 7.180127805808001540e+02 2.885468759908030312e-01
9.520500000000000000e+03 7.950824802994719676e+02 2.218243317451928376e-01
9.527500000000000000e+03 7.164277611618543915e+02 2.473238591684298326e-01
9.534500000000000000e+03 6.906475647629196146e+02 2.661667697403505284e-01
9.541500000000000000e+03 6.861152216581134553e+02 2.260141291558727672e-01
9.548500000000000000e+03 7.106378492305050258e+02 2.025695502691843841e-01
9.555500000000000000e+03 6.975799156164164287e+02 2.050538166712372601e-01
9.562500000000000000e+03 7.788804504271870428e+02 1.973091549523046107e-01
9.569500000000000000e+03 8.293206295775121362e+02 2.196428106065783092e-01
9.576500000000000000e+03 8.264514656350557971e+02 2.433702957579558790e-01
9.583500000000000000e+03 8.826347832100806272e+02 2.113834278821076773e-01
9.590500000000000000e+03 9.663376824119379762e+02 1.792962427682185944e-01
9.597500000000000000e+03 9.612611621997394877e+02 2.008249522497388695e-01
9.604500000000000000e+03 1.018625778081799695e+03 2.104180849651867136e-01
9.611500000000000000e+03 1.081611644568922429e+03 1.990903715925516626e-01
9.618500000000000000e+03 1.163993316941629701e+03 1.645100814825476709e-01
9.625500000000000000e+03 1.166806105806435426e+03 1.654649791696792549e-01
9.632500000000000000e+03 1.198560412904232180e+03 1.719288471754259751e-01
9.639500000000000000e+03 1.242585742407663702e+03 1.409790044968177170e-01
9.646500000000000000e+03 1.306530668337903762e+03 1.484965524943800130e-01
9.653500000000000000e+03 1.248916663787860443e+03 1.652146632762364065e-01
9.660500000000000000e+03 1.424947728463457679e+03 1.276353595506474481e-01
9.667500000000000000e+03 1.546424315776971298e+03 1.084120600355089753e-01
9.674500000000000000e+03 1.640421426483285131e+03 1.098240218799971940e-01
9.681500000000000000e+03 1.779743498759039994e+03 9.106724615886731267e-02
9.688500000000000000e+03 1.838045118702890022e+03 8.511818632136035345e-02
9.695500000000000000e+03 1.909768198341425204e+03 7.580077292840436964e-02
9.702500000000000000e+03 1.920704403375679703e+03 6.681087870051069522e-02
9.709500000000000000e+03 1.889623390665736679e+03 7.416648077150921059e-02
9.716500000000000000e+03 1.851636989651053227e+03 7.772528202047329637e-02
9.723500000000000000e+03 1.779328213844089305e+03 8.442225777154666044e-02
9.730500000000000000e+03 1.701564112610451048e+03 8.792363760905838599e-02
9.737500000000000000e+03 1.649006465577480867e+03 8.710167959879393240e-02
9.744500000000000000e+03 1.559157110342789338e+03 1.002248797793884177e-01
9.751500000000000000e+03 1.569378658105395971e+03 9.347226649725301484e-02
9.758500000000000000e+03 1.624272197815542540e+03 8.641818193934158732e-02
9.765500000000000000e+03 1.628587889967201136e+03 9.124633624574925161e-02
9.772500000000000000e+03 1.654537754817209816e+03 9.297203270527852614e-02
9.779500000000000000e+03 1.718884499594649014e+03 8.089771715687432696e-02
9.786500000000000000e+03 1.688927485735239088e+03 7.378977615300537363e-02
9.793500000000000000e+03 1.680339867143276251e+03 6.967399623331008152e-02
9.800500000000000000e+03 1.751597090811553016e+03 6.269102869326736993e-02
9.807500000000000000e+03 1.759466165962728610e+03 6.940703038894721622e-02
9.814500000000000000e+03 1.805567217994922885e+03 6.745811864440694194e-02
9.821500000000000000e+03 1.835277854993307074e+03 5.285498400378079581e-02
9.828500000000000000e+03 1.843833002478397475e+03 5.123810154064720179e-02
9.835500000000000000e+03 1.830583719656183575e+03 5.076389199436838473e-02
9.842500000000000000e+03 1.859123439334572822e+03 4.446712010826335548e-02
9.849500000000000000e+03 1.852183407025761198e+03 4.075009205929955303e-02
9.856500000000000000e+03 1.908438845190605207e+03 3.893635619960644778e-02
9.863500000000000000e+03 1.932110693621688142e+03 3.519829532761585555e-02
9.870500000000000000e+03 1.968397741619993212e+03 2.657975751181671994e-02
9.877500000000000000e+03 1.877267052016731668e+03 2.952241223228307260e-02
9.884500000000000000e+03 1.924030582011433808e+03 2.657262892607101593e-02
9.891500000000000000e+03 1.963296290879073695e+03 2.474312869830172512e-02
9.898500000000000000e+03 1.899747972555019714e+03 2.341055590708831374e-02
9.905500000000000000e+03 1.887886205476057057e+03 2.265291253509841771e-02
9.912500000000000000e+03 1.881260126070041451e+03 2.445484985939197151e-02
9.919500000000000000e+03 1.849059931065281717e+03 2.706114298269503976e-02
9.926500000000000000e+03 1.892159437683167425e+03 1.999143648535420259e-02
9.933500000000000000e+03 1.776931425076416645e+03 2.245129119632496839e-02
9.940500000000000000e+03 1.773339226530403721e+03 2.686148867135611587e-02
9.947500000000000000e+03 1.739841778509568258e+03 2.314409133720140427e-02
9.954500000000000000e+03 1.775567303019287920e+03 2.010427864032188205e-02
9.961500000000000000e+03 1.752277410477817966e+03 1.620603613083401728e-02
9.968500000000000000e+03 1.702102336816394654e+03 2.183559255607052385e-02
9.975500000000000000e+03 1.657309149289947300e+03 1.830971056961325227e-02
9.982500000000000000e+03 1.637914076645412706e+03 1.993158761531106660e-02
9.989500000000000000e+03 1.627209558757131163e+03 1.469374281153921352e-02
9.996500000000000000e+03 1.655488071430332184e+03 1.258883947083973623e-02
