# wavelength angstroms, flux, ext coeff
5.551500000000000000e+03 8.591051094387938065e+03 1.539254494739213941e-01
5.558500000000000000e+03 8.918704937777674786e+03 1.472999350701746368e-01
5.565500000000000000e+03 9.402179870774483788e+03 1.402963340787835578e-01
5.572500000000000000e+03 9.478965649837036835e+03 1.397076320562008755e-01
5.579500000000000000e+03 9.530575512713794524e+03 1.405169239506049161e-01
5.586500000000000000e+03 9.555518140308271541e+03 1.391959770630482873e-01
5.593500000000000000e+03 1.005374886734215943e+04 1.377592139579675856e-01
5.600500000000000000e+03 9.854568281315427157e+03 1.397352353622067223e-01
5.607500000000000000e+03 9.713208319706061957e+03 1.412624143928481735e-01
5.614500000000000000e+03 9.806588221383495693e+03 1.405288114836666102e-01
5.621500000000000000e+03 9.966880226507599218e+03 1.401497053329962550e-01
5.628500000000000000e+03 1.017342941840123603e+04 1.369137423423675282e-01
5.635500000000000000e+03 9.936086893050949584e+03 1.412913432825362303e-01
5.642500000000000000e+03 1.007502844718872620e+04 1.404249118265210872e-01
5.649500000000000000e+03 1.012540795681475174e+04 1.402867720080535618e-01
5.656500000000000000e+03 1.009670763274595265e+04 1.404717415935253233e-01
5.663500000000000000e+03 1.020464982366480035e+04 1.400173368255480111e-01
5.670500000000000000e+03 1.022122885223551202e+04 1.414391795474158608e-01
5.677500000000000000e+03 1.011265157149151491e+04 1.422917105762324941e-01
5.684500000000000000e+03 1.009207707111873242e+04 1.414415543865901737e-01
5.691500000000000000e+03 1.034884206076533883e+04 1.417190338874515509e-01
5.698500000000000000e+03 1.007272281686175847e+04 1.423318537356821900e-01
5.705500000000000000e+03 1.055308979808421464e+04 1.395895910227090975e-01
5.712500000000000000e+03 1.034606948801981343e+04 1.413980562914085581e-01
5.719500000000000000e+03 1.034826436233739696e+04 1.412545872140537617e-01
5.726500000000000000e+03 1.063611867369723768e+04 1.416561053890331989e-01
5.733500000000000000e+03 1.077350888960794146e+04 1.396158626126286495e-01
5.740500000000000000e+03 1.059198147104026611e+04 1.397858441776026472e-01
5.747500000000000000e+03 1.069457704061874210e+04 1.387546141500510810e-01
5.754500000000000000e+03 1.074037414492819698e+04 1.369062420525731794e-01
5.761500000000000000e+03 1.054483265848313567e+04 1.398920871985148418e-01
5.768500000000000000e+03 1.078982016151270363e+04 1.369422402543959139e-01
5.775500000000000000e+03 1.111629289797958700e+04 1.348552420505855498e-01
5.782500000000000000e+03 1.104751919210737105e+04 1.353557342288450038e-01
5.789500000000000000e+03 1.096598954554454940e+04 1.362782605047085649e-01
5.796500000000000000e+03 1.102371859727857372e+04 1.347587110336826710e-01
5.803500000000000000e+03 1.110947567403646462e+04 1.344092886172005563e-01
5.810500000000000000e+03 1.136635207501672267e+04 1.320772002805782608e-01
5.817500000000000000e+03 1.130417167711759430e+04 1.326895904474082732e-01
5.824500000000000000e+03 1.159238735133164846e+04 1.326783989699795441e-01
5.831500000000000000e+03 1.155002870058487497e+04 1.309127980509850742e-01
5.838500000000000000e+03 1.149403932883578454e+04 1.314709135816321262e-01
5.845500000000000000e+03 1.123623794572257611e+04 1.334757081238258647e-01
5.852500000000000000e+03 1.127270209617440742e+04 1.331659631118085885e-01
5.859500000000000000e+03 1.160134709841349650e+04 1.307953892990894595e-01
5.866500000000000000e+03 1.155149253142672023e+04 1.321302596815753794e-01
5.873500000000000000e+03 1.127765845980114318e+04 1.338418554121091342e-01
5.880500000000000000e+03 1.102544687618343596e+04 1.395353757564623542e-01
5.887500000000000000e+03 1.089896531159135702e+04 1.408543735287567933e-01
5.894500000000000000e+03 1.071176948414194158e+04 1.435315301668564636e-01
5.901500000000000000e+03 1.069115896662517116e+04 1.450595117834112269e-01
5.908500000000000000e+03 1.061131944303517412e+04 1.466796033946633493e-01
5.915500000000000000e+03 1.066026149516405530e+04 1.427852226955315107e-01
5.922500000000000000e+03 1.095073570945596111e+04 1.412822562461329423e-01
5.929500000000000000e+03 1.078293939147059427e+04 1.437105321626960253e-01
5.936500000000000000e+03 1.092095744526921226e+04 1.420537469111665674e-01
5.943500000000000000e+03 1.096891849218822972e+04 1.410547347153663367e-01
5.950500000000000000e+03 1.090611887872015359e+04 1.405276472600784365e-01
5.957500000000000000e+03 1.098371342530156653e+04 1.402628517561249344e-01
5.964500000000000000e+03 1.109219673584760676e+04 1.392852743352219480e-01
5.971500000000000000e+03 1.121219489845798853e+04 1.347868978384691996e-01
5.978500000000000000e+03 1.109435836986728282e+04 1.366516165725772114e-01
5.985500000000000000e+03 1.123983812229755131e+04 1.343571908224875933e-01
5.992500000000000000e+03 1.152849324111632814e+04 1.309251773097247495e-01
5.999500000000000000e+03 1.139170326763317826e+04 1.291783317860486224e-01
6.006500000000000000e+03 1.149427703684110566e+04 1.300940252849482892e-01
6.013500000000000000e+03 1.177029846005496620e+04 1.287085283731373986e-01
6.020500000000000000e+03 1.163003646562070207e+04 1.280150382581547452e-01
6.027500000000000000e+03 1.157336348698247275e+04 1.273492232630900611e-01
6.034500000000000000e+03 1.194085820458524540e+04 1.254942181175750515e-01
6.041500000000000000e+03 1.176439196696725594e+04 1.263211094774183141e-01
6.048500000000000000e+03 1.169849641586307189e+04 1.257856157082897219e-01
6.055500000000000000e+03 1.176990182760126845e+04 1.234206622700843303e-01
6.062500000000000000e+03 1.179729208183996889e+04 1.239860041925941736e-01
6.069500000000000000e+03 1.176577932106368644e+04 1.231009589112745523e-01
6.076500000000000000e+03 1.186520273816798908e+04 1.220402050120458354e-01
6.083500000000000000e+03 1.165895058870335924e+04 1.221427429516534213e-01
6.090500000000000000e+03 1.191792317102717425e+04 1.225327004477808485e-01
6.097500000000000000e+03 1.197649300519234203e+04 1.192616308039119721e-01
6.104500000000000000e+03 1.192863568596213918e+04 1.190291104816270235e-01
6.111500000000000000e+03 1.213521186793150446e+04 1.171061752636856634e-01
6.118500000000000000e+03 1.198110890495463173e+04 1.173064270597318631e-01
6.125500000000000000e+03 1.242879120790390152e+04 1.147686581357976188e-01
6.132500000000000000e+03 1.209953670393974244e+04 1.162449610618352530e-01
6.139500000000000000e+03 1.223566227708127008e+04 1.139599296060566647e-01
6.146500000000000000e+03 1.218190688822175616e+04 1.134490121103470806e-01
6.153500000000000000e+03 1.185008981605276313e+04 1.162714053830167654e-01
6.160500000000000000e+03 1.211890537361372299e+04 1.099960127317649167e-01
6.167500000000000000e+03 1.230870797101743847e+04 1.104740352858685770e-01
6.174500000000000000e+03 1.217962535586287595e+04 1.111684108625770329e-01
6.181500000000000000e+03 1.221152921889999379e+04 1.107572947210208186e-01
6.188500000000000000e+03 1.233129749839810756e+04 1.099714783388435202e-01
6.195500000000000000e+03 1.267463992527998016e+04 1.079913790240105559e-01
6.202500000000000000e+03 1.262679275311674246e+04 1.072660783738577789e-01
6.209500000000000000e+03 1.257708372851515742e+04 1.070330162046395361e-01
6.216500000000000000e+03 1.257252903661099481e+04 1.066227916363603340e-01
6.223500000000000000e+03 1.242594742743763891e+04 1.084089501505020731e-01
6.230500000000000000e+03 1.238241457847004494e+04 1.041394201949725484e-01
6.237500000000000000e+03 1.262473174804259543e+04 1.032502152465395590e-01
6.244500000000000000e+03 1.275895393569302723e+04 1.024389476255760656e-01
6.251500000000000000e+03 1.252128643104919320e+04 1.025003113840199098e-01
6.258500000000000000e+03 1.211182069345819400e+04 1.081808885531120590e-01
6.265500000000000000e+03 1.214960684092456177e+04 1.109675902839152017e-01
6.272500000000000000e+03 1.216297343302546869e+04 1.089071439145965631e-01
6.279500000000000000e+03 1.184877926682737234e+04 1.124743964688096204e-01
6.286500000000000000e+03 1.168737792484965212e+04 1.152927679539623440e-01
6.293500000000000000e+03 1.161380248991142253e+04 1.117977982944445836e-01
6.300500000000000000e+03 1.210117671880820672e+04 1.101317911683692141e-01
6.307500000000000000e+03 1.253030303632652431e+04 1.041189341783092664e-01
6.314500000000000000e+03 1.222975755441432375e+04 1.060242512356685679e-01
6.321500000000000000e+03 1.242619864435652198e+04 1.045377845603435440e-01
6.328500000000000000e+03 1.244112311995833443e+04 9.948867167510934417e-02
6.335500000000000000e+03 1.246633247653350736e+04 1.003368291853355548e-01
6.342500000000000000e+03 1.245396296670984884e+04 9.830403874387205754e-02
6.349500000000000000e+03 1.241787895938145084e+04 9.792552129163904773e-02
6.356500000000000000e+03 1.276032103057616951e+04 9.529850044687003530e-02
6.363500000000000000e+03 1.303874177765159402e+04 9.454099313137202809e-02
6.370500000000000000e+03 1.260908444717881866e+04 9.619537836449307266e-02
6.377500000000000000e+03 1.275963628576954943e+04 9.413391370250499823e-02
6.384500000000000000e+03 1.254916137562204312e+04 9.566714054958032343e-02
6.391500000000000000e+03 1.288178444238566772e+04 9.415285718669234860e-02
6.398500000000000000e+03 1.279630319597392554e+04 9.298382457899809217e-02
6.405500000000000000e+03 1.288392641237766293e+04 9.041309977755135341e-02
6.412500000000000000e+03 1.318721682289695673e+04 9.071709475263521616e-02
6.419500000000000000e+03 1.304698464528255136e+04 8.999395706410510953e-02
6.426500000000000000e+03 1.287616615365790494e+04 9.179720052269360608e-02
6.433500000000000000e+03 1.269587384725954871e+04 9.173132566601016613e-02
6.440500000000000000e+03 1.276313208264565947e+04 9.088489426904843016e-02
6.447500000000000000e+03 1.257356421965045047e+04 9.226374675222616395e-02
6.454500000000000000e+03 1.282426486024809856e+04 9.278184956356246016e-02
6.461500000000000000e+03 1.251759584360654117e+04 9.453262376895274488e-02
6.468500000000000000e+03 1.256275748114505768e+04 9.536981906572551682e-02
6.475500000000000000e+03 1.223136531074467348e+04 9.959907058394337764e-02
6.482500000000000000e+03 1.230070079188069394e+04 9.655251097956754625e-02
6.489500000000000000e+03 1.257215070302092136e+04 9.513044661297133386e-02
6.496500000000000000e+03 1.238303011158459776e+04 9.557654214479584243e-02
6.503500000000000000e+03 1.218713328689268928e+04 9.608077310445861663e-02
6.510500000000000000e+03 1.240154215345159719e+04 9.220282398313424388e-02
6.517500000000000000e+03 1.221947777038846107e+04 9.223507027338563591e-02
6.524500000000000000e+03 1.188939942616826920e+04 9.528421093918219842e-02
6.531500000000000000e+03 1.159533833456576576e+04 9.584226756707039940e-02
6.538500000000000000e+03 1.104454911989550055e+04 9.301780521281741154e-02
6.545500000000000000e+03 1.062456547798045904e+04 9.324293901615249291e-02
6.552500000000000000e+03 9.927041447166680882e+03 8.837635176932540082e-02
6.559500000000000000e+03 9.821673042478227217e+03 7.489074998194332478e-02
6.566500000000000000e+03 9.981742510946705806e+03 6.027136629194351780e-02
6.573500000000000000e+03 1.030039600503638940e+04 6.043278857130948006e-02
6.580500000000000000e+03 1.057356533298711656e+04 7.463604423885789041e-02
6.587500000000000000e+03 1.074057789192789642e+04 9.220916381451257915e-02
6.594500000000000000e+03 1.130064660846065453e+04 9.488974953236589682e-02
6.601500000000000000e+03 1.230090348214971527e+04 8.651677572441270059e-02
6.608500000000000000e+03 1.272021825964776326e+04 8.102015669345688509e-02
6.615500000000000000e+03 1.313921012740288279e+04 7.792991556230710604e-02
6.622500000000000000e+03 1.281162536543934948e+04 7.881607827175145242e-02
6.629500000000000000e+03 1.288545947783052361e+04 7.536663818358720068e-02
6.636500000000000000e+03 1.309421000779367751e+04 7.552408136615605672e-02
6.643500000000000000e+03 1.335894651284712381e+04 7.793122757223644448e-02
6.650500000000000000e+03 1.347816454432676983e+04 7.540543507139702006e-02
6.657500000000000000e+03 1.341482310192172554e+04 7.357992811918419307e-02
6.664500000000000000e+03 1.337071613683336363e+04 7.316566806954263869e-02
6.671500000000000000e+03 1.323667404205418461e+04 7.363633129711905090e-02
6.678500000000000000e+03 1.331948211639440342e+04 7.359078580283917592e-02
6.685500000000000000e+03 1.343964836632603874e+04 7.260180329663788734e-02
6.692500000000000000e+03 1.355400840462019733e+04 7.131361106535924477e-02
6.699500000000000000e+03 1.355619736671162354e+04 7.023671027828798374e-02
6.706500000000000000e+03 1.340774776262192063e+04 7.126438767073074720e-02
6.713500000000000000e+03 1.349078854827965733e+04 7.038522451269352276e-02
6.720500000000000000e+03 1.332115117910008848e+04 7.076769709647316720e-02
6.727500000000000000e+03 1.346943127507901954e+04 7.051428052922810441e-02
6.734500000000000000e+03 1.365862621070521709e+04 7.008233383988198006e-02
6.741500000000000000e+03 1.315089360062651758e+04 7.023989496011345812e-02
6.748500000000000000e+03 1.335534226969301744e+04 6.971928447480069124e-02
6.755500000000000000e+03 1.338745792763249847e+04 6.937555853823670904e-02
6.762500000000000000e+03 1.346519371975703871e+04 6.685629470686893505e-02
6.769500000000000000e+03 1.343331779035976433e+04 6.789355809001089426e-02
6.776500000000000000e+03 1.342770413085653854e+04 6.608892465263298266e-02
6.783500000000000000e+03 1.347338715676743232e+04 6.761139471439799042e-02
6.790500000000000000e+03 1.363242475010382623e+04 6.530350211675038652e-02
6.797500000000000000e+03 1.336328326474796631e+04 6.742183329882420195e-02
6.804500000000000000e+03 1.337187461713117955e+04 6.679882640258097415e-02
6.811500000000000000e+03 1.322473249464701075e+04 6.630555509645366663e-02
6.818500000000000000e+03 1.330589767426103026e+04 6.708885433362622719e-02
6.825500000000000000e+03 1.339981522849326211e+04 6.494185226868097460e-02
6.832500000000000000e+03 1.323468524622303994e+04 6.637350361124483289e-02
6.839500000000000000e+03 1.311888850818508035e+04 6.672987721538446715e-02
6.846500000000000000e+03 1.277659307420188088e+04 7.208878087280173874e-02
6.853500000000000000e+03 1.173139933867060063e+04 9.175725267460707602e-02
6.860500000000000000e+03 1.007418078968765440e+04 1.105055380888118888e-01
6.867500000000000000e+03 1.014159379815729517e+04 8.597540340381934487e-02
6.874500000000000000e+03 9.417328635984020366e+03 9.551184615424099245e-02
6.881500000000000000e+03 8.486679346907118088e+03 1.350501089653085018e-01
6.888500000000000000e+03 8.997429420747466793e+03 1.284856032772525303e-01
6.895500000000000000e+03 9.686011543074815563e+03 1.079649698675958225e-01
6.902500000000000000e+03 9.986189757129717691e+03 1.040281452004144097e-01
6.909500000000000000e+03 1.032892238513895973e+04 1.031468495817313702e-01
6.916500000000000000e+03 1.070315996630590416e+04 9.960322451424538648e-02
6.923500000000000000e+03 1.096239826773523964e+04 9.335188157610689597e-02
6.930500000000000000e+03 1.096507437836756799e+04 9.311926537020083494e-02
6.937500000000000000e+03 1.077733609435686776e+04 9.158921373640328822e-02
6.944500000000000000e+03 1.114708162928851743e+04 8.921801335234154362e-02
6.951500000000000000e+03 1.150467181392809471e+04 8.433904163612460092e-02
6.958500000000000000e+03 1.151707572903008440e+04 8.052021094224245945e-02
6.965500000000000000e+03 1.181237517432159075e+04 7.513721870217113241e-02
6.972500000000000000e+03 1.199266152197365045e+04 7.535714930930537125e-02
6.979500000000000000e+03 1.193443885563274125e+04 7.347083256965768194e-02
6.986500000000000000e+03 1.208017236171623335e+04 7.519383982849354997e-02
6.993500000000000000e+03 1.181121033489055844e+04 7.657673077746741941e-02
7.000500000000000000e+03 1.162961433177643448e+04 7.878691263866356709e-02
7.007500000000000000e+03 1.167782417117269506e+04 7.846668306095969103e-02
7.014500000000000000e+03 1.146865909798121720e+04 7.556910856975507240e-02
7.021500000000000000e+03 1.170205889737577672e+04 7.489520584773778911e-02
7.028500000000000000e+03 1.180990080554912674e+04 7.459183213286556258e-02
7.035500000000000000e+03 1.193588903996986846e+04 7.258056662954444349e-02
7.042500000000000000e+03 1.194817105241710487e+04 6.895019040116689979e-02
7.049500000000000000e+03 1.190242360973334507e+04 6.859797046783806806e-02
7.056500000000000000e+03 1.202814365096096844e+04 6.599252776147300492e-02
7.063500000000000000e+03 1.222801119442991876e+04 6.530258171641950549e-02
7.070500000000000000e+03 1.228027148805083925e+04 6.440323068717784816e-02
7.077500000000000000e+03 1.225274081197883243e+04 6.159997727276340929e-02
7.084500000000000000e+03 1.214385705209246044e+04 6.254552193564566487e-02
7.091500000000000000e+03 1.222036011762302587e+04 6.156581103150898793e-02
7.098500000000000000e+03 1.205437918301004902e+04 6.227966769641252870e-02
7.105500000000000000e+03 1.231516148596308085e+04 5.858553614434572343e-02
7.112500000000000000e+03 1.240285993409976618e+04 5.858433389981430178e-02
7.119500000000000000e+03 1.238612734883185476e+04 5.716984682796157069e-02
7.126500000000000000e+03 1.202357065727252120e+04 5.993338213329357095e-02
7.133500000000000000e+03 1.211514132289723966e+04 6.119116035327414049e-02
7.140500000000000000e+03 1.201102373355673262e+04 6.060324084287829760e-02
7.147500000000000000e+03 1.146010458712064610e+04 6.724566288505612333e-02
7.154500000000000000e+03 1.113248552278105126e+04 7.763680492743123274e-02
7.161500000000000000e+03 1.024945848399103488e+04 9.030622238941642121e-02
7.168500000000000000e+03 9.346093313608320386e+03 1.001128301852048513e-01
7.175500000000000000e+03 8.693183404402640008e+03 1.110693556646979302e-01
7.182500000000000000e+03 8.334438478399653832e+03 1.177205278537487299e-01
7.189500000000000000e+03 7.928505991381627609e+03 1.230172468010647530e-01
7.196500000000000000e+03 8.288747965406530056e+03 1.160509671848572594e-01
7.203500000000000000e+03 8.850499181463766945e+03 1.056474398364294215e-01
7.210500000000000000e+03 9.182310987179211224e+03 1.053548680428061102e-01
7.217500000000000000e+03 9.254385478676204002e+03 1.054269130845993246e-01
7.224500000000000000e+03 9.429407268550770823e+03 9.937785715436761591e-02
7.231500000000000000e+03 9.603581148711813512e+03 9.163373464955829051e-02
7.238500000000000000e+03 9.014221923022569172e+03 9.679650005004100666e-02
7.245500000000000000e+03 8.447160715496162084e+03 1.084064241075936852e-01
7.252500000000000000e+03 8.429179151254562385e+03 1.100680697373973560e-01
7.259500000000000000e+03 8.511474039336964779e+03 1.123267853010772588e-01
7.266500000000000000e+03 8.573688937277691366e+03 1.105631778048110775e-01
7.273500000000000000e+03 8.771093061616933483e+03 1.034171446271244660e-01
7.280500000000000000e+03 8.950931106579551852e+03 1.036849761563872624e-01
7.287500000000000000e+03 8.773230259269219459e+03 1.054171691900608471e-01
7.294500000000000000e+03 9.158737123702503595e+03 9.870149832120143907e-02
7.301500000000000000e+03 9.060082370704461937e+03 9.897151394551524650e-02
7.308500000000000000e+03 9.203730843033134079e+03 9.338442696658337538e-02
7.315500000000000000e+03 9.638510069055053464e+03 8.601726132741595310e-02
7.322500000000000000e+03 9.925329011147154233e+03 8.163626687199632137e-02
7.329500000000000000e+03 1.022755288211784318e+04 7.588228477220304580e-02
7.336500000000000000e+03 1.053530674111557892e+04 6.883987469807337223e-02
7.343500000000000000e+03 1.039560785169401242e+04 6.848390217053917928e-02
7.350500000000000000e+03 1.085151285402360372e+04 6.358512227562904129e-02
7.357500000000000000e+03 1.071012387497377858e+04 6.415906461684689477e-02
7.364500000000000000e+03 1.071034468938666214e+04 6.228384916148197586e-02
7.371500000000000000e+03 1.086795765626667708e+04 5.941286550605759387e-02
7.378500000000000000e+03 1.094320587410798544e+04 6.039321848290313266e-02
7.385500000000000000e+03 1.070897600595712538e+04 5.773748550997542806e-02
7.392500000000000000e+03 1.085687402423001731e+04 5.573850459732166557e-02
7.399500000000000000e+03 1.093275329748423974e+04 5.381212975815641286e-02
7.406500000000000000e+03 1.092587865516889178e+04 5.185315375401131771e-02
7.413500000000000000e+03 1.100038114603533541e+04 4.941743049643854829e-02
7.420500000000000000e+03 1.123053459427921553e+04 4.865074610833550195e-02
7.427500000000000000e+03 1.131178553486682904e+04 4.664552918278906668e-02
7.434500000000000000e+03 1.139482849181765596e+04 4.505190141434974038e-02
7.441500000000000000e+03 1.107559433930287014e+04 4.611285125294844328e-02
7.448500000000000000e+03 1.117257206681749813e+04 4.587982739237492225e-02
7.455500000000000000e+03 1.126225699197040922e+04 4.375278203388383025e-02
7.462500000000000000e+03 1.121105060747092830e+04 4.465916990060088410e-02
7.469500000000000000e+03 1.093247699605526032e+04 4.504403250259860630e-02
7.476500000000000000e+03 1.113227803436966133e+04 4.326849016916992779e-02
7.483500000000000000e+03 1.104768658170287563e+04 4.300415581367477563e-02
7.490500000000000000e+03 1.093757607280337106e+04 4.294209494423107537e-02
7.497500000000000000e+03 1.111783485302667577e+04 4.211467331817370097e-02
7.504500000000000000e+03 1.068210596739831090e+04 4.266729244600282744e-02
7.511500000000000000e+03 1.099794930472226042e+04 4.299304792678858983e-02
7.518500000000000000e+03 1.115894671609685975e+04 4.142172538448727487e-02
7.525500000000000000e+03 1.085038237316708728e+04 4.363170808372734272e-02
7.532500000000000000e+03 1.063682446410014745e+04 4.261916591551550421e-02
7.539500000000000000e+03 1.082415667872347331e+04 4.032231073389682535e-02
7.546500000000000000e+03 1.062892797002195584e+04 4.305800147374601317e-02
7.553500000000000000e+03 1.072599414115657237e+04 4.229507008579017763e-02
7.560500000000000000e+03 1.060631205316755950e+04 4.249153898126346168e-02
7.567500000000000000e+03 1.044493656002055286e+04 4.680781150714745376e-02
7.574500000000000000e+03 9.484333691625775828e+03 6.549554561536591324e-02
7.581500000000000000e+03 7.616726552036240719e+03 1.148208585029419082e-01
7.588500000000000000e+03 5.218679691542763067e+03 1.681157136848948352e-01
7.595500000000000000e+03 4.199419543212656208e+03 1.244414697064512715e-01
7.602500000000000000e+03 3.377588222589045472e+03 6.437004685834860074e-02
7.609500000000000000e+03 1.827083592559883755e+03 2.434144066221285152e-01
7.616500000000000000e+03 1.383972214181284926e+03 3.950201909219110408e-01
7.623500000000000000e+03 1.643637095470081931e+03 3.558178683321234770e-01
7.630500000000000000e+03 2.194002236840015030e+03 2.696077023951331531e-01
7.637500000000000000e+03 2.545580927186349527e+03 2.426877686144306989e-01
7.644500000000000000e+03 2.994636388641078156e+03 2.254273925862157191e-01
7.651500000000000000e+03 3.810987148401839477e+03 1.923809399200089032e-01
7.658500000000000000e+03 4.844280971530193710e+03 1.566403452251254047e-01
7.665500000000000000e+03 5.907423699588664022e+03 1.238758091720520427e-01
7.672500000000000000e+03 6.922019555637855774e+03 9.916457106885244455e-02
7.679500000000000000e+03 7.533232736561402817e+03 8.168107806518333514e-02
7.686500000000000000e+03 8.194223696320255840e+03 6.890201956182209764e-02
7.693500000000000000e+03 8.771395477787771597e+03 5.756905103672992768e-02
7.700500000000000000e+03 8.916274049544950685e+03 5.398220067400489458e-02
7.707500000000000000e+03 9.035372570404168073e+03 5.189726385951032306e-02
7.714500000000000000e+03 9.343996257990274898e+03 4.734268373718612810e-02
7.721500000000000000e+03 9.445719972716578923e+03 4.250075403745259828e-02
7.728500000000000000e+03 9.286309462774233907e+03 4.245370373794961349e-02
7.735500000000000000e+03 9.298657763904539024e+03 3.948555699349622083e-02
7.742500000000000000e+03 9.505596559767922372e+03 3.939497574988626294e-02
7.749500000000000000e+03 9.373861222894314778e+03 4.098854636721806222e-02
7.756500000000000000e+03 9.245705385995581310e+03 3.880132847893391634e-02
7.763500000000000000e+03 9.195176017981850237e+03 3.771831952781726921e-02
7.770500000000000000e+03 9.057161867696628178e+03 3.854555688947309405e-02
7.777500000000000000e+03 9.212718371095206749e+03 3.571281118309273250e-02
7.784500000000000000e+03 9.072155780728186073e+03 3.935338454922827217e-02
7.791500000000000000e+03 9.013030379493886358e+03 4.082349105840097497e-02
7.798500000000000000e+03 9.091413882084596480e+03 3.832965192398610915e-02
7.805500000000000000e+03 9.062213034957761920e+03 3.807325240366188357e-02
7.812500000000000000e+03 8.772773270639096154e+03 4.011534371393286891e-02
7.819500000000000000e+03 8.944427135639583867e+03 3.871805202154521980e-02
7.826500000000000000e+03 8.961240393926967954e+03 3.764142395001873753e-02
7.833500000000000000e+03 8.889914617114496650e+03 3.750547552689025704e-02
7.840500000000000000e+03 8.717475796898594126e+03 3.637362044214995788e-02
7.847500000000000000e+03 8.548364497690517965e+03 3.839989271652875097e-02
7.854500000000000000e+03 8.797852375230329926e+03 3.681234164948930798e-02
7.861500000000000000e+03 8.499256803896663769e+03 3.965152180136276988e-02
7.868500000000000000e+03 8.283071887211468493e+03 4.368576150709397449e-02
7.875500000000000000e+03 8.245221601121569620e+03 4.196017750792836731e-02
7.882500000000000000e+03 8.058113438355543622e+03 4.605455678042252171e-02
7.889500000000000000e+03 7.968883865073710695e+03 4.533062094256275903e-02
7.896500000000000000e+03 7.809711236475856822e+03 4.980581287593633527e-02
7.903500000000000000e+03 7.881750606544756010e+03 4.830551513904252081e-02
7.910500000000000000e+03 7.809752404983699307e+03 4.787410995328268692e-02
7.917500000000000000e+03 7.972233546000542447e+03 4.576880193423087800e-02
7.924500000000000000e+03 7.803928294482352612e+03 4.523848896391580165e-02
7.931500000000000000e+03 8.006761996597127109e+03 4.278233488312147698e-02
7.938500000000000000e+03 7.928829544496702511e+03 4.381526861904556924e-02
7.945500000000000000e+03 7.753072061964833665e+03 4.513950884238378258e-02
7.952500000000000000e+03 7.645223078894860009e+03 4.431778359199093492e-02
7.959500000000000000e+03 7.748208592830117595e+03 4.378350221868693853e-02
7.966500000000000000e+03 7.601977672250398427e+03 4.422644409430832868e-02
7.973500000000000000e+03 7.420013638488789184e+03 4.892284914186591921e-02
7.980500000000000000e+03 7.667241877630342060e+03 4.493577202466274290e-02
7.987500000000000000e+03 7.643243471143897295e+03 4.354322401328727943e-02
7.994500000000000000e+03 7.390501185290110698e+03 4.388883097096767105e-02
8.001500000000000000e+03 7.277026616521117830e+03 4.734454750267799023e-02
8.008500000000000000e+03 7.292397726161828359e+03 4.691961863319242532e-02
8.015500000000000000e+03 7.326819182295535029e+03 4.793851591821275682e-02
8.022500000000000000e+03 7.237598909665116480e+03 4.763895952220079111e-02
8.029500000000000000e+03 7.172606166565365129e+03 4.792507706293450132e-02
8.036500000000000000e+03 7.180793624494356663e+03 4.487096451272964276e-02
8.043500000000000000e+03 7.196257806833995346e+03 4.286975979784952290e-02
8.050500000000000000e+03 7.457004712607158581e+03 4.038594468064119619e-02
8.057500000000000000e+03 7.372715427087005082e+03 4.084211792960979609e-02
8.064500000000000000e+03 7.503229869474276711e+03 3.965813885643602182e-02
8.071500000000000000e+03 7.200114783272392742e+03 4.099469486566247739e-02
8.078500000000000000e+03 7.300374843111196242e+03 4.178750991211990090e-02
8.085500000000000000e+03 7.092500895326559657e+03 4.282432349850151532e-02
8.092500000000000000e+03 6.930360528660582531e+03 4.224087442790899066e-02
8.099500000000000000e+03 7.111137200335733723e+03 4.401236042218358707e-02
8.106500000000000000e+03 6.719362438011777158e+03 4.834418721018234055e-02
8.113500000000000000e+03 6.668643534845660724e+03 5.537742379027475043e-02
8.120500000000000000e+03 6.298274052014451627e+03 6.455563116096703358e-02
8.127500000000000000e+03 5.839449947135828552e+03 7.200133123761133513e-02
8.134500000000000000e+03 5.661171609751609139e+03 7.614638750589815264e-02
8.141500000000000000e+03 5.269408369047406268e+03 8.623289594600845598e-02
8.148500000000000000e+03 4.998344164154606005e+03 9.667385473689329989e-02
8.155500000000000000e+03 4.866260802903609147e+03 9.548576176493375756e-02
8.162500000000000000e+03 4.803558850190520388e+03 9.464977359434370574e-02
8.169500000000000000e+03 4.661363368716096375e+03 1.028743290941774580e-01
8.176500000000000000e+03 4.648513931086353296e+03 9.767085080743864722e-02
8.183500000000000000e+03 4.852991792939471452e+03 9.291596914463941259e-02
8.190500000000000000e+03 5.176110313209373999e+03 8.394783106478552470e-02
8.197500000000000000e+03 5.278453741740045189e+03 7.540011706048169171e-02
8.204500000000000000e+03 5.387935114779220385e+03 8.069862356478182952e-02
8.211500000000000000e+03 5.247171492958614181e+03 9.065350125794020830e-02
8.218500000000000000e+03 4.899794603526236642e+03 9.120579510085972952e-02
8.225500000000000000e+03 5.081531825388020479e+03 6.763129497579203897e-02
8.232500000000000000e+03 5.020120496380738587e+03 6.714323947769916534e-02
8.239500000000000000e+03 4.834840376803858817e+03 9.086361530015936439e-02
8.246500000000000000e+03 5.208419219443075235e+03 8.321844260082184030e-02
8.253500000000000000e+03 5.520043745795347604e+03 7.023931808764731499e-02
8.260500000000000000e+03 5.662701075283274804e+03 6.443932720655437540e-02
8.267500000000000000e+03 5.397897532638287885e+03 7.132633417765057993e-02
8.274500000000000000e+03 5.379417239155850439e+03 6.715083165945644195e-02
8.281500000000000000e+03 5.282816259596858799e+03 6.833028983043228088e-02
8.288500000000000000e+03 5.280302158967940159e+03 7.043831430658074877e-02
8.295500000000000000e+03 5.286878808912550085e+03 7.082738664663461303e-02
8.302500000000000000e+03 5.202853327084586454e+03 6.886175802300657789e-02
8.309500000000000000e+03 5.369402072361533101e+03 6.818514476044527928e-02
8.316500000000000000e+03 5.303652552009019018e+03 6.423675732568276397e-02
8.323500000000000000e+03 5.546284536072337687e+03 5.794905516843745774e-02
8.330500000000000000e+03 5.528715564849419934e+03 5.960463393405505267e-02
8.337500000000000000e+03 5.577495208809306860e+03 5.706510280739975072e-02
8.344500000000000000e+03 5.617323839716427756e+03 5.413470097844495094e-02
8.351500000000000000e+03 5.649262490519670791e+03 5.217408445355005420e-02
8.358500000000000000e+03 5.784289893854494039e+03 4.732122319078098382e-02
8.365500000000000000e+03 5.865479315799281721e+03 4.656331929200670933e-02
8.372500000000000000e+03 5.862741688115333091e+03 4.361080252964531084e-02
8.379500000000000000e+03 5.876458274283601895e+03 4.242983335047823684e-02
8.386500000000000000e+03 5.880561654738013203e+03 4.032559879186813773e-02
8.393500000000000000e+03 6.061410517442408491e+03 3.938967018215337040e-02
8.400500000000000000e+03 5.888729335813314719e+03 3.942392425816133167e-02
8.407500000000000000e+03 5.895136709927636730e+03 3.574864072367533313e-02
8.414500000000000000e+03 6.058276893941411799e+03 3.580805348465095073e-02
8.421500000000000000e+03 5.878135570282159279e+03 3.686100563251386297e-02
8.428500000000000000e+03 5.845044885024054565e+03 3.455439625968700912e-02
8.435500000000000000e+03 5.951134597780138392e+03 3.372645633531627662e-02
8.442500000000000000e+03 5.903955655288586058e+03 3.253098408375475897e-02
8.449500000000000000e+03 5.812215927147445655e+03 3.204521674942995002e-02
8.456500000000000000e+03 5.923878220854517167e+03 3.015917483871988561e-02
8.463500000000000000e+03 5.962445420393049972e+03 2.908458649187950495e-02
8.470500000000000000e+03 5.902514355735659592e+03 3.015419227638553926e-02
8.477500000000000000e+03 5.801446698228777677e+03 3.202916574902184982e-02
8.484500000000000000e+03 5.708856519215099979e+03 3.296297445841955831e-02
8.491500000000000000e+03 5.677318948354081840e+03 3.342314088548303808e-02
8.498500000000000000e+03 5.826347144285477953e+03 3.014668775244402910e-02
8.505500000000000000e+03 5.631757804240161931e+03 2.967008387581508005e-02
8.512500000000000000e+03 5.756320761945084996e+03 2.748099686057757507e-02
8.519500000000000000e+03 5.538072157033479925e+03 3.165577990677888309e-02
8.526500000000000000e+03 5.639905599992835050e+03 3.497125287944941735e-02
8.533500000000000000e+03 5.535668983500706418e+03 3.365260331763995222e-02
8.540500000000000000e+03 5.495011583239026550e+03 2.643646613109939397e-02
8.547500000000000000e+03 5.735723427461380197e+03 1.918671946070471535e-02
8.554500000000000000e+03 5.737608108431604705e+03 2.082641531391053735e-02
8.561500000000000000e+03 5.710155262427977505e+03 2.679225914764760477e-02
8.568500000000000000e+03 5.654021895034808949e+03 3.678360412161444520e-02
8.575500000000000000e+03 5.594096227658691532e+03 3.542505766512842741e-02
8.582500000000000000e+03 5.515665998041452440e+03 3.051524921077860761e-02
8.589500000000000000e+03 5.620813808872663685e+03 2.570333821322708101e-02
8.596500000000000000e+03 5.499838745951165038e+03 2.345928056623415234e-02
8.603500000000000000e+03 5.550626434919619896e+03 2.089742222403723551e-02
8.610500000000000000e+03 5.440392529181352984e+03 2.351406034032821335e-02
8.617500000000000000e+03 5.645225055369664005e+03 2.369822837054167547e-02
8.624500000000000000e+03 5.618858311936891369e+03 3.436823188601806356e-02
8.631500000000000000e+03 5.707714204461640293e+03 3.361198688101828952e-02
8.638500000000000000e+03 5.712318303443913464e+03 3.289987129772753427e-02
8.645500000000000000e+03 5.609516330325734998e+03 3.255063804300938057e-02
8.652500000000000000e+03 5.379170185631901404e+03 2.966902233268961867e-02
8.659500000000000000e+03 5.267857903739531139e+03 2.163973111606956601e-02
8.666500000000000000e+03 5.386894881387624082e+03 1.033624347692483313e-02
8.673500000000000000e+03 5.343407016111757002e+03 1.139468756257546421e-02
8.680500000000000000e+03 5.260593004015454426e+03 2.231077146795487978e-02
8.687500000000000000e+03 5.481582346437547130e+03 2.778475485468762454e-02
8.694500000000000000e+03 5.666256664123679911e+03 3.321998741822489859e-02
8.701500000000000000e+03 5.854838150046048213e+03 3.110339553707101856e-02
8.708500000000000000e+03 5.753557633678982711e+03 3.238548410016881679e-02
8.715500000000000000e+03 5.798447974472350325e+03 3.048441820688996967e-02
8.722500000000000000e+03 5.659502232565986560e+03 3.100098257499235913e-02
8.729500000000000000e+03 5.393829662233584713e+03 3.286029606155120575e-02
8.736500000000000000e+03 5.252175702458195701e+03 2.488045105261281476e-02
8.743500000000000000e+03 5.161679357303982215e+03 1.205387093048515199e-02
8.750500000000000000e+03 5.260537134427558158e+03 8.807429949465704275e-03
8.757500000000000000e+03 5.094661017543143316e+03 1.273685727780459430e-02
8.764500000000000000e+03 5.124318382550789465e+03 2.549736904319508182e-02
8.771500000000000000e+03 5.264064393981318972e+03 3.053525279986437843e-02
8.778500000000000000e+03 5.592564828685224711e+03 2.851614593355174601e-02
8.785500000000000000e+03 5.765523180050250630e+03 2.784023218748308062e-02
8.792500000000000000e+03 5.885300467286482672e+03 3.076889296931200821e-02
8.799500000000000000e+03 5.741350851302589945e+03 2.835718665897515520e-02
8.806500000000000000e+03 5.944591232280457916e+03 2.599811637357345162e-02
8.813500000000000000e+03 5.864466104573651137e+03 2.766934713062764103e-02
8.820500000000000000e+03 5.888496077179430358e+03 2.744160234549463881e-02
8.827500000000000000e+03 5.569496637518033822e+03 3.044538603000642232e-02
8.834500000000000000e+03 5.550086722120806371e+03 2.724439315147011986e-02
8.841500000000000000e+03 5.166011498354951073e+03 2.944825955588330907e-02
8.848500000000000000e+03 5.024908339303250614e+03 2.682353385965773745e-02
8.855500000000000000e+03 4.808690760104906076e+03 2.190843133667176937e-02
8.862500000000000000e+03 4.666361530324695195e+03 1.550328864994222032e-02
8.869500000000000000e+03 4.717977442575087480e+03 9.917613939325138975e-03
8.876500000000000000e+03 4.857835944252571608e+03 1.535660321351180364e-02
8.883500000000000000e+03 4.991693281754253803e+03 2.682906635333810394e-02
8.890500000000000000e+03 5.094726196703241840e+03 3.611030005393671416e-02
8.897500000000000000e+03 5.265737417392735551e+03 3.344687599546428830e-02
8.904500000000000000e+03 5.440610986215878256e+03 3.195612461340716082e-02
8.911500000000000000e+03 5.449007266261188306e+03 3.194917461882477994e-02
8.918500000000000000e+03 5.574330127693790928e+03 3.491450077970695981e-02
8.925500000000000000e+03 5.370659311927583985e+03 3.881087893211354611e-02
8.932500000000000000e+03 5.128667133859866226e+03 4.598280261684276060e-02
8.939500000000000000e+03 4.884116688467051972e+03 5.736429515020713410e-02
8.946500000000000000e+03 4.551848021225162483e+03 6.712718137536591301e-02
8.953500000000000000e+03 4.335550030095283546e+03 7.540209382484894252e-02
8.960500000000000000e+03 4.037749497948425869e+03 8.195692042214057504e-02
8.967500000000000000e+03 3.719845521430926965e+03 8.960759114132467451e-02
8.974500000000000000e+03 3.285136134257093090e+03 1.098100956759170826e-01
8.981500000000000000e+03 3.155957284019775216e+03 1.147900359299170170e-01
8.988500000000000000e+03 3.027662170252136548e+03 9.937520991630154066e-02
8.995500000000000000e+03 2.795856432048777151e+03 1.091518324839233639e-01
9.002500000000000000e+03 2.679152294966335376e+03 1.060738618376381448e-01
9.009500000000000000e+03 2.755176631047583669e+03 8.809009445542391459e-02
9.016500000000000000e+03 2.821198632769094729e+03 7.953299255298766635e-02
9.023500000000000000e+03 3.053941507427643046e+03 7.227909550725516996e-02
9.030500000000000000e+03 3.194113450789121998e+03 7.788474926558885958e-02
9.037500000000000000e+03 3.526033056800541999e+03 7.535075703622769183e-02
9.044500000000000000e+03 3.759087383866198252e+03 7.447285705712541892e-02
9.051500000000000000e+03 3.856041720203042587e+03 7.928296195287755366e-02
9.058500000000000000e+03 3.671432026320574550e+03 8.966506485010848626e-02
9.065500000000000000e+03 3.471124287377632299e+03 8.648722872161275499e-02
9.072500000000000000e+03 3.328424171777435731e+03 8.929923167877867884e-02
9.079500000000000000e+03 3.258174460215847830e+03 1.028329133784110228e-01
9.086500000000000000e+03 3.162227311714952521e+03 1.097469742496645917e-01
9.093500000000000000e+03 3.117072665475404392e+03 1.124969881902260771e-01
9.100500000000000000e+03 3.260346290714085171e+03 1.027244656223873648e-01
9.107500000000000000e+03 3.252039015617481255e+03 1.077641254498357265e-01
9.114500000000000000e+03 3.200329338461875068e+03 1.206450771414217665e-01
9.121500000000000000e+03 3.042646100555958583e+03 1.227200355207138244e-01
9.128500000000000000e+03 3.040153111381710914e+03 1.120409452125147171e-01
9.135500000000000000e+03 3.003324080719305584e+03 1.122304263545003816e-01
9.142500000000000000e+03 2.806857560857317367e+03 1.361923334345037928e-01
9.149500000000000000e+03 2.993558123854890709e+03 1.200786328405235998e-01
9.156500000000000000e+03 3.073456243677208931e+03 1.038725825220419841e-01
9.163500000000000000e+03 2.888914920924284161e+03 1.307142792937273923e-01
9.170500000000000000e+03 2.978831328013855909e+03 1.152359077086246991e-01
9.177500000000000000e+03 3.248978329037479398e+03 9.307421538068452738e-02
9.184500000000000000e+03 3.156771985399564983e+03 9.777970605405575388e-02
9.191500000000000000e+03 3.290094563463049781e+03 9.017272764844459776e-02
9.198500000000000000e+03 3.431872570143506437e+03 8.063828066225496582e-02
9.205500000000000000e+03 3.343895311252995725e+03 7.800688376438671967e-02
9.212500000000000000e+03 3.191206103773030918e+03 6.882059606036131094e-02
9.219500000000000000e+03 3.075029682491013773e+03 5.865115922887736283e-02
9.226500000000000000e+03 2.981764210771107173e+03 5.659248149960760532e-02
9.233500000000000000e+03 2.884686941695281803e+03 5.948419366094233329e-02
9.240500000000000000e+03 2.836047512528314655e+03 7.018925185853702731e-02
9.247500000000000000e+03 2.952249812638828189e+03 8.065670247262593517e-02
9.254500000000000000e+03 2.997436279675779133e+03 8.870071011859449739e-02
9.261500000000000000e+03 3.077131577942569493e+03 9.416497266069692729e-02
9.268500000000000000e+03 2.858998384971713676e+03 1.131368039306720058e-01
9.275500000000000000e+03 2.604494841937317233e+03 1.224575214886618885e-01
9.282500000000000000e+03 2.328655502402177717e+03 1.430985980802631508e-01
9.289500000000000000e+03 1.954162752084124349e+03 1.756611444842375580e-01
9.296500000000000000e+03 1.750185421006391152e+03 1.906136528732545465e-01
9.303500000000000000e+03 1.446923375736494563e+03 2.208765231913802918e-01
9.310500000000000000e+03 1.178641558109849257e+03 2.448460755122914834e-01
9.317500000000000000e+03 9.674245407287704666e+02 2.644789982672304252e-01
9.324500000000000000e+03 7.268833477772059268e+02 3.201507423019945842e-01
9.331500000000000000e+03 5.609561624246422298e+02 3.646223285892380983e-01
9.338500000000000000e+03 5.662374335409900823e+02 3.308556867981553573e-01
9.345500000000000000e+03 5.444078143577835363e+02 3.484998145631555411e-01
9.352500000000000000e+03 5.326040838894317631e+02 3.703014275204363770e-01
9.359500000000000000e+03 5.419803000657341272e+02 3.673705210390170173e-01
9.366500000000000000e+03 5.615031051609438464e+02 3.598733227652045619e-01
9.373500000000000000e+03 7.062625586874860346e+02 2.987061688612233645e-01
9.380500000000000000e+03 9.768662167278205288e+02 2.480849140115380658e-01
9.387500000000000000e+03 1.137753179948478419e+03 2.558079064263533153e-01
9.394500000000000000e+03 1.233358275740177305e+03 2.635935917604558254e-01
9.401500000000000000e+03 1.398508108726259252e+03 2.215172689900287706e-01
9.408500000000000000e+03 1.377114353042047014e+03 2.163370084632660340e-01
9.415500000000000000e+03 1.194373648694049734e+03 2.464748336545074803e-01
9.422500000000000000e+03 1.136846398359172326e+03 2.434758020730339312e-01
9.429500000000000000e+03 1.045740716473151679e+03 2.438069137706535272e-01
9.436500000000000000e+03 9.659801084263448274e+02 2.444458363928202482e-01
9.443500000000000000e+03 9.569139302504783018e+02 2.518778164469875347e-01
9.450500000000000000e+03 8.484035096653161645e+02 2.995468551467340146e-01
9.457500000000000000e+03 9.183591290380061309e+02 2.625450967471980035e-01
9.464500000000000000e+03 9.489644986752182376e+02 2.648195298427494793e-01
9.471500000000000000e+03 9.505980090096303456e+02 2.737311739463125226e-01
9.478500000000000000e+03 1.034273032443242755e+03 2.442508431424105231e-01
9.485500000000000000e+03 9.906521042095793064e+02 2.721951896791188208e-01
9.492500000000000000e+03 1.024898636620048819e+03 2.418618989388907348e-01
9.499500000000000000e+03 1.133240817377236908e+03 1.947680008284084219e-01
9.506500000000000000e+03 8.829883155209580536e+02 2.845678031122061968e-01
9.513500000000000000e+03 8.552740581843451082e+02 2.885468759908030312e-01
9.520500000000000000e+03 9.772799245430163637e+02 2.218243317451928376e-01
9.527500000000000000e+03 8.723607421006805680e+02 2.473238591684298326e-01
9.534500000000000000e+03 8.190817144943766834e+02 2.661667697403505284e-01
9.541500000000000000e+03 8.824891174130088984e+02 2.260141291558727672e-01
9.548500000000000000e+03 9.155394747367929540e+02 2.025695502691843841e-01
9.555500000000000000e+03 9.004392336065249083e+02 2.050538166712372601e-01
9.562500000000000000e+03 9.853456529065745144e+02 1.973091549523046107e-01
9.569500000000000000e+03 1.038046376647053194e+03 2.196428106065783092e-01
9.576500000000000000e+03 1.040062058086390834e+03 2.433702957579558790e-01
9.583500000000000000e+03 1.139521555606530683e+03 2.113834278821076773e-01
9.590500000000000000e+03 1.247340746317651565e+03 1.792962427682185944e-01
9.597500000000000000e+03 1.225630020549671144e+03 2.008249522497388695e-01
9.604500000000000000e+03 1.288958485564195144e+03 2.104180849651867136e-01
9.611500000000000000e+03 1.399252954512556244e+03 1.990903715925516626e-01
9.618500000000000000e+03 1.571098769007576493e+03 1.645100814825476709e-01
9.625500000000000000e+03 1.624410916049980870e+03 1.654649791696792549e-01
9.632500000000000000e+03 1.582663564377618286e+03 1.719288471754259751e-01
9.639500000000000000e+03 1.737074425244317126e+03 1.409790044968177170e-01
9.646500000000000000e+03 1.734934490118821714e+03 1.484965524943800130e-01
9.653500000000000000e+03 1.724308643908340628e+03 1.652146632762364065e-01
9.660500000000000000e+03 1.956048004482951455e+03 1.276353595506474481e-01
9.667500000000000000e+03 2.164639043211218905e+03 1.084120600355089753e-01
9.674500000000000000e+03 2.243069895886555514e+03 1.098240218799971940e-01
9.681500000000000000e+03 2.551830833653479203e+03 9.106724615886731267e-02
9.688500000000000000e+03 2.635319965313824923e+03 8.511818632136035345e-02
9.695500000000000000e+03 2.698908183813864525e+03 7.580077292840436964e-02
9.702500000000000000e+03 2.786551884241157950e+03 6.681087870051069522e-02
9.709500000000000000e+03 2.707125294576869692e+03 7.416648077150921059e-02
9.716500000000000000e+03 2.582144093610436812e+03 7.772528202047329637e-02
9.723500000000000000e+03 2.471610019085362637e+03 8.442225777154666044e-02
9.730500000000000000e+03 2.386514867098706873e+03 8.792363760905838599e-02
9.737500000000000000e+03 2.376744968524564683e+03 8.710167959879393240e-02
9.744500000000000000e+03 2.180229597725116037e+03 1.002248797793884177e-01
9.751500000000000000e+03 2.230213002092174065e+03 9.347226649725301484e-02
9.758500000000000000e+03 2.283569876919867966e+03 8.641818193934158732e-02
9.765500000000000000e+03 2.282033476662053545e+03 9.124633624574925161e-02
9.772500000000000000e+03 2.338155827209337986e+03 9.297203270527852614e-02
9.779500000000000000e+03 2.351292973316568350e+03 8.089771715687432696e-02
9.786500000000000000e+03 2.454905841145614886e+03 7.378977615300537363e-02
9.793500000000000000e+03 2.483987408890437109e+03 6.967399623331008152e-02
9.800500000000000000e+03 2.513025934495970432e+03 6.269102869326736993e-02
9.807500000000000000e+03 2.557299943655755214e+03 6.940703038894721622e-02
9.814500000000000000e+03 2.538904610450402743e+03 6.745811864440694194e-02
9.821500000000000000e+03 2.654615607619122329e+03 5.285498400378079581e-02
9.828500000000000000e+03 2.624225048567810973e+03 5.123810154064720179e-02
9.835500000000000000e+03 2.724517520439399959e+03 5.076389199436838473e-02
9.842500000000000000e+03 2.751648137823455272e+03 4.446712010826335548e-02
9.849500000000000000e+03 2.821333591853598136e+03 4.075009205929955303e-02
9.856500000000000000e+03 2.775329316618284338e+03 3.893635619960644778e-02
9.863500000000000000e+03 2.802041407752316900e+03 3.519829532761585555e-02
9.870500000000000000e+03 2.879454915771199921e+03 2.657975751181671994e-02
9.877500000000000000e+03 2.848294678784602183e+03 2.952241223228307260e-02
9.884500000000000000e+03 2.934468715897849506e+03 2.657262892607101593e-02
9.891500000000000000e+03 2.839280539754838173e+03 2.474312869830172512e-02
9.898500000000000000e+03 2.818285137555619713e+03 2.341055590708831374e-02
9.905500000000000000e+03 2.764471086461010145e+03 2.265291253509841771e-02
9.912500000000000000e+03 2.691948922464962379e+03 2.445484985939197151e-02
9.919500000000000000e+03 2.649355319126831546e+03 2.706114298269503976e-02
9.926500000000000000e+03 2.752715276256840752e+03 1.999143648535420259e-02
9.933500000000000000e+03 2.698378878833260842e+03 2.245129119632496839e-02
9.940500000000000000e+03 2.616302225596354219e+03 2.686148867135611587e-02
9.947500000000000000e+03 2.572241863336160804e+03 2.314409133720140427e-02
9.954500000000000000e+03 2.670252120775941421e+03 2.010427864032188205e-02
9.961500000000000000e+03 2.634484733647559096e+03 1.620603613083401728e-02
9.968500000000000000e+03 2.529833842028540403e+03 2.183559255607052385e-02
9.975500000000000000e+03 2.557082719591524437e+03 1.830971056961325227e-02
9.982500000000000000e+03 2.484683353621756396e+03 1.993158761531106660e-02
9.989500000000000000e+03 2.493810292705587017e+03 1.469374281153921352e-02
9.996500000000000000e+03 2.445057034798640416e+03 1.258883947083973623e-02
