# wavelength angstroms, flux, ext coeff
3.001800000000000182e+03 1.636511522152256370e-02 0.000000000000000000e+00
3.005300000000000182e+03 6.187621540655483844e-03 0.000000000000000000e+00
3.008800000000000182e+03 3.161505570858375719e-02 0.000000000000000000e+00
3.012300000000000182e+03 nan 0.000000000000000000e+00
3.015800000000000182e+03 6.646043375583292334e-02 0.000000000000000000e+00
3.019300000000000182e+03 4.462953326003699789e-02 0.000000000000000000e+00
3.022800000000000182e+03 8.207564889084502380e-02 0.000000000000000000e+00
3.026300000000000182e+03 nan 0.000000000000000000e+00
3.029800000000000182e+03 1.350917934384444734e-02 0.000000000000000000e+00
3.033300000000000182e+03 3.150312066491253206e-03 0.000000000000000000e+00
3.036800000000000182e+03 nan 0.000000000000000000e+00
3.040300000000000182e+03 1.762040677909618991e-01 0.000000000000000000e+00
3.043800000000000182e+03 9.479230226068119380e-02 0.000000000000000000e+00
3.047300000000000182e+03 8.181796310305008979e-02 0.000000000000000000e+00
3.050800000000000182e+03 nan 0.000000000000000000e+00
3.054300000000000182e+03 1.873047001548836243e-01 0.000000000000000000e+00
3.057800000000000182e+03 1.006605603738267539e-03 2.676191265483294668e+00
3.061300000000000182e+03 nan 0.000000000000000000e+00
3.064800000000000182e+03 4.489785571718405734e-03 2.539800291787396525e+00
3.068300000000000182e+03 1.936575553136859074e-03 2.443376115390806014e+00
3.071800000000000182e+03 1.216120375517567263e-02 2.349794574566738348e+00
3.075300000000000182e+03 7.711860593091340865e-03 2.307159003225331961e+00
3.078800000000000182e+03 1.529877957937448955e-02 2.237229603986682136e+00
3.082300000000000182e+03 1.956380453010921928e-03 2.178915401554381237e+00
3.085800000000000182e+03 1.375573143603413262e-02 2.099464265323941703e+00
3.089300000000000182e+03 2.997285200339210379e-02 2.036406266484044991e+00
3.092800000000000182e+03 1.488741803924980601e-02 1.963987011900433899e+00
3.096300000000000182e+03 3.918449130750648740e-02 1.925543556605257223e+00
3.099800000000000182e+03 4.556377498829048550e-02 1.862389370627876906e+00
3.103300000000000182e+03 6.388565169998142168e-02 1.817730735448978674e+00
3.106800000000000182e+03 6.516408221028141545e-02 1.811196389898733994e+00
3.110300000000000182e+03 2.161153217425116398e-03 1.827642189693348573e+00
3.113800000000000182e+03 6.725785480351080536e-02 1.750106257928055076e+00
3.117300000000000182e+03 1.035663652247629379e-01 1.709251412826013672e+00
3.120800000000000182e+03 9.228038540224622888e-02 1.692955145572516251e+00
3.124300000000000182e+03 1.286503199817967125e-01 1.652846736688899032e+00
3.127800000000000182e+03 1.335969798196610936e-01 1.625222987047809209e+00
3.131300000000000182e+03 1.728879439436130927e-01 1.591690858786647844e+00
3.134800000000000182e+03 1.386768615302650665e-01 1.569223271028398425e+00
3.138300000000000182e+03 2.159899526535347114e-01 1.531495074763135289e+00
3.141800000000000182e+03 2.070735698243919287e-01 1.505715893719153264e+00
3.145300000000000182e+03 3.371261084889926596e-01 1.470000305444626454e+00
3.148800000000000182e+03 2.386917620991693412e-01 1.450896327661748142e+00
3.152300000000000182e+03 4.771973077652825190e-01 1.415150610787734520e+00
3.155800000000000182e+03 3.694031206331923611e-01 1.385357060913823046e+00
3.159300000000000182e+03 4.385035238070537078e-01 1.355733241096056529e+00
3.162800000000000182e+03 5.307034114113680090e-01 1.328546522166593524e+00
3.166300000000000182e+03 6.460324058308248851e-01 1.316171330062493983e+00
3.169800000000000182e+03 8.857587882087258890e-01 1.292792349236930205e+00
3.173300000000000182e+03 6.951839623822156922e-01 1.272660417385364617e+00
3.176800000000000182e+03 9.787848552093155741e-01 1.245814760924064846e+00
3.180300000000000182e+03 9.546633221893315868e-01 1.229232170183474304e+00
3.183800000000000182e+03 1.018991147014355336e+00 1.200025787350764039e+00
3.187300000000000182e+03 9.992257809653484202e-01 1.180372858685334148e+00
3.190800000000000182e+03 1.387891014980320525e+00 1.165379246819851611e+00
3.194300000000000182e+03 1.261845573254554598e+00 1.146250237596935007e+00
3.197800000000000182e+03 1.508491272481393697e+00 1.133022241096768745e+00
3.201300000000000182e+03 1.751484245592783928e+00 1.120045128881696606e+00
3.204800000000000182e+03 1.508002146954059208e+00 1.098841068728160897e+00
3.208300000000000182e+03 1.899083759492158352e+00 1.084041209791033245e+00
3.211800000000000182e+03 2.128755136974275430e+00 1.066679060790529432e+00
3.215300000000000182e+03 2.136052469780779894e+00 1.057862462901952849e+00
3.218800000000000182e+03 2.597623991785244169e+00 1.044875583036336542e+00
3.222300000000000182e+03 2.225389682018295900e+00 1.029315853585362817e+00
3.225800000000000182e+03 2.504242831030054184e+00 1.019266418428678378e+00
3.229300000000000182e+03 3.036442884016119059e+00 1.008249408924432933e+00
3.232800000000000182e+03 3.320684132882175010e+00 9.930476675331111336e-01
3.236300000000000182e+03 3.953889848422045716e+00 9.732126928574666991e-01
3.239800000000000182e+03 4.323474927139013602e+00 9.636507135165932603e-01
3.243300000000000182e+03 4.501079157816715082e+00 9.491046854810688549e-01
3.246800000000000182e+03 4.550102829626209378e+00 9.458181239311863608e-01
3.250300000000000182e+03 5.206122240249372091e+00 9.394954570731017807e-01
3.253800000000000182e+03 6.078885361750284488e+00 9.330017040066450607e-01
3.257300000000000182e+03 6.243132062941419314e+00 9.201318528765545235e-01
3.260800000000000182e+03 6.786037119805376605e+00 9.071393220847300265e-01
3.264300000000000182e+03 6.975502002350673081e+00 8.933853979859259775e-01
3.267800000000000182e+03 7.868111320117576746e+00 8.891475948205689317e-01
3.271300000000000182e+03 8.301585585926797961e+00 8.849302747910896549e-01
3.274800000000000182e+03 9.494968506925799190e+00 8.758194779561652155e-01
3.278300000000000182e+03 9.394324200814619275e+00 8.763061615952688621e-01
3.281800000000000182e+03 1.073403918022215286e+01 8.698078547006485861e-01
3.285300000000000182e+03 1.250829727026429161e+01 8.645567353013290379e-01
3.288800000000000182e+03 1.210638363602269507e+01 8.483369615112466011e-01
3.292300000000000182e+03 1.266111998031846042e+01 8.392760805430106164e-01
3.295800000000000182e+03 1.280962193810598748e+01 8.269866998712075423e-01
3.299300000000000182e+03 1.408082644514237280e+01 8.208933489532044270e-01
3.302800000000000182e+03 1.450203040348779560e+01 8.214916508400464945e-01
3.306300000000000182e+03 1.329355872770065261e+01 8.118946646903956177e-01
3.309800000000000182e+03 1.280175303212300797e+01 8.133529045605715213e-01
3.313300000000000182e+03 1.503842654952210189e+01 8.084696782106371993e-01
3.316800000000000182e+03 1.506587639588843253e+01 8.029593432796440222e-01
3.320300000000000182e+03 1.662161607210727965e+01 7.929167344440575249e-01
3.323800000000000182e+03 1.698884548195607636e+01 7.825647902131201983e-01
3.327300000000000182e+03 1.913289006256041347e+01 7.764858481526745182e-01
3.330800000000000182e+03 1.975673450687876453e+01 7.696554924692938782e-01
3.334300000000000182e+03 2.124782553681582087e+01 7.667545695550108675e-01
3.337800000000000182e+03 2.005076716892336464e+01 7.698975958610867476e-01
3.341300000000000182e+03 2.031719166478618632e+01 7.619955064899639474e-01
3.344800000000000182e+03 2.009789140429340648e+01 7.570726309978409452e-01
3.348300000000000182e+03 1.866142058510389035e+01 7.536660980851477287e-01
3.351800000000000182e+03 1.810411493047786635e+01 7.457069995158844833e-01
3.355300000000000182e+03 1.881764214296056537e+01 7.436937149807938408e-01
3.358800000000000182e+03 1.975084144828607791e+01 7.333734193921701561e-01
3.362300000000000182e+03 1.803207309729918961e+01 7.240715848776296815e-01
3.365800000000000182e+03 1.781476495904693280e+01 7.276734196308054514e-01
3.369300000000000182e+03 1.737529113590731100e+01 7.259547831591116607e-01
3.372800000000000182e+03 1.829766073063501963e+01 7.228787610081258697e-01
3.376300000000000182e+03 1.846454731293533413e+01 7.206902826774511661e-01
3.379800000000000182e+03 2.149149880596592865e+01 7.100805041416822228e-01
3.383300000000000182e+03 2.187036527174788958e+01 7.102146785988165956e-01
3.386800000000000182e+03 2.392400350294411382e+01 7.043305756758395653e-01
3.390300000000000182e+03 2.665997565162430760e+01 6.952464664177114839e-01
3.393800000000000182e+03 2.609726572246769294e+01 6.942399409686179634e-01
3.397300000000000182e+03 2.760429805974379747e+01 6.914589101282684336e-01
3.400800000000000182e+03 2.915179937626237816e+01 6.896820081390556689e-01
3.404300000000000182e+03 2.881574516461872904e+01 6.827971886675476831e-01
3.407800000000000182e+03 3.146709649620277105e+01 6.789584904544138100e-01
3.411300000000000182e+03 3.106411274334336525e+01 6.781103336696414630e-01
3.414800000000000182e+03 3.334585111261755230e+01 6.715439726342842253e-01
3.418300000000000182e+03 3.423851067139783311e+01 6.703331730369148644e-01
3.421800000000000182e+03 3.400455825875526727e+01 6.641902604991404280e-01
3.425300000000000182e+03 3.704896047228310607e+01 6.615297241617220658e-01
3.428800000000000182e+03 3.600313453497459903e+01 6.571531298270626431e-01
3.432300000000000182e+03 3.504142352804497307e+01 6.567025845023349850e-01
3.435800000000000182e+03 3.486218305171444598e+01 6.536827185468424561e-01
3.439300000000000182e+03 3.222398773259241267e+01 6.523054335314197871e-01
3.442800000000000182e+03 3.457555043587584009e+01 6.488478552222642914e-01
3.446300000000000182e+03 3.384872738753544041e+01 6.465639333122989996e-01
3.449800000000000182e+03 3.246857844067006482e+01 6.442007527221826901e-01
3.453300000000000182e+03 3.232284107207863855e+01 6.384725096277872325e-01
3.456800000000000182e+03 3.293522584998294889e+01 6.342923061519117889e-01
3.460300000000000182e+03 3.262238273489099072e+01 6.284748926641792188e-01
3.463800000000000182e+03 3.243912860436984147e+01 6.317707877157358043e-01
3.467300000000000182e+03 3.234830139743816346e+01 6.248067232524104897e-01
3.470800000000000182e+03 3.494312929052684780e+01 6.212515243902946294e-01
3.474300000000000182e+03 3.344093976940229851e+01 6.218778710808977594e-01
3.477800000000000182e+03 4.155530406710845881e+01 6.162741194311937010e-01
3.481300000000000182e+03 4.109153043196064203e+01 6.133103410408765610e-01
3.484800000000000182e+03 4.559842692294608213e+01 6.087332730884764675e-01
3.488300000000000182e+03 5.007898242649523013e+01 6.062311132311460904e-01
3.491800000000000182e+03 5.136081939061125468e+01 6.057612055174623755e-01
3.495300000000000182e+03 5.406967565089620820e+01 6.029110449412991013e-01
3.498800000000000182e+03 5.960833141867087903e+01 6.033593550951462658e-01
3.502300000000000182e+03 6.083856049582035297e+01 6.002139181391951128e-01
3.505800000000000182e+03 6.845251990134495657e+01 5.978100509145913843e-01
3.509300000000000182e+03 7.080402495806593777e+01 5.976261468191682580e-01
3.512800000000000182e+03 7.219460398198953044e+01 5.935205533658753918e-01
3.516300000000000182e+03 7.314007412957840870e+01 5.879851389711359122e-01
3.519800000000000182e+03 7.093703366491435247e+01 5.887951375074982341e-01
3.523300000000000182e+03 7.103390814642580153e+01 5.885780685649137922e-01
3.526800000000000182e+03 7.952349646725727439e+01 5.809686226850282464e-01
3.530300000000000182e+03 8.101737138876893596e+01 5.796885912199835067e-01
3.533800000000000182e+03 8.779321278799207562e+01 5.744819657248768641e-01
3.537300000000000182e+03 9.266994440196666005e+01 5.767441787513206686e-01
3.540800000000000182e+03 1.013438956671603819e+02 5.718571991514521669e-01
3.544300000000000182e+03 1.082030914677925892e+02 5.705822608067104840e-01
3.547800000000000182e+03 1.153885021418144134e+02 5.707651944796575672e-01
3.551300000000000182e+03 1.157918144730547709e+02 5.690079772370904010e-01
3.554800000000000182e+03 1.088935430520221388e+02 5.637553091506765091e-01
3.558300000000000182e+03 9.587764751085775572e+01 5.612155721130761554e-01
3.561800000000000182e+03 9.214233198919724543e+01 5.580659700310904858e-01
3.565300000000000182e+03 7.465390046092142029e+01 5.573840223216494083e-01
3.568800000000000182e+03 6.796511401834699484e+01 5.526253351638603650e-01
3.572300000000000182e+03 6.141854735527315512e+01 5.487969111566752822e-01
3.575800000000000182e+03 5.438280562997472600e+01 5.478658898983874703e-01
3.579300000000000182e+03 5.290483122184276255e+01 5.480151391645229353e-01
3.582800000000000182e+03 5.181854896294623103e+01 5.451243998659552892e-01
3.586300000000000182e+03 5.576655201667175277e+01 5.440096054421669214e-01
3.589800000000000182e+03 5.777061621184316209e+01 5.409125804748927679e-01
3.593300000000000182e+03 6.008749244285008473e+01 5.410660866925955936e-01
3.596800000000000182e+03 6.804570263044782052e+01 5.366446898738437277e-01
3.600300000000000182e+03 7.358640042611422416e+01 5.336618224102406272e-01
3.603800000000000182e+03 7.771706338880699150e+01 5.341280419054040829e-01
3.607300000000000182e+03 9.132726608986703809e+01 5.292683059010450108e-01
3.610800000000000182e+03 9.506384137178113747e+01 5.284340684676309685e-01
3.614300000000000182e+03 1.061503273181420610e+02 5.232816155339973241e-01
3.617800000000000182e+03 1.113638161647470071e+02 5.226037074001234073e-01
3.621300000000000182e+03 1.143349622647469488e+02 5.202639749776536426e-01
3.624800000000000182e+03 1.193937400504528910e+02 5.224029305900087516e-01
3.628300000000000182e+03 1.333033974751442940e+02 5.180298681893953372e-01
3.631800000000000182e+03 1.311618885770659517e+02 5.167977270545215385e-01
3.635300000000000182e+03 1.483372712543019531e+02 5.132260497592502357e-01
3.638800000000000182e+03 1.503687877131601738e+02 5.091315880360820501e-01
3.642300000000000182e+03 1.566418374619234726e+02 5.090952434129804027e-01
3.645800000000000182e+03 1.689203020611075772e+02 5.091282029558613642e-01
3.649300000000000182e+03 1.843947562849772623e+02 5.063643211755158857e-01
3.652800000000000182e+03 1.907616277581334714e+02 5.033181689248668045e-01
3.656300000000000182e+03 2.040096461389816227e+02 5.053949699289550512e-01
3.659800000000000182e+03 2.168209558526206990e+02 5.026356239269689219e-01
3.663300000000000182e+03 2.332425867888544815e+02 5.000618608197054948e-01
3.666800000000000182e+03 2.387424401327960481e+02 4.948701194947690563e-01
3.670300000000000182e+03 2.534864957532478229e+02 4.954126671652457348e-01
3.673800000000000182e+03 2.549242774885103984e+02 4.920483578004630210e-01
3.677300000000000182e+03 2.410117621566554931e+02 4.930488273730169180e-01
3.680800000000000182e+03 2.273525577720450883e+02 4.918661025902901773e-01
3.684300000000000182e+03 2.227957447363271797e+02 4.885340276894899469e-01
3.687800000000000182e+03 2.084754874208704791e+02 4.821882280112094188e-01
3.691300000000000182e+03 2.008973536223326164e+02 4.817407210063894274e-01
3.694800000000000182e+03 1.922916707178266051e+02 4.804790186336177493e-01
3.698300000000000182e+03 1.846555147266961114e+02 4.781362720461804217e-01
3.701800000000000182e+03 1.809834962569916570e+02 4.770504095604399253e-01
3.705300000000000182e+03 1.703784782538785407e+02 4.797618907343291772e-01
3.708800000000000182e+03 1.665464594373535760e+02 4.756146619193873937e-01
3.712300000000000182e+03 1.486212707241180055e+02 4.749903443062871711e-01
3.715800000000000182e+03 1.354050276692283319e+02 4.719327908936629123e-01
3.719300000000000182e+03 1.244292825796132433e+02 4.708739750932910417e-01
3.722800000000000182e+03 1.120776971629263272e+02 4.663900540565437680e-01
3.726300000000000182e+03 9.762629349230249431e+01 4.621881170630978697e-01
3.729800000000000182e+03 9.079554478389349015e+01 4.594921060490695930e-01
3.733300000000000182e+03 8.812390820514006862e+01 4.562369073326330016e-01
3.736800000000000182e+03 8.517702050286291637e+01 4.597571967334005416e-01
3.740300000000000182e+03 8.746639188416433797e+01 4.614065854232637376e-01
3.743800000000000182e+03 9.783533377039921675e+01 4.588176839571853072e-01
3.747300000000000182e+03 1.105056559085395804e+02 4.571584662966319823e-01
3.750800000000000182e+03 1.246260365630328693e+02 4.570580918843040741e-01
3.754300000000000182e+03 1.491991373553862275e+02 4.541147703634046406e-01
3.757800000000000182e+03 1.794594478225640160e+02 4.511466058703211823e-01
3.761300000000000182e+03 2.056204945064430092e+02 4.484856324758447199e-01
3.764800000000000182e+03 2.413171255439453375e+02 4.456266206485309245e-01
3.768300000000000182e+03 2.662534130732478843e+02 4.433520539076342692e-01
3.771800000000000182e+03 2.886216213552388581e+02 4.415070659490150096e-01
3.775300000000000182e+03 3.032280883009651120e+02 4.431247945016763001e-01
3.778800000000000182e+03 3.141259615411457844e+02 4.392737971001913766e-01
3.782300000000000182e+03 3.297279937107962837e+02 4.387668814444306009e-01
3.785800000000000182e+03 3.294376831236512544e+02 4.356700810673615476e-01
3.789300000000000182e+03 3.333172563640242174e+02 4.351961466650822175e-01
3.792800000000000182e+03 3.198036390615900473e+02 4.353610738333019703e-01
3.796300000000000182e+03 3.354403220044146110e+02 4.314162617902980723e-01
3.799800000000000182e+03 3.370111061643205517e+02 4.352218007842334480e-01
3.803300000000000182e+03 3.425102340863369363e+02 4.348925726381197565e-01
3.806800000000000182e+03 3.204306545484807884e+02 4.334718755692238412e-01
3.810300000000000182e+03 3.144377220596327902e+02 4.352223262426673789e-01
3.813800000000000182e+03 2.763766008866456332e+02 4.342939160780905361e-01
3.817300000000000182e+03 2.681142659630228877e+02 4.271861400395737252e-01
3.820800000000000182e+03 2.320306373661451289e+02 4.222888037663522498e-01
3.824300000000000182e+03 2.060150211481835356e+02 4.120329342922178784e-01
3.827800000000000182e+03 1.859374039909705516e+02 4.054001615545439474e-01
3.831300000000000182e+03 1.792364996347043586e+02 4.024393461659850901e-01
3.834800000000000182e+03 1.835343326109281747e+02 4.072608665185569743e-01
3.838300000000000182e+03 2.064372986159369816e+02 4.098587084074094555e-01
3.841800000000000182e+03 2.177790932805579587e+02 4.119666666986386838e-01
3.845300000000000182e+03 2.533823776259584122e+02 4.157633851397959934e-01
3.848800000000000182e+03 2.652639836877299899e+02 4.161290580402466355e-01
3.852300000000000182e+03 2.738848137803144027e+02 4.125628314050585055e-01
3.855800000000000182e+03 2.851428431375329637e+02 4.099414053497497656e-01
3.859300000000000182e+03 2.784550993386109781e+02 4.118078834762821661e-01
3.862800000000000182e+03 2.718793537529089122e+02 4.119688712223823490e-01
3.866300000000000182e+03 2.784221043807426668e+02 4.120929995029309900e-01
3.869800000000000182e+03 2.682575857157086148e+02 4.158712989127606452e-01
3.873300000000000182e+03 2.639416459346251145e+02 4.116800545582110504e-01
3.876800000000000182e+03 2.634377867504200026e+02 4.052572920243381893e-01
3.880300000000000182e+03 2.771466470986823651e+02 3.940653841208837105e-01
3.883800000000000182e+03 2.937088953334078951e+02 3.804902781794301525e-01
3.887300000000000182e+03 3.020343994128249960e+02 3.687235136271552194e-01
3.890800000000000182e+03 3.209861412243261611e+02 3.665020598760380111e-01
3.894300000000000182e+03 3.550839547209720877e+02 3.686635886639987869e-01
3.897800000000000182e+03 3.756417062797511335e+02 3.814979388420208228e-01
3.901300000000000182e+03 3.989912659948445821e+02 3.895056688678272816e-01
3.904800000000000182e+03 4.240730017987094129e+02 3.975770787729146494e-01
3.908300000000000182e+03 4.250425494654680847e+02 4.018324638831644036e-01
3.911800000000000182e+03 4.297006934534788911e+02 3.972872124876501987e-01
3.915300000000000182e+03 4.038627561056296145e+02 3.953164608006446978e-01
3.918800000000000182e+03 3.542865164428567937e+02 3.882360479630233008e-01
3.922300000000000182e+03 3.100436301376006440e+02 3.809108335605916329e-01
3.925800000000000182e+03 2.776408131123882868e+02 3.719693579194791599e-01
3.929300000000000182e+03 2.600032459597489947e+02 3.665225224365785683e-01
3.932800000000000182e+03 2.638981890279904405e+02 3.674221924554464391e-01
3.936300000000000182e+03 2.883990221597408095e+02 3.710806129684896537e-01
3.939800000000000182e+03 3.464953523470217647e+02 3.750576329726741931e-01
3.943300000000000182e+03 3.776238777310504133e+02 3.797932944312065739e-01
3.946800000000000182e+03 4.232232501465545056e+02 3.847291627734902297e-01
3.950300000000000182e+03 4.286350395427404010e+02 3.880293487599407176e-01
3.953800000000000182e+03 4.490397201430744190e+02 3.820338531617578637e-01
3.957300000000000182e+03 4.164080096536208089e+02 3.750019496983121314e-01
3.960800000000000182e+03 4.014827792433713967e+02 3.627857873325083804e-01
3.964300000000000182e+03 3.874314245993394934e+02 3.453213522919735823e-01
3.967800000000000182e+03 4.012261736494524484e+02 3.331157386598955772e-01
3.971300000000000182e+03 4.335492528692416840e+02 3.307177423430467389e-01
3.974800000000000182e+03 5.135791048529181353e+02 3.371797651885259928e-01
3.978300000000000182e+03 5.931746320620238748e+02 3.489133181736985834e-01
3.981800000000000182e+03 6.948793141055599563e+02 3.590122000144977954e-01
3.985300000000000182e+03 7.986703486113506187e+02 3.642810587344693651e-01
3.988800000000000182e+03 8.858548791669934417e+02 3.676524010788939090e-01
3.992300000000000182e+03 9.716137857459519864e+02 3.634359532783590363e-01
3.995800000000000182e+03 1.034556387461068880e+03 3.578321098406189171e-01
3.999300000000000182e+03 1.113859544583359366e+03 3.569204729097346651e-01
4.002800000000000182e+03 1.142643579952083883e+03 3.549902743738622690e-01
4.006300000000000182e+03 1.185767938869639238e+03 3.519493528127519699e-01
4.009800000000000182e+03 1.206277126772955171e+03 3.524551960537550266e-01
4.013300000000000182e+03 1.178368299813631893e+03 3.513760918829542668e-01
4.016800000000000182e+03 1.152770131649218456e+03 3.483785693392136840e-01
4.020300000000000182e+03 1.083589196056514766e+03 3.484230245280180438e-01
4.023800000000000182e+03 1.033668175654679999e+03 3.460896638740245668e-01
4.027300000000000182e+03 1.006232221023461648e+03 3.433031617534307300e-01
4.030800000000000182e+03 9.761304701013032172e+02 3.423722783946837600e-01
4.034300000000000182e+03 1.004473988729457005e+03 3.406261012430822355e-01
4.037800000000000182e+03 1.033390059005045941e+03 3.389489047150385792e-01
4.041300000000000182e+03 1.094481673766789527e+03 3.396451148876780679e-01
4.044800000000000182e+03 1.116398772771845870e+03 3.382451907569680727e-01
4.048300000000000182e+03 1.141903359523360905e+03 3.383522253964636461e-01
4.051800000000000182e+03 1.169916363235074414e+03 3.377959961379391474e-01
4.055300000000000182e+03 1.168882217272464231e+03 3.362269048879666378e-01
4.058800000000000182e+03 1.138925731927555944e+03 3.351578907522153594e-01
4.062300000000000182e+03 1.123633075083830590e+03 3.330776251697842860e-01
4.065800000000000182e+03 1.125231516375458341e+03 3.331374615035285203e-01
4.069300000000000182e+03 1.136927476323801784e+03 3.334049131062735150e-01
4.072800000000000182e+03 1.201223499485752654e+03 3.312465291983235360e-01
4.076300000000000182e+03 1.255777431013530304e+03 3.303951976875075247e-01
4.079800000000000182e+03 1.384887439033923101e+03 3.301431924415448305e-01
4.083300000000000182e+03 1.466777348987387313e+03 3.274901359007016954e-01
4.086800000000000182e+03 1.574227284135431091e+03 3.241906751244028606e-01
4.090300000000000182e+03 1.586101654489357543e+03 3.257263734054655635e-01
4.093800000000000182e+03 1.612222778481285786e+03 3.224612205657368946e-01
4.097300000000000182e+03 1.559882199692000313e+03 3.198362015311752016e-01
4.100800000000000182e+03 1.514496423637383032e+03 3.152405058929175774e-01
4.104300000000000182e+03 1.471903325272601705e+03 3.085721653148086330e-01
4.107800000000000182e+03 1.403587011388362953e+03 3.039906226398097489e-01
4.111300000000000182e+03 1.386600498162566964e+03 3.027950242525218050e-01
4.114800000000000182e+03 1.401909552649620537e+03 3.037292758330744635e-01
4.118300000000000182e+03 1.411473665036021885e+03 3.106650348198743972e-01
4.121800000000000182e+03 1.421371546966239293e+03 3.169478863546079661e-01
4.125300000000000182e+03 1.457066972745820067e+03 3.188728295175004557e-01
4.128800000000000182e+03 1.479735390984896412e+03 3.197358706112365390e-01
4.132300000000000182e+03 1.537975367741024456e+03 3.196509507001173978e-01
4.135800000000000182e+03 1.504493306916879874e+03 3.157313990833392481e-01
4.139300000000000182e+03 1.529599749182542155e+03 3.120322491004359211e-01
4.142800000000000182e+03 1.537970772663881462e+03 3.090062565366676894e-01
4.146300000000000182e+03 1.520651482681331345e+03 3.073358248514345692e-01
4.149800000000000182e+03 1.532583837636042972e+03 3.078317159093535982e-01
4.153300000000000182e+03 1.547049739206170671e+03 3.039002480202079304e-01
4.156800000000000182e+03 1.549032607989919143e+03 3.054662728749896194e-01
4.160300000000000182e+03 1.578548703885959412e+03 3.053528458662980727e-01
4.163800000000000182e+03 1.655012355484381260e+03 3.021239999201436599e-01
4.167300000000000182e+03 1.650084128062780337e+03 3.015616189170295391e-01
4.170800000000000182e+03 1.654253240899962066e+03 2.998405947532076232e-01
4.174300000000000182e+03 1.660561729131066841e+03 3.019735530465273432e-01
4.177800000000000182e+03 1.656163393022653736e+03 2.984378706455517172e-01
4.181300000000000182e+03 1.652183183716630765e+03 2.965552986983704953e-01
4.184800000000000182e+03 1.632745346739854995e+03 2.956658516737930564e-01
4.188300000000000182e+03 1.614894968003155782e+03 2.966775255621628138e-01
4.191800000000000182e+03 1.568106948263385902e+03 2.943519136620149634e-01
4.195300000000000182e+03 1.489553910853311663e+03 2.945765146149311176e-01
4.198800000000000182e+03 1.373807929110979330e+03 2.957467827192843401e-01
4.202300000000000182e+03 1.287114079588801133e+03 2.917652730869815247e-01
4.205800000000000182e+03 1.163003763811202134e+03 2.916970824048127353e-01
4.209300000000000182e+03 1.074877427228844226e+03 2.891296742007176124e-01
4.212800000000000182e+03 9.623802078023285276e+02 2.913976817500092964e-01
4.216300000000000182e+03 8.465621643823776594e+02 2.882688739025567881e-01
4.219800000000000182e+03 7.079815862002894846e+02 2.870869216716815386e-01
4.223300000000000182e+03 6.263092505749191332e+02 2.849647145141729343e-01
4.226800000000000182e+03 5.510179215593982462e+02 2.849035970222017489e-01
4.230300000000000182e+03 5.483860531797563453e+02 2.826241264216680094e-01
4.233800000000000182e+03 5.729745224336264755e+02 2.820231567851949617e-01
4.237300000000000182e+03 6.532774455614186309e+02 2.833075915744084350e-01
4.240800000000000182e+03 7.960950770530295131e+02 2.834878380848478430e-01
4.244300000000000182e+03 9.151754594170178052e+02 2.817706748999759814e-01
4.247800000000000182e+03 1.029427367828636761e+03 2.815433873685526112e-01
4.251300000000000182e+03 1.158086706216724906e+03 2.789794066061571653e-01
4.254800000000000182e+03 1.218801841232103925e+03 2.793481796705012954e-01
4.258300000000000182e+03 1.306623913706775966e+03 2.778862139242628815e-01
4.261800000000000182e+03 1.366719050490799646e+03 2.781387252802541843e-01
4.265300000000000182e+03 1.477681174584355631e+03 2.766176135594605179e-01
4.268800000000000182e+03 1.496962113239673499e+03 2.755584059430099542e-01
4.272300000000000182e+03 1.553031666332234181e+03 2.731922553467886483e-01
4.275800000000000182e+03 1.538636839738604749e+03 2.715214397271749069e-01
4.279300000000000182e+03 1.589753042412440209e+03 2.710406367252120585e-01
4.282800000000000182e+03 1.596217385273059108e+03 2.725237558478149080e-01
4.286300000000000182e+03 1.613750285559687654e+03 2.714791436359575982e-01
4.289800000000000182e+03 1.636598628114651092e+03 2.724721074498855922e-01
4.293300000000000182e+03 1.655657345479315381e+03 2.694535333735463278e-01
4.296800000000000182e+03 1.684547996311493534e+03 2.683310014634058827e-01
4.300300000000000182e+03 1.692451074033613168e+03 2.699523611360446496e-01
4.303800000000000182e+03 1.754688338763743104e+03 2.673654730717072714e-01
4.307300000000000182e+03 1.777412751603602374e+03 2.680978143339444730e-01
4.310800000000000182e+03 1.874456944881829486e+03 2.701873624645287353e-01
4.314300000000000182e+03 2.033602092684320269e+03 2.664700325945794646e-01
4.317800000000000182e+03 2.188911224763320661e+03 2.653232429298865713e-01
4.321300000000000182e+03 2.326864974999070455e+03 2.639602961288070038e-01
4.324800000000000182e+03 2.494949338181365420e+03 2.621219485946427730e-01
4.328300000000000182e+03 2.652118496413256253e+03 2.600651934902328266e-01
4.331800000000000182e+03 2.756174493386800805e+03 2.591568223966201900e-01
4.335300000000000182e+03 2.831114119671815843e+03 2.592087345162236711e-01
4.338800000000000182e+03 2.911788533775697033e+03 2.554594607832892939e-01
4.342300000000000182e+03 3.039940289298009702e+03 2.506668519919022509e-01
4.345800000000000182e+03 3.086220548926006813e+03 2.485131455055489824e-01
4.349300000000000182e+03 3.125491157225838833e+03 2.445044431523601680e-01
4.352800000000000182e+03 3.229510171112818171e+03 2.462807656468166684e-01
4.356300000000000182e+03 3.267510943582446998e+03 2.472496883018422964e-01
4.359800000000000182e+03 3.266027757551728882e+03 2.515849508659453448e-01
4.363300000000000182e+03 3.273676107314658566e+03 2.565709044378431392e-01
4.366800000000000182e+03 3.298018401194719445e+03 2.592333237447272398e-01
4.370300000000000182e+03 3.320770001881607186e+03 2.582049867715773273e-01
4.373800000000000182e+03 3.264476943507208489e+03 2.568109779271803839e-01
4.377300000000000182e+03 3.210232854538572610e+03 2.529204731973305753e-01
4.380800000000000182e+03 3.096497314273894062e+03 2.505403553986740306e-01
4.384300000000000182e+03 3.014358414990444089e+03 2.505277002910883954e-01
4.387800000000000182e+03 3.023955172550112366e+03 2.455929716777952021e-01
4.391300000000000182e+03 2.951194892609911221e+03 2.461314049277363025e-01
4.394800000000000182e+03 2.863892994406759044e+03 2.478022527978641087e-01
4.398300000000000182e+03 2.919741947181485102e+03 2.455923187546561748e-01
4.401800000000000182e+03 2.960398853595112541e+03 2.471878304682664229e-01
4.405300000000000182e+03 3.001567131096166577e+03 2.451159018892893893e-01
4.408800000000000182e+03 2.944174975673015524e+03 2.458486440901750947e-01
4.412300000000000182e+03 2.989068042146478547e+03 2.441552768933514250e-01
4.415800000000000182e+03 2.966565559471693177e+03 2.450091916797350333e-01
4.419300000000000182e+03 2.930541741188087144e+03 2.429622001950087762e-01
4.422800000000000182e+03 2.925332720924079240e+03 2.424925935337719496e-01
4.426300000000000182e+03 2.947061382463420159e+03 2.415163578041120418e-01
4.429800000000000182e+03 2.953871591204640481e+03 2.396370570005218748e-01
4.433300000000000182e+03 2.986346184866015847e+03 2.390728927755722266e-01
4.436800000000000182e+03 3.058018712883021180e+03 2.395164731450343532e-01
4.440300000000000182e+03 3.094773672939067183e+03 2.389826217124702279e-01
4.443800000000000182e+03 3.205052507838958718e+03 2.383110842766803239e-01
4.447300000000000182e+03 3.275120472224771220e+03 2.378744042864407160e-01
4.450800000000000182e+03 3.323979715911504172e+03 2.378706410371846935e-01
4.454300000000000182e+03 3.404222054377066797e+03 2.363101665506319449e-01
4.457800000000000182e+03 3.527290731387058258e+03 2.342839912949337688e-01
4.461300000000000182e+03 3.603959956778312517e+03 2.337277805935341624e-01
4.464800000000000182e+03 3.712882354456062330e+03 2.348092547684255404e-01
4.468300000000000182e+03 3.743415520062607357e+03 2.335242839933401315e-01
4.471800000000000182e+03 3.864798811393182859e+03 2.326153679152566656e-01
4.475300000000000182e+03 3.891832810059770054e+03 2.306585822602888192e-01
4.478800000000000182e+03 3.969286560206157901e+03 2.320765498443064234e-01
4.482300000000000182e+03 4.046800735177629576e+03 2.295923224292844289e-01
4.485800000000000182e+03 4.112376250716651157e+03 2.295000749994538236e-01
4.489300000000000182e+03 4.184005480619387527e+03 2.276946357565767798e-01
4.492800000000000182e+03 4.316827632743183131e+03 2.267625678438488779e-01
4.496300000000000182e+03 4.356035891210774935e+03 2.275901596303498697e-01
4.499800000000000182e+03 4.533149911334425269e+03 2.267758958471925435e-01
4.503300000000000182e+03 4.650170377768554317e+03 2.275746140594845091e-01
4.506800000000000182e+03 4.707110670381366617e+03 2.246130684845568104e-01
4.510300000000000182e+03 4.732137494484923991e+03 2.268534058563186906e-01
4.513800000000000182e+03 4.670715149060049043e+03 2.259529854860915787e-01
4.517300000000000182e+03 4.483592387527375649e+03 2.258017508354797642e-01
4.520800000000000182e+03 4.353290017215581429e+03 2.250499726582048388e-01
4.524300000000000182e+03 4.148058530674472422e+03 2.239316136362994314e-01
4.527800000000000182e+03 4.114566964482208277e+03 2.214843493889966097e-01
4.531300000000000182e+03 4.068216378169343443e+03 2.231328850941843023e-01
4.534800000000000182e+03 4.056477768753979035e+03 2.195726552371984053e-01
4.538300000000000182e+03 4.154162208780111541e+03 2.231911984638547675e-01
4.541800000000000182e+03 4.213525824340010331e+03 2.192124121561845052e-01
4.545300000000000182e+03 4.448486170361625227e+03 2.178694402345166536e-01
4.548800000000000182e+03 4.537694544297130051e+03 2.176995124225248046e-01
4.552300000000000182e+03 4.622016087451607746e+03 2.173354503455119102e-01
4.555800000000000182e+03 4.781984105165319306e+03 2.185276677744552865e-01
4.559300000000000182e+03 4.898182341622612512e+03 2.166733628657930844e-01
4.562800000000000182e+03 5.035050751954460793e+03 2.168048516350912780e-01
4.566300000000000182e+03 5.075650471849850874e+03 2.182069956392983789e-01
4.569800000000000182e+03 5.211456212921991209e+03 2.143021946939910327e-01
4.573300000000000182e+03 5.122241250477940412e+03 2.167571815534575785e-01
4.576800000000000182e+03 5.027679477080004290e+03 2.149366396450628214e-01
4.580300000000000182e+03 4.844127195269476942e+03 2.155814177197500348e-01
4.583800000000000182e+03 4.629994377517947214e+03 2.129330539048217841e-01
4.587300000000000182e+03 4.593393471086458703e+03 2.110057179596665500e-01
4.590800000000000182e+03 4.566722112996236319e+03 2.120929378640236396e-01
4.594300000000000182e+03 4.581065401081869823e+03 2.108747160683700772e-01
4.597800000000000182e+03 4.646161755605992767e+03 2.095663456689269011e-01
4.601300000000000182e+03 4.758461288253736711e+03 2.100187174292574566e-01
4.604800000000000182e+03 4.949171250112417511e+03 2.095352023531462937e-01
4.608300000000000182e+03 4.853754374926044875e+03 2.123876866797187180e-01
4.611800000000000182e+03 4.950457532861629261e+03 2.112069929831678072e-01
4.615300000000000182e+03 5.009130108239423862e+03 2.079411376815772650e-01
4.618800000000000182e+03 4.895714497038285117e+03 2.065497944926100449e-01
4.622300000000000182e+03 4.860589794303165945e+03 2.085064083696128445e-01
4.625800000000000182e+03 4.760615802584858102e+03 2.062198470857877775e-01
4.629300000000000182e+03 4.785720272373974694e+03 2.046099839526543673e-01
4.632800000000000182e+03 4.673033610675915043e+03 2.045188902118418861e-01
4.636300000000000182e+03 4.693991875744593926e+03 2.032454168262480543e-01
4.639800000000000182e+03 4.653916352115854352e+03 2.044139354899062455e-01
4.643300000000000182e+03 4.708094597927874929e+03 2.014966172343908291e-01
4.646800000000000182e+03 4.682972133735629541e+03 2.043242576974117208e-01
4.650300000000000182e+03 4.707785445484335469e+03 2.013252698061779034e-01
4.653800000000000182e+03 4.803840209100624634e+03 2.008711437821627810e-01
4.657300000000000182e+03 4.835553482554102629e+03 2.028969922501862033e-01
4.660800000000000182e+03 4.869326016223971237e+03 2.012299300822941450e-01
4.664300000000000182e+03 5.017828297300246049e+03 2.012777688141068888e-01
4.667800000000000182e+03 5.006528257274179850e+03 1.994330066839465621e-01
4.671300000000000182e+03 5.000144659560773107e+03 2.008462367472090004e-01
4.674800000000000182e+03 5.109609198297952389e+03 1.993480178629257749e-01
4.678300000000000182e+03 5.036838873210765087e+03 1.994376056884992199e-01
4.681800000000000182e+03 5.102495871327362693e+03 1.987990331844554370e-01
4.685300000000000182e+03 5.122137865983399934e+03 1.963969295280330318e-01
4.688800000000000182e+03 5.021710114193485424e+03 1.979156117541781001e-01
4.692300000000000182e+03 5.054609497319444017e+03 1.975505499835144285e-01
4.695800000000000182e+03 5.082734600536308790e+03 1.967123337204993438e-01
4.699300000000000182e+03 5.006620796698166487e+03 1.950246845704311505e-01
4.702800000000000182e+03 5.024513572000093518e+03 1.944748617709663174e-01
4.706300000000000182e+03 5.022000226302799092e+03 1.933081631381103060e-01
4.709800000000000182e+03 5.036393042333510493e+03 1.930655722540136066e-01
4.713300000000000182e+03 4.988730725768679804e+03 1.940414120546463395e-01
4.716800000000000182e+03 4.995290315195140465e+03 1.927772590235853900e-01
4.720300000000000182e+03 4.867451973849120805e+03 1.929321619278711597e-01
4.723800000000000182e+03 4.833693029702666536e+03 1.915425837901273409e-01
4.727300000000000182e+03 4.851871003414009465e+03 1.933016270226371180e-01
4.730800000000000182e+03 4.904214858571746845e+03 1.922229623332894488e-01
4.734300000000000182e+03 4.898704535474781551e+03 1.921819272783248655e-01
4.737800000000000182e+03 4.879174484939181639e+03 1.916497246954466382e-01
4.741300000000000182e+03 4.889779975224942973e+03 1.924800008547024321e-01
4.744800000000000182e+03 4.879251049551741744e+03 1.885584345712159604e-01
4.748300000000000182e+03 4.748652150300948051e+03 1.892247147916899797e-01
4.751800000000000182e+03 4.659342251919377304e+03 1.866608658376519014e-01
4.755300000000000182e+03 4.407895462270718781e+03 1.885650898617028393e-01
4.758800000000000182e+03 4.142975492268145899e+03 1.884182058351883404e-01
4.762300000000000182e+03 3.935875324824486597e+03 1.873040185786490619e-01
4.765800000000000182e+03 3.681202410219482317e+03 1.875600618372461059e-01
4.769300000000000182e+03 3.558678929953817260e+03 1.852773252559328787e-01
4.772800000000000182e+03 3.518958901862100902e+03 1.863946985965157510e-01
4.776300000000000182e+03 3.542607100063351481e+03 1.852353780408939610e-01
4.779800000000000182e+03 3.611666339146796417e+03 1.861577850836611259e-01
4.783300000000000182e+03 3.771408390423632682e+03 1.875962876510706145e-01
4.786800000000000182e+03 3.866347269282398884e+03 1.859108481946103175e-01
4.790300000000000182e+03 3.960408955322191559e+03 1.867508159753514529e-01
4.793800000000000182e+03 4.058320651427910889e+03 1.854564265339750939e-01
4.797300000000000182e+03 4.146327281421067710e+03 1.810253735078439230e-01
4.800800000000000182e+03 4.125828861934580345e+03 1.828830603079059647e-01
4.804300000000000182e+03 4.216177364674500495e+03 1.823219196484361926e-01
4.807800000000000182e+03 4.264792893174149867e+03 1.827994380807730912e-01
4.811300000000000182e+03 4.344450020903981567e+03 1.819202791978855316e-01
4.814800000000000182e+03 4.386339604603078442e+03 1.804642923620442263e-01
4.818300000000000182e+03 4.428953051814801256e+03 1.817638426597646961e-01
4.821800000000000182e+03 4.451595912514550946e+03 1.849368326099554427e-01
4.825300000000000182e+03 4.608809235488183731e+03 1.831770170560560462e-01
4.828800000000000182e+03 4.757438276928781306e+03 1.817898845822110976e-01
4.832300000000000182e+03 4.859305009499929838e+03 1.830664764524395360e-01
4.835800000000000182e+03 4.862635610819159410e+03 1.822311549837535016e-01
4.839300000000000182e+03 4.959505220944743996e+03 1.805409828975206299e-01
4.842800000000000182e+03 5.112253314493464131e+03 1.798006236885840436e-01
4.846300000000000182e+03 5.197793198918614507e+03 1.791720487420584151e-01
4.849800000000000182e+03 5.201813340923653413e+03 1.777825930578557645e-01
4.853300000000000182e+03 5.357649606337937257e+03 1.770479725888598199e-01
4.856800000000000182e+03 5.444103366538520277e+03 1.744060272763985064e-01
4.860300000000000182e+03 5.513496956583006067e+03 1.723851844748385542e-01
4.863800000000000182e+03 5.603764789721439229e+03 1.688596776704246460e-01
4.867300000000000182e+03 5.772475890609903217e+03 1.632012531518365339e-01
4.870800000000000182e+03 5.834433099387364564e+03 1.624308520756804208e-01
4.874300000000000182e+03 5.887712008600052286e+03 1.640828167562044804e-01
4.877800000000000182e+03 5.962888554765191657e+03 1.707710545332188634e-01
4.881300000000000182e+03 6.049504607738958839e+03 1.729410219204445265e-01
4.884800000000000182e+03 6.115044277716736360e+03 1.785013267847536944e-01
4.888300000000000182e+03 6.065180621164376134e+03 1.814470178182191473e-01
4.891800000000000182e+03 6.193063589034952201e+03 1.798657077960653661e-01
4.895300000000000182e+03 6.288253999148822913e+03 1.780874427892983058e-01
4.898800000000000182e+03 6.357477698577474257e+03 1.751654123821737297e-01
4.902300000000000182e+03 6.393174504541766510e+03 1.721287272334479646e-01
4.905800000000000182e+03 6.409513947116580312e+03 1.724919411350128717e-01
4.909300000000000182e+03 6.473837386188298296e+03 1.732798711199414754e-01
4.912800000000000182e+03 6.546635831074975613e+03 1.701106159874648527e-01
4.916300000000000182e+03 6.496292926863003231e+03 1.718898756235655023e-01
4.919800000000000182e+03 6.558228282953406051e+03 1.697029763454954154e-01
4.923300000000000182e+03 6.578235210113344692e+03 1.701706839178228070e-01
4.926800000000000182e+03 6.505324502600250526e+03 1.673610629332372146e-01
4.930300000000000182e+03 6.388627209053836850e+03 1.699159090791673155e-01
4.933800000000000182e+03 6.281258332224757396e+03 1.693434061134988511e-01
4.937300000000000182e+03 6.148684533159078455e+03 1.686227328878583953e-01
4.940800000000000182e+03 5.893283550989132891e+03 1.691289052720492958e-01
4.944300000000000182e+03 5.711190324978582794e+03 1.700310390520072545e-01
4.947800000000000182e+03 5.412484802276854680e+03 1.689510238274166964e-01
4.951300000000000182e+03 5.248409071764488544e+03 1.684974872224141995e-01
4.954800000000000182e+03 5.026611090164214147e+03 1.692532195600693901e-01
4.958300000000000182e+03 4.844342275142224935e+03 1.677915236123880272e-01
4.961800000000000182e+03 4.595565524771914170e+03 1.698932915996083093e-01
4.965300000000000182e+03 4.304422452453150981e+03 1.683147731254308888e-01
4.968800000000000182e+03 4.314292483658475248e+03 1.674421307179501939e-01
4.972300000000000182e+03 4.210083804589879037e+03 1.672651146118583343e-01
4.975800000000000182e+03 4.183350158162011212e+03 1.666881986280453753e-01
4.979300000000000182e+03 4.239160950130442870e+03 1.673235418644747341e-01
4.982800000000000182e+03 4.315424853753419484e+03 1.683527694057090074e-01
4.986300000000000182e+03 4.383917720249369268e+03 1.679218765149814441e-01
4.989800000000000182e+03 4.379580243431092640e+03 1.670057353860217586e-01
4.993300000000000182e+03 4.333794110235041444e+03 1.656269482315021746e-01
4.996800000000000182e+03 4.252765375272720121e+03 1.655408114301921141e-01
5.000300000000000182e+03 4.149588254660277016e+03 1.651194459102527934e-01
5.003800000000000182e+03 4.062449936707851521e+03 1.647549991564648542e-01
5.007300000000000182e+03 4.043261782791007136e+03 1.635666747250700825e-01
5.010800000000000182e+03 4.020277497957936703e+03 1.636919904396401670e-01
5.014300000000000182e+03 4.028825827100075003e+03 1.636200378906338404e-01
5.017800000000000182e+03 4.099199917262694726e+03 1.637728270106714734e-01
5.021300000000000182e+03 4.223276036175839181e+03 1.658646410585873088e-01
5.024800000000000182e+03 4.284603166285533916e+03 1.655647706772611916e-01
5.028300000000000182e+03 4.413216825820796657e+03 1.665019435588408481e-01
5.031800000000000182e+03 4.456371832111227377e+03 1.686667348712811709e-01
5.035300000000000182e+03 4.470122831398518429e+03 1.670558888153569621e-01
5.038800000000000182e+03 4.482888680163397112e+03 1.674451039487757087e-01
5.042300000000000182e+03 4.435046047999137045e+03 1.656798995361520588e-01
5.045800000000000182e+03 4.442813103689481977e+03 1.651684738681970521e-01
5.049300000000000182e+03 4.447543224191376794e+03 1.642094290652043043e-01
5.052800000000000182e+03 4.458547346295572424e+03 1.615663907027726498e-01
5.056300000000000182e+03 4.496294787832930524e+03 1.608584557222552947e-01
5.059800000000000182e+03 4.440847271077393088e+03 1.631868217394485954e-01
5.063300000000000182e+03 4.466228816136414025e+03 1.642789826301937484e-01
5.066800000000000182e+03 4.444431316597274417e+03 1.622625821769440591e-01
5.070300000000000182e+03 4.447037681058138332e+03 1.642169599945940694e-01
5.073800000000000182e+03 4.494027735895431761e+03 1.631297816315832594e-01
5.077300000000000182e+03 4.508780236692202379e+03 1.613170936354869078e-01
5.080800000000000182e+03 4.486725020262049838e+03 1.624833901116930490e-01
5.084300000000000182e+03 4.580959870433570359e+03 1.613299084645502812e-01
5.087800000000000182e+03 4.589248189601688864e+03 1.597862002028381800e-01
5.091300000000000182e+03 4.595607124849567299e+03 1.578459429565512162e-01
5.094800000000000182e+03 4.716798489329079530e+03 1.562972390866152195e-01
5.098300000000000182e+03 4.676080848760028857e+03 1.585822438839258886e-01
5.101800000000000182e+03 4.734502285461154315e+03 1.545182563594195702e-01
5.105300000000000182e+03 4.769327677837514784e+03 1.577681474786924165e-01
5.108800000000000182e+03 4.849108640092969836e+03 1.567044828124380118e-01
5.112300000000000182e+03 4.780935129093304568e+03 1.566968486708232022e-01
5.115800000000000182e+03 4.729423764682147521e+03 1.569914930211270820e-01
5.119300000000000182e+03 4.797252464853273523e+03 1.544503137224570999e-01
5.122800000000000182e+03 4.734187675770920578e+03 1.565114238191091522e-01
5.126300000000000182e+03 4.753379080132478521e+03 1.544418210961581162e-01
5.129800000000000182e+03 4.793660098304648272e+03 1.544940175256617199e-01
5.133300000000000182e+03 4.658156398464956510e+03 1.555635275944199369e-01
5.136800000000000182e+03 4.675803153784224378e+03 1.544487906411202705e-01
5.140300000000000182e+03 4.557419569074564606e+03 1.559187018608722552e-01
5.143800000000000182e+03 4.557545365181789748e+03 1.530269390700575716e-01
5.147300000000000182e+03 4.513258642421969853e+03 1.534041365492687659e-01
5.150800000000000182e+03 4.415296844645029523e+03 1.548974174745174626e-01
5.154300000000000182e+03 4.276004734442621157e+03 1.538499225195961440e-01
5.157800000000000182e+03 4.139567645238230398e+03 1.533768412983556040e-01
5.161300000000000182e+03 4.036730153200495806e+03 1.518426250930261789e-01
5.164800000000000182e+03 3.918575958248145525e+03 1.532602494670867177e-01
5.168300000000000182e+03 3.813716060759770698e+03 1.509521590748911790e-01
5.171800000000000182e+03 3.799231483790808397e+03 1.515978219475144773e-01
5.175300000000000182e+03 3.768227380618327061e+03 1.513754140247475788e-01
5.178800000000000182e+03 3.932116665557167380e+03 1.518146301162897616e-01
5.182300000000000182e+03 3.992785706242866127e+03 1.522931566276875537e-01
5.185800000000000182e+03 4.094124937139238682e+03 1.550782439118018052e-01
5.189300000000000182e+03 4.274451612146337538e+03 1.506763693456729392e-01
5.192800000000000182e+03 4.349092354154149689e+03 1.517297040083339932e-01
5.196300000000000182e+03 4.468444537155647595e+03 1.539705012141148743e-01
5.199800000000000182e+03 4.591836329068973100e+03 1.526346469426666241e-01
5.203300000000000182e+03 4.678178377323935820e+03 1.506618090826857548e-01
5.206800000000000182e+03 4.897880450934865621e+03 1.490675816975422507e-01
5.210300000000000182e+03 5.107101014676526574e+03 1.517526521278651785e-01
5.213800000000000182e+03 5.508359301997385955e+03 1.492284927996913868e-01
5.217300000000000182e+03 6.021741123295666512e+03 1.505727869203994373e-01
5.220800000000000182e+03 6.488768260706731780e+03 1.497885818519682499e-01
5.224300000000000182e+03 6.916696231654315852e+03 1.513938188520123351e-01
5.227800000000000182e+03 7.502839866080159481e+03 1.485631760263094181e-01
5.231300000000000182e+03 7.771355115123692485e+03 1.506063780842030186e-01
5.234800000000000182e+03 8.033351922437156645e+03 1.498862554355114562e-01
5.238300000000000182e+03 8.228637663687510212e+03 1.508564826702282202e-01
5.241800000000000182e+03 8.318288418610267399e+03 1.522623388984936099e-01
5.245300000000000182e+03 8.595771737367731475e+03 1.504801142704663419e-01
5.248800000000000182e+03 8.497512079754758815e+03 1.513491259987324866e-01
5.252300000000000182e+03 8.302594600388154504e+03 1.529499685855636171e-01
5.255800000000000182e+03 8.102280270478782768e+03 1.497028210514078361e-01
5.259300000000000182e+03 7.910993326795498433e+03 1.503111586965549806e-01
5.262800000000000182e+03 7.660935781192385548e+03 1.487157855646960014e-01
5.266300000000000182e+03 7.454483224558693109e+03 1.494890471320746150e-01
5.269800000000000182e+03 7.440360380318325952e+03 1.466193816286865959e-01
5.273300000000000182e+03 7.598386129257746688e+03 1.502193887351884471e-01
5.276800000000000182e+03 7.977218752579777174e+03 1.482931654126074805e-01
5.280300000000000182e+03 8.392453415699299512e+03 1.502439644630119420e-01
5.283800000000000182e+03 8.787804879020519365e+03 1.532346074819222193e-01
5.287300000000000182e+03 9.163708961787691806e+03 1.511226291181576309e-01
5.290800000000000182e+03 9.533684158858406590e+03 1.510495574732102497e-01
5.294300000000000182e+03 9.795172261017885830e+03 1.500725944006699730e-01
5.297800000000000182e+03 9.981500144956966324e+03 1.478961303573627928e-01
5.301300000000000182e+03 1.003538123744888799e+04 1.502150311777598890e-01
5.304800000000000182e+03 9.982323442029031867e+03 1.497014946091175525e-01
5.308300000000000182e+03 1.012234362285968928e+04 1.484978207469151990e-01
5.311800000000000182e+03 9.920768916619357697e+03 1.491373268620800885e-01
5.315300000000000182e+03 9.769600709923879549e+03 1.504925004081237583e-01
5.318800000000000182e+03 9.603042124851181143e+03 1.488549589651447513e-01
5.322300000000000182e+03 9.494294613217747610e+03 1.465219701261897822e-01
5.325800000000000182e+03 9.231000432946098954e+03 1.488886819336071310e-01
5.329300000000000182e+03 9.132131690914660794e+03 1.486739317528380233e-01
5.332800000000000182e+03 9.171393860540420064e+03 1.447319988415632364e-01
5.336300000000000182e+03 9.242997027379398787e+03 1.462948971919769692e-01
5.339800000000000182e+03 9.380308883665298708e+03 1.458151900452699656e-01
5.343300000000000182e+03 9.445553749977023472e+03 1.474277976596458373e-01
5.346800000000000182e+03 9.630968932811185368e+03 1.469238944607169084e-01
5.350300000000000182e+03 9.833467691568348528e+03 1.485253187354826088e-01
5.353800000000000182e+03 9.790664609135137653e+03 1.468493318668789571e-01
5.357300000000000182e+03 9.788560111287837572e+03 1.462721166927294369e-01
5.360800000000000182e+03 9.779733367983792050e+03 1.473993533025328151e-01
5.364300000000000182e+03 9.769412903501628534e+03 1.469626543970433963e-01
5.367800000000000182e+03 9.740597494271924006e+03 1.454598930004145085e-01
5.371300000000000182e+03 9.716687619452621220e+03 1.450484284228353016e-01
5.374800000000000182e+03 9.840739506154084665e+03 1.430417012263669185e-01
5.378300000000000182e+03 9.798972190930555371e+03 1.456662196784261343e-01
5.381800000000000182e+03 9.984275303384803919e+03 1.443279031622517750e-01
5.385300000000000182e+03 9.979819054068630066e+03 1.455495434736751581e-01
5.388800000000000182e+03 1.007079807168717343e+04 1.457927917360617720e-01
5.392300000000000182e+03 1.001774395980696863e+04 1.463875330292096488e-01
5.395800000000000182e+03 1.016971340778682861e+04 1.450503715127418602e-01
5.399300000000000182e+03 1.003407424366223313e+04 1.440189859090559854e-01
5.402800000000000182e+03 1.019778881049681877e+04 1.449484025675112919e-01
5.406300000000000182e+03 1.000528972644601345e+04 1.459380330642353063e-01
5.409800000000000182e+03 1.006041257849538306e+04 1.449118384257178649e-01
5.413300000000000182e+03 1.005619462788401324e+04 1.461695030930807992e-01
5.416800000000000182e+03 1.006921974047737240e+04 1.468904821232090707e-01
5.420300000000000182e+03 1.003050071195413148e+04 1.460755155379222237e-01
5.423800000000000182e+03 1.031375614060082444e+04 1.449632866425435984e-01
5.427300000000000182e+03 1.014529060253031639e+04 1.460525911546195210e-01
5.430800000000000182e+03 9.869409006133861112e+03 1.442121441669834692e-01
5.434300000000000182e+03 9.544061942879352500e+03 1.449619174654846188e-01
5.437800000000000182e+03 8.969123927477759935e+03 1.461581049903001861e-01
5.441300000000000182e+03 8.625499900641980275e+03 1.438457253027089489e-01
5.444800000000000182e+03 8.192076081592151240e+03 1.450154827799406687e-01
5.448300000000000182e+03 7.872004555372226605e+03 1.435776142360611907e-01
5.451800000000000182e+03 7.551246770693096551e+03 1.454910957434560337e-01
5.455300000000000182e+03 7.545310867693935506e+03 1.439587666374878561e-01
5.458800000000000182e+03 7.515209386696636102e+03 1.448091906930303874e-01
5.462300000000000182e+03 7.803503901441361450e+03 1.437910179701732127e-01
5.465800000000000182e+03 7.909961351507415202e+03 1.436925493298425449e-01
5.469300000000000182e+03 8.074206059050747172e+03 1.452258394961196686e-01
5.472800000000000182e+03 8.283788911893370823e+03 1.407072264845026233e-01
5.476300000000000182e+03 8.427891360602303394e+03 1.417803426216159846e-01
5.479800000000000182e+03 8.509386790586471761e+03 1.416905943664436840e-01
5.483300000000000182e+03 8.545562782450004306e+03 1.421532873422390320e-01
5.486800000000000182e+03 8.772356996925178464e+03 1.413176999140352275e-01
5.490300000000000182e+03 8.587655177563683537e+03 1.424671023950335735e-01
5.493800000000000182e+03 8.554686072705782863e+03 1.438739460243027291e-01
5.497300000000000182e+03 8.531018915749331427e+03 1.399271040159487112e-01
5.500800000000000182e+03 8.472119870765143787e+03 1.400906947888513610e-01
5.504300000000000182e+03 8.387965899741320754e+03 1.413998152924285656e-01
5.507800000000000182e+03 8.390072346332286543e+03 1.414077490738577803e-01
5.511300000000000182e+03 8.485126299673127505e+03 1.427158838284146580e-01
5.514800000000000182e+03 8.684544667517058770e+03 1.420854673844450522e-01
5.518300000000000182e+03 8.951508875382234692e+03 1.396678241807641219e-01
5.521800000000000182e+03 9.293501146191076259e+03 1.413809604341813297e-01
5.525300000000000182e+03 9.452738033974157588e+03 1.399934775229643436e-01
5.528800000000000182e+03 9.771577134112343629e+03 1.412861609140778352e-01
5.532300000000000182e+03 9.940088043183175614e+03 1.394237759184500380e-01
5.535800000000000182e+03 1.023381357183683758e+04 1.383010382389385506e-01
5.539300000000000182e+03 1.024483562480140063e+04 1.401683725471349340e-01
5.542800000000000182e+03 1.028756764802473663e+04 1.393674344996898018e-01
5.546300000000000182e+03 1.041242530066376457e+04 1.396519082645987508e-01
5.549800000000000182e+03 1.037506232710824770e+04 1.396095549447731454e-01
5.553300000000000182e+03 1.054621824875750099e+04 1.408461809724000924e-01
5.556800000000000182e+03 1.072084470065224195e+04 1.405179211094630953e-01
5.560300000000000182e+03 1.069792285482630905e+04 1.388690850736724047e-01
5.563800000000000182e+03 1.087877828240958115e+04 1.388877088355874312e-01
5.567300000000000182e+03 1.090180515527325224e+04 1.402943210181260558e-01
5.570800000000000182e+03 1.089826742959604417e+04 1.401189013600088740e-01
5.574300000000000182e+03 1.085554742049075139e+04 1.401870909624438888e-01
5.577800000000000182e+03 1.087696402958837643e+04 1.395590182957263670e-01
5.581300000000000182e+03 1.083762568558363819e+04 1.388168852339603798e-01
5.584800000000000182e+03 1.062266404230220178e+04 1.397388300293696539e-01
5.588300000000000182e+03 1.047647906310815233e+04 1.404270928135723240e-01
5.591800000000000182e+03 1.040972093772185872e+04 1.397449405075791296e-01
5.595300000000000182e+03 9.969436036209363010e+03 1.397323021397052500e-01
5.598800000000000182e+03 9.715653147796598205e+03 1.390785683616233281e-01
5.602300000000000182e+03 9.370250266895125606e+03 1.423120484375410277e-01
5.605800000000000182e+03 9.139495998091024376e+03 1.389767332350322904e-01
5.609300000000000182e+03 8.947577904881400173e+03 1.392097952287797702e-01
5.612800000000000182e+03 8.872813725743533723e+03 1.420041234682845599e-01
5.616300000000000182e+03 9.049210931928682839e+03 1.388955795168147211e-01
5.619800000000000182e+03 9.266158029561620424e+03 1.410236804949899503e-01
5.623300000000000182e+03 9.429758261289825896e+03 1.403847551025740326e-01
5.626800000000000182e+03 9.610527964568846073e+03 1.401230549912905743e-01
5.630300000000000182e+03 9.989351376420185261e+03 1.406400095626726965e-01
5.633800000000000182e+03 1.028255474275026427e+04 1.391411478343194952e-01
5.637300000000000182e+03 1.050485071953897022e+04 1.377820157835959181e-01
5.640800000000000182e+03 1.065168340917491150e+04 1.383557197935627869e-01
5.644300000000000182e+03 1.091955805669633082e+04 1.402862207496225200e-01
5.647800000000000182e+03 1.106105209004890094e+04 1.373910718657387064e-01
5.651300000000000182e+03 1.106258301485648371e+04 1.413494112461699814e-01
5.654800000000000182e+03 1.114490355670240388e+04 1.406267047394660907e-01
5.658300000000000182e+03 1.123231949177156093e+04 1.401097580802566356e-01
5.661800000000000182e+03 1.120949992371658482e+04 1.384730132287928517e-01
5.665300000000000182e+03 1.117088504353075950e+04 1.410583966230163078e-01
5.668800000000000182e+03 1.115641994836263075e+04 1.402883116730001822e-01
5.672300000000000182e+03 1.139880976136933350e+04 1.413990981410643555e-01
5.675800000000000182e+03 1.122865946736218575e+04 1.425774789178801960e-01
5.679300000000000182e+03 1.172038028076088267e+04 1.405313849725951525e-01
5.682800000000000182e+03 1.175313499164792302e+04 1.430696838403452131e-01
5.686300000000000182e+03 1.179530512700628424e+04 1.422239880900889319e-01
5.689800000000000182e+03 1.187523981158645620e+04 1.444013433345584518e-01
5.693300000000000182e+03 1.211796792292254031e+04 1.431087359396769620e-01
5.696800000000000182e+03 1.222297534242551410e+04 1.427130416211086494e-01
5.700300000000000182e+03 1.200808029087046270e+04 1.424648546650645331e-01
5.703800000000000182e+03 1.216922767331655450e+04 1.414461960356055148e-01
5.707300000000000182e+03 1.217533551458874535e+04 1.407606346295330324e-01
5.710800000000000182e+03 1.241291530549603340e+04 1.408120746974743931e-01
5.714300000000000182e+03 1.244781507237721962e+04 1.405317270611020630e-01
5.717800000000000182e+03 1.275269503578026161e+04 1.420415898157903756e-01
5.721300000000000182e+03 1.288741463611047038e+04 1.421146780348123140e-01
5.724800000000000182e+03 1.320688264506649284e+04 1.408057460807690675e-01
5.728300000000000182e+03 1.345326491559097303e+04 1.404940367644346155e-01
5.731800000000000182e+03 1.345599305603555331e+04 1.401213863613784694e-01
5.735300000000000182e+03 1.361703506267339435e+04 1.421408730119967379e-01
5.738800000000000182e+03 1.362298785340363975e+04 1.403823898332154096e-01
5.742300000000000182e+03 1.362308116847392739e+04 1.398930040197255142e-01
5.745800000000000182e+03 1.357696440651545890e+04 1.410855978294408841e-01
5.749300000000000182e+03 1.356366407202757182e+04 1.379307021005177492e-01
5.752800000000000182e+03 1.324857861200122534e+04 1.412297531879626589e-01
5.756300000000000182e+03 1.315102163609945819e+04 1.394695126811402175e-01
5.759800000000000182e+03 1.303362763649351291e+04 1.369717019559466564e-01
5.763300000000000182e+03 1.284024835465121942e+04 1.365294059421498507e-01
5.766800000000000182e+03 1.257797828430615846e+04 1.365719981744820122e-01
5.770300000000000182e+03 1.249772791860624784e+04 1.359786564589313129e-01
5.773800000000000182e+03 1.256621382622910278e+04 1.372435664925933663e-01
5.777300000000000182e+03 1.286648327427230834e+04 1.347090879313791179e-01
5.780800000000000182e+03 1.280605793684767741e+04 1.367143864890804361e-01
5.784300000000000182e+03 1.296125443614129290e+04 1.364330049118490096e-01
5.787800000000000182e+03 1.314617525194118389e+04 1.337390208002489922e-01
5.791300000000000182e+03 1.308667353628318597e+04 1.330708027364897461e-01
5.794800000000000182e+03 1.299376723884476633e+04 1.378508403761160017e-01
5.798300000000000182e+03 1.290783396928773072e+04 1.349358714667183712e-01
5.801800000000000182e+03 1.289575095745727231e+04 1.316515274991902629e-01
5.805300000000000182e+03 1.272526755487965602e+04 1.321310211703013160e-01
5.808800000000000182e+03 1.274322718454007372e+04 1.319369949771571071e-01
5.812300000000000182e+03 1.265921046730803027e+04 1.318959528008585569e-01
5.815800000000000182e+03 1.268192633502220997e+04 1.334081968514449490e-01
5.819300000000000182e+03 1.302344559029749871e+04 1.350798001369354906e-01
5.822800000000000182e+03 1.316069932499488641e+04 1.322743912049147430e-01
5.826300000000000182e+03 1.315455841058073020e+04 1.320691321076742086e-01
5.829800000000000182e+03 1.321358260441099083e+04 1.311092801820698539e-01
5.833300000000000182e+03 1.320916336924100506e+04 1.330901924328069252e-01
5.836800000000000182e+03 1.339632497783851613e+04 1.298091177104155058e-01
5.840300000000000182e+03 1.319254568915116943e+04 1.316593920142739016e-01
5.843800000000000182e+03 1.298176882319797005e+04 1.307030055004521352e-01
5.847300000000000182e+03 1.299282582926182658e+04 1.297884135820300822e-01
5.850800000000000182e+03 1.299875354670028901e+04 1.316979711777438167e-01
5.854300000000000182e+03 1.278403730406032992e+04 1.303836547032607984e-01
5.857800000000000182e+03 1.263257653282362662e+04 1.311537245392148110e-01
5.861300000000000182e+03 1.260344361956385910e+04 1.285454343338202077e-01
5.864800000000000182e+03 1.221338696999202512e+04 1.295372293041691381e-01
5.868300000000000182e+03 1.202012307345468071e+04 1.309283986287766710e-01
5.871800000000000182e+03 1.172767566742517556e+04 1.324701288135769484e-01
5.875300000000000182e+03 1.149836171746253785e+04 1.336447118658186661e-01
5.878800000000000182e+03 1.114061760515940841e+04 1.384598316896001047e-01
5.882300000000000182e+03 1.086128542493771965e+04 1.388423075132400597e-01
5.885800000000000182e+03 1.040565918097059512e+04 1.433091375829368963e-01
5.889300000000000182e+03 1.035325784529133489e+04 1.464688105631871406e-01
5.892800000000000182e+03 1.021088211082316957e+04 1.448637545727253506e-01
5.896300000000000182e+03 1.028427456332993643e+04 1.459394576033926083e-01
5.899800000000000182e+03 1.056934109392470782e+04 1.452430236559501264e-01
5.903300000000000182e+03 1.078053199878153646e+04 1.449375669205223705e-01
5.906800000000000182e+03 1.088945741166909829e+04 1.458063534657833005e-01
5.910300000000000182e+03 1.105664892641221741e+04 1.436160696205380227e-01
5.913800000000000182e+03 1.107094235387932895e+04 1.453198799298485167e-01
5.917300000000000182e+03 1.094975240527284404e+04 1.432649071142087227e-01
5.920800000000000182e+03 1.109260245787177519e+04 1.421509160821676498e-01
5.924300000000000182e+03 1.118077020473593802e+04 1.416596061967569653e-01
5.927800000000000182e+03 1.107190941378816569e+04 1.428429458845559830e-01
5.931300000000000182e+03 1.117984755402211704e+04 1.380837666969240429e-01
5.934800000000000182e+03 1.117758709044439092e+04 1.410523160552962785e-01
5.938300000000000182e+03 1.099437717326487291e+04 1.429840428599001012e-01
5.941800000000000182e+03 1.095929676089243185e+04 1.439144354942933079e-01
5.945300000000000182e+03 1.088350705320317502e+04 1.428711957498654261e-01
5.948800000000000182e+03 1.091079408629877798e+04 1.440439685555186256e-01
5.952300000000000182e+03 1.119682652294753279e+04 1.423187712895460644e-01
5.955800000000000182e+03 1.121844507560425154e+04 1.394137611007017774e-01
5.959300000000000182e+03 1.139515259463486473e+04 1.380889872442928323e-01
5.962800000000000182e+03 1.141803135763920727e+04 1.401937768894342684e-01
5.966300000000000182e+03 1.151383320880405336e+04 1.366384950532596176e-01
5.969800000000000182e+03 1.159402634671651322e+04 1.352879183528754858e-01
5.973300000000000182e+03 1.149289473797972823e+04 1.358690278595196255e-01
5.976800000000000182e+03 1.163715924042908227e+04 1.332257459461689275e-01
5.980300000000000182e+03 1.190599754708905857e+04 1.337738672709853915e-01
5.983800000000000182e+03 1.176336421856936431e+04 1.336836348595595858e-01
5.987300000000000182e+03 1.184780290362286178e+04 1.343567417712375200e-01
5.990800000000000182e+03 1.189703660005954225e+04 1.329746071710588007e-01
5.994300000000000182e+03 1.188354942939344983e+04 1.325728899229909608e-01
5.997800000000000182e+03 1.202366041051272805e+04 1.323446972672562005e-01
