# wavelength angstroms, flux, ext coeff
3.001800000000000182e+03 9.250807780395507718e-02 0.000000000000000000e+00
3.005300000000000182e+03 7.870414759034410901e-02 0.000000000000000000e+00
3.008800000000000182e+03 2.662712329573405090e-01 0.000000000000000000e+00
3.012300000000000182e+03 1.160465986646455755e-01 0.000000000000000000e+00
3.015800000000000182e+03 2.064488506908589149e-01 0.000000000000000000e+00
3.019300000000000182e+03 7.510154647663437322e-01 0.000000000000000000e+00
3.022800000000000182e+03 6.189121782364602753e-01 0.000000000000000000e+00
3.026300000000000182e+03 9.039696915685411227e-01 0.000000000000000000e+00
3.029800000000000182e+03 1.119651707580668676e+00 0.000000000000000000e+00
3.033300000000000182e+03 2.014327921522528264e+00 0.000000000000000000e+00
3.036800000000000182e+03 2.555954394970194610e+00 0.000000000000000000e+00
3.040300000000000182e+03 2.511361373449442880e+00 0.000000000000000000e+00
3.043800000000000182e+03 2.677492552362747968e+00 0.000000000000000000e+00
3.047300000000000182e+03 3.146929685284582057e+00 0.000000000000000000e+00
3.050800000000000182e+03 4.758599687631500430e+00 0.000000000000000000e+00
3.054300000000000182e+03 5.037103358517549090e+00 0.000000000000000000e+00
3.057800000000000182e+03 1.781039091401667718e-02 2.676191265483294668e+00
3.061300000000000182e+03 6.663427277833817719e+00 0.000000000000000000e+00
3.064800000000000182e+03 3.547221300940570088e-02 2.539800291787396525e+00
3.068300000000000182e+03 6.237405799031225245e-02 2.443376115390806014e+00
3.071800000000000182e+03 8.116321937724889357e-02 2.349794574566738348e+00
3.075300000000000182e+03 1.166817531328744190e-01 2.307159003225331961e+00
3.078800000000000182e+03 1.445502994082646930e-01 2.237229603986682136e+00
3.082300000000000182e+03 1.848512191736170485e-01 2.178915401554381237e+00
3.085800000000000182e+03 2.995195575544360445e-01 2.099464265323941703e+00
3.089300000000000182e+03 3.548481410538982805e-01 2.036406266484044991e+00
3.092800000000000182e+03 5.016876637024937358e-01 1.963987011900433899e+00
3.096300000000000182e+03 5.721504498844597331e-01 1.925543556605257223e+00
3.099800000000000182e+03 7.771309564158443983e-01 1.862389370627876906e+00
3.103300000000000182e+03 9.500416909838369506e-01 1.817730735448978674e+00
3.106800000000000182e+03 1.031767240570382160e+00 1.811196389898733994e+00
3.110300000000000182e+03 1.094286956971746827e+00 1.827642189693348573e+00
3.113800000000000182e+03 1.142410000304205031e+00 1.750106257928055076e+00
3.117300000000000182e+03 1.546611207585262937e+00 1.709251412826013672e+00
3.120800000000000182e+03 1.798525407161236211e+00 1.692955145572516251e+00
3.124300000000000182e+03 1.821302663426908053e+00 1.652846736688899032e+00
3.127800000000000182e+03 2.306473801530271039e+00 1.625222987047809209e+00
3.131300000000000182e+03 2.795998906832918074e+00 1.591690858786647844e+00
3.134800000000000182e+03 3.047100320197920098e+00 1.569223271028398425e+00
3.138300000000000182e+03 3.566330922925709856e+00 1.531495074763135289e+00
3.141800000000000182e+03 4.022247127489038121e+00 1.505715893719153264e+00
3.145300000000000182e+03 4.910975244834244080e+00 1.470000305444626454e+00
3.148800000000000182e+03 5.519794036070656773e+00 1.450896327661748142e+00
3.152300000000000182e+03 6.285771410681815219e+00 1.415150610787734520e+00
3.155800000000000182e+03 7.307020703484435664e+00 1.385357060913823046e+00
3.159300000000000182e+03 8.083667693861130488e+00 1.355733241096056529e+00
3.162800000000000182e+03 9.550997405260034157e+00 1.328546522166593524e+00
3.166300000000000182e+03 1.012042657980658333e+01 1.316171330062493983e+00
3.169800000000000182e+03 1.150446235767414116e+01 1.292792349236930205e+00
3.173300000000000182e+03 1.237455363572115274e+01 1.272660417385364617e+00
3.176800000000000182e+03 1.400965966097683335e+01 1.245814760924064846e+00
3.180300000000000182e+03 1.494717046429690299e+01 1.229232170183474304e+00
3.183800000000000182e+03 1.674729591336031831e+01 1.200025787350764039e+00
3.187300000000000182e+03 1.880683859985887096e+01 1.180372858685334148e+00
3.190800000000000182e+03 1.995908571781611940e+01 1.165379246819851611e+00
3.194300000000000182e+03 2.263395784696952973e+01 1.146250237596935007e+00
3.197800000000000182e+03 2.345054171102970031e+01 1.133022241096768745e+00
3.201300000000000182e+03 2.685533119858925133e+01 1.120045128881696606e+00
3.204800000000000182e+03 2.880378854692580504e+01 1.098841068728160897e+00
3.208300000000000182e+03 3.073727438709988036e+01 1.084041209791033245e+00
3.211800000000000182e+03 3.383572323878889421e+01 1.066679060790529432e+00
3.215300000000000182e+03 3.541008581333083782e+01 1.057862462901952849e+00
3.218800000000000182e+03 3.720890158454177765e+01 1.044875583036336542e+00
3.222300000000000182e+03 3.903967545607096667e+01 1.029315853585362817e+00
3.225800000000000182e+03 4.042482517312624424e+01 1.019266418428678378e+00
3.229300000000000182e+03 4.157269852458490789e+01 1.008249408924432933e+00
3.232800000000000182e+03 4.622095953431836080e+01 9.930476675331111336e-01
3.236300000000000182e+03 5.024130300993741827e+01 9.732126928574666991e-01
3.239800000000000182e+03 5.391641617897045080e+01 9.636507135165932603e-01
3.243300000000000182e+03 5.777940597992332528e+01 9.491046854810688549e-01
3.246800000000000182e+03 5.833957672089126589e+01 9.458181239311863608e-01
3.250300000000000182e+03 6.259261603585284206e+01 9.394954570731017807e-01
3.253800000000000182e+03 6.201258356626374990e+01 9.330017040066450607e-01
3.257300000000000182e+03 7.103110960255477835e+01 9.201318528765545235e-01
3.260800000000000182e+03 7.331185467000456413e+01 9.071393220847300265e-01
3.264300000000000182e+03 7.851609491366585303e+01 8.933853979859259775e-01
3.267800000000000182e+03 8.291635193469397791e+01 8.891475948205689317e-01
3.271300000000000182e+03 8.329137152223140106e+01 8.849302747910896549e-01
3.274800000000000182e+03 8.558368041758632216e+01 8.758194779561652155e-01
3.278300000000000182e+03 8.636625114917808332e+01 8.763061615952688621e-01
3.281800000000000182e+03 8.911873047885583787e+01 8.698078547006485861e-01
3.285300000000000182e+03 9.419398163841279370e+01 8.645567353013290379e-01
3.288800000000000182e+03 9.759684602041532742e+01 8.483369615112466011e-01
3.292300000000000182e+03 1.044887217615458042e+02 8.392760805430106164e-01
3.295800000000000182e+03 1.141621278464162117e+02 8.269866998712075423e-01
3.299300000000000182e+03 1.199071939742337207e+02 8.208933489532044270e-01
3.302800000000000182e+03 1.213692875115664833e+02 8.214916508400464945e-01
3.306300000000000182e+03 1.229130086536837325e+02 8.118946646903956177e-01
3.309800000000000182e+03 1.208008795553664925e+02 8.133529045605715213e-01
3.313300000000000182e+03 1.252429052436342545e+02 8.084696782106371993e-01
3.316800000000000182e+03 1.280506470963936749e+02 8.029593432796440222e-01
3.320300000000000182e+03 1.357902373945606769e+02 7.929167344440575249e-01
3.323800000000000182e+03 1.392923623724808806e+02 7.825647902131201983e-01
3.327300000000000182e+03 1.478215114658520122e+02 7.764858481526745182e-01
3.330800000000000182e+03 1.530139467137296947e+02 7.696554924692938782e-01
3.334300000000000182e+03 1.532322499384251557e+02 7.667545695550108675e-01
3.337800000000000182e+03 1.555304618582376861e+02 7.698975958610867476e-01
3.341300000000000182e+03 1.590331944094838548e+02 7.619955064899639474e-01
3.344800000000000182e+03 1.658518521742304870e+02 7.570726309978409452e-01
3.348300000000000182e+03 1.642251482856725318e+02 7.536660980851477287e-01
3.351800000000000182e+03 1.767701014318156183e+02 7.457069995158844833e-01
3.355300000000000182e+03 1.743908079060182956e+02 7.436937149807938408e-01
3.358800000000000182e+03 1.845241661062867422e+02 7.333734193921701561e-01
3.362300000000000182e+03 1.928308577905380616e+02 7.240715848776296815e-01
3.365800000000000182e+03 1.971029725128678933e+02 7.276734196308054514e-01
3.369300000000000182e+03 1.947275012829170748e+02 7.259547831591116607e-01
3.372800000000000182e+03 2.013358937086801461e+02 7.228787610081258697e-01
3.376300000000000182e+03 1.968502883411975120e+02 7.206902826774511661e-01
3.379800000000000182e+03 2.109736614269448012e+02 7.100805041416822228e-01
3.383300000000000182e+03 2.139481555317537982e+02 7.102146785988165956e-01
3.386800000000000182e+03 2.239383352405687617e+02 7.043305756758395653e-01
3.390300000000000182e+03 2.312143180505997861e+02 6.952464664177114839e-01
3.393800000000000182e+03 2.286226536293611389e+02 6.942399409686179634e-01
3.397300000000000182e+03 2.331766350961719922e+02 6.914589101282684336e-01
3.400800000000000182e+03 2.394556710665264916e+02 6.896820081390556689e-01
3.404300000000000182e+03 2.533405640041254117e+02 6.827971886675476831e-01
3.407800000000000182e+03 2.542175949825468138e+02 6.789584904544138100e-01
3.411300000000000182e+03 2.628919708018498795e+02 6.781103336696414630e-01
3.414800000000000182e+03 2.718437833107781785e+02 6.715439726342842253e-01
3.418300000000000182e+03 2.748251547535262489e+02 6.703331730369148644e-01
3.421800000000000182e+03 2.815846043288067904e+02 6.641902604991404280e-01
3.425300000000000182e+03 2.775550142564102316e+02 6.615297241617220658e-01
3.428800000000000182e+03 2.907463228881524060e+02 6.571531298270626431e-01
3.432300000000000182e+03 2.962925525148833117e+02 6.567025845023349850e-01
3.435800000000000182e+03 2.924796580321720967e+02 6.536827185468424561e-01
3.439300000000000182e+03 3.002316697986009899e+02 6.523054335314197871e-01
3.442800000000000182e+03 3.017523142392853970e+02 6.488478552222642914e-01
3.446300000000000182e+03 3.137758642250519756e+02 6.465639333122989996e-01
3.449800000000000182e+03 3.165889237115589481e+02 6.442007527221826901e-01
3.453300000000000182e+03 3.219658192672354176e+02 6.384725096277872325e-01
3.456800000000000182e+03 3.354909550966696656e+02 6.342923061519117889e-01
3.460300000000000182e+03 3.317879819532072361e+02 6.284748926641792188e-01
3.463800000000000182e+03 3.316556499825423430e+02 6.317707877157358043e-01
3.467300000000000182e+03 3.517210475940395327e+02 6.248067232524104897e-01
3.470800000000000182e+03 3.577855585526353366e+02 6.212515243902946294e-01
3.474300000000000182e+03 3.622073956188154966e+02 6.218778710808977594e-01
3.477800000000000182e+03 3.641421826738746859e+02 6.162741194311937010e-01
3.481300000000000182e+03 3.651583789804496405e+02 6.133103410408765610e-01
3.484800000000000182e+03 3.811862853574544374e+02 6.087332730884764675e-01
3.488300000000000182e+03 3.846947733431805432e+02 6.062311132311460904e-01
3.491800000000000182e+03 3.844945061628069993e+02 6.057612055174623755e-01
3.495300000000000182e+03 3.980272643640129786e+02 6.029110449412991013e-01
3.498800000000000182e+03 3.940598597732799249e+02 6.033593550951462658e-01
3.502300000000000182e+03 4.036145369617916572e+02 6.002139181391951128e-01
3.505800000000000182e+03 4.168334641940706433e+02 5.978100509145913843e-01
3.509300000000000182e+03 4.165651205069703451e+02 5.976261468191682580e-01
3.512800000000000182e+03 4.186578295083759826e+02 5.935205533658753918e-01
3.516300000000000182e+03 4.344969041600539299e+02 5.879851389711359122e-01
3.519800000000000182e+03 4.523566962993402285e+02 5.887951375074982341e-01
3.523300000000000182e+03 4.386946575834280111e+02 5.885780685649137922e-01
3.526800000000000182e+03 4.501680239996687192e+02 5.809686226850282464e-01
3.530300000000000182e+03 4.585892720636994682e+02 5.796885912199835067e-01
3.533800000000000182e+03 4.710305945986815459e+02 5.744819657248768641e-01
3.537300000000000182e+03 4.800857523821802033e+02 5.767441787513206686e-01
3.540800000000000182e+03 4.794329172120729936e+02 5.718571991514521669e-01
3.544300000000000182e+03 4.886301381234931114e+02 5.705822608067104840e-01
3.547800000000000182e+03 5.017305063747821805e+02 5.707651944796575672e-01
3.551300000000000182e+03 4.936731145250001873e+02 5.690079772370904010e-01
3.554800000000000182e+03 5.125938288796139659e+02 5.637553091506765091e-01
3.558300000000000182e+03 5.224154462650406003e+02 5.612155721130761554e-01
3.561800000000000182e+03 5.180946460398459976e+02 5.580659700310904858e-01
3.565300000000000182e+03 5.214820087572752527e+02 5.573840223216494083e-01
3.568800000000000182e+03 5.463424994693220924e+02 5.526253351638603650e-01
3.572300000000000182e+03 5.382683237437419166e+02 5.487969111566752822e-01
3.575800000000000182e+03 5.471075911226884045e+02 5.478658898983874703e-01
3.579300000000000182e+03 5.556396345050735590e+02 5.480151391645229353e-01
3.582800000000000182e+03 5.760359366881249343e+02 5.451243998659552892e-01
3.586300000000000182e+03 5.665051949307611494e+02 5.440096054421669214e-01
3.589800000000000182e+03 5.625424308930352026e+02 5.409125804748927679e-01
3.593300000000000182e+03 5.761376727777656015e+02 5.410660866925955936e-01
3.596800000000000182e+03 6.046161214774472228e+02 5.366446898738437277e-01
3.600300000000000182e+03 6.067699066735683573e+02 5.336618224102406272e-01
3.603800000000000182e+03 6.026411860914498675e+02 5.341280419054040829e-01
3.607300000000000182e+03 6.194765124964687857e+02 5.292683059010450108e-01
3.610800000000000182e+03 6.163948487892704406e+02 5.284340684676309685e-01
3.614300000000000182e+03 6.495022501486588453e+02 5.232816155339973241e-01
3.617800000000000182e+03 6.496422638399856169e+02 5.226037074001234073e-01
3.621300000000000182e+03 6.631615088725766327e+02 5.202639749776536426e-01
3.624800000000000182e+03 6.491115588144426738e+02 5.224029305900087516e-01
3.628300000000000182e+03 6.712635322444792791e+02 5.180298681893953372e-01
3.631800000000000182e+03 6.676504609081333683e+02 5.167977270545215385e-01
3.635300000000000182e+03 6.865386903722159104e+02 5.132260497592502357e-01
3.638800000000000182e+03 6.829440364286671183e+02 5.091315880360820501e-01
3.642300000000000182e+03 7.079484741056589883e+02 5.090952434129804027e-01
3.645800000000000182e+03 7.029581508187226291e+02 5.091282029558613642e-01
3.649300000000000182e+03 7.079675746542417301e+02 5.063643211755158857e-01
3.652800000000000182e+03 7.318136024002343447e+02 5.033181689248668045e-01
3.656300000000000182e+03 7.211562696013402274e+02 5.053949699289550512e-01
3.659800000000000182e+03 7.415035993699046912e+02 5.026356239269689219e-01
3.663300000000000182e+03 7.554558464566275688e+02 5.000618608197054948e-01
3.666800000000000182e+03 7.724547284426608940e+02 4.948701194947690563e-01
3.670300000000000182e+03 7.528100748945822716e+02 4.954126671652457348e-01
3.673800000000000182e+03 7.668838649806153853e+02 4.920483578004630210e-01
3.677300000000000182e+03 7.556891898541966839e+02 4.930488273730169180e-01
3.680800000000000182e+03 7.404857583509815413e+02 4.918661025902901773e-01
3.684300000000000182e+03 7.536630446462050941e+02 4.885340276894899469e-01
3.687800000000000182e+03 7.303923037490795878e+02 4.821882280112094188e-01
3.691300000000000182e+03 7.393687186951603962e+02 4.817407210063894274e-01
3.694800000000000182e+03 7.655811699365808636e+02 4.804790186336177493e-01
3.698300000000000182e+03 7.607154727982863278e+02 4.781362720461804217e-01
3.701800000000000182e+03 7.848064970434087400e+02 4.770504095604399253e-01
3.705300000000000182e+03 7.898318609029329309e+02 4.797618907343291772e-01
3.708800000000000182e+03 8.130412616004622350e+02 4.756146619193873937e-01
3.712300000000000182e+03 8.157706316776479980e+02 4.749903443062871711e-01
3.715800000000000182e+03 8.334202094993121364e+02 4.719327908936629123e-01
3.719300000000000182e+03 8.345425380242355686e+02 4.708739750932910417e-01
3.722800000000000182e+03 8.644207612611745617e+02 4.663900540565437680e-01
3.726300000000000182e+03 8.815900321309752599e+02 4.621881170630978697e-01
3.729800000000000182e+03 8.969527704310917215e+02 4.594921060490695930e-01
3.733300000000000182e+03 9.146667582429950016e+02 4.562369073326330016e-01
3.736800000000000182e+03 9.521819033626927649e+02 4.597571967334005416e-01
3.740300000000000182e+03 9.810410584150424711e+02 4.614065854232637376e-01
3.743800000000000182e+03 1.059577702109117581e+03 4.588176839571853072e-01
3.747300000000000182e+03 1.099652061897842032e+03 4.571584662966319823e-01
3.750800000000000182e+03 1.121187484959633139e+03 4.570580918843040741e-01
3.754300000000000182e+03 1.157948181424841550e+03 4.541147703634046406e-01
3.757800000000000182e+03 1.185346012352420075e+03 4.511466058703211823e-01
3.761300000000000182e+03 1.191453362801877802e+03 4.484856324758447199e-01
3.764800000000000182e+03 1.223532824786480660e+03 4.456266206485309245e-01
3.768300000000000182e+03 1.237417452366223188e+03 4.433520539076342692e-01
3.771800000000000182e+03 1.291987279281467409e+03 4.415070659490150096e-01
3.775300000000000182e+03 1.332049951147839010e+03 4.431247945016763001e-01
3.778800000000000182e+03 1.424328147754427391e+03 4.392737971001913766e-01
3.782300000000000182e+03 1.481960722928736004e+03 4.387668814444306009e-01
3.785800000000000182e+03 1.550575619594404316e+03 4.356700810673615476e-01
3.789300000000000182e+03 1.642552560301343874e+03 4.351961466650822175e-01
3.792800000000000182e+03 1.690854577359605400e+03 4.353610738333019703e-01
3.796300000000000182e+03 1.786545185881582483e+03 4.314162617902980723e-01
3.799800000000000182e+03 1.819543852479332600e+03 4.352218007842334480e-01
3.803300000000000182e+03 1.913508714435591855e+03 4.348925726381197565e-01
3.806800000000000182e+03 2.002103650451777867e+03 4.334718755692238412e-01
3.810300000000000182e+03 1.958389464484497921e+03 4.352223262426673789e-01
3.813800000000000182e+03 1.942836533785556185e+03 4.342939160780905361e-01
3.817300000000000182e+03 1.908035327531990106e+03 4.271861400395737252e-01
3.820800000000000182e+03 1.838545232643366262e+03 4.222888037663522498e-01
3.824300000000000182e+03 1.807686276458053953e+03 4.120329342922178784e-01
3.827800000000000182e+03 1.812334158666791382e+03 4.054001615545439474e-01
3.831300000000000182e+03 1.861260987186606599e+03 4.024393461659850901e-01
3.834800000000000182e+03 1.933512967396157364e+03 4.072608665185569743e-01
3.838300000000000182e+03 2.007282752245894699e+03 4.098587084074094555e-01
3.841800000000000182e+03 2.192992842210423987e+03 4.119666666986386838e-01
3.845300000000000182e+03 2.292994188970578307e+03 4.157633851397959934e-01
3.848800000000000182e+03 2.481326584290371102e+03 4.161290580402466355e-01
3.852300000000000182e+03 2.630108883956244881e+03 4.125628314050585055e-01
3.855800000000000182e+03 2.802197508534249209e+03 4.099414053497497656e-01
3.859300000000000182e+03 2.933971484319498813e+03 4.118078834762821661e-01
3.862800000000000182e+03 2.999194996120004362e+03 4.119688712223823490e-01
3.866300000000000182e+03 2.984391343811651495e+03 4.120929995029309900e-01
3.869800000000000182e+03 2.938380297812404478e+03 4.158712989127606452e-01
3.873300000000000182e+03 2.815616353556781633e+03 4.116800545582110504e-01
3.876800000000000182e+03 2.656407827451914727e+03 4.052572920243381893e-01
3.880300000000000182e+03 2.404309623626855227e+03 3.940653841208837105e-01
3.883800000000000182e+03 2.230478922493459777e+03 3.804902781794301525e-01
3.887300000000000182e+03 2.121305249821314646e+03 3.687235136271552194e-01
3.890800000000000182e+03 2.017539118653505966e+03 3.665020598760380111e-01
3.894300000000000182e+03 2.211352149020035540e+03 3.686635886639987869e-01
3.897800000000000182e+03 2.408423262841171891e+03 3.814979388420208228e-01
3.901300000000000182e+03 2.703401601541697346e+03 3.895056688678272816e-01
3.904800000000000182e+03 2.925495925339670521e+03 3.975770787729146494e-01
3.908300000000000182e+03 3.185882013416681730e+03 4.018324638831644036e-01
3.911800000000000182e+03 3.381840829815004327e+03 3.972872124876501987e-01
3.915300000000000182e+03 3.430359055655584143e+03 3.953164608006446978e-01
3.918800000000000182e+03 3.497492543747759100e+03 3.882360479630233008e-01
3.922300000000000182e+03 3.563610721968469534e+03 3.809108335605916329e-01
3.925800000000000182e+03 3.574732387880295846e+03 3.719693579194791599e-01
3.929300000000000182e+03 3.588227318100923640e+03 3.665225224365785683e-01
3.932800000000000182e+03 3.565357931206695412e+03 3.674221924554464391e-01
3.936300000000000182e+03 3.615898274180083263e+03 3.710806129684896537e-01
3.939800000000000182e+03 3.701915161775506022e+03 3.750576329726741931e-01
3.943300000000000182e+03 3.734413770955053224e+03 3.797932944312065739e-01
3.946800000000000182e+03 3.657450443262047884e+03 3.847291627734902297e-01
3.950300000000000182e+03 3.528999698622390952e+03 3.880293487599407176e-01
3.953800000000000182e+03 3.321913560196354865e+03 3.820338531617578637e-01
3.957300000000000182e+03 3.074646754215429610e+03 3.750019496983121314e-01
3.960800000000000182e+03 2.797106391798060940e+03 3.627857873325083804e-01
3.964300000000000182e+03 2.552860950587641582e+03 3.453213522919735823e-01
3.967800000000000182e+03 2.411189191292570740e+03 3.331157386598955772e-01
3.971300000000000182e+03 2.383675314624621024e+03 3.307177423430467389e-01
3.974800000000000182e+03 2.518134593601525012e+03 3.371797651885259928e-01
3.978300000000000182e+03 2.771614887637795164e+03 3.489133181736985834e-01
3.981800000000000182e+03 3.093852162174129717e+03 3.590122000144977954e-01
3.985300000000000182e+03 3.399555573217381152e+03 3.642810587344693651e-01
3.988800000000000182e+03 3.695962595666948800e+03 3.676524010788939090e-01
3.992300000000000182e+03 4.092559550832572313e+03 3.634359532783590363e-01
3.995800000000000182e+03 4.397940534270454918e+03 3.578321098406189171e-01
3.999300000000000182e+03 4.582937157187788216e+03 3.569204729097346651e-01
4.002800000000000182e+03 4.751767723347892570e+03 3.549902743738622690e-01
4.006300000000000182e+03 4.859255944381723566e+03 3.519493528127519699e-01
4.009800000000000182e+03 5.037689611896206770e+03 3.524551960537550266e-01
4.013300000000000182e+03 5.092562051964702732e+03 3.513760918829542668e-01
4.016800000000000182e+03 5.187948881029415134e+03 3.483785693392136840e-01
4.020300000000000182e+03 5.264394756710544243e+03 3.484230245280180438e-01
4.023800000000000182e+03 5.240189554131666227e+03 3.460896638740245668e-01
4.027300000000000182e+03 5.384063776729891288e+03 3.433031617534307300e-01
4.030800000000000182e+03 5.329317687940816541e+03 3.423722783946837600e-01
4.034300000000000182e+03 5.398251587129699146e+03 3.406261012430822355e-01
4.037800000000000182e+03 5.444623989684435401e+03 3.389489047150385792e-01
4.041300000000000182e+03 5.442486137979666637e+03 3.396451148876780679e-01
4.044800000000000182e+03 5.439062297743679665e+03 3.382451907569680727e-01
4.048300000000000182e+03 5.440775165408457724e+03 3.383522253964636461e-01
4.051800000000000182e+03 5.455064388563801913e+03 3.377959961379391474e-01
4.055300000000000182e+03 5.552263352342192775e+03 3.362269048879666378e-01
4.058800000000000182e+03 5.491963392801596456e+03 3.351578907522153594e-01
4.062300000000000182e+03 5.464367114564724034e+03 3.330776251697842860e-01
4.065800000000000182e+03 5.355865880672660751e+03 3.331374615035285203e-01
4.069300000000000182e+03 5.268933597962495696e+03 3.334049131062735150e-01
4.072800000000000182e+03 5.065061610972324161e+03 3.312465291983235360e-01
4.076300000000000182e+03 4.980966150475617724e+03 3.303951976875075247e-01
4.079800000000000182e+03 4.627169749371539183e+03 3.301431924415448305e-01
4.083300000000000182e+03 4.367621904266679849e+03 3.274901359007016954e-01
4.086800000000000182e+03 4.176537205185169114e+03 3.241906751244028606e-01
4.090300000000000182e+03 3.868927601678462906e+03 3.257263734054655635e-01
4.093800000000000182e+03 3.714600996443803524e+03 3.224612205657368946e-01
4.097300000000000182e+03 3.512524787845457013e+03 3.198362015311752016e-01
4.100800000000000182e+03 3.426462348727471181e+03 3.152405058929175774e-01
4.104300000000000182e+03 3.273152152468326676e+03 3.085721653148086330e-01
4.107800000000000182e+03 3.352493334101396613e+03 3.039906226398097489e-01
4.111300000000000182e+03 3.459003777554177759e+03 3.027950242525218050e-01
4.114800000000000182e+03 3.746024868723476175e+03 3.037292758330744635e-01
4.118300000000000182e+03 4.024189749071672850e+03 3.106650348198743972e-01
4.121800000000000182e+03 4.419491627190678628e+03 3.169478863546079661e-01
4.125300000000000182e+03 4.895649724101996071e+03 3.188728295175004557e-01
4.128800000000000182e+03 5.253876214120256918e+03 3.197358706112365390e-01
4.132300000000000182e+03 5.593958645846761101e+03 3.196509507001173978e-01
4.135800000000000182e+03 5.771730713200500759e+03 3.157313990833392481e-01
4.139300000000000182e+03 5.975122735159950025e+03 3.120322491004359211e-01
4.142800000000000182e+03 6.128249989130685208e+03 3.090062565366676894e-01
4.146300000000000182e+03 6.243120317749136120e+03 3.073358248514345692e-01
4.149800000000000182e+03 6.307978559787051381e+03 3.078317159093535982e-01
4.153300000000000182e+03 6.374774686900932466e+03 3.039002480202079304e-01
4.156800000000000182e+03 6.442727814216819752e+03 3.054662728749896194e-01
4.160300000000000182e+03 6.493616917738486336e+03 3.053528458662980727e-01
4.163800000000000182e+03 6.384895610988620319e+03 3.021239999201436599e-01
4.167300000000000182e+03 6.614341902532941276e+03 3.015616189170295391e-01
4.170800000000000182e+03 6.609986777146733402e+03 2.998405947532076232e-01
4.174300000000000182e+03 6.602491692247162973e+03 3.019735530465273432e-01
4.177800000000000182e+03 6.688736723125379285e+03 2.984378706455517172e-01
4.181300000000000182e+03 6.844949027706833476e+03 2.965552986983704953e-01
4.184800000000000182e+03 6.714172311279550740e+03 2.956658516737930564e-01
4.188300000000000182e+03 6.726161324314973172e+03 2.966775255621628138e-01
4.191800000000000182e+03 6.837790444329917591e+03 2.943519136620149634e-01
4.195300000000000182e+03 6.758927640756966866e+03 2.945765146149311176e-01
4.198800000000000182e+03 6.757381724072649376e+03 2.957467827192843401e-01
4.202300000000000182e+03 6.890178066260847118e+03 2.917652730869815247e-01
4.205800000000000182e+03 6.919828083903177685e+03 2.916970824048127353e-01
4.209300000000000182e+03 7.008667566162845105e+03 2.891296742007176124e-01
4.212800000000000182e+03 6.949330618444276297e+03 2.913976817500092964e-01
4.216300000000000182e+03 6.842826934884657021e+03 2.882688739025567881e-01
4.219800000000000182e+03 7.017644382684952689e+03 2.870869216716815386e-01
4.223300000000000182e+03 7.090125730935575120e+03 2.849647145141729343e-01
4.226800000000000182e+03 7.076228702042054465e+03 2.849035970222017489e-01
4.230300000000000182e+03 7.078868567097338200e+03 2.826241264216680094e-01
4.233800000000000182e+03 7.076856790180335338e+03 2.820231567851949617e-01
4.237300000000000182e+03 7.097659069073431056e+03 2.833075915744084350e-01
4.240800000000000182e+03 7.031459147758242580e+03 2.834878380848478430e-01
4.244300000000000182e+03 7.165966795559568709e+03 2.817706748999759814e-01
4.247800000000000182e+03 7.120429958200350484e+03 2.815433873685526112e-01
4.251300000000000182e+03 7.211304049197799031e+03 2.789794066061571653e-01
4.254800000000000182e+03 7.152836922787286312e+03 2.793481796705012954e-01
4.258300000000000182e+03 7.191663879850045305e+03 2.778862139242628815e-01
4.261800000000000182e+03 7.223768509895343414e+03 2.781387252802541843e-01
4.265300000000000182e+03 7.190487065417413760e+03 2.766176135594605179e-01
4.268800000000000182e+03 7.226457650568834651e+03 2.755584059430099542e-01
4.272300000000000182e+03 7.222120041606310224e+03 2.731922553467886483e-01
4.275800000000000182e+03 7.306430158888213555e+03 2.715214397271749069e-01
4.279300000000000182e+03 7.426335310301696154e+03 2.710406367252120585e-01
4.282800000000000182e+03 7.407521656353085746e+03 2.725237558478149080e-01
4.286300000000000182e+03 7.449060781158783357e+03 2.714791436359575982e-01
4.289800000000000182e+03 7.310000217512835661e+03 2.724721074498855922e-01
4.293300000000000182e+03 7.460535321486385328e+03 2.694535333735463278e-01
4.296800000000000182e+03 7.400937033938489549e+03 2.683310014634058827e-01
4.300300000000000182e+03 7.104988671912897189e+03 2.699523611360446496e-01
4.303800000000000182e+03 7.158113034591800897e+03 2.673654730717072714e-01
4.307300000000000182e+03 6.994584674669023116e+03 2.680978143339444730e-01
4.310800000000000182e+03 6.695861737979071222e+03 2.701873624645287353e-01
4.314300000000000182e+03 6.465836313525446712e+03 2.664700325945794646e-01
4.317800000000000182e+03 6.231391971179370557e+03 2.653232429298865713e-01
4.321300000000000182e+03 5.801684606643030747e+03 2.639602961288070038e-01
4.324800000000000182e+03 5.533672117264554799e+03 2.621219485946427730e-01
4.328300000000000182e+03 5.137713348222491732e+03 2.600651934902328266e-01
4.331800000000000182e+03 4.939342673070613273e+03 2.591568223966201900e-01
4.335300000000000182e+03 4.687586144116889955e+03 2.592087345162236711e-01
4.338800000000000182e+03 4.545389443239123466e+03 2.554594607832892939e-01
4.342300000000000182e+03 4.420456800779862533e+03 2.506668519919022509e-01
4.345800000000000182e+03 4.419833079934527632e+03 2.485131455055489824e-01
4.349300000000000182e+03 4.629271931727640549e+03 2.445044431523601680e-01
4.352800000000000182e+03 4.852043207386283939e+03 2.462807656468166684e-01
4.356300000000000182e+03 5.281648574036837090e+03 2.472496883018422964e-01
4.359800000000000182e+03 5.809342990960403768e+03 2.515849508659453448e-01
4.363300000000000182e+03 6.289203025758796684e+03 2.565709044378431392e-01
4.366800000000000182e+03 6.653462230584087592e+03 2.592333237447272398e-01
4.370300000000000182e+03 7.156922710352832837e+03 2.582049867715773273e-01
4.373800000000000182e+03 7.464079609165213697e+03 2.568109779271803839e-01
4.377300000000000182e+03 7.671057569899977352e+03 2.529204731973305753e-01
4.380800000000000182e+03 7.824043883771676519e+03 2.505403553986740306e-01
4.384300000000000182e+03 7.856596607009299078e+03 2.505277002910883954e-01
4.387800000000000182e+03 7.976106764395896789e+03 2.455929716777952021e-01
4.391300000000000182e+03 8.122309274294682837e+03 2.461314049277363025e-01
4.394800000000000182e+03 8.090321028813928024e+03 2.478022527978641087e-01
4.398300000000000182e+03 8.358759555528105921e+03 2.455923187546561748e-01
4.401800000000000182e+03 8.158924765335109441e+03 2.471878304682664229e-01
4.405300000000000182e+03 8.287815578178322539e+03 2.451159018892893893e-01
4.408800000000000182e+03 8.146501445479718313e+03 2.458486440901750947e-01
4.412300000000000182e+03 8.303957241315358260e+03 2.441552768933514250e-01
4.415800000000000182e+03 8.214296000374948562e+03 2.450091916797350333e-01
4.419300000000000182e+03 8.320327451038056097e+03 2.429622001950087762e-01
4.422800000000000182e+03 8.270971188476774842e+03 2.424925935337719496e-01
4.426300000000000182e+03 8.409508364464949409e+03 2.415163578041120418e-01
4.429800000000000182e+03 8.391636004804255208e+03 2.396370570005218748e-01
4.433300000000000182e+03 8.403544630803657128e+03 2.390728927755722266e-01
4.436800000000000182e+03 8.392252485980865458e+03 2.395164731450343532e-01
4.440300000000000182e+03 8.476600787139721433e+03 2.389826217124702279e-01
4.443800000000000182e+03 8.621190591277496424e+03 2.383110842766803239e-01
4.447300000000000182e+03 8.639034705150093941e+03 2.378744042864407160e-01
4.450800000000000182e+03 8.628305495855400295e+03 2.378706410371846935e-01
4.454300000000000182e+03 8.674461107423254361e+03 2.363101665506319449e-01
4.457800000000000182e+03 8.673880090939870570e+03 2.342839912949337688e-01
4.461300000000000182e+03 8.754471325906570200e+03 2.337277805935341624e-01
4.464800000000000182e+03 8.706661585804658898e+03 2.348092547684255404e-01
4.468300000000000182e+03 8.715902452245236418e+03 2.335242839933401315e-01
4.471800000000000182e+03 8.769171325916215210e+03 2.326153679152566656e-01
4.475300000000000182e+03 8.670241320291663214e+03 2.306585822602888192e-01
4.478800000000000182e+03 8.725894216051594412e+03 2.320765498443064234e-01
4.482300000000000182e+03 8.719159258699652128e+03 2.295923224292844289e-01
4.485800000000000182e+03 8.739051407434570137e+03 2.295000749994538236e-01
4.489300000000000182e+03 8.812359842605408630e+03 2.276946357565767798e-01
4.492800000000000182e+03 8.890881895079197420e+03 2.267625678438488779e-01
4.496300000000000182e+03 8.846478237075181823e+03 2.275901596303498697e-01
4.499800000000000182e+03 8.749345267067099485e+03 2.267758958471925435e-01
4.503300000000000182e+03 8.907937303949060151e+03 2.275746140594845091e-01
4.506800000000000182e+03 8.946887891750520794e+03 2.246130684845568104e-01
4.510300000000000182e+03 9.027207819821442172e+03 2.268534058563186906e-01
4.513800000000000182e+03 8.975153289840607613e+03 2.259529854860915787e-01
4.517300000000000182e+03 8.923065386638380005e+03 2.258017508354797642e-01
4.520800000000000182e+03 9.025816319470697636e+03 2.250499726582048388e-01
4.524300000000000182e+03 9.011498590249002518e+03 2.239316136362994314e-01
4.527800000000000182e+03 9.153673774181692352e+03 2.214843493889966097e-01
4.531300000000000182e+03 9.024050123947581596e+03 2.231328850941843023e-01
4.534800000000000182e+03 8.912695273764462399e+03 2.195726552371984053e-01
4.538300000000000182e+03 8.943424368977854101e+03 2.231911984638547675e-01
4.541800000000000182e+03 9.027786267931709517e+03 2.192124121561845052e-01
4.545300000000000182e+03 9.020164346134459265e+03 2.178694402345166536e-01
4.548800000000000182e+03 9.074817380483675151e+03 2.176995124225248046e-01
4.552300000000000182e+03 9.000740219212844750e+03 2.173354503455119102e-01
4.555800000000000182e+03 9.003728724810576750e+03 2.185276677744552865e-01
4.559300000000000182e+03 8.993791516855171722e+03 2.166733628657930844e-01
4.562800000000000182e+03 9.086350853914178515e+03 2.168048516350912780e-01
4.566300000000000182e+03 8.948841391627729536e+03 2.182069956392983789e-01
4.569800000000000182e+03 9.256940992660274787e+03 2.143021946939910327e-01
4.573300000000000182e+03 9.200703811999250320e+03 2.167571815534575785e-01
4.576800000000000182e+03 9.164475240790041425e+03 2.149366396450628214e-01
4.580300000000000182e+03 9.153522465377915069e+03 2.155814177197500348e-01
4.583800000000000182e+03 9.139350572498287875e+03 2.129330539048217841e-01
4.587300000000000182e+03 9.337194865694455075e+03 2.110057179596665500e-01
4.590800000000000182e+03 9.281684742441259004e+03 2.120929378640236396e-01
4.594300000000000182e+03 9.195138686947515453e+03 2.108747160683700772e-01
4.597800000000000182e+03 9.194289564912809510e+03 2.095663456689269011e-01
4.601300000000000182e+03 9.337011400675619370e+03 2.100187174292574566e-01
4.604800000000000182e+03 9.448831568324090767e+03 2.095352023531462937e-01
4.608300000000000182e+03 9.257728879640342711e+03 2.123876866797187180e-01
4.611800000000000182e+03 9.203842356149798434e+03 2.112069929831678072e-01
4.615300000000000182e+03 9.280800041986618453e+03 2.079411376815772650e-01
4.618800000000000182e+03 9.367907081633151392e+03 2.065497944926100449e-01
4.622300000000000182e+03 9.296912647827148248e+03 2.085064083696128445e-01
4.625800000000000182e+03 9.190759521113934170e+03 2.062198470857877775e-01
4.629300000000000182e+03 9.277249059605232105e+03 2.046099839526543673e-01
4.632800000000000182e+03 9.330274304679276611e+03 2.045188902118418861e-01
4.636300000000000182e+03 9.284717802180139188e+03 2.032454168262480543e-01
4.639800000000000182e+03 9.471077790775540052e+03 2.044139354899062455e-01
4.643300000000000182e+03 9.592308644976423238e+03 2.014966172343908291e-01
4.646800000000000182e+03 9.433650518566533719e+03 2.043242576974117208e-01
4.650300000000000182e+03 9.483396562639611147e+03 2.013252698061779034e-01
4.653800000000000182e+03 9.465467668729676006e+03 2.008711437821627810e-01
4.657300000000000182e+03 9.281271471501082488e+03 2.028969922501862033e-01
4.660800000000000182e+03 9.325368366521974167e+03 2.012299300822941450e-01
4.664300000000000182e+03 9.429456719512725613e+03 2.012777688141068888e-01
4.667800000000000182e+03 9.429684314179432477e+03 1.994330066839465621e-01
4.671300000000000182e+03 9.373562001664105992e+03 2.008462367472090004e-01
4.674800000000000182e+03 9.320268766290613712e+03 1.993480178629257749e-01
4.678300000000000182e+03 9.280420733419146927e+03 1.994376056884992199e-01
4.681800000000000182e+03 9.266958205829711005e+03 1.987990331844554370e-01
4.685300000000000182e+03 9.345408231401723242e+03 1.963969295280330318e-01
4.688800000000000182e+03 9.211833689890030655e+03 1.979156117541781001e-01
4.692300000000000182e+03 9.171964962786070828e+03 1.975505499835144285e-01
4.695800000000000182e+03 9.071804217190003328e+03 1.967123337204993438e-01
4.699300000000000182e+03 9.219512931685832882e+03 1.950246845704311505e-01
4.702800000000000182e+03 9.191345734605069083e+03 1.944748617709663174e-01
4.706300000000000182e+03 9.169224745278475893e+03 1.933081631381103060e-01
4.709800000000000182e+03 9.135570809528453537e+03 1.930655722540136066e-01
4.713300000000000182e+03 8.956241160536059397e+03 1.940414120546463395e-01
4.716800000000000182e+03 9.068473519480974574e+03 1.927772590235853900e-01
4.720300000000000182e+03 9.252026182258563495e+03 1.929321619278711597e-01
4.723800000000000182e+03 9.355404158000415919e+03 1.915425837901273409e-01
4.727300000000000182e+03 9.230274361600610064e+03 1.933016270226371180e-01
4.730800000000000182e+03 9.505074980052610044e+03 1.922229623332894488e-01
4.734300000000000182e+03 9.402285499573339621e+03 1.921819272783248655e-01
4.737800000000000182e+03 9.390700632297661286e+03 1.916497246954466382e-01
4.741300000000000182e+03 9.431547486161851339e+03 1.924800008547024321e-01
4.744800000000000182e+03 9.401084901513879231e+03 1.885584345712159604e-01
4.748300000000000182e+03 9.371215305406254629e+03 1.892247147916899797e-01
4.751800000000000182e+03 9.408366841444661986e+03 1.866608658376519014e-01
4.755300000000000182e+03 9.325533663901238469e+03 1.885650898617028393e-01
4.758800000000000182e+03 9.380575892840523011e+03 1.884182058351883404e-01
4.762300000000000182e+03 9.332296281127068141e+03 1.873040185786490619e-01
4.765800000000000182e+03 9.395978277455908028e+03 1.875600618372461059e-01
4.769300000000000182e+03 9.580739762910214267e+03 1.852773252559328787e-01
4.772800000000000182e+03 9.350346075321154785e+03 1.863946985965157510e-01
4.776300000000000182e+03 9.333070958638789307e+03 1.852353780408939610e-01
4.779800000000000182e+03 9.351273148912545366e+03 1.861577850836611259e-01
4.783300000000000182e+03 9.217775984630048697e+03 1.875962876510706145e-01
4.786800000000000182e+03 9.203498124238665696e+03 1.859108481946103175e-01
4.790300000000000182e+03 9.263267773586343537e+03 1.867508159753514529e-01
4.793800000000000182e+03 9.174500602767669989e+03 1.854564265339750939e-01
4.797300000000000182e+03 9.379147205138362551e+03 1.810253735078439230e-01
4.800800000000000182e+03 9.162410598158008725e+03 1.828830603079059647e-01
4.804300000000000182e+03 8.972070072812015496e+03 1.823219196484361926e-01
4.807800000000000182e+03 9.137113215589919491e+03 1.827994380807730912e-01
4.811300000000000182e+03 9.072806694708995565e+03 1.819202791978855316e-01
4.814800000000000182e+03 9.003790246548554933e+03 1.804642923620442263e-01
4.818300000000000182e+03 8.810478883094303455e+03 1.817638426597646961e-01
4.821800000000000182e+03 8.607482017411728521e+03 1.849368326099554427e-01
4.825300000000000182e+03 8.623373169401860650e+03 1.831770170560560462e-01
4.828800000000000182e+03 8.496864424184723248e+03 1.817898845822110976e-01
4.832300000000000182e+03 7.975138538371149480e+03 1.830664764524395360e-01
4.835800000000000182e+03 7.684685638093415037e+03 1.822311549837535016e-01
4.839300000000000182e+03 7.368896230478384496e+03 1.805409828975206299e-01
4.842800000000000182e+03 7.041889814242397733e+03 1.798006236885840436e-01
4.846300000000000182e+03 6.693581112867486809e+03 1.791720487420584151e-01
4.849800000000000182e+03 6.199526302662635317e+03 1.777825930578557645e-01
4.853300000000000182e+03 6.008435275089848801e+03 1.770479725888598199e-01
4.856800000000000182e+03 5.761652867449707628e+03 1.744060272763985064e-01
4.860300000000000182e+03 5.459952005858734083e+03 1.723851844748385542e-01
4.863800000000000182e+03 5.334312165236697183e+03 1.688596776704246460e-01
4.867300000000000182e+03 5.302377040289299657e+03 1.632012531518365339e-01
4.870800000000000182e+03 5.508655528072935340e+03 1.624308520756804208e-01
4.874300000000000182e+03 5.750012853649091085e+03 1.640828167562044804e-01
4.877800000000000182e+03 6.166885033439897597e+03 1.707710545332188634e-01
4.881300000000000182e+03 6.646417840878162679e+03 1.729410219204445265e-01
4.884800000000000182e+03 7.165013807992548209e+03 1.785013267847536944e-01
4.888300000000000182e+03 7.572444339169931482e+03 1.814470178182191473e-01
4.891800000000000182e+03 7.913792059384947606e+03 1.798657077960653661e-01
4.895300000000000182e+03 8.396988173863195698e+03 1.780874427892983058e-01
4.898800000000000182e+03 8.446080755608001709e+03 1.751654123821737297e-01
4.902300000000000182e+03 8.698858010300140450e+03 1.721287272334479646e-01
4.905800000000000182e+03 8.540386359738638930e+03 1.724919411350128717e-01
4.909300000000000182e+03 8.777385532488668105e+03 1.732798711199414754e-01
4.912800000000000182e+03 8.767397328286595439e+03 1.701106159874648527e-01
4.916300000000000182e+03 8.890581575847456406e+03 1.718898756235655023e-01
4.919800000000000182e+03 9.004803577080851028e+03 1.697029763454954154e-01
4.923300000000000182e+03 9.004441381162887410e+03 1.701706839178228070e-01
4.926800000000000182e+03 8.945003120471335933e+03 1.673610629332372146e-01
4.930300000000000182e+03 8.842693680316160680e+03 1.699159090791673155e-01
4.933800000000000182e+03 9.001344391810558591e+03 1.693434061134988511e-01
4.937300000000000182e+03 8.892142872744054330e+03 1.686227328878583953e-01
4.940800000000000182e+03 8.998752308145789357e+03 1.691289052720492958e-01
4.944300000000000182e+03 8.844920735514970147e+03 1.700310390520072545e-01
4.947800000000000182e+03 8.979507483363437132e+03 1.689510238274166964e-01
4.951300000000000182e+03 8.938007392136183626e+03 1.684974872224141995e-01
4.954800000000000182e+03 8.994518638553347046e+03 1.692532195600693901e-01
4.958300000000000182e+03 9.082654858113974115e+03 1.677915236123880272e-01
4.961800000000000182e+03 9.022237071366611417e+03 1.698932915996083093e-01
4.965300000000000182e+03 9.054993774598415257e+03 1.683147731254308888e-01
4.968800000000000182e+03 8.989410068834333288e+03 1.674421307179501939e-01
4.972300000000000182e+03 9.016672932201065123e+03 1.672651146118583343e-01
4.975800000000000182e+03 8.881868765246616022e+03 1.666881986280453753e-01
4.979300000000000182e+03 9.033369668340628778e+03 1.673235418644747341e-01
4.982800000000000182e+03 8.960407204886550971e+03 1.683527694057090074e-01
4.986300000000000182e+03 8.908540369339056269e+03 1.679218765149814441e-01
4.989800000000000182e+03 8.954123485615122263e+03 1.670057353860217586e-01
4.993300000000000182e+03 8.756856102080517303e+03 1.656269482315021746e-01
4.996800000000000182e+03 9.080878944147891161e+03 1.655408114301921141e-01
5.000300000000000182e+03 8.862301311899116627e+03 1.651194459102527934e-01
5.003800000000000182e+03 8.829958019314684861e+03 1.647549991564648542e-01
5.007300000000000182e+03 8.690712606277244049e+03 1.635666747250700825e-01
5.010800000000000182e+03 8.796271291563982231e+03 1.636919904396401670e-01
5.014300000000000182e+03 8.847714894873490266e+03 1.636200378906338404e-01
5.017800000000000182e+03 8.898903335968590909e+03 1.637728270106714734e-01
5.021300000000000182e+03 8.860372525255039363e+03 1.658646410585873088e-01
5.024800000000000182e+03 8.939348249396947722e+03 1.655647706772611916e-01
5.028300000000000182e+03 8.761957532123600686e+03 1.665019435588408481e-01
5.031800000000000182e+03 8.722722351405318477e+03 1.686667348712811709e-01
5.035300000000000182e+03 8.686350922811363489e+03 1.670558888153569621e-01
5.038800000000000182e+03 8.749333219402820760e+03 1.674451039487757087e-01
5.042300000000000182e+03 8.764409706715578068e+03 1.656798995361520588e-01
5.045800000000000182e+03 8.599734957855343964e+03 1.651684738681970521e-01
5.049300000000000182e+03 8.822221309401518738e+03 1.642094290652043043e-01
5.052800000000000182e+03 8.786693326189672007e+03 1.615663907027726498e-01
5.056300000000000182e+03 8.841799859124548675e+03 1.608584557222552947e-01
5.059800000000000182e+03 8.692706205439701080e+03 1.631868217394485954e-01
5.063300000000000182e+03 8.610281702230842711e+03 1.642789826301937484e-01
5.066800000000000182e+03 8.743079279740855782e+03 1.622625821769440591e-01
5.070300000000000182e+03 8.842769576416292693e+03 1.642169599945940694e-01
5.073800000000000182e+03 8.876991107320829542e+03 1.631297816315832594e-01
5.077300000000000182e+03 8.729092053704545833e+03 1.613170936354869078e-01
5.080800000000000182e+03 8.850655177185773937e+03 1.624833901116930490e-01
5.084300000000000182e+03 8.791177194447316651e+03 1.613299084645502812e-01
5.087800000000000182e+03 8.708380904030818783e+03 1.597862002028381800e-01
5.091300000000000182e+03 8.896806464024484740e+03 1.578459429565512162e-01
5.094800000000000182e+03 8.788264895453090503e+03 1.562972390866152195e-01
5.098300000000000182e+03 8.781828074236193061e+03 1.585822438839258886e-01
5.101800000000000182e+03 8.897422636804370995e+03 1.545182563594195702e-01
5.105300000000000182e+03 8.798591631168468666e+03 1.577681474786924165e-01
5.108800000000000182e+03 8.823240628396573811e+03 1.567044828124380118e-01
5.112300000000000182e+03 8.855747087452973574e+03 1.566968486708232022e-01
5.115800000000000182e+03 8.897031191835501886e+03 1.569914930211270820e-01
5.119300000000000182e+03 8.923744087321361803e+03 1.544503137224570999e-01
5.122800000000000182e+03 8.686581882309186767e+03 1.565114238191091522e-01
5.126300000000000182e+03 8.803705616209692380e+03 1.544418210961581162e-01
5.129800000000000182e+03 8.865073718354198718e+03 1.544940175256617199e-01
5.133300000000000182e+03 8.892523792246662197e+03 1.555635275944199369e-01
5.136800000000000182e+03 8.838843938735266420e+03 1.544487906411202705e-01
5.140300000000000182e+03 8.756095113222425425e+03 1.559187018608722552e-01
5.143800000000000182e+03 8.864331271818680761e+03 1.530269390700575716e-01
5.147300000000000182e+03 8.736221472180890487e+03 1.534041365492687659e-01
5.150800000000000182e+03 8.755159922199540233e+03 1.548974174745174626e-01
5.154300000000000182e+03 8.739926841799260728e+03 1.538499225195961440e-01
5.157800000000000182e+03 8.580355782854912832e+03 1.533768412983556040e-01
5.161300000000000182e+03 8.614918355527899621e+03 1.518426250930261789e-01
5.164800000000000182e+03 8.634828964227715915e+03 1.532602494670867177e-01
5.168300000000000182e+03 8.595483581159236564e+03 1.509521590748911790e-01
5.171800000000000182e+03 8.655893866488455387e+03 1.515978219475144773e-01
5.175300000000000182e+03 8.556281782497206223e+03 1.513754140247475788e-01
5.178800000000000182e+03 8.591246399802037558e+03 1.518146301162897616e-01
5.182300000000000182e+03 8.610403327060141237e+03 1.522931566276875537e-01
5.185800000000000182e+03 8.496625836265802718e+03 1.550782439118018052e-01
5.189300000000000182e+03 8.609393308987819182e+03 1.506763693456729392e-01
5.192800000000000182e+03 8.670090960404311772e+03 1.517297040083339932e-01
5.196300000000000182e+03 8.513170195616316050e+03 1.539705012141148743e-01
5.199800000000000182e+03 8.563719391336901026e+03 1.526346469426666241e-01
5.203300000000000182e+03 8.603879026870163216e+03 1.506618090826857548e-01
5.206800000000000182e+03 8.580515668369500418e+03 1.490675816975422507e-01
5.210300000000000182e+03 8.605637364984531814e+03 1.517526521278651785e-01
5.213800000000000182e+03 8.504848533549135027e+03 1.492284927996913868e-01
5.217300000000000182e+03 8.480420905779841632e+03 1.505727869203994373e-01
5.220800000000000182e+03 8.593853514768965397e+03 1.497885818519682499e-01
5.224300000000000182e+03 8.549002535208421250e+03 1.513938188520123351e-01
5.227800000000000182e+03 8.531909073620272466e+03 1.485631760263094181e-01
5.231300000000000182e+03 8.424352281260098607e+03 1.506063780842030186e-01
5.234800000000000182e+03 8.652518994878939338e+03 1.498862554355114562e-01
5.238300000000000182e+03 8.564439690219947806e+03 1.508564826702282202e-01
5.241800000000000182e+03 8.434531766467933267e+03 1.522623388984936099e-01
5.245300000000000182e+03 8.417203625604006447e+03 1.504801142704663419e-01
5.248800000000000182e+03 8.445328109877074894e+03 1.513491259987324866e-01
5.252300000000000182e+03 8.380915288954123753e+03 1.529499685855636171e-01
5.255800000000000182e+03 8.407961293293959898e+03 1.497028210514078361e-01
5.259300000000000182e+03 8.428484802993465564e+03 1.503111586965549806e-01
5.262800000000000182e+03 8.333009803806242417e+03 1.487157855646960014e-01
5.266300000000000182e+03 8.257079216122225262e+03 1.494890471320746150e-01
5.269800000000000182e+03 8.369359139120197142e+03 1.466193816286865959e-01
5.273300000000000182e+03 8.205899869502289221e+03 1.502193887351884471e-01
5.276800000000000182e+03 8.331718953192719709e+03 1.482931654126074805e-01
5.280300000000000182e+03 8.270503630762108514e+03 1.502439644630119420e-01
5.283800000000000182e+03 8.277463686935780061e+03 1.532346074819222193e-01
5.287300000000000182e+03 8.338648670231774304e+03 1.511226291181576309e-01
5.290800000000000182e+03 8.324660158693501216e+03 1.510495574732102497e-01
5.294300000000000182e+03 8.238852658982636058e+03 1.500725944006699730e-01
5.297800000000000182e+03 8.284380937519477811e+03 1.478961303573627928e-01
5.301300000000000182e+03 8.308443658907268400e+03 1.502150311777598890e-01
5.304800000000000182e+03 8.287210507884377876e+03 1.497014946091175525e-01
5.308300000000000182e+03 8.335495662544162769e+03 1.484978207469151990e-01
5.311800000000000182e+03 8.278352688637936808e+03 1.491373268620800885e-01
5.315300000000000182e+03 8.269550063542854332e+03 1.504925004081237583e-01
5.318800000000000182e+03 8.139253716941191669e+03 1.488549589651447513e-01
5.322300000000000182e+03 8.260668179088524994e+03 1.465219701261897822e-01
5.325800000000000182e+03 8.098929242274480202e+03 1.488886819336071310e-01
5.329300000000000182e+03 8.260994064860837170e+03 1.486739317528380233e-01
5.332800000000000182e+03 8.275945810343209814e+03 1.447319988415632364e-01
5.336300000000000182e+03 8.213739013981963581e+03 1.462948971919769692e-01
5.339800000000000182e+03 8.298754402268777994e+03 1.458151900452699656e-01
5.343300000000000182e+03 8.068408207292840416e+03 1.474277976596458373e-01
5.346800000000000182e+03 8.212881324840796879e+03 1.469238944607169084e-01
5.350300000000000182e+03 8.049128539768358678e+03 1.485253187354826088e-01
5.353800000000000182e+03 8.166656589432736837e+03 1.468493318668789571e-01
5.357300000000000182e+03 8.091913046000197937e+03 1.462721166927294369e-01
5.360800000000000182e+03 8.126057024039731914e+03 1.473993533025328151e-01
5.364300000000000182e+03 8.098780151322673191e+03 1.469626543970433963e-01
5.367800000000000182e+03 8.114066504039510619e+03 1.454598930004145085e-01
5.371300000000000182e+03 8.202143219331244836e+03 1.450484284228353016e-01
5.374800000000000182e+03 8.113400804317157963e+03 1.430417012263669185e-01
5.378300000000000182e+03 8.088405778445003307e+03 1.456662196784261343e-01
5.381800000000000182e+03 8.235810445993223766e+03 1.443279031622517750e-01
5.385300000000000182e+03 8.091724909937316625e+03 1.455495434736751581e-01
5.388800000000000182e+03 8.114512657260281230e+03 1.457927917360617720e-01
5.392300000000000182e+03 8.020964403335209681e+03 1.463875330292096488e-01
5.395800000000000182e+03 8.138046311089021401e+03 1.450503715127418602e-01
5.399300000000000182e+03 8.013860846922520977e+03 1.440189859090559854e-01
5.402800000000000182e+03 7.983566116582066570e+03 1.449484025675112919e-01
5.406300000000000182e+03 7.922281518092848273e+03 1.459380330642353063e-01
5.409800000000000182e+03 7.999875171124002009e+03 1.449118384257178649e-01
5.413300000000000182e+03 7.938368367181657050e+03 1.461695030930807992e-01
5.416800000000000182e+03 7.857144820112686830e+03 1.468904821232090707e-01
5.420300000000000182e+03 7.849165849978853657e+03 1.460755155379222237e-01
5.423800000000000182e+03 7.922905654580161354e+03 1.449632866425435984e-01
5.427300000000000182e+03 7.902807930364937420e+03 1.460525911546195210e-01
5.430800000000000182e+03 7.952560896443933416e+03 1.442121441669834692e-01
5.434300000000000182e+03 7.932963543644645142e+03 1.449619174654846188e-01
5.437800000000000182e+03 7.847050929922281284e+03 1.461581049903001861e-01
5.441300000000000182e+03 7.775086962354980642e+03 1.438457253027089489e-01
5.444800000000000182e+03 7.826880756191776527e+03 1.450154827799406687e-01
5.448300000000000182e+03 8.012421087435179288e+03 1.435776142360611907e-01
5.451800000000000182e+03 7.704613028951045635e+03 1.454910957434560337e-01
5.455300000000000182e+03 7.953134413109863090e+03 1.439587666374878561e-01
5.458800000000000182e+03 7.824640231031116855e+03 1.448091906930303874e-01
5.462300000000000182e+03 7.799750483994048409e+03 1.437910179701732127e-01
5.465800000000000182e+03 7.799110606505661963e+03 1.436925493298425449e-01
5.469300000000000182e+03 7.810618092302058358e+03 1.452258394961196686e-01
5.472800000000000182e+03 7.896263539489537834e+03 1.407072264845026233e-01
5.476300000000000182e+03 7.817562047882208390e+03 1.417803426216159846e-01
5.479800000000000182e+03 7.762795830913614736e+03 1.416905943664436840e-01
5.483300000000000182e+03 7.771545309097812606e+03 1.421532873422390320e-01
5.486800000000000182e+03 7.850953180624640481e+03 1.413176999140352275e-01
5.490300000000000182e+03 7.794989409049020651e+03 1.424671023950335735e-01
5.493800000000000182e+03 7.646076798043852250e+03 1.438739460243027291e-01
5.497300000000000182e+03 7.829080392879182909e+03 1.399271040159487112e-01
5.500800000000000182e+03 7.903934313149660738e+03 1.400906947888513610e-01
5.504300000000000182e+03 7.714883455719095764e+03 1.413998152924285656e-01
5.507800000000000182e+03 7.722067271947416884e+03 1.414077490738577803e-01
5.511300000000000182e+03 7.746576499013550347e+03 1.427158838284146580e-01
5.514800000000000182e+03 7.736956760946231952e+03 1.420854673844450522e-01
5.518300000000000182e+03 7.788390028339300443e+03 1.396678241807641219e-01
5.521800000000000182e+03 7.652213324582992755e+03 1.413809604341813297e-01
5.525300000000000182e+03 7.683269886921807483e+03 1.399934775229643436e-01
5.528800000000000182e+03 7.670865402880089277e+03 1.412861609140778352e-01
5.532300000000000182e+03 7.679552270630237217e+03 1.394237759184500380e-01
5.535800000000000182e+03 7.691381371090861649e+03 1.383010382389385506e-01
5.539300000000000182e+03 7.637130683987384145e+03 1.401683725471349340e-01
5.542800000000000182e+03 7.710953443913226693e+03 1.393674344996898018e-01
5.546300000000000182e+03 7.591657052591323918e+03 1.396519082645987508e-01
5.549800000000000182e+03 7.671893712193966167e+03 1.396095549447731454e-01
5.553300000000000182e+03 7.554578514346408156e+03 1.408461809724000924e-01
5.556800000000000182e+03 7.559716733904001558e+03 1.405179211094630953e-01
5.560300000000000182e+03 7.540973165661151143e+03 1.388690850736724047e-01
5.563800000000000182e+03 7.510568706500700500e+03 1.388877088355874312e-01
5.567300000000000182e+03 7.487567781922865834e+03 1.402943210181260558e-01
5.570800000000000182e+03 7.588903244590970644e+03 1.401189013600088740e-01
5.574300000000000182e+03 7.568396127204305230e+03 1.401870909624438888e-01
5.577800000000000182e+03 7.439152696140297849e+03 1.395590182957263670e-01
5.581300000000000182e+03 7.572172707512953821e+03 1.388168852339603798e-01
5.584800000000000182e+03 7.501538689675709975e+03 1.397388300293696539e-01
5.588300000000000182e+03 7.567562410773964984e+03 1.404270928135723240e-01
5.591800000000000182e+03 7.431901320614512770e+03 1.397449405075791296e-01
5.595300000000000182e+03 7.397110011527663119e+03 1.397323021397052500e-01
5.598800000000000182e+03 7.446598519599513565e+03 1.390785683616233281e-01
5.602300000000000182e+03 7.346466045368078085e+03 1.423120484375410277e-01
5.605800000000000182e+03 7.350341932836977321e+03 1.389767332350322904e-01
5.609300000000000182e+03 7.377110175361603069e+03 1.392097952287797702e-01
5.612800000000000182e+03 7.380878227128780054e+03 1.420041234682845599e-01
5.616300000000000182e+03 7.303184011004756030e+03 1.388955795168147211e-01
5.619800000000000182e+03 7.335252965359314658e+03 1.410236804949899503e-01
5.623300000000000182e+03 7.393808790233718355e+03 1.403847551025740326e-01
5.626800000000000182e+03 7.397001098665718928e+03 1.401230549912905743e-01
5.630300000000000182e+03 7.259799206415849767e+03 1.406400095626726965e-01
5.633800000000000182e+03 7.264317325168530260e+03 1.391411478343194952e-01
5.637300000000000182e+03 7.345695929275294475e+03 1.377820157835959181e-01
5.640800000000000182e+03 7.253204912774225704e+03 1.383557197935627869e-01
5.644300000000000182e+03 7.199190243799929704e+03 1.402862207496225200e-01
5.647800000000000182e+03 7.324654675293407308e+03 1.373910718657387064e-01
5.651300000000000182e+03 7.298684243070070806e+03 1.413494112461699814e-01
5.654800000000000182e+03 7.209290075579600853e+03 1.406267047394660907e-01
5.658300000000000182e+03 7.228719337297848142e+03 1.401097580802566356e-01
5.661800000000000182e+03 7.198946022435143277e+03 1.384730132287928517e-01
5.665300000000000182e+03 7.135606778745966949e+03 1.410583966230163078e-01
5.668800000000000182e+03 7.112707785169245653e+03 1.402883116730001822e-01
5.672300000000000182e+03 7.084822933281382575e+03 1.413990981410643555e-01
5.675800000000000182e+03 7.127458972504427038e+03 1.425774789178801960e-01
5.679300000000000182e+03 7.134927999539232587e+03 1.405313849725951525e-01
5.682800000000000182e+03 7.013864908352708881e+03 1.430696838403452131e-01
5.686300000000000182e+03 7.008398559562642731e+03 1.422239880900889319e-01
5.689800000000000182e+03 7.020017461542794081e+03 1.444013433345584518e-01
5.693300000000000182e+03 6.944724490420499023e+03 1.431087359396769620e-01
5.696800000000000182e+03 7.088610808173169062e+03 1.427130416211086494e-01
5.700300000000000182e+03 7.049334430902841632e+03 1.424648546650645331e-01
5.703800000000000182e+03 6.985698130710959958e+03 1.414461960356055148e-01
5.707300000000000182e+03 6.947575818876837729e+03 1.407606346295330324e-01
5.710800000000000182e+03 6.921745080720023907e+03 1.408120746974743931e-01
5.714300000000000182e+03 7.123844910416127277e+03 1.405317270611020630e-01
5.717800000000000182e+03 6.931405438535469330e+03 1.420415898157903756e-01
5.721300000000000182e+03 6.929794759813677956e+03 1.421146780348123140e-01
5.724800000000000182e+03 7.009791925601754883e+03 1.408057460807690675e-01
5.728300000000000182e+03 6.899177702362018863e+03 1.404940367644346155e-01
5.731800000000000182e+03 6.880051800825483042e+03 1.401213863613784694e-01
5.735300000000000182e+03 6.918573496905099091e+03 1.421408730119967379e-01
5.738800000000000182e+03 6.950390874121373599e+03 1.403823898332154096e-01
5.742300000000000182e+03 6.857240502838963039e+03 1.398930040197255142e-01
5.745800000000000182e+03 6.774539328348000709e+03 1.410855978294408841e-01
5.749300000000000182e+03 6.905927204565831744e+03 1.379307021005177492e-01
5.752800000000000182e+03 6.764827725334682327e+03 1.412297531879626589e-01
5.756300000000000182e+03 6.869977805549219738e+03 1.394695126811402175e-01
5.759800000000000182e+03 6.960322543260830571e+03 1.369717019559466564e-01
5.763300000000000182e+03 6.979660764630289123e+03 1.365294059421498507e-01
5.766800000000000182e+03 6.931042347519845862e+03 1.365719981744820122e-01
5.770300000000000182e+03 6.989781895726740004e+03 1.359786564589313129e-01
5.773800000000000182e+03 6.797980791240684994e+03 1.372435664925933663e-01
5.777300000000000182e+03 6.980952941570943949e+03 1.347090879313791179e-01
5.780800000000000182e+03 6.778721379640961459e+03 1.367143864890804361e-01
5.784300000000000182e+03 6.852292068664777617e+03 1.364330049118490096e-01
5.787800000000000182e+03 6.904404362320949076e+03 1.337390208002489922e-01
5.791300000000000182e+03 6.898492209694599296e+03 1.330708027364897461e-01
5.794800000000000182e+03 6.815799178700987795e+03 1.378508403761160017e-01
5.798300000000000182e+03 6.831673080847367601e+03 1.349358714667183712e-01
5.801800000000000182e+03 6.897879309726276006e+03 1.316515274991902629e-01
5.805300000000000182e+03 6.849592774501917120e+03 1.321310211703013160e-01
5.808800000000000182e+03 6.872011080840497925e+03 1.319369949771571071e-01
5.812300000000000182e+03 6.835512908635323583e+03 1.318959528008585569e-01
5.815800000000000182e+03 6.793631117231779172e+03 1.334081968514449490e-01
5.819300000000000182e+03 6.735731615218409388e+03 1.350798001369354906e-01
5.822800000000000182e+03 6.789427457939089436e+03 1.322743912049147430e-01
5.826300000000000182e+03 6.757338990042373553e+03 1.320691321076742086e-01
5.829800000000000182e+03 6.748935482138630505e+03 1.311092801820698539e-01
5.833300000000000182e+03 6.836821945212687751e+03 1.330901924328069252e-01
5.836800000000000182e+03 6.857330222437381053e+03 1.298091177104155058e-01
5.840300000000000182e+03 6.802952561299720401e+03 1.316593920142739016e-01
5.843800000000000182e+03 6.756365556134112012e+03 1.307030055004521352e-01
5.847300000000000182e+03 6.797048568117525065e+03 1.297884135820300822e-01
5.850800000000000182e+03 6.778959988195822916e+03 1.316979711777438167e-01
5.854300000000000182e+03 6.631520634223687921e+03 1.303836547032607984e-01
5.857800000000000182e+03 6.634412846162978894e+03 1.311537245392148110e-01
5.861300000000000182e+03 6.748215160699318403e+03 1.285454343338202077e-01
5.864800000000000182e+03 6.606040023745245890e+03 1.295372293041691381e-01
5.868300000000000182e+03 6.568545471599662051e+03 1.309283986287766710e-01
5.871800000000000182e+03 6.465401321984442802e+03 1.324701288135769484e-01
5.875300000000000182e+03 6.539174765188507081e+03 1.336447118658186661e-01
5.878800000000000182e+03 6.350998940532986126e+03 1.384598316896001047e-01
5.882300000000000182e+03 6.292713054832425769e+03 1.388423075132400597e-01
5.885800000000000182e+03 6.104847926258817097e+03 1.433091375829368963e-01
5.889300000000000182e+03 6.072111682916712198e+03 1.464688105631871406e-01
5.892800000000000182e+03 6.028982745765195432e+03 1.448637545727253506e-01
5.896300000000000182e+03 5.881875512167697707e+03 1.459394576033926083e-01
5.899800000000000182e+03 5.903571406823832149e+03 1.452430236559501264e-01
5.903300000000000182e+03 6.060700269671153364e+03 1.449375669205223705e-01
5.906800000000000182e+03 5.996264516079839268e+03 1.458063534657833005e-01
5.910300000000000182e+03 5.996004988382148440e+03 1.436160696205380227e-01
5.913800000000000182e+03 6.038371338624527198e+03 1.453198799298485167e-01
5.917300000000000182e+03 5.945840272026430284e+03 1.432649071142087227e-01
5.920800000000000182e+03 5.971302285516590018e+03 1.421509160821676498e-01
5.924300000000000182e+03 5.947304776539806880e+03 1.416596061967569653e-01
5.927800000000000182e+03 5.936561777454442563e+03 1.428429458845559830e-01
5.931300000000000182e+03 6.070927518895200592e+03 1.380837666969240429e-01
5.934800000000000182e+03 6.020779225588677946e+03 1.410523160552962785e-01
5.938300000000000182e+03 5.868933569572370288e+03 1.429840428599001012e-01
5.941800000000000182e+03 5.690639760752289476e+03 1.439144354942933079e-01
5.945300000000000182e+03 5.842530746963454476e+03 1.428711957498654261e-01
5.948800000000000182e+03 5.699146004874063692e+03 1.440439685555186256e-01
5.952300000000000182e+03 5.777904712710557760e+03 1.423187712895460644e-01
5.955800000000000182e+03 5.698302144940490507e+03 1.394137611007017774e-01
5.959300000000000182e+03 5.761520253239561498e+03 1.380889872442928323e-01
5.962800000000000182e+03 5.655574181405456329e+03 1.401937768894342684e-01
5.966300000000000182e+03 5.707765138579236009e+03 1.366384950532596176e-01
5.969800000000000182e+03 5.745758013160027986e+03 1.352879183528754858e-01
5.973300000000000182e+03 5.746833711208969362e+03 1.358690278595196255e-01
5.976800000000000182e+03 5.835025691542678032e+03 1.332257459461689275e-01
5.980300000000000182e+03 5.748162959525681799e+03 1.337738672709853915e-01
5.983800000000000182e+03 5.670720149576168296e+03 1.336836348595595858e-01
5.987300000000000182e+03 5.736309097121352352e+03 1.343567417712375200e-01
5.990800000000000182e+03 5.761077151411035629e+03 1.329746071710588007e-01
5.994300000000000182e+03 5.557736798163614367e+03 1.325728899229909608e-01
5.997800000000000182e+03 5.671285769645785876e+03 1.323446972672562005e-01
