# wavelength angstroms, flux, ext coeff
3.001800000000000182e+03 1.759222991891176147e+00 0.000000000000000000e+00
3.005300000000000182e+03 2.054270109353771634e+00 0.000000000000000000e+00
3.008800000000000182e+03 2.348870892584613568e+00 0.000000000000000000e+00
3.012300000000000182e+03 2.121578041866423625e+00 0.000000000000000000e+00
3.015800000000000182e+03 3.096426305275646662e+00 0.000000000000000000e+00
3.019300000000000182e+03 3.137044032461246967e+00 0.000000000000000000e+00
3.022800000000000182e+03 4.543580467490450303e+00 0.000000000000000000e+00
3.026300000000000182e+03 5.159059918518146048e+00 0.000000000000000000e+00
3.029800000000000182e+03 5.813747647138589159e+00 0.000000000000000000e+00
3.033300000000000182e+03 7.506013082351629784e+00 0.000000000000000000e+00
3.036800000000000182e+03 8.867141948928734863e+00 0.000000000000000000e+00
3.040300000000000182e+03 1.063065957979383747e+01 0.000000000000000000e+00
3.043800000000000182e+03 1.034213709645245061e+01 0.000000000000000000e+00
3.047300000000000182e+03 1.401003955909805754e+01 0.000000000000000000e+00
3.050800000000000182e+03 1.588408003414215308e+01 0.000000000000000000e+00
3.054300000000000182e+03 1.759561432560699501e+01 0.000000000000000000e+00
3.057800000000000182e+03 6.483032600892670860e-01 2.676191265483294668e+00
3.061300000000000182e+03 2.054540787493667509e+01 0.000000000000000000e+00
3.064800000000000182e+03 9.128449035092512931e-01 2.539800291787396525e+00
3.068300000000000182e+03 1.176254023901614154e+00 2.443376115390806014e+00
3.071800000000000182e+03 1.553215174023730549e+00 2.349794574566738348e+00
3.075300000000000182e+03 1.750510019559203378e+00 2.307159003225331961e+00
3.078800000000000182e+03 2.150351588884471088e+00 2.237229603986682136e+00
3.082300000000000182e+03 2.543211565626908310e+00 2.178915401554381237e+00
3.085800000000000182e+03 3.015829995913229755e+00 2.099464265323941703e+00
3.089300000000000182e+03 3.566876292412690663e+00 2.036406266484044991e+00
3.092800000000000182e+03 4.603916966112686637e+00 1.963987011900433899e+00
3.096300000000000182e+03 5.264923555506968889e+00 1.925543556605257223e+00
3.099800000000000182e+03 5.747616835693865056e+00 1.862389370627876906e+00
3.103300000000000182e+03 6.893108572725023642e+00 1.817730735448978674e+00
3.106800000000000182e+03 7.047860484148282367e+00 1.811196389898733994e+00
3.110300000000000182e+03 7.144572172344219041e+00 1.827642189693348573e+00
3.113800000000000182e+03 8.130028446665281905e+00 1.750106257928055076e+00
3.117300000000000182e+03 8.944704412591290676e+00 1.709251412826013672e+00
3.120800000000000182e+03 9.724227603034730549e+00 1.692955145572516251e+00
3.124300000000000182e+03 1.106287621388756470e+01 1.652846736688899032e+00
3.127800000000000182e+03 1.165661165342260297e+01 1.625222987047809209e+00
3.131300000000000182e+03 1.295820900246944873e+01 1.591690858786647844e+00
3.134800000000000182e+03 1.377530325261926869e+01 1.569223271028398425e+00
3.138300000000000182e+03 1.483175121961872556e+01 1.531495074763135289e+00
3.141800000000000182e+03 1.687960454286212908e+01 1.505715893719153264e+00
3.145300000000000182e+03 1.888551140804279527e+01 1.470000305444626454e+00
3.148800000000000182e+03 1.973388015804918538e+01 1.450896327661748142e+00
3.152300000000000182e+03 2.192257481691396492e+01 1.415150610787734520e+00
3.155800000000000182e+03 2.407998333043210692e+01 1.385357060913823046e+00
3.159300000000000182e+03 2.605351165704220051e+01 1.355733241096056529e+00
3.162800000000000182e+03 2.779865493280507849e+01 1.328546522166593524e+00
3.166300000000000182e+03 2.963135148326865576e+01 1.316171330062493983e+00
3.169800000000000182e+03 3.193419786168373875e+01 1.292792349236930205e+00
3.173300000000000182e+03 3.400407399668365116e+01 1.272660417385364617e+00
3.176800000000000182e+03 3.522588770730647667e+01 1.245814760924064846e+00
3.180300000000000182e+03 3.705322850686639669e+01 1.229232170183474304e+00
3.183800000000000182e+03 3.770948688738075560e+01 1.200025787350764039e+00
3.187300000000000182e+03 4.139718702025435704e+01 1.180372858685334148e+00
3.190800000000000182e+03 4.258737255026655788e+01 1.165379246819851611e+00
3.194300000000000182e+03 4.662921223192411446e+01 1.146250237596935007e+00
3.197800000000000182e+03 5.007437145887970331e+01 1.133022241096768745e+00
3.201300000000000182e+03 5.097656494960310170e+01 1.120045128881696606e+00
3.204800000000000182e+03 5.557684896196445834e+01 1.098841068728160897e+00
3.208300000000000182e+03 6.095969955074788516e+01 1.084041209791033245e+00
3.211800000000000182e+03 6.364662716201263493e+01 1.066679060790529432e+00
3.215300000000000182e+03 6.430957029761071908e+01 1.057862462901952849e+00
3.218800000000000182e+03 6.550874325798083930e+01 1.044875583036336542e+00
3.222300000000000182e+03 6.489618173418753599e+01 1.029315853585362817e+00
3.225800000000000182e+03 6.538768152800800237e+01 1.019266418428678378e+00
3.229300000000000182e+03 6.718330735851303359e+01 1.008249408924432933e+00
3.232800000000000182e+03 7.190678789075646193e+01 9.930476675331111336e-01
3.236300000000000182e+03 7.923250350603669290e+01 9.732126928574666991e-01
3.239800000000000182e+03 8.258842659204995584e+01 9.636507135165932603e-01
3.243300000000000182e+03 8.872795944772984456e+01 9.491046854810688549e-01
3.246800000000000182e+03 9.175861209163005583e+01 9.458181239311863608e-01
3.250300000000000182e+03 9.471900702277595485e+01 9.394954570731017807e-01
3.253800000000000182e+03 1.002894086019949498e+02 9.330017040066450607e-01
3.257300000000000182e+03 1.046328373521992461e+02 9.201318528765545235e-01
3.260800000000000182e+03 1.133922661439542736e+02 9.071393220847300265e-01
3.264300000000000182e+03 1.175481381105616379e+02 8.933853979859259775e-01
3.267800000000000182e+03 1.236834701625911492e+02 8.891475948205689317e-01
3.271300000000000182e+03 1.267213962881265417e+02 8.849302747910896549e-01
3.274800000000000182e+03 1.303317460451274883e+02 8.758194779561652155e-01
3.278300000000000182e+03 1.266159018475270130e+02 8.763061615952688621e-01
3.281800000000000182e+03 1.290663960596583593e+02 8.698078547006485861e-01
3.285300000000000182e+03 1.302906050660182018e+02 8.645567353013290379e-01
3.288800000000000182e+03 1.409169268871835641e+02 8.483369615112466011e-01
3.292300000000000182e+03 1.464602079016263474e+02 8.392760805430106164e-01
3.295800000000000182e+03 1.527008744704814092e+02 8.269866998712075423e-01
3.299300000000000182e+03 1.555379491910428555e+02 8.208933489532044270e-01
3.302800000000000182e+03 1.612587393835420642e+02 8.214916508400464945e-01
3.306300000000000182e+03 1.641485115775584234e+02 8.118946646903956177e-01
3.309800000000000182e+03 1.649371085388938809e+02 8.133529045605715213e-01
3.313300000000000182e+03 1.679306993803099886e+02 8.084696782106371993e-01
3.316800000000000182e+03 1.738547082972633859e+02 8.029593432796440222e-01
3.320300000000000182e+03 1.807179453505763433e+02 7.929167344440575249e-01
3.323800000000000182e+03 1.832508957038137680e+02 7.825647902131201983e-01
3.327300000000000182e+03 1.855587143838611439e+02 7.764858481526745182e-01
3.330800000000000182e+03 1.902348177135360174e+02 7.696554924692938782e-01
3.334300000000000182e+03 1.955821112307380076e+02 7.667545695550108675e-01
3.337800000000000182e+03 1.933185825397967506e+02 7.698975958610867476e-01
3.341300000000000182e+03 1.949147202280035174e+02 7.619955064899639474e-01
3.344800000000000182e+03 1.992606470247953609e+02 7.570726309978409452e-01
3.348300000000000182e+03 2.033406404202000033e+02 7.536660980851477287e-01
3.351800000000000182e+03 2.104535747408578175e+02 7.457069995158844833e-01
3.355300000000000182e+03 2.128674558355664601e+02 7.436937149807938408e-01
3.358800000000000182e+03 2.128922137646471242e+02 7.333734193921701561e-01
3.362300000000000182e+03 2.169322578085982798e+02 7.240715848776296815e-01
3.365800000000000182e+03 2.157285199149796995e+02 7.276734196308054514e-01
3.369300000000000182e+03 2.158090724835371361e+02 7.259547831591116607e-01
3.372800000000000182e+03 2.182893703802453160e+02 7.228787610081258697e-01
3.376300000000000182e+03 2.238966360206320019e+02 7.206902826774511661e-01
3.379800000000000182e+03 2.302259109220185564e+02 7.100805041416822228e-01
3.383300000000000182e+03 2.365369089458121437e+02 7.102146785988165956e-01
3.386800000000000182e+03 2.385217876398651242e+02 7.043305756758395653e-01
3.390300000000000182e+03 2.454994044535226010e+02 6.952464664177114839e-01
3.393800000000000182e+03 2.518460279288356105e+02 6.942399409686179634e-01
3.397300000000000182e+03 2.532234155458972680e+02 6.914589101282684336e-01
3.400800000000000182e+03 2.635416079767459792e+02 6.896820081390556689e-01
3.404300000000000182e+03 2.609017291431904368e+02 6.827971886675476831e-01
3.407800000000000182e+03 2.610496412101027772e+02 6.789584904544138100e-01
3.411300000000000182e+03 2.714313017283721479e+02 6.781103336696414630e-01
3.414800000000000182e+03 2.705356626984978448e+02 6.715439726342842253e-01
3.418300000000000182e+03 2.737907775573939375e+02 6.703331730369148644e-01
3.421800000000000182e+03 2.803135967174464440e+02 6.641902604991404280e-01
3.425300000000000182e+03 2.873193993951988432e+02 6.615297241617220658e-01
3.428800000000000182e+03 2.918888840508446947e+02 6.571531298270626431e-01
3.432300000000000182e+03 2.951333150360331956e+02 6.567025845023349850e-01
3.435800000000000182e+03 2.963392074647088066e+02 6.536827185468424561e-01
3.439300000000000182e+03 3.070381561090314335e+02 6.523054335314197871e-01
3.442800000000000182e+03 3.100541129275972594e+02 6.488478552222642914e-01
3.446300000000000182e+03 3.122568501186832464e+02 6.465639333122989996e-01
3.449800000000000182e+03 3.193202984189962876e+02 6.442007527221826901e-01
3.453300000000000182e+03 3.232401162638149685e+02 6.384725096277872325e-01
3.456800000000000182e+03 3.247215608695432820e+02 6.342923061519117889e-01
3.460300000000000182e+03 3.366104629826743917e+02 6.284748926641792188e-01
3.463800000000000182e+03 3.371415420255898425e+02 6.317707877157358043e-01
3.467300000000000182e+03 3.416615509896122944e+02 6.248067232524104897e-01
3.470800000000000182e+03 3.454491459846447583e+02 6.212515243902946294e-01
3.474300000000000182e+03 3.490495422871968572e+02 6.218778710808977594e-01
3.477800000000000182e+03 3.549741629688312514e+02 6.162741194311937010e-01
3.481300000000000182e+03 3.576212247351776909e+02 6.133103410408765610e-01
3.484800000000000182e+03 3.683011501631800684e+02 6.087332730884764675e-01
3.488300000000000182e+03 3.784106937373230153e+02 6.062311132311460904e-01
3.491800000000000182e+03 3.834330293077433680e+02 6.057612055174623755e-01
3.495300000000000182e+03 3.910040142959460923e+02 6.029110449412991013e-01
3.498800000000000182e+03 3.875982357425264127e+02 6.033593550951462658e-01
3.502300000000000182e+03 3.929399067520685662e+02 6.002139181391951128e-01
3.505800000000000182e+03 4.032145246380262051e+02 5.978100509145913843e-01
3.509300000000000182e+03 4.095712817305894760e+02 5.976261468191682580e-01
3.512800000000000182e+03 4.168614169320614451e+02 5.935205533658753918e-01
3.516300000000000182e+03 4.148537187114738458e+02 5.879851389711359122e-01
3.519800000000000182e+03 4.170792875597027205e+02 5.887951375074982341e-01
3.523300000000000182e+03 4.176428334265632998e+02 5.885780685649137922e-01
3.526800000000000182e+03 4.253152083638001386e+02 5.809686226850282464e-01
3.530300000000000182e+03 4.250164805452603218e+02 5.796885912199835067e-01
3.533800000000000182e+03 4.374411635933429920e+02 5.744819657248768641e-01
3.537300000000000182e+03 4.468329934568236581e+02 5.767441787513206686e-01
3.540800000000000182e+03 4.671046352088384879e+02 5.718571991514521669e-01
3.544300000000000182e+03 4.692911320676568039e+02 5.705822608067104840e-01
3.547800000000000182e+03 4.848022032199467048e+02 5.707651944796575672e-01
3.551300000000000182e+03 4.928859455035802739e+02 5.690079772370904010e-01
3.554800000000000182e+03 4.906484071381149192e+02 5.637553091506765091e-01
3.558300000000000182e+03 4.853477968030753686e+02 5.612155721130761554e-01
3.561800000000000182e+03 4.710940376685384194e+02 5.580659700310904858e-01
3.565300000000000182e+03 4.757786193407840756e+02 5.573840223216494083e-01
3.568800000000000182e+03 4.706877039934972231e+02 5.526253351638603650e-01
3.572300000000000182e+03 4.653809620033019314e+02 5.487969111566752822e-01
3.575800000000000182e+03 4.764540201317406058e+02 5.478658898983874703e-01
3.579300000000000182e+03 4.615907569229436263e+02 5.480151391645229353e-01
3.582800000000000182e+03 4.711784819682591774e+02 5.451243998659552892e-01
3.586300000000000182e+03 4.730334621410545424e+02 5.440096054421669214e-01
3.589800000000000182e+03 4.762217845479060543e+02 5.409125804748927679e-01
3.593300000000000182e+03 4.852751123022650290e+02 5.410660866925955936e-01
3.596800000000000182e+03 4.936288444880674433e+02 5.366446898738437277e-01
3.600300000000000182e+03 5.024026992476630085e+02 5.336618224102406272e-01
3.603800000000000182e+03 5.101151626449945411e+02 5.341280419054040829e-01
3.607300000000000182e+03 5.234351033045378472e+02 5.292683059010450108e-01
3.610800000000000182e+03 5.267886633265515002e+02 5.284340684676309685e-01
3.614300000000000182e+03 5.350427272878478107e+02 5.232816155339973241e-01
3.617800000000000182e+03 5.426523196629472068e+02 5.226037074001234073e-01
3.621300000000000182e+03 5.475726302917473731e+02 5.202639749776536426e-01
3.624800000000000182e+03 5.475466429852408510e+02 5.224029305900087516e-01
3.628300000000000182e+03 5.505753775948325028e+02 5.180298681893953372e-01
3.631800000000000182e+03 5.601530480122847848e+02 5.167977270545215385e-01
3.635300000000000182e+03 5.709692946310664183e+02 5.132260497592502357e-01
3.638800000000000182e+03 5.783185351565762176e+02 5.091315880360820501e-01
3.642300000000000182e+03 5.951553083457810089e+02 5.090952434129804027e-01
3.645800000000000182e+03 6.114672935345142832e+02 5.091282029558613642e-01
3.649300000000000182e+03 6.299561321007633978e+02 5.063643211755158857e-01
3.652800000000000182e+03 6.459102551232098222e+02 5.033181689248668045e-01
3.656300000000000182e+03 6.460965431151271332e+02 5.053949699289550512e-01
3.659800000000000182e+03 6.598837870191748607e+02 5.026356239269689219e-01
3.663300000000000182e+03 6.496048389119869171e+02 5.000618608197054948e-01
3.666800000000000182e+03 6.512684504494601470e+02 4.948701194947690563e-01
3.670300000000000182e+03 6.583204807365855231e+02 4.954126671652457348e-01
3.673800000000000182e+03 6.472518787712837138e+02 4.920483578004630210e-01
3.677300000000000182e+03 6.419537011271861502e+02 4.930488273730169180e-01
3.680800000000000182e+03 6.332773540849076426e+02 4.918661025902901773e-01
3.684300000000000182e+03 6.324235326524576521e+02 4.885340276894899469e-01
3.687800000000000182e+03 6.386334119187285978e+02 4.821882280112094188e-01
3.691300000000000182e+03 6.366785691083114216e+02 4.817407210063894274e-01
3.694800000000000182e+03 6.378608286777902094e+02 4.804790186336177493e-01
3.698300000000000182e+03 6.688629723038096699e+02 4.781362720461804217e-01
3.701800000000000182e+03 6.713698192217646010e+02 4.770504095604399253e-01
3.705300000000000182e+03 6.852070431614081372e+02 4.797618907343291772e-01
3.708800000000000182e+03 6.993345037077647248e+02 4.756146619193873937e-01
3.712300000000000182e+03 7.041502272184930007e+02 4.749903443062871711e-01
3.715800000000000182e+03 7.003516048145924060e+02 4.719327908936629123e-01
3.719300000000000182e+03 6.995756076653586888e+02 4.708739750932910417e-01
3.722800000000000182e+03 7.034676707689608293e+02 4.663900540565437680e-01
3.726300000000000182e+03 7.061785244064395783e+02 4.621881170630978697e-01
3.729800000000000182e+03 7.020031781529780801e+02 4.594921060490695930e-01
3.733300000000000182e+03 7.260671580852538227e+02 4.562369073326330016e-01
3.736800000000000182e+03 7.366848011775423402e+02 4.597571967334005416e-01
3.740300000000000182e+03 7.675820127141595322e+02 4.614065854232637376e-01
3.743800000000000182e+03 7.976845902184892338e+02 4.588176839571853072e-01
3.747300000000000182e+03 8.145706134163943943e+02 4.571584662966319823e-01
3.750800000000000182e+03 8.341656300841582379e+02 4.570580918843040741e-01
3.754300000000000182e+03 8.570410127335645711e+02 4.541147703634046406e-01
3.757800000000000182e+03 8.802791596851545819e+02 4.511466058703211823e-01
3.761300000000000182e+03 8.990639459435670915e+02 4.484856324758447199e-01
3.764800000000000182e+03 9.228692377150077846e+02 4.456266206485309245e-01
3.768300000000000182e+03 9.410965465160941221e+02 4.433520539076342692e-01
3.771800000000000182e+03 9.549003450330055784e+02 4.415070659490150096e-01
3.775300000000000182e+03 9.904967678563464233e+02 4.431247945016763001e-01
3.778800000000000182e+03 9.989632563233793690e+02 4.392737971001913766e-01
3.782300000000000182e+03 1.032079992355872264e+03 4.387668814444306009e-01
3.785800000000000182e+03 1.069357228796921390e+03 4.356700810673615476e-01
3.789300000000000182e+03 1.094620101293515063e+03 4.351961466650822175e-01
3.792800000000000182e+03 1.124200912091502687e+03 4.353610738333019703e-01
3.796300000000000182e+03 1.165942333674139718e+03 4.314162617902980723e-01
3.799800000000000182e+03 1.200620708217953734e+03 4.352218007842334480e-01
3.803300000000000182e+03 1.225680218863797791e+03 4.348925726381197565e-01
3.806800000000000182e+03 1.245635658031659887e+03 4.334718755692238412e-01
3.810300000000000182e+03 1.247937623638966897e+03 4.352223262426673789e-01
3.813800000000000182e+03 1.219499253897146673e+03 4.342939160780905361e-01
3.817300000000000182e+03 1.178824774620650714e+03 4.271861400395737252e-01
3.820800000000000182e+03 1.138401613698169513e+03 4.222888037663522498e-01
3.824300000000000182e+03 1.090248239880163510e+03 4.120329342922178784e-01
3.827800000000000182e+03 1.073754151280211090e+03 4.054001615545439474e-01
3.831300000000000182e+03 1.087270289168839327e+03 4.024393461659850901e-01
3.834800000000000182e+03 1.115024125614014793e+03 4.072608665185569743e-01
3.838300000000000182e+03 1.186287047698617926e+03 4.098587084074094555e-01
3.841800000000000182e+03 1.275565381493921222e+03 4.119666666986386838e-01
3.845300000000000182e+03 1.350198778264849125e+03 4.157633851397959934e-01
3.848800000000000182e+03 1.429088574588733763e+03 4.161290580402466355e-01
3.852300000000000182e+03 1.480173964991623507e+03 4.125628314050585055e-01
3.855800000000000182e+03 1.536033952704241756e+03 4.099414053497497656e-01
3.859300000000000182e+03 1.567400825646375097e+03 4.118078834762821661e-01
3.862800000000000182e+03 1.585066050970337983e+03 4.119688712223823490e-01
3.866300000000000182e+03 1.587290495258114333e+03 4.120929995029309900e-01
3.869800000000000182e+03 1.566506131493841167e+03 4.158712989127606452e-01
3.873300000000000182e+03 1.533030939034418225e+03 4.116800545582110504e-01
3.876800000000000182e+03 1.477469605107729876e+03 4.052572920243381893e-01
3.880300000000000182e+03 1.431174658710320955e+03 3.940653841208837105e-01
3.883800000000000182e+03 1.367774240986758514e+03 3.804902781794301525e-01
3.887300000000000182e+03 1.339612929695547791e+03 3.687235136271552194e-01
3.890800000000000182e+03 1.340295302977263418e+03 3.665020598760380111e-01
3.894300000000000182e+03 1.370737312061259900e+03 3.686635886639987869e-01
3.897800000000000182e+03 1.431804998778090066e+03 3.814979388420208228e-01
3.901300000000000182e+03 1.519611827358029359e+03 3.895056688678272816e-01
3.904800000000000182e+03 1.595532909263795545e+03 3.975770787729146494e-01
3.908300000000000182e+03 1.608545703758548825e+03 4.018324638831644036e-01
3.911800000000000182e+03 1.591484962971364666e+03 3.972872124876501987e-01
3.915300000000000182e+03 1.523858857100624618e+03 3.953164608006446978e-01
3.918800000000000182e+03 1.406303444457156047e+03 3.882360479630233008e-01
3.922300000000000182e+03 1.262123890557784762e+03 3.809108335605916329e-01
3.925800000000000182e+03 1.163135912459441215e+03 3.719693579194791599e-01
3.929300000000000182e+03 1.107407055037986993e+03 3.665225224365785683e-01
3.932800000000000182e+03 1.118516928935339820e+03 3.674221924554464391e-01
3.936300000000000182e+03 1.174304383126681387e+03 3.710806129684896537e-01
3.939800000000000182e+03 1.283978574166613498e+03 3.750576329726741931e-01
3.943300000000000182e+03 1.398720635268645765e+03 3.797932944312065739e-01
3.946800000000000182e+03 1.476236292273537629e+03 3.847291627734902297e-01
3.950300000000000182e+03 1.512424815372812191e+03 3.880293487599407176e-01
3.953800000000000182e+03 1.464763579409185013e+03 3.820338531617578637e-01
3.957300000000000182e+03 1.401367249738620558e+03 3.750019496983121314e-01
3.960800000000000182e+03 1.297177048472094384e+03 3.627857873325083804e-01
3.964300000000000182e+03 1.222983586698605677e+03 3.453213522919735823e-01
3.967800000000000182e+03 1.180303628366204975e+03 3.331157386598955772e-01
3.971300000000000182e+03 1.200385129811396155e+03 3.307177423430467389e-01
3.974800000000000182e+03 1.291829039985570034e+03 3.371797651885259928e-01
3.978300000000000182e+03 1.427499097973330208e+03 3.489133181736985834e-01
3.981800000000000182e+03 1.597725768714595915e+03 3.590122000144977954e-01
3.985300000000000182e+03 1.767701371472681103e+03 3.642810587344693651e-01
3.988800000000000182e+03 1.891281698549708153e+03 3.676524010788939090e-01
3.992300000000000182e+03 2.032886439212511277e+03 3.634359532783590363e-01
3.995800000000000182e+03 2.109771217905026333e+03 3.578321098406189171e-01
3.999300000000000182e+03 2.151365254360069684e+03 3.569204729097346651e-01
4.002800000000000182e+03 2.175230760243481654e+03 3.549902743738622690e-01
4.006300000000000182e+03 2.212566756512622305e+03 3.519493528127519699e-01
4.009800000000000182e+03 2.248578908005952599e+03 3.524551960537550266e-01
4.013300000000000182e+03 2.244542870540208241e+03 3.513760918829542668e-01
4.016800000000000182e+03 2.268279466806730397e+03 3.483785693392136840e-01
4.020300000000000182e+03 2.297861804437106002e+03 3.484230245280180438e-01
4.023800000000000182e+03 2.329457613963261792e+03 3.460896638740245668e-01
4.027300000000000182e+03 2.343551713679173190e+03 3.433031617534307300e-01
4.030800000000000182e+03 2.337151233728720854e+03 3.423722783946837600e-01
4.034300000000000182e+03 2.340520028655291298e+03 3.406261012430822355e-01
4.037800000000000182e+03 2.375276853067168304e+03 3.389489047150385792e-01
4.041300000000000182e+03 2.366263662317573562e+03 3.396451148876780679e-01
4.044800000000000182e+03 2.355946727164313870e+03 3.382451907569680727e-01
4.048300000000000182e+03 2.368741789008660362e+03 3.383522253964636461e-01
4.051800000000000182e+03 2.358464944510506484e+03 3.377959961379391474e-01
4.055300000000000182e+03 2.366694976098805000e+03 3.362269048879666378e-01
4.058800000000000182e+03 2.384406189723412808e+03 3.351578907522153594e-01
4.062300000000000182e+03 2.388715511658077503e+03 3.330776251697842860e-01
4.065800000000000182e+03 2.400368775748251210e+03 3.331374615035285203e-01
4.069300000000000182e+03 2.362772900454429873e+03 3.334049131062735150e-01
4.072800000000000182e+03 2.375653686120410384e+03 3.312465291983235360e-01
4.076300000000000182e+03 2.375101755175778635e+03 3.303951976875075247e-01
4.079800000000000182e+03 2.356644619387393050e+03 3.301431924415448305e-01
4.083300000000000182e+03 2.358754034480654809e+03 3.274901359007016954e-01
4.086800000000000182e+03 2.330302057537985092e+03 3.241906751244028606e-01
4.090300000000000182e+03 2.299221634257251935e+03 3.257263734054655635e-01
4.093800000000000182e+03 2.240569838134779275e+03 3.224612205657368946e-01
4.097300000000000182e+03 2.180150166332076878e+03 3.198362015311752016e-01
4.100800000000000182e+03 2.149064849241503453e+03 3.152405058929175774e-01
4.104300000000000182e+03 2.108486812772177473e+03 3.085721653148086330e-01
4.107800000000000182e+03 2.072787135958863928e+03 3.039906226398097489e-01
4.111300000000000182e+03 2.106136000938034613e+03 3.027950242525218050e-01
4.114800000000000182e+03 2.175908981715028858e+03 3.037292758330744635e-01
4.118300000000000182e+03 2.268465028061516023e+03 3.106650348198743972e-01
4.121800000000000182e+03 2.379102354399619799e+03 3.169478863546079661e-01
4.125300000000000182e+03 2.475157477771917911e+03 3.188728295175004557e-01
4.128800000000000182e+03 2.594467998243506827e+03 3.197358706112365390e-01
4.132300000000000182e+03 2.637886401234340610e+03 3.196509507001173978e-01
4.135800000000000182e+03 2.715150433819187583e+03 3.157313990833392481e-01
4.139300000000000182e+03 2.740099619992878161e+03 3.120322491004359211e-01
4.142800000000000182e+03 2.806061377319780149e+03 3.090062565366676894e-01
4.146300000000000182e+03 2.815908910423579982e+03 3.073358248514345692e-01
4.149800000000000182e+03 2.838657306651716681e+03 3.078317159093535982e-01
4.153300000000000182e+03 2.865953938325491436e+03 3.039002480202079304e-01
4.156800000000000182e+03 2.875181160759110298e+03 3.054662728749896194e-01
4.160300000000000182e+03 2.876800290040652271e+03 3.053528458662980727e-01
4.163800000000000182e+03 2.915640122605054330e+03 3.021239999201436599e-01
4.167300000000000182e+03 2.899903994971773045e+03 3.015616189170295391e-01
4.170800000000000182e+03 2.926054579006139647e+03 2.998405947532076232e-01
4.174300000000000182e+03 2.902966332026724103e+03 3.019735530465273432e-01
4.177800000000000182e+03 2.936374977437767029e+03 2.984378706455517172e-01
4.181300000000000182e+03 2.945416034880362076e+03 2.965552986983704953e-01
4.184800000000000182e+03 2.937913954644911882e+03 2.956658516737930564e-01
4.188300000000000182e+03 2.957731574945114517e+03 2.966775255621628138e-01
4.191800000000000182e+03 2.961566888108671264e+03 2.943519136620149634e-01
4.195300000000000182e+03 3.000548342618608785e+03 2.945765146149311176e-01
4.198800000000000182e+03 2.972619568902593073e+03 2.957467827192843401e-01
4.202300000000000182e+03 2.998780964479172781e+03 2.917652730869815247e-01
4.205800000000000182e+03 3.016090358528117576e+03 2.916970824048127353e-01
4.209300000000000182e+03 3.042770990342850382e+03 2.891296742007176124e-01
4.212800000000000182e+03 3.035184587920378817e+03 2.913976817500092964e-01
4.216300000000000182e+03 3.027700257389439230e+03 2.882688739025567881e-01
4.219800000000000182e+03 3.034935440661489793e+03 2.870869216716815386e-01
4.223300000000000182e+03 3.025051708295929529e+03 2.849647145141729343e-01
4.226800000000000182e+03 3.018488712232495345e+03 2.849035970222017489e-01
4.230300000000000182e+03 3.039527491399399423e+03 2.826241264216680094e-01
4.233800000000000182e+03 3.056194271218499580e+03 2.820231567851949617e-01
4.237300000000000182e+03 3.051992082988788752e+03 2.833075915744084350e-01
4.240800000000000182e+03 3.122218342151557863e+03 2.834878380848478430e-01
4.244300000000000182e+03 3.128210572813070939e+03 2.817706748999759814e-01
4.247800000000000182e+03 3.135050259068162177e+03 2.815433873685526112e-01
4.251300000000000182e+03 3.141635372269661275e+03 2.789794066061571653e-01
4.254800000000000182e+03 3.163472376034358149e+03 2.793481796705012954e-01
4.258300000000000182e+03 3.152009009321446229e+03 2.778862139242628815e-01
4.261800000000000182e+03 3.123022868377815030e+03 2.781387252802541843e-01
4.265300000000000182e+03 3.131633239792407494e+03 2.766176135594605179e-01
4.268800000000000182e+03 3.139129447957167486e+03 2.755584059430099542e-01
4.272300000000000182e+03 3.158004327316715717e+03 2.731922553467886483e-01
4.275800000000000182e+03 3.158705942444302764e+03 2.715214397271749069e-01
4.279300000000000182e+03 3.128874559928853614e+03 2.710406367252120585e-01
4.282800000000000182e+03 3.154833188146795692e+03 2.725237558478149080e-01
4.286300000000000182e+03 3.186472775709889447e+03 2.714791436359575982e-01
4.289800000000000182e+03 3.156631173746045079e+03 2.724721074498855922e-01
4.293300000000000182e+03 3.112397838408158805e+03 2.694535333735463278e-01
4.296800000000000182e+03 3.076169659561940080e+03 2.683310014634058827e-01
4.300300000000000182e+03 3.038769607672967140e+03 2.699523611360446496e-01
4.303800000000000182e+03 3.026579942493823637e+03 2.673654730717072714e-01
4.307300000000000182e+03 2.973936728957350624e+03 2.680978143339444730e-01
4.310800000000000182e+03 2.942281577868282511e+03 2.701873624645287353e-01
4.314300000000000182e+03 2.945603969881679404e+03 2.664700325945794646e-01
4.317800000000000182e+03 2.922516442320616989e+03 2.653232429298865713e-01
4.321300000000000182e+03 2.963631572110364687e+03 2.639602961288070038e-01
4.324800000000000182e+03 2.955404157641723032e+03 2.621219485946427730e-01
4.328300000000000182e+03 2.965044832724630851e+03 2.600651934902328266e-01
4.331800000000000182e+03 2.938231907772134946e+03 2.591568223966201900e-01
4.335300000000000182e+03 2.879225195094670198e+03 2.592087345162236711e-01
4.338800000000000182e+03 2.819181462170855866e+03 2.554594607832892939e-01
4.342300000000000182e+03 2.779222888689262163e+03 2.506668519919022509e-01
4.345800000000000182e+03 2.753415364900563873e+03 2.485131455055489824e-01
4.349300000000000182e+03 2.771908555152608187e+03 2.445044431523601680e-01
4.352800000000000182e+03 2.839508827281448248e+03 2.462807656468166684e-01
4.356300000000000182e+03 2.975637159405951024e+03 2.472496883018422964e-01
4.359800000000000182e+03 3.124480949220501316e+03 2.515849508659453448e-01
4.363300000000000182e+03 3.266262561037108298e+03 2.565709044378431392e-01
4.366800000000000182e+03 3.415006720546724864e+03 2.592333237447272398e-01
4.370300000000000182e+03 3.499503684028761654e+03 2.582049867715773273e-01
4.373800000000000182e+03 3.570810810840025169e+03 2.568109779271803839e-01
4.377300000000000182e+03 3.637486625749612813e+03 2.529204731973305753e-01
4.380800000000000182e+03 3.635343685701248887e+03 2.505403553986740306e-01
4.384300000000000182e+03 3.609096223813812685e+03 2.505277002910883954e-01
4.387800000000000182e+03 3.608669531988387462e+03 2.455929716777952021e-01
4.391300000000000182e+03 3.594505793661262487e+03 2.461314049277363025e-01
4.394800000000000182e+03 3.610076606921575149e+03 2.478022527978641087e-01
4.398300000000000182e+03 3.600532324134498140e+03 2.455923187546561748e-01
4.401800000000000182e+03 3.622242044324847484e+03 2.471878304682664229e-01
4.405300000000000182e+03 3.652840179726224960e+03 2.451159018892893893e-01
4.408800000000000182e+03 3.665406895217434339e+03 2.458486440901750947e-01
4.412300000000000182e+03 3.671643682734315462e+03 2.441552768933514250e-01
4.415800000000000182e+03 3.678460652073021265e+03 2.450091916797350333e-01
4.419300000000000182e+03 3.710807769010405536e+03 2.429622001950087762e-01
4.422800000000000182e+03 3.684492628328501269e+03 2.424925935337719496e-01
4.426300000000000182e+03 3.702836375331582076e+03 2.415163578041120418e-01
4.429800000000000182e+03 3.720641446284227186e+03 2.396370570005218748e-01
4.433300000000000182e+03 3.724115124384303726e+03 2.390728927755722266e-01
4.436800000000000182e+03 3.719593470984535543e+03 2.395164731450343532e-01
4.440300000000000182e+03 3.746854801449413117e+03 2.389826217124702279e-01
4.443800000000000182e+03 3.758307580760012570e+03 2.383110842766803239e-01
4.447300000000000182e+03 3.777420791265532898e+03 2.378744042864407160e-01
4.450800000000000182e+03 3.787279478288689006e+03 2.378706410371846935e-01
4.454300000000000182e+03 3.811469158577494909e+03 2.363101665506319449e-01
4.457800000000000182e+03 3.816418928997057719e+03 2.342839912949337688e-01
4.461300000000000182e+03 3.851366978905347423e+03 2.337277805935341624e-01
4.464800000000000182e+03 3.865828591215377855e+03 2.348092547684255404e-01
4.468300000000000182e+03 3.898369911453254645e+03 2.335242839933401315e-01
4.471800000000000182e+03 3.879042838566038427e+03 2.326153679152566656e-01
4.475300000000000182e+03 3.891718720562741964e+03 2.306585822602888192e-01
4.478800000000000182e+03 3.900844603086276038e+03 2.320765498443064234e-01
4.482300000000000182e+03 3.905203907390427048e+03 2.295923224292844289e-01
4.485800000000000182e+03 3.936098932993073049e+03 2.295000749994538236e-01
4.489300000000000182e+03 3.933484276234140907e+03 2.276946357565767798e-01
4.492800000000000182e+03 3.981769306115504151e+03 2.267625678438488779e-01
4.496300000000000182e+03 4.003399585199755165e+03 2.275901596303498697e-01
4.499800000000000182e+03 4.047621937593731218e+03 2.267758958471925435e-01
4.503300000000000182e+03 4.119593370518409756e+03 2.275746140594845091e-01
4.506800000000000182e+03 4.171761399814252400e+03 2.246130684845568104e-01
4.510300000000000182e+03 4.178553036411747598e+03 2.268534058563186906e-01
4.513800000000000182e+03 4.179586058679290545e+03 2.259529854860915787e-01
4.517300000000000182e+03 4.128353690286752681e+03 2.258017508354797642e-01
4.520800000000000182e+03 4.093384914426205796e+03 2.250499726582048388e-01
4.524300000000000182e+03 4.054667454519481453e+03 2.239316136362994314e-01
4.527800000000000182e+03 4.020801582003010935e+03 2.214843493889966097e-01
4.531300000000000182e+03 4.000806363064519246e+03 2.231328850941843023e-01
4.534800000000000182e+03 4.010428360804909971e+03 2.195726552371984053e-01
4.538300000000000182e+03 3.989603837297662267e+03 2.231911984638547675e-01
4.541800000000000182e+03 4.040499332219000280e+03 2.192124121561845052e-01
4.545300000000000182e+03 4.058797110148390857e+03 2.178694402345166536e-01
4.548800000000000182e+03 4.098813977113379224e+03 2.176995124225248046e-01
4.552300000000000182e+03 4.124246296136348064e+03 2.173354503455119102e-01
4.555800000000000182e+03 4.186402283266813356e+03 2.185276677744552865e-01
4.559300000000000182e+03 4.169503414010912820e+03 2.166733628657930844e-01
4.562800000000000182e+03 4.217479294211690103e+03 2.168048516350912780e-01
4.566300000000000182e+03 4.253074792379845348e+03 2.182069956392983789e-01
4.569800000000000182e+03 4.291700514924146773e+03 2.143021946939910327e-01
4.573300000000000182e+03 4.244970264707042588e+03 2.167571815534575785e-01
4.576800000000000182e+03 4.277012648576973334e+03 2.149366396450628214e-01
4.580300000000000182e+03 4.216683963313080312e+03 2.155814177197500348e-01
4.583800000000000182e+03 4.202477246640163685e+03 2.129330539048217841e-01
4.587300000000000182e+03 4.150206269934494230e+03 2.110057179596665500e-01
4.590800000000000182e+03 4.129390869562876105e+03 2.120929378640236396e-01
4.594300000000000182e+03 4.162682575663430725e+03 2.108747160683700772e-01
4.597800000000000182e+03 4.183131655760144895e+03 2.095663456689269011e-01
4.601300000000000182e+03 4.186808203074790981e+03 2.100187174292574566e-01
4.604800000000000182e+03 4.235414330079494903e+03 2.095352023531462937e-01
4.608300000000000182e+03 4.262379219002134050e+03 2.123876866797187180e-01
4.611800000000000182e+03 4.243911263975779548e+03 2.112069929831678072e-01
4.615300000000000182e+03 4.265951694775929354e+03 2.079411376815772650e-01
4.618800000000000182e+03 4.264846352383347039e+03 2.065497944926100449e-01
4.622300000000000182e+03 4.234513992160200360e+03 2.085064083696128445e-01
4.625800000000000182e+03 4.246671242866821558e+03 2.062198470857877775e-01
4.629300000000000182e+03 4.245044508666121146e+03 2.046099839526543673e-01
4.632800000000000182e+03 4.236680556495782184e+03 2.045188902118418861e-01
4.636300000000000182e+03 4.247611649837126606e+03 2.032454168262480543e-01
4.639800000000000182e+03 4.248436590814410920e+03 2.044139354899062455e-01
4.643300000000000182e+03 4.275098963758998252e+03 2.014966172343908291e-01
4.646800000000000182e+03 4.260438246511065699e+03 2.043242576974117208e-01
4.650300000000000182e+03 4.287759818775737585e+03 2.013252698061779034e-01
4.653800000000000182e+03 4.340097149569601243e+03 2.008711437821627810e-01
4.657300000000000182e+03 4.327823813052163132e+03 2.028969922501862033e-01
4.660800000000000182e+03 4.339439326538660680e+03 2.012299300822941450e-01
4.664300000000000182e+03 4.358496666926761463e+03 2.012777688141068888e-01
4.667800000000000182e+03 4.407599300554521506e+03 1.994330066839465621e-01
4.671300000000000182e+03 4.371542957249433130e+03 2.008462367472090004e-01
4.674800000000000182e+03 4.387524409461885625e+03 1.993480178629257749e-01
4.678300000000000182e+03 4.337802659985874925e+03 1.994376056884992199e-01
4.681800000000000182e+03 4.324570916152436439e+03 1.987990331844554370e-01
4.685300000000000182e+03 4.340283153207469695e+03 1.963969295280330318e-01
4.688800000000000182e+03 4.323609418889054723e+03 1.979156117541781001e-01
4.692300000000000182e+03 4.241385726320014328e+03 1.975505499835144285e-01
4.695800000000000182e+03 4.239152931036080190e+03 1.967123337204993438e-01
4.699300000000000182e+03 4.211004711553268862e+03 1.950246845704311505e-01
4.702800000000000182e+03 4.177317138757379325e+03 1.944748617709663174e-01
4.706300000000000182e+03 4.142354591160803466e+03 1.933081631381103060e-01
4.709800000000000182e+03 4.171252340008843930e+03 1.930655722540136066e-01
4.713300000000000182e+03 4.173039136326543485e+03 1.940414120546463395e-01
4.716800000000000182e+03 4.216131818950389970e+03 1.927772590235853900e-01
4.720300000000000182e+03 4.246918600948964013e+03 1.929321619278711597e-01
4.723800000000000182e+03 4.327649166196657461e+03 1.915425837901273409e-01
4.727300000000000182e+03 4.354954158536439536e+03 1.933016270226371180e-01
4.730800000000000182e+03 4.383210889800287077e+03 1.922229623332894488e-01
4.734300000000000182e+03 4.374342814534160425e+03 1.921819272783248655e-01
4.737800000000000182e+03 4.396523521420283032e+03 1.916497246954466382e-01
4.741300000000000182e+03 4.397917694987947471e+03 1.924800008547024321e-01
4.744800000000000182e+03 4.448217298903819028e+03 1.885584345712159604e-01
4.748300000000000182e+03 4.398516563422131185e+03 1.892247147916899797e-01
4.751800000000000182e+03 4.416501749126176037e+03 1.866608658376519014e-01
4.755300000000000182e+03 4.399143990737274180e+03 1.885650898617028393e-01
4.758800000000000182e+03 4.406976831594007308e+03 1.884182058351883404e-01
4.762300000000000182e+03 4.397782835509457982e+03 1.873040185786490619e-01
4.765800000000000182e+03 4.376784101050721802e+03 1.875600618372461059e-01
4.769300000000000182e+03 4.367883126453373734e+03 1.852773252559328787e-01
4.772800000000000182e+03 4.385497892365068765e+03 1.863946985965157510e-01
4.776300000000000182e+03 4.378841249348079145e+03 1.852353780408939610e-01
4.779800000000000182e+03 4.393862635228275394e+03 1.861577850836611259e-01
4.783300000000000182e+03 4.380005530818876650e+03 1.875962876510706145e-01
4.786800000000000182e+03 4.362918853142984517e+03 1.859108481946103175e-01
4.790300000000000182e+03 4.356959787147042334e+03 1.867508159753514529e-01
4.793800000000000182e+03 4.358562991509359563e+03 1.854564265339750939e-01
4.797300000000000182e+03 4.358978041197772654e+03 1.810253735078439230e-01
4.800800000000000182e+03 4.372645190053156512e+03 1.828830603079059647e-01
4.804300000000000182e+03 4.344231764554685469e+03 1.823219196484361926e-01
4.807800000000000182e+03 4.337806166079842114e+03 1.827994380807730912e-01
4.811300000000000182e+03 4.338757632752337486e+03 1.819202791978855316e-01
4.814800000000000182e+03 4.378663837279163999e+03 1.804642923620442263e-01
4.818300000000000182e+03 4.354334888526386749e+03 1.817638426597646961e-01
4.821800000000000182e+03 4.324934398280079222e+03 1.849368326099554427e-01
4.825300000000000182e+03 4.320979841860358647e+03 1.831770170560560462e-01
4.828800000000000182e+03 4.281570372552058870e+03 1.817898845822110976e-01
4.832300000000000182e+03 4.200689400171863781e+03 1.830664764524395360e-01
4.835800000000000182e+03 4.149791512622601658e+03 1.822311549837535016e-01
4.839300000000000182e+03 4.039330524442905244e+03 1.805409828975206299e-01
4.842800000000000182e+03 3.934888831682961154e+03 1.798006236885840436e-01
4.846300000000000182e+03 3.836436573764703553e+03 1.791720487420584151e-01
4.849800000000000182e+03 3.721367501845074003e+03 1.777825930578557645e-01
4.853300000000000182e+03 3.605441924522689987e+03 1.770479725888598199e-01
4.856800000000000182e+03 3.497504863046250648e+03 1.744060272763985064e-01
4.860300000000000182e+03 3.368518856780285660e+03 1.723851844748385542e-01
4.863800000000000182e+03 3.260303775036060870e+03 1.688596776704246460e-01
4.867300000000000182e+03 3.232570752052442458e+03 1.632012531518365339e-01
4.870800000000000182e+03 3.256599860067242389e+03 1.624308520756804208e-01
4.874300000000000182e+03 3.356314687774371578e+03 1.640828167562044804e-01
4.877800000000000182e+03 3.479520530043388135e+03 1.707710545332188634e-01
4.881300000000000182e+03 3.662558003936086607e+03 1.729410219204445265e-01
4.884800000000000182e+03 3.844152483880471664e+03 1.785013267847536944e-01
4.888300000000000182e+03 3.975062228301601408e+03 1.814470178182191473e-01
4.891800000000000182e+03 4.090807495375231156e+03 1.798657077960653661e-01
4.895300000000000182e+03 4.164174551727709513e+03 1.780874427892983058e-01
4.898800000000000182e+03 4.229500524175018654e+03 1.751654123821737297e-01
4.902300000000000182e+03 4.229456177002824006e+03 1.721287272334479646e-01
4.905800000000000182e+03 4.216255202840548918e+03 1.724919411350128717e-01
4.909300000000000182e+03 4.215778111237953453e+03 1.732798711199414754e-01
4.912800000000000182e+03 4.214543980234776427e+03 1.701106159874648527e-01
4.916300000000000182e+03 4.218367395800519262e+03 1.718898756235655023e-01
4.919800000000000182e+03 4.212516487621259330e+03 1.697029763454954154e-01
4.923300000000000182e+03 4.189409859191277974e+03 1.701706839178228070e-01
4.926800000000000182e+03 4.228961840737916646e+03 1.673610629332372146e-01
4.930300000000000182e+03 4.199675317981680564e+03 1.699159090791673155e-01
4.933800000000000182e+03 4.208731855711691423e+03 1.693434061134988511e-01
4.937300000000000182e+03 4.202849255567241016e+03 1.686227328878583953e-01
4.940800000000000182e+03 4.257937248438886854e+03 1.691289052720492958e-01
4.944300000000000182e+03 4.293578860898632229e+03 1.700310390520072545e-01
4.947800000000000182e+03 4.295110282770791855e+03 1.689510238274166964e-01
4.951300000000000182e+03 4.319188818915577031e+03 1.684974872224141995e-01
4.954800000000000182e+03 4.339856460176246401e+03 1.692532195600693901e-01
4.958300000000000182e+03 4.345542544770341010e+03 1.677915236123880272e-01
4.961800000000000182e+03 4.346387006058295810e+03 1.698932915996083093e-01
4.965300000000000182e+03 4.380892307333130702e+03 1.683147731254308888e-01
4.968800000000000182e+03 4.353856210180804737e+03 1.674421307179501939e-01
4.972300000000000182e+03 4.340838160538572993e+03 1.672651146118583343e-01
4.975800000000000182e+03 4.296493445314089513e+03 1.666881986280453753e-01
4.979300000000000182e+03 4.277453839761664312e+03 1.673235418644747341e-01
4.982800000000000182e+03 4.233933530878425699e+03 1.683527694057090074e-01
4.986300000000000182e+03 4.174666124141397631e+03 1.679218765149814441e-01
4.989800000000000182e+03 4.152537168881762227e+03 1.670057353860217586e-01
4.993300000000000182e+03 4.127579388886862944e+03 1.656269482315021746e-01
4.996800000000000182e+03 4.110724367990920655e+03 1.655408114301921141e-01
5.000300000000000182e+03 4.115652414709611548e+03 1.651194459102527934e-01
5.003800000000000182e+03 4.055720803494505617e+03 1.647549991564648542e-01
5.007300000000000182e+03 4.025173133965716261e+03 1.635666747250700825e-01
5.010800000000000182e+03 4.051862470603047768e+03 1.636919904396401670e-01
5.014300000000000182e+03 4.100558993763581384e+03 1.636200378906338404e-01
5.017800000000000182e+03 4.114869220230736573e+03 1.637728270106714734e-01
5.021300000000000182e+03 4.106162781081747198e+03 1.658646410585873088e-01
5.024800000000000182e+03 4.191714591306072180e+03 1.655647706772611916e-01
5.028300000000000182e+03 4.154664737953057738e+03 1.665019435588408481e-01
5.031800000000000182e+03 4.166754699834600615e+03 1.686667348712811709e-01
5.035300000000000182e+03 4.169541689515292092e+03 1.670558888153569621e-01
5.038800000000000182e+03 4.168627838385434188e+03 1.674451039487757087e-01
5.042300000000000182e+03 4.157216900809914478e+03 1.656798995361520588e-01
5.045800000000000182e+03 4.197804341120141544e+03 1.651684738681970521e-01
5.049300000000000182e+03 4.182894552901777388e+03 1.642094290652043043e-01
5.052800000000000182e+03 4.203140391117294712e+03 1.615663907027726498e-01
5.056300000000000182e+03 4.247872277295232379e+03 1.608584557222552947e-01
5.059800000000000182e+03 4.221818155797416694e+03 1.631868217394485954e-01
5.063300000000000182e+03 4.252606631101230050e+03 1.642789826301937484e-01
5.066800000000000182e+03 4.291596023505099765e+03 1.622625821769440591e-01
5.070300000000000182e+03 4.266216226321913382e+03 1.642169599945940694e-01
5.073800000000000182e+03 4.268792710269565760e+03 1.631297816315832594e-01
5.077300000000000182e+03 4.278481173844127625e+03 1.613170936354869078e-01
5.080800000000000182e+03 4.253108144752438420e+03 1.624833901116930490e-01
5.084300000000000182e+03 4.255074299083900769e+03 1.613299084645502812e-01
5.087800000000000182e+03 4.241115924772662765e+03 1.597862002028381800e-01
5.091300000000000182e+03 4.239057641644358227e+03 1.578459429565512162e-01
5.094800000000000182e+03 4.300482563512608067e+03 1.562972390866152195e-01
5.098300000000000182e+03 4.287223128809714581e+03 1.585822438839258886e-01
5.101800000000000182e+03 4.296156772508938957e+03 1.545182563594195702e-01
5.105300000000000182e+03 4.313538251699100329e+03 1.577681474786924165e-01
5.108800000000000182e+03 4.336172883197471492e+03 1.567044828124380118e-01
5.112300000000000182e+03 4.295602763916393087e+03 1.566968486708232022e-01
5.115800000000000182e+03 4.280037271267547112e+03 1.569914930211270820e-01
5.119300000000000182e+03 4.291827619359369237e+03 1.544503137224570999e-01
5.122800000000000182e+03 4.272096685065623205e+03 1.565114238191091522e-01
5.126300000000000182e+03 4.286294392458489710e+03 1.544418210961581162e-01
5.129800000000000182e+03 4.236506710432186082e+03 1.544940175256617199e-01
5.133300000000000182e+03 4.242752468203819262e+03 1.555635275944199369e-01
5.136800000000000182e+03 4.219788288993237984e+03 1.544487906411202705e-01
5.140300000000000182e+03 4.170944971332991372e+03 1.559187018608722552e-01
5.143800000000000182e+03 4.182525595149996661e+03 1.530269390700575716e-01
5.147300000000000182e+03 4.169657110150877998e+03 1.534041365492687659e-01
5.150800000000000182e+03 4.136180444959079068e+03 1.548974174745174626e-01
5.154300000000000182e+03 4.120786703091414893e+03 1.538499225195961440e-01
5.157800000000000182e+03 4.104515563159015983e+03 1.533768412983556040e-01
5.161300000000000182e+03 4.092730573544989966e+03 1.518426250930261789e-01
5.164800000000000182e+03 4.062237755413118975e+03 1.532602494670867177e-01
5.168300000000000182e+03 4.052764686130543396e+03 1.509521590748911790e-01
5.171800000000000182e+03 4.021607816857367197e+03 1.515978219475144773e-01
5.175300000000000182e+03 4.039452428637739104e+03 1.513754140247475788e-01
5.178800000000000182e+03 4.044430597853427116e+03 1.518146301162897616e-01
5.182300000000000182e+03 4.016369083831357784e+03 1.522931566276875537e-01
5.185800000000000182e+03 4.002449749846516170e+03 1.550782439118018052e-01
5.189300000000000182e+03 4.039148585837971495e+03 1.506763693456729392e-01
5.192800000000000182e+03 4.011053970970594037e+03 1.517297040083339932e-01
5.196300000000000182e+03 4.033245152526159472e+03 1.539705012141148743e-01
5.199800000000000182e+03 4.086247799826378923e+03 1.526346469426666241e-01
5.203300000000000182e+03 4.110530536461224983e+03 1.506618090826857548e-01
5.206800000000000182e+03 4.139764702161694913e+03 1.490675816975422507e-01
5.210300000000000182e+03 4.128896273424400533e+03 1.517526521278651785e-01
5.213800000000000182e+03 4.152753389561127733e+03 1.492284927996913868e-01
5.217300000000000182e+03 4.143043904509756430e+03 1.505727869203994373e-01
5.220800000000000182e+03 4.134905569684915463e+03 1.497885818519682499e-01
5.224300000000000182e+03 4.161404935332734567e+03 1.513938188520123351e-01
5.227800000000000182e+03 4.166925299924499086e+03 1.485631760263094181e-01
5.231300000000000182e+03 4.186618544925552669e+03 1.506063780842030186e-01
5.234800000000000182e+03 4.193268219185802081e+03 1.498862554355114562e-01
5.238300000000000182e+03 4.194733240004147774e+03 1.508564826702282202e-01
5.241800000000000182e+03 4.204261328049543408e+03 1.522623388984936099e-01
5.245300000000000182e+03 4.226068516797658049e+03 1.504801142704663419e-01
5.248800000000000182e+03 4.209009025301060319e+03 1.513491259987324866e-01
5.252300000000000182e+03 4.199452759228071955e+03 1.529499685855636171e-01
5.255800000000000182e+03 4.173367702483413268e+03 1.497028210514078361e-01
5.259300000000000182e+03 4.095677668459455163e+03 1.503111586965549806e-01
5.262800000000000182e+03 4.033358114821447089e+03 1.487157855646960014e-01
5.266300000000000182e+03 3.962590238164767470e+03 1.494890471320746150e-01
5.269800000000000182e+03 3.965555645736524639e+03 1.466193816286865959e-01
5.273300000000000182e+03 3.981921200722308186e+03 1.502193887351884471e-01
5.276800000000000182e+03 4.005930988486853494e+03 1.482931654126074805e-01
5.280300000000000182e+03 4.031106435731011970e+03 1.502439644630119420e-01
5.283800000000000182e+03 4.075375633336337160e+03 1.532346074819222193e-01
5.287300000000000182e+03 4.122480587429720799e+03 1.511226291181576309e-01
5.290800000000000182e+03 4.169873872882785690e+03 1.510495574732102497e-01
5.294300000000000182e+03 4.195554931179639425e+03 1.500725944006699730e-01
5.297800000000000182e+03 4.231654190055089202e+03 1.478961303573627928e-01
5.301300000000000182e+03 4.195489074625344983e+03 1.502150311777598890e-01
5.304800000000000182e+03 4.169476191635851137e+03 1.497014946091175525e-01
5.308300000000000182e+03 4.242116726894647400e+03 1.484978207469151990e-01
5.311800000000000182e+03 4.173746520111270911e+03 1.491373268620800885e-01
5.315300000000000182e+03 4.164793688461844795e+03 1.504925004081237583e-01
5.318800000000000182e+03 4.111453225688565908e+03 1.488549589651447513e-01
5.322300000000000182e+03 4.084360078820449871e+03 1.465219701261897822e-01
5.325800000000000182e+03 4.006037507876811560e+03 1.488886819336071310e-01
5.329300000000000182e+03 4.018846516312986296e+03 1.486739317528380233e-01
5.332800000000000182e+03 4.027764259201731420e+03 1.447319988415632364e-01
5.336300000000000182e+03 4.041710046974302259e+03 1.462948971919769692e-01
5.339800000000000182e+03 4.060217594812876996e+03 1.458151900452699656e-01
5.343300000000000182e+03 4.106500492714054417e+03 1.474277976596458373e-01
5.346800000000000182e+03 4.131095459400577965e+03 1.469238944607169084e-01
5.350300000000000182e+03 4.146339706745134208e+03 1.485253187354826088e-01
5.353800000000000182e+03 4.149642069905057724e+03 1.468493318668789571e-01
5.357300000000000182e+03 4.169529808321908604e+03 1.462721166927294369e-01
5.360800000000000182e+03 4.144098331773746395e+03 1.473993533025328151e-01
5.364300000000000182e+03 4.134151805841391251e+03 1.469626543970433963e-01
5.367800000000000182e+03 4.113212506463839418e+03 1.454598930004145085e-01
5.371300000000000182e+03 4.121909680850547375e+03 1.450484284228353016e-01
5.374800000000000182e+03 4.133073946238589087e+03 1.430417012263669185e-01
5.378300000000000182e+03 4.120226750425727914e+03 1.456662196784261343e-01
5.381800000000000182e+03 4.124268812100793184e+03 1.443279031622517750e-01
5.385300000000000182e+03 4.123197765193309351e+03 1.455495434736751581e-01
5.388800000000000182e+03 4.076292145765060013e+03 1.457927917360617720e-01
5.392300000000000182e+03 4.077776139799465909e+03 1.463875330292096488e-01
5.395800000000000182e+03 4.060154926952513961e+03 1.450503715127418602e-01
5.399300000000000182e+03 4.067596447025476209e+03 1.440189859090559854e-01
5.402800000000000182e+03 4.006847151747689622e+03 1.449484025675112919e-01
5.406300000000000182e+03 3.998794380678343259e+03 1.459380330642353063e-01
5.409800000000000182e+03 3.978272268659148267e+03 1.449118384257178649e-01
5.413300000000000182e+03 3.980447201626785954e+03 1.461695030930807992e-01
5.416800000000000182e+03 4.018026586827599203e+03 1.468904821232090707e-01
5.420300000000000182e+03 4.016039762014005191e+03 1.460755155379222237e-01
5.423800000000000182e+03 4.039235101423573724e+03 1.449632866425435984e-01
5.427300000000000182e+03 4.000014860855603729e+03 1.460525911546195210e-01
5.430800000000000182e+03 4.072024959939208657e+03 1.442121441669834692e-01
5.434300000000000182e+03 4.070095119180095480e+03 1.449619174654846188e-01
5.437800000000000182e+03 4.079623335777256216e+03 1.461581049903001861e-01
5.441300000000000182e+03 4.068637783332607341e+03 1.438457253027089489e-01
5.444800000000000182e+03 4.087307955433435382e+03 1.450154827799406687e-01
5.448300000000000182e+03 4.086698459137286591e+03 1.435776142360611907e-01
5.451800000000000182e+03 4.070385257703537718e+03 1.454910957434560337e-01
5.455300000000000182e+03 4.087312698606094273e+03 1.439587666374878561e-01
5.458800000000000182e+03 4.066067130641993117e+03 1.448091906930303874e-01
5.462300000000000182e+03 4.061789345115335891e+03 1.437910179701732127e-01
5.465800000000000182e+03 4.051731236214096953e+03 1.436925493298425449e-01
5.469300000000000182e+03 4.033107230754263583e+03 1.452258394961196686e-01
5.472800000000000182e+03 4.042949653387201124e+03 1.407072264845026233e-01
5.476300000000000182e+03 4.040485789311584540e+03 1.417803426216159846e-01
5.479800000000000182e+03 4.050587277199912478e+03 1.416905943664436840e-01
5.483300000000000182e+03 4.046914515634674899e+03 1.421532873422390320e-01
5.486800000000000182e+03 4.035529701239461247e+03 1.413176999140352275e-01
5.490300000000000182e+03 4.028519875924418102e+03 1.424671023950335735e-01
5.493800000000000182e+03 4.051481476012889289e+03 1.438739460243027291e-01
5.497300000000000182e+03 4.075443489674673856e+03 1.399271040159487112e-01
5.500800000000000182e+03 4.029803616667713413e+03 1.400906947888513610e-01
5.504300000000000182e+03 4.042040540741373661e+03 1.413998152924285656e-01
5.507800000000000182e+03 3.985458390048132060e+03 1.414077490738577803e-01
5.511300000000000182e+03 4.003360032774582123e+03 1.427158838284146580e-01
5.514800000000000182e+03 4.015172087230929264e+03 1.420854673844450522e-01
5.518300000000000182e+03 3.999548304022944649e+03 1.396678241807641219e-01
5.521800000000000182e+03 4.005134201951893829e+03 1.413809604341813297e-01
5.525300000000000182e+03 4.000129119866651308e+03 1.399934775229643436e-01
5.528800000000000182e+03 3.990690937021970058e+03 1.412861609140778352e-01
5.532300000000000182e+03 4.047067690347047119e+03 1.394237759184500380e-01
5.535800000000000182e+03 3.986695286409208165e+03 1.383010382389385506e-01
5.539300000000000182e+03 3.994698061886398136e+03 1.401683725471349340e-01
5.542800000000000182e+03 4.011257492718724279e+03 1.393674344996898018e-01
5.546300000000000182e+03 3.993819096450401048e+03 1.396519082645987508e-01
5.549800000000000182e+03 4.013946896451950124e+03 1.396095549447731454e-01
5.553300000000000182e+03 3.986223927182858915e+03 1.408461809724000924e-01
5.556800000000000182e+03 3.989742423305027387e+03 1.405179211094630953e-01
5.560300000000000182e+03 3.968471696126712686e+03 1.388690850736724047e-01
5.563800000000000182e+03 3.960908101538910614e+03 1.388877088355874312e-01
5.567300000000000182e+03 3.935712558875949071e+03 1.402943210181260558e-01
5.570800000000000182e+03 3.930615207926648964e+03 1.401189013600088740e-01
5.574300000000000182e+03 3.930530423165866523e+03 1.401870909624438888e-01
5.577800000000000182e+03 3.899700042277476314e+03 1.395590182957263670e-01
5.581300000000000182e+03 3.938023918673498429e+03 1.388168852339603798e-01
5.584800000000000182e+03 3.882999941013403259e+03 1.397388300293696539e-01
5.588300000000000182e+03 3.901945438240122257e+03 1.404270928135723240e-01
5.591800000000000182e+03 3.883358654593834217e+03 1.397449405075791296e-01
5.595300000000000182e+03 3.922471460098579882e+03 1.397323021397052500e-01
5.598800000000000182e+03 3.894252096145355608e+03 1.390785683616233281e-01
5.602300000000000182e+03 3.892872137560955252e+03 1.423120484375410277e-01
5.605800000000000182e+03 3.944629154219993779e+03 1.389767332350322904e-01
5.609300000000000182e+03 3.936198351502732294e+03 1.392097952287797702e-01
5.612800000000000182e+03 3.911356738283091545e+03 1.420041234682845599e-01
5.616300000000000182e+03 3.925923011262684213e+03 1.388955795168147211e-01
5.619800000000000182e+03 3.927275555808473655e+03 1.410236804949899503e-01
5.623300000000000182e+03 3.921079707189840974e+03 1.403847551025740326e-01
5.626800000000000182e+03 3.940263002500199491e+03 1.401230549912905743e-01
5.630300000000000182e+03 3.908432817930292913e+03 1.406400095626726965e-01
5.633800000000000182e+03 3.948304846509338859e+03 1.391411478343194952e-01
5.637300000000000182e+03 3.922322760493696478e+03 1.377820157835959181e-01
5.640800000000000182e+03 3.910113961831585584e+03 1.383557197935627869e-01
5.644300000000000182e+03 3.898617572602593100e+03 1.402862207496225200e-01
5.647800000000000182e+03 3.929782062405185115e+03 1.373910718657387064e-01
5.651300000000000182e+03 3.863099053028699018e+03 1.413494112461699814e-01
5.654800000000000182e+03 3.879545464350762359e+03 1.406267047394660907e-01
5.658300000000000182e+03 3.878476175156301906e+03 1.401097580802566356e-01
5.661800000000000182e+03 3.869576673423001921e+03 1.384730132287928517e-01
5.665300000000000182e+03 3.844983260074498958e+03 1.410583966230163078e-01
5.668800000000000182e+03 3.843926443172475047e+03 1.402883116730001822e-01
5.672300000000000182e+03 3.810054602303042884e+03 1.413990981410643555e-01
5.675800000000000182e+03 3.818007211900438506e+03 1.425774789178801960e-01
5.679300000000000182e+03 3.851492488034562484e+03 1.405313849725951525e-01
5.682800000000000182e+03 3.853621938410542498e+03 1.430696838403452131e-01
5.686300000000000182e+03 3.846987591959396468e+03 1.422239880900889319e-01
5.689800000000000182e+03 3.840785142867798186e+03 1.444013433345584518e-01
5.693300000000000182e+03 3.842952512993988421e+03 1.431087359396769620e-01
5.696800000000000182e+03 3.809445217906560629e+03 1.427130416211086494e-01
5.700300000000000182e+03 3.818301606757513582e+03 1.424648546650645331e-01
5.703800000000000182e+03 3.836763241278836176e+03 1.414461960356055148e-01
5.707300000000000182e+03 3.811165177809993111e+03 1.407606346295330324e-01
5.710800000000000182e+03 3.808674210516466246e+03 1.408120746974743931e-01
5.714300000000000182e+03 3.832111049754340456e+03 1.405317270611020630e-01
5.717800000000000182e+03 3.822747278197942251e+03 1.420415898157903756e-01
5.721300000000000182e+03 3.865091127519272050e+03 1.421146780348123140e-01
5.724800000000000182e+03 3.877406802385781702e+03 1.408057460807690675e-01
5.728300000000000182e+03 3.871310233260685891e+03 1.404940367644346155e-01
5.731800000000000182e+03 3.868691459387778650e+03 1.401213863613784694e-01
5.735300000000000182e+03 3.873261723648730367e+03 1.421408730119967379e-01
5.738800000000000182e+03 3.879443643825862182e+03 1.403823898332154096e-01
5.742300000000000182e+03 3.865026926332955099e+03 1.398930040197255142e-01
5.745800000000000182e+03 3.836379709189560344e+03 1.410855978294408841e-01
5.749300000000000182e+03 3.832358063979188046e+03 1.379307021005177492e-01
5.752800000000000182e+03 3.798892463637076617e+03 1.412297531879626589e-01
5.756300000000000182e+03 3.795640982919993348e+03 1.394695126811402175e-01
5.759800000000000182e+03 3.822007785246540152e+03 1.369717019559466564e-01
5.763300000000000182e+03 3.825017862728001546e+03 1.365294059421498507e-01
5.766800000000000182e+03 3.827435775990739785e+03 1.365719981744820122e-01
5.770300000000000182e+03 3.866930545035563682e+03 1.359786564589313129e-01
5.773800000000000182e+03 3.812184265610943385e+03 1.372435664925933663e-01
5.777300000000000182e+03 3.825494947825009604e+03 1.347090879313791179e-01
5.780800000000000182e+03 3.814843390497148903e+03 1.367143864890804361e-01
5.784300000000000182e+03 3.813947798253714154e+03 1.364330049118490096e-01
5.787800000000000182e+03 3.823341954180501034e+03 1.337390208002489922e-01
5.791300000000000182e+03 3.800659760397275932e+03 1.330708027364897461e-01
5.794800000000000182e+03 3.801638658794068760e+03 1.378508403761160017e-01
5.798300000000000182e+03 3.812326309160782330e+03 1.349358714667183712e-01
5.801800000000000182e+03 3.810481718403394098e+03 1.316515274991902629e-01
5.805300000000000182e+03 3.788678273104849268e+03 1.321310211703013160e-01
5.808800000000000182e+03 3.802609019096968495e+03 1.319369949771571071e-01
5.812300000000000182e+03 3.795389008868314249e+03 1.318959528008585569e-01
5.815800000000000182e+03 3.808537620500121193e+03 1.334081968514449490e-01
5.819300000000000182e+03 3.787400568749801096e+03 1.350798001369354906e-01
5.822800000000000182e+03 3.852122520734037607e+03 1.322743912049147430e-01
5.826300000000000182e+03 3.785017583364313850e+03 1.320691321076742086e-01
5.829800000000000182e+03 3.812767518624944842e+03 1.311092801820698539e-01
5.833300000000000182e+03 3.798763955046839783e+03 1.330901924328069252e-01
5.836800000000000182e+03 3.788724714973714981e+03 1.298091177104155058e-01
5.840300000000000182e+03 3.782881167443123559e+03 1.316593920142739016e-01
5.843800000000000182e+03 3.765229831497707437e+03 1.307030055004521352e-01
5.847300000000000182e+03 3.753131217833464234e+03 1.297884135820300822e-01
5.850800000000000182e+03 3.750363164247539316e+03 1.316979711777438167e-01
5.854300000000000182e+03 3.734966969801921550e+03 1.303836547032607984e-01
5.857800000000000182e+03 3.727176894090977839e+03 1.311537245392148110e-01
5.861300000000000182e+03 3.731149781382084711e+03 1.285454343338202077e-01
5.864800000000000182e+03 3.713267526330792862e+03 1.295372293041691381e-01
5.868300000000000182e+03 3.708835291160728957e+03 1.309283986287766710e-01
5.871800000000000182e+03 3.673884992314763622e+03 1.324701288135769484e-01
5.875300000000000182e+03 3.619974770069571605e+03 1.336447118658186661e-01
5.878800000000000182e+03 3.565089551204362124e+03 1.384598316896001047e-01
5.882300000000000182e+03 3.509648071508325756e+03 1.388423075132400597e-01
5.885800000000000182e+03 3.455325809073136952e+03 1.433091375829368963e-01
5.889300000000000182e+03 3.422215866681436637e+03 1.464688105631871406e-01
5.892800000000000182e+03 3.410137828511794851e+03 1.448637545727253506e-01
5.896300000000000182e+03 3.434176688454777832e+03 1.459394576033926083e-01
5.899800000000000182e+03 3.405366055816700282e+03 1.452430236559501264e-01
5.903300000000000182e+03 3.441744517405463739e+03 1.449375669205223705e-01
5.906800000000000182e+03 3.474944136386297487e+03 1.458063534657833005e-01
5.910300000000000182e+03 3.437095155195932875e+03 1.436160696205380227e-01
5.913800000000000182e+03 3.448818076986742199e+03 1.453198799298485167e-01
5.917300000000000182e+03 3.442686567590429604e+03 1.432649071142087227e-01
5.920800000000000182e+03 3.456312434588342057e+03 1.421509160821676498e-01
5.924300000000000182e+03 3.439555843735658527e+03 1.416596061967569653e-01
5.927800000000000182e+03 3.431084794768907614e+03 1.428429458845559830e-01
5.931300000000000182e+03 3.471389491481625100e+03 1.380837666969240429e-01
5.934800000000000182e+03 3.459270243486461368e+03 1.410523160552962785e-01
5.938300000000000182e+03 3.387293767891338121e+03 1.429840428599001012e-01
5.941800000000000182e+03 3.357739802711026186e+03 1.439144354942933079e-01
5.945300000000000182e+03 3.346718140847660834e+03 1.428711957498654261e-01
5.948800000000000182e+03 3.350473987586331532e+03 1.440439685555186256e-01
5.952300000000000182e+03 3.367599951847045759e+03 1.423187712895460644e-01
5.955800000000000182e+03 3.379143258998219153e+03 1.394137611007017774e-01
5.959300000000000182e+03 3.368083630160191206e+03 1.380889872442928323e-01
5.962800000000000182e+03 3.343420891835583006e+03 1.401937768894342684e-01
5.966300000000000182e+03 3.328291659885942863e+03 1.366384950532596176e-01
5.969800000000000182e+03 3.351532225564941655e+03 1.352879183528754858e-01
5.973300000000000182e+03 3.336728175023572931e+03 1.358690278595196255e-01
5.976800000000000182e+03 3.336550741098868002e+03 1.332257459461689275e-01
5.980300000000000182e+03 3.338877879133586703e+03 1.337738672709853915e-01
5.983800000000000182e+03 3.308659693295998750e+03 1.336836348595595858e-01
5.987300000000000182e+03 3.252931411991291498e+03 1.343567417712375200e-01
5.990800000000000182e+03 3.262960597157258690e+03 1.329746071710588007e-01
5.994300000000000182e+03 3.242525597226544505e+03 1.325728899229909608e-01
5.997800000000000182e+03 3.244208756529284983e+03 1.323446972672562005e-01
