# wavelength angstroms, flux, ext coeff
3.001800000000000182e+03 4.504910238460588801e+01 0.000000000000000000e+00
3.005300000000000182e+03 4.362825446490451498e+01 0.000000000000000000e+00
3.008800000000000182e+03 5.773560357313537139e+01 0.000000000000000000e+00
3.012300000000000182e+03 6.061133692886957647e+01 0.000000000000000000e+00
3.015800000000000182e+03 7.217046900282659294e+01 0.000000000000000000e+00
3.019300000000000182e+03 8.572972067160394261e+01 0.000000000000000000e+00
3.022800000000000182e+03 9.352198072680309338e+01 0.000000000000000000e+00
3.026300000000000182e+03 1.034695283632813556e+02 0.000000000000000000e+00
3.029800000000000182e+03 1.206059231110282326e+02 0.000000000000000000e+00
3.033300000000000182e+03 1.446887360787829095e+02 0.000000000000000000e+00
3.036800000000000182e+03 1.633489905778142770e+02 0.000000000000000000e+00
3.040300000000000182e+03 1.689974285337402478e+02 0.000000000000000000e+00
3.043800000000000182e+03 1.953472683088103850e+02 0.000000000000000000e+00
3.047300000000000182e+03 2.082453376415127480e+02 0.000000000000000000e+00
3.050800000000000182e+03 2.361807385426229473e+02 0.000000000000000000e+00
3.054300000000000182e+03 2.562448623372620204e+02 0.000000000000000000e+00
3.057800000000000182e+03 2.286029682117472461e+01 2.676191265483294668e+00
3.061300000000000182e+03 3.096964871943667390e+02 0.000000000000000000e+00
3.064800000000000182e+03 3.175205650957628833e+01 2.539800291787396525e+00
3.068300000000000182e+03 3.843415848326871043e+01 2.443376115390806014e+00
3.071800000000000182e+03 4.551611511437425150e+01 2.349794574566738348e+00
3.075300000000000182e+03 5.226722512644292351e+01 2.307159003225331961e+00
3.078800000000000182e+03 6.051706393373434167e+01 2.237229603986682136e+00
3.082300000000000182e+03 6.953661063919678043e+01 2.178915401554381237e+00
3.085800000000000182e+03 7.779214936463444019e+01 2.099464265323941703e+00
3.089300000000000182e+03 9.216175573868075332e+01 2.036406266484044991e+00
3.092800000000000182e+03 1.053799691076282130e+02 1.963987011900433899e+00
3.096300000000000182e+03 1.179873104528398073e+02 1.925543556605257223e+00
3.099800000000000182e+03 1.316080924547736970e+02 1.862389370627876906e+00
3.103300000000000182e+03 1.441313810432077105e+02 1.817730735448978674e+00
3.106800000000000182e+03 1.490997477408733118e+02 1.811196389898733994e+00
3.110300000000000182e+03 1.539239845502952733e+02 1.827642189693348573e+00
3.113800000000000182e+03 1.684017556830470994e+02 1.750106257928055076e+00
3.117300000000000182e+03 1.831906797641460400e+02 1.709251412826013672e+00
3.120800000000000182e+03 1.928578338028873134e+02 1.692955145572516251e+00
3.124300000000000182e+03 2.139257243070067034e+02 1.652846736688899032e+00
3.127800000000000182e+03 2.258642911507685938e+02 1.625222987047809209e+00
3.131300000000000182e+03 2.458483012098180041e+02 1.591690858786647844e+00
3.134800000000000182e+03 2.582891239850681018e+02 1.569223271028398425e+00
3.138300000000000182e+03 2.653506117204155998e+02 1.531495074763135289e+00
3.141800000000000182e+03 2.851277627163220245e+02 1.505715893719153264e+00
3.145300000000000182e+03 3.103069273189179285e+02 1.470000305444626454e+00
3.148800000000000182e+03 3.397994828638841227e+02 1.450896327661748142e+00
3.152300000000000182e+03 3.629229648825798336e+02 1.415150610787734520e+00
3.155800000000000182e+03 3.791037646839545232e+02 1.385357060913823046e+00
3.159300000000000182e+03 4.106495209219976346e+02 1.355733241096056529e+00
3.162800000000000182e+03 4.367726839845382756e+02 1.328546522166593524e+00
3.166300000000000182e+03 4.621547868625488604e+02 1.316171330062493983e+00
3.169800000000000182e+03 4.898976512272324726e+02 1.292792349236930205e+00
3.173300000000000182e+03 4.985927160367130568e+02 1.272660417385364617e+00
3.176800000000000182e+03 5.105148229206275232e+02 1.245814760924064846e+00
3.180300000000000182e+03 5.201355711938564355e+02 1.229232170183474304e+00
3.183800000000000182e+03 5.472340461231805193e+02 1.200025787350764039e+00
3.187300000000000182e+03 5.720615902994900352e+02 1.180372858685334148e+00
3.190800000000000182e+03 5.956610131302549007e+02 1.165379246819851611e+00
3.194300000000000182e+03 6.297074634654334204e+02 1.146250237596935007e+00
3.197800000000000182e+03 6.556559021017561690e+02 1.133022241096768745e+00
3.201300000000000182e+03 6.977598205775686893e+02 1.120045128881696606e+00
3.204800000000000182e+03 7.386239891069081978e+02 1.098841068728160897e+00
3.208300000000000182e+03 7.775148507710312060e+02 1.084041209791033245e+00
3.211800000000000182e+03 8.140193405924546823e+02 1.066679060790529432e+00
3.215300000000000182e+03 8.263122451405586162e+02 1.057862462901952849e+00
3.218800000000000182e+03 8.282974065229276448e+02 1.044875583036336542e+00
3.222300000000000182e+03 8.219170545325275725e+02 1.029315853585362817e+00
3.225800000000000182e+03 8.312813622302363683e+02 1.019266418428678378e+00
3.229300000000000182e+03 8.316514588157700700e+02 1.008249408924432933e+00
3.232800000000000182e+03 8.779132730995283964e+02 9.930476675331111336e-01
3.236300000000000182e+03 9.418404672027254492e+02 9.732126928574666991e-01
3.239800000000000182e+03 9.993281335818106754e+02 9.636507135165932603e-01
3.243300000000000182e+03 1.057019540894541706e+03 9.491046854810688549e-01
3.246800000000000182e+03 1.115207074796197276e+03 9.458181239311863608e-01
3.250300000000000182e+03 1.143123739826420888e+03 9.394954570731017807e-01
3.253800000000000182e+03 1.208373722868354889e+03 9.330017040066450607e-01
3.257300000000000182e+03 1.234754863428054932e+03 9.201318528765545235e-01
3.260800000000000182e+03 1.309154070219212599e+03 9.071393220847300265e-01
3.264300000000000182e+03 1.376936589290553911e+03 8.933853979859259775e-01
3.267800000000000182e+03 1.426014709266293949e+03 8.891475948205689317e-01
3.271300000000000182e+03 1.470202767774305357e+03 8.849302747910896549e-01
3.274800000000000182e+03 1.470026086662470561e+03 8.758194779561652155e-01
3.278300000000000182e+03 1.481685149158764489e+03 8.763061615952688621e-01
3.281800000000000182e+03 1.478291676761471535e+03 8.698078547006485861e-01
3.285300000000000182e+03 1.502495197170316260e+03 8.645567353013290379e-01
3.288800000000000182e+03 1.550408724374010717e+03 8.483369615112466011e-01
3.292300000000000182e+03 1.618690693469249254e+03 8.392760805430106164e-01
3.295800000000000182e+03 1.696193025475932927e+03 8.269866998712075423e-01
3.299300000000000182e+03 1.722360088756491677e+03 8.208933489532044270e-01
3.302800000000000182e+03 1.772788583787336393e+03 8.214916508400464945e-01
3.306300000000000182e+03 1.777429980006899541e+03 8.118946646903956177e-01
3.309800000000000182e+03 1.829538374653874598e+03 8.133529045605715213e-01
3.313300000000000182e+03 1.834979341329168392e+03 8.084696782106371993e-01
3.316800000000000182e+03 1.888115223295142187e+03 8.029593432796440222e-01
3.320300000000000182e+03 1.923673832490467476e+03 7.929167344440575249e-01
3.323800000000000182e+03 1.985712610714683478e+03 7.825647902131201983e-01
3.327300000000000182e+03 1.992934133220961030e+03 7.764858481526745182e-01
3.330800000000000182e+03 2.034570004666608156e+03 7.696554924692938782e-01
3.334300000000000182e+03 2.059296085968117950e+03 7.667545695550108675e-01
3.337800000000000182e+03 2.055244276145827371e+03 7.698975958610867476e-01
3.341300000000000182e+03 2.094404634488016654e+03 7.619955064899639474e-01
3.344800000000000182e+03 2.107888009474122100e+03 7.570726309978409452e-01
3.348300000000000182e+03 2.115592612680344700e+03 7.536660980851477287e-01
3.351800000000000182e+03 2.187618944269585882e+03 7.457069995158844833e-01
3.355300000000000182e+03 2.181956091916989863e+03 7.436937149807938408e-01
3.358800000000000182e+03 2.214976335215033487e+03 7.333734193921701561e-01
3.362300000000000182e+03 2.228713122153716540e+03 7.240715848776296815e-01
3.365800000000000182e+03 2.210904054441420612e+03 7.276734196308054514e-01
3.369300000000000182e+03 2.195071020481611413e+03 7.259547831591116607e-01
3.372800000000000182e+03 2.215298908516406300e+03 7.228787610081258697e-01
3.376300000000000182e+03 2.291164796350758934e+03 7.206902826774511661e-01
3.379800000000000182e+03 2.323324237181579520e+03 7.100805041416822228e-01
3.383300000000000182e+03 2.361093107346462602e+03 7.102146785988165956e-01
3.386800000000000182e+03 2.460888062986802652e+03 7.043305756758395653e-01
3.390300000000000182e+03 2.514874992052241851e+03 6.952464664177114839e-01
3.393800000000000182e+03 2.535398968833713752e+03 6.942399409686179634e-01
3.397300000000000182e+03 2.584802277923946804e+03 6.914589101282684336e-01
3.400800000000000182e+03 2.560545029062979211e+03 6.896820081390556689e-01
3.404300000000000182e+03 2.597508896558351353e+03 6.827971886675476831e-01
3.407800000000000182e+03 2.639615167069404833e+03 6.789584904544138100e-01
3.411300000000000182e+03 2.704231122759630580e+03 6.781103336696414630e-01
3.414800000000000182e+03 2.717400314797391729e+03 6.715439726342842253e-01
3.418300000000000182e+03 2.742939970156051459e+03 6.703331730369148644e-01
3.421800000000000182e+03 2.775768144567557556e+03 6.641902604991404280e-01
3.425300000000000182e+03 2.811874681436990613e+03 6.615297241617220658e-01
3.428800000000000182e+03 2.834832499779853151e+03 6.571531298270626431e-01
3.432300000000000182e+03 2.862025677269146399e+03 6.567025845023349850e-01
3.435800000000000182e+03 2.891794837078331057e+03 6.536827185468424561e-01
3.439300000000000182e+03 2.935069397053709963e+03 6.523054335314197871e-01
3.442800000000000182e+03 2.994028484369631769e+03 6.488478552222642914e-01
3.446300000000000182e+03 3.048081118933528614e+03 6.465639333122989996e-01
3.449800000000000182e+03 3.131215236346645725e+03 6.442007527221826901e-01
3.453300000000000182e+03 3.134060153249140058e+03 6.384725096277872325e-01
3.456800000000000182e+03 3.175110709935135674e+03 6.342923061519117889e-01
3.460300000000000182e+03 3.193353531001591818e+03 6.284748926641792188e-01
3.463800000000000182e+03 3.235827137377010331e+03 6.317707877157358043e-01
3.467300000000000182e+03 3.288761678603446853e+03 6.248067232524104897e-01
3.470800000000000182e+03 3.314325781254268350e+03 6.212515243902946294e-01
3.474300000000000182e+03 3.353742243207993852e+03 6.218778710808977594e-01
3.477800000000000182e+03 3.389772863556183438e+03 6.162741194311937010e-01
3.481300000000000182e+03 3.475094574478338927e+03 6.133103410408765610e-01
3.484800000000000182e+03 3.522907005082146043e+03 6.087332730884764675e-01
3.488300000000000182e+03 3.577620662346811969e+03 6.062311132311460904e-01
3.491800000000000182e+03 3.621308890539122785e+03 6.057612055174623755e-01
3.495300000000000182e+03 3.696054983546954190e+03 6.029110449412991013e-01
3.498800000000000182e+03 3.744208063220305121e+03 6.033593550951462658e-01
3.502300000000000182e+03 3.801781649948533413e+03 6.002139181391951128e-01
3.505800000000000182e+03 3.824632306635506666e+03 5.978100509145913843e-01
3.509300000000000182e+03 3.840919920547930360e+03 5.976261468191682580e-01
3.512800000000000182e+03 3.885098300414789719e+03 5.935205533658753918e-01
3.516300000000000182e+03 3.881900066554485875e+03 5.879851389711359122e-01
3.519800000000000182e+03 3.896685403121919080e+03 5.887951375074982341e-01
3.523300000000000182e+03 3.924078116162671449e+03 5.885780685649137922e-01
3.526800000000000182e+03 3.948747982621916890e+03 5.809686226850282464e-01
3.530300000000000182e+03 3.971990547267895636e+03 5.796885912199835067e-01
3.533800000000000182e+03 4.058721065186063697e+03 5.744819657248768641e-01
3.537300000000000182e+03 4.163855510067721298e+03 5.767441787513206686e-01
3.540800000000000182e+03 4.292595450879516648e+03 5.718571991514521669e-01
3.544300000000000182e+03 4.374266047899151999e+03 5.705822608067104840e-01
3.547800000000000182e+03 4.488706040021955232e+03 5.707651944796575672e-01
3.551300000000000182e+03 4.502975973513503959e+03 5.690079772370904010e-01
3.554800000000000182e+03 4.498060509084763908e+03 5.637553091506765091e-01
3.558300000000000182e+03 4.470989190065922230e+03 5.612155721130761554e-01
3.561800000000000182e+03 4.416400656559571871e+03 5.580659700310904858e-01
3.565300000000000182e+03 4.331196945336613680e+03 5.573840223216494083e-01
3.568800000000000182e+03 4.289183635002315896e+03 5.526253351638603650e-01
3.572300000000000182e+03 4.275867927313053769e+03 5.487969111566752822e-01
3.575800000000000182e+03 4.285683133682633525e+03 5.478658898983874703e-01
3.579300000000000182e+03 4.284146473303298080e+03 5.480151391645229353e-01
3.582800000000000182e+03 4.293846106580584092e+03 5.451243998659552892e-01
3.586300000000000182e+03 4.338339183185420552e+03 5.440096054421669214e-01
3.589800000000000182e+03 4.352577962586045032e+03 5.409125804748927679e-01
3.593300000000000182e+03 4.383845434148576715e+03 5.410660866925955936e-01
3.596800000000000182e+03 4.472057092168473901e+03 5.366446898738437277e-01
3.600300000000000182e+03 4.542875516581822012e+03 5.336618224102406272e-01
3.603800000000000182e+03 4.637571640311829469e+03 5.341280419054040829e-01
3.607300000000000182e+03 4.721705280576446967e+03 5.292683059010450108e-01
3.610800000000000182e+03 4.758146125644003405e+03 5.284340684676309685e-01
3.614300000000000182e+03 4.795354895700411362e+03 5.232816155339973241e-01
3.617800000000000182e+03 4.809959031574189794e+03 5.226037074001234073e-01
3.621300000000000182e+03 4.880646287576722898e+03 5.202639749776536426e-01
3.624800000000000182e+03 4.939028333664009551e+03 5.224029305900087516e-01
3.628300000000000182e+03 4.920995520235723234e+03 5.180298681893953372e-01
3.631800000000000182e+03 4.999394482459521896e+03 5.167977270545215385e-01
3.635300000000000182e+03 5.040267278341866586e+03 5.132260497592502357e-01
3.638800000000000182e+03 5.124136825347014565e+03 5.091315880360820501e-01
3.642300000000000182e+03 5.306595800738498838e+03 5.090952434129804027e-01
3.645800000000000182e+03 5.501412556361543466e+03 5.091282029558613642e-01
3.649300000000000182e+03 5.621175520404833151e+03 5.063643211755158857e-01
3.652800000000000182e+03 5.692528891907713842e+03 5.033181689248668045e-01
3.656300000000000182e+03 5.781126063817004251e+03 5.053949699289550512e-01
3.659800000000000182e+03 5.825137470014475184e+03 5.026356239269689219e-01
3.663300000000000182e+03 5.830412649219523701e+03 5.000618608197054948e-01
3.666800000000000182e+03 5.765875844648295242e+03 4.948701194947690563e-01
3.670300000000000182e+03 5.719015676510818594e+03 4.954126671652457348e-01
3.673800000000000182e+03 5.742578152411417250e+03 4.920483578004630210e-01
3.677300000000000182e+03 5.661258474614362967e+03 4.930488273730169180e-01
3.680800000000000182e+03 5.593955501947754783e+03 4.918661025902901773e-01
3.684300000000000182e+03 5.565249458662205143e+03 4.885340276894899469e-01
3.687800000000000182e+03 5.555412301068747183e+03 4.821882280112094188e-01
3.691300000000000182e+03 5.596094099839196133e+03 4.817407210063894274e-01
3.694800000000000182e+03 5.659222658488580237e+03 4.804790186336177493e-01
3.698300000000000182e+03 5.751169788834827159e+03 4.781362720461804217e-01
3.701800000000000182e+03 5.904186477635306801e+03 4.770504095604399253e-01
3.705300000000000182e+03 5.997315175980097592e+03 4.797618907343291772e-01
3.708800000000000182e+03 6.106649934172264693e+03 4.756146619193873937e-01
3.712300000000000182e+03 6.090483731453745349e+03 4.749903443062871711e-01
3.715800000000000182e+03 6.083953109610783940e+03 4.719327908936629123e-01
3.719300000000000182e+03 6.067936500090906520e+03 4.708739750932910417e-01
3.722800000000000182e+03 6.083852533649259385e+03 4.663900540565437680e-01
3.726300000000000182e+03 6.119558907366089443e+03 4.621881170630978697e-01
3.729800000000000182e+03 6.133071893904762874e+03 4.594921060490695930e-01
3.733300000000000182e+03 6.190796194672226193e+03 4.562369073326330016e-01
3.736800000000000182e+03 6.410623395313875335e+03 4.597571967334005416e-01
3.740300000000000182e+03 6.586622958827837465e+03 4.614065854232637376e-01
3.743800000000000182e+03 6.819264942924931347e+03 4.588176839571853072e-01
3.747300000000000182e+03 7.020349461718329621e+03 4.571584662966319823e-01
3.750800000000000182e+03 7.208045013033382020e+03 4.570580918843040741e-01
3.754300000000000182e+03 7.337017166839552374e+03 4.541147703634046406e-01
3.757800000000000182e+03 7.549078713398998843e+03 4.511466058703211823e-01
3.761300000000000182e+03 7.623382798077390362e+03 4.484856324758447199e-01
3.764800000000000182e+03 7.853815779363389083e+03 4.456266206485309245e-01
3.768300000000000182e+03 7.988970992045019557e+03 4.433520539076342692e-01
3.771800000000000182e+03 8.203775457812485911e+03 4.415070659490150096e-01
3.775300000000000182e+03 8.309070889076992898e+03 4.431247945016763001e-01
3.778800000000000182e+03 8.614773464486675948e+03 4.392737971001913766e-01
3.782300000000000182e+03 8.786303002966518761e+03 4.387668814444306009e-01
3.785800000000000182e+03 9.093631792800279072e+03 4.356700810673615476e-01
3.789300000000000182e+03 9.324736582175339208e+03 4.351961466650822175e-01
3.792800000000000182e+03 9.616973104597564088e+03 4.353610738333019703e-01
3.796300000000000182e+03 9.936474825529305235e+03 4.314162617902980723e-01
3.799800000000000182e+03 1.019986610043042310e+04 4.352218007842334480e-01
3.803300000000000182e+03 1.049418720832768486e+04 4.348925726381197565e-01
3.806800000000000182e+03 1.060766463390994613e+04 4.334718755692238412e-01
3.810300000000000182e+03 1.061350465864251964e+04 4.352223262426673789e-01
3.813800000000000182e+03 1.030617124515261457e+04 4.342939160780905361e-01
3.817300000000000182e+03 9.925066427004614525e+03 4.271861400395737252e-01
3.820800000000000182e+03 9.454571574213790882e+03 4.222888037663522498e-01
3.824300000000000182e+03 9.107401945770065140e+03 4.120329342922178784e-01
3.827800000000000182e+03 8.887004159033640462e+03 4.054001615545439474e-01
3.831300000000000182e+03 8.976298215697583146e+03 4.024393461659850901e-01
3.834800000000000182e+03 9.293965684062919536e+03 4.072608665185569743e-01
3.838300000000000182e+03 9.914297672474724095e+03 4.098587084074094555e-01
3.841800000000000182e+03 1.055738336930783407e+04 4.119666666986386838e-01
3.845300000000000182e+03 1.123796711894669170e+04 4.157633851397959934e-01
3.848800000000000182e+03 1.185851606276737948e+04 4.161290580402466355e-01
3.852300000000000182e+03 1.242468148550992737e+04 4.125628314050585055e-01
3.855800000000000182e+03 1.282486835461500232e+04 4.099414053497497656e-01
3.859300000000000182e+03 1.301134535888013488e+04 4.118078834762821661e-01
3.862800000000000182e+03 1.318327684662689535e+04 4.119688712223823490e-01
3.866300000000000182e+03 1.322158446971542435e+04 4.120929995029309900e-01
3.869800000000000182e+03 1.300452042145738596e+04 4.158712989127606452e-01
3.873300000000000182e+03 1.276039422159632159e+04 4.116800545582110504e-01
3.876800000000000182e+03 1.226458156933760620e+04 4.052572920243381893e-01
3.880300000000000182e+03 1.169460502385629479e+04 3.940653841208837105e-01
3.883800000000000182e+03 1.118269538693218783e+04 3.804902781794301525e-01
3.887300000000000182e+03 1.083831904446764020e+04 3.687235136271552194e-01
3.890800000000000182e+03 1.085149222218281102e+04 3.665020598760380111e-01
3.894300000000000182e+03 1.114380154951689292e+04 3.686635886639987869e-01
3.897800000000000182e+03 1.177016365322477577e+04 3.814979388420208228e-01
3.901300000000000182e+03 1.243093170638049378e+04 3.895056688678272816e-01
3.904800000000000182e+03 1.310694235768852559e+04 3.975770787729146494e-01
3.908300000000000182e+03 1.347913157700763986e+04 4.018324638831644036e-01
3.911800000000000182e+03 1.326368980854572510e+04 3.972872124876501987e-01
3.915300000000000182e+03 1.253213991006178003e+04 3.953164608006446978e-01
3.918800000000000182e+03 1.157177439319590485e+04 3.882360479630233008e-01
3.922300000000000182e+03 1.040591056833885523e+04 3.809108335605916329e-01
3.925800000000000182e+03 9.387978121913918585e+03 3.719693579194791599e-01
3.929300000000000182e+03 8.848653962722057258e+03 3.665225224365785683e-01
3.932800000000000182e+03 8.915247260078420368e+03 3.674221924554464391e-01
3.936300000000000182e+03 9.558063118316831606e+03 3.710806129684896537e-01
3.939800000000000182e+03 1.042512666546255059e+04 3.750576329726741931e-01
3.943300000000000182e+03 1.134390568441554751e+04 3.797932944312065739e-01
3.946800000000000182e+03 1.209658269629379720e+04 3.847291627734902297e-01
3.950300000000000182e+03 1.229274773440423996e+04 3.880293487599407176e-01
3.953800000000000182e+03 1.203080528435509586e+04 3.820338531617578637e-01
3.957300000000000182e+03 1.132992782069651548e+04 3.750019496983121314e-01
3.960800000000000182e+03 1.042928965497076933e+04 3.627857873325083804e-01
3.964300000000000182e+03 9.734885758608024844e+03 3.453213522919735823e-01
3.967800000000000182e+03 9.303353049090976128e+03 3.331157386598955772e-01
3.971300000000000182e+03 9.422999541716419117e+03 3.307177423430467389e-01
3.974800000000000182e+03 1.017907030226264578e+04 3.371797651885259928e-01
3.978300000000000182e+03 1.139262298195968106e+04 3.489133181736985834e-01
3.981800000000000182e+03 1.289881426986254701e+04 3.590122000144977954e-01
3.985300000000000182e+03 1.426196444372457881e+04 3.642810587344693651e-01
3.988800000000000182e+03 1.541262871913100207e+04 3.676524010788939090e-01
3.992300000000000182e+03 1.622737404483612954e+04 3.634359532783590363e-01
3.995800000000000182e+03 1.684533986783045475e+04 3.578321098406189171e-01
3.999300000000000182e+03 1.726647092047141996e+04 3.569204729097346651e-01
4.002800000000000182e+03 1.745073196721436761e+04 3.549902743738622690e-01
4.006300000000000182e+03 1.778443309288501769e+04 3.519493528127519699e-01
4.009800000000000182e+03 1.776519099832102074e+04 3.524551960537550266e-01
4.013300000000000182e+03 1.795451236546375731e+04 3.513760918829542668e-01
4.016800000000000182e+03 1.824291403660408469e+04 3.483785693392136840e-01
4.020300000000000182e+03 1.821274752356961835e+04 3.484230245280180438e-01
4.023800000000000182e+03 1.854312156835506175e+04 3.460896638740245668e-01
4.027300000000000182e+03 1.861312970759341624e+04 3.433031617534307300e-01
4.030800000000000182e+03 1.866652431665247786e+04 3.423722783946837600e-01
4.034300000000000182e+03 1.865994827429449288e+04 3.406261012430822355e-01
4.037800000000000182e+03 1.875093378326760649e+04 3.389489047150385792e-01
4.041300000000000182e+03 1.885716417238840222e+04 3.396451148876780679e-01
4.044800000000000182e+03 1.879381020721786263e+04 3.382451907569680727e-01
4.048300000000000182e+03 1.870050065913784056e+04 3.383522253964636461e-01
4.051800000000000182e+03 1.884400121709173618e+04 3.377959961379391474e-01
4.055300000000000182e+03 1.890011376395572734e+04 3.362269048879666378e-01
4.058800000000000182e+03 1.885076822954567615e+04 3.351578907522153594e-01
4.062300000000000182e+03 1.881071033620043454e+04 3.330776251697842860e-01
4.065800000000000182e+03 1.879078696035625035e+04 3.331374615035285203e-01
4.069300000000000182e+03 1.884128405160364855e+04 3.334049131062735150e-01
4.072800000000000182e+03 1.883981132721088943e+04 3.312465291983235360e-01
4.076300000000000182e+03 1.872304368406166031e+04 3.303951976875075247e-01
4.079800000000000182e+03 1.861524542722179103e+04 3.301431924415448305e-01
4.083300000000000182e+03 1.842565657566778464e+04 3.274901359007016954e-01
4.086800000000000182e+03 1.842339318201142669e+04 3.241906751244028606e-01
4.090300000000000182e+03 1.796404069181879458e+04 3.257263734054655635e-01
4.093800000000000182e+03 1.767328880844121522e+04 3.224612205657368946e-01
4.097300000000000182e+03 1.709926730682379275e+04 3.198362015311752016e-01
4.100800000000000182e+03 1.668808590663621726e+04 3.152405058929175774e-01
4.104300000000000182e+03 1.643398842852000598e+04 3.085721653148086330e-01
4.107800000000000182e+03 1.624117622798787124e+04 3.039906226398097489e-01
4.111300000000000182e+03 1.633815694026749225e+04 3.027950242525218050e-01
4.114800000000000182e+03 1.700911448419030421e+04 3.037292758330744635e-01
4.118300000000000182e+03 1.768005968507032594e+04 3.106650348198743972e-01
4.121800000000000182e+03 1.855823317134757235e+04 3.169478863546079661e-01
4.125300000000000182e+03 1.938848841544842799e+04 3.188728295175004557e-01
4.128800000000000182e+03 2.025322182855711799e+04 3.197358706112365390e-01
4.132300000000000182e+03 2.075018359047334525e+04 3.196509507001173978e-01
4.135800000000000182e+03 2.131979110894074620e+04 3.157313990833392481e-01
4.139300000000000182e+03 2.159414471739679357e+04 3.120322491004359211e-01
4.142800000000000182e+03 2.181380109774469747e+04 3.090062565366676894e-01
4.146300000000000182e+03 2.192341552738473183e+04 3.073358248514345692e-01
4.149800000000000182e+03 2.202732219460447232e+04 3.078317159093535982e-01
4.153300000000000182e+03 2.231468821654850763e+04 3.039002480202079304e-01
4.156800000000000182e+03 2.232388666340528289e+04 3.054662728749896194e-01
4.160300000000000182e+03 2.236550125438319446e+04 3.053528458662980727e-01
4.163800000000000182e+03 2.241433827566326363e+04 3.021239999201436599e-01
4.167300000000000182e+03 2.246060188809415195e+04 3.015616189170295391e-01
4.170800000000000182e+03 2.241950884739410321e+04 2.998405947532076232e-01
4.174300000000000182e+03 2.258345418758749656e+04 3.019735530465273432e-01
4.177800000000000182e+03 2.261248694861097101e+04 2.984378706455517172e-01
4.181300000000000182e+03 2.272397853671572739e+04 2.965552986983704953e-01
4.184800000000000182e+03 2.285266979644226012e+04 2.956658516737930564e-01
4.188300000000000182e+03 2.282348421940210756e+04 2.966775255621628138e-01
4.191800000000000182e+03 2.285516815268456048e+04 2.943519136620149634e-01
4.195300000000000182e+03 2.290961276556348821e+04 2.945765146149311176e-01
4.198800000000000182e+03 2.285114773144160426e+04 2.957467827192843401e-01
4.202300000000000182e+03 2.310984924743147712e+04 2.917652730869815247e-01
4.205800000000000182e+03 2.324415642195922555e+04 2.916970824048127353e-01
4.209300000000000182e+03 2.341589734429231612e+04 2.891296742007176124e-01
4.212800000000000182e+03 2.330156845097876430e+04 2.913976817500092964e-01
4.216300000000000182e+03 2.307850866503332509e+04 2.882688739025567881e-01
4.219800000000000182e+03 2.307067476108726623e+04 2.870869216716815386e-01
4.223300000000000182e+03 2.318605747549628722e+04 2.849647145141729343e-01
4.226800000000000182e+03 2.310144580109646631e+04 2.849035970222017489e-01
4.230300000000000182e+03 2.320350207099192630e+04 2.826241264216680094e-01
4.233800000000000182e+03 2.313071990762191490e+04 2.820231567851949617e-01
4.237300000000000182e+03 2.334468578742278260e+04 2.833075915744084350e-01
4.240800000000000182e+03 2.364033747540680270e+04 2.834878380848478430e-01
4.244300000000000182e+03 2.382126725189891295e+04 2.817706748999759814e-01
4.247800000000000182e+03 2.378846131073127253e+04 2.815433873685526112e-01
4.251300000000000182e+03 2.389222477859669380e+04 2.789794066061571653e-01
4.254800000000000182e+03 2.402433771486843034e+04 2.793481796705012954e-01
4.258300000000000182e+03 2.405456326837997040e+04 2.778862139242628815e-01
4.261800000000000182e+03 2.406604327356650901e+04 2.781387252802541843e-01
4.265300000000000182e+03 2.388653248767281548e+04 2.766176135594605179e-01
4.268800000000000182e+03 2.393621095489194340e+04 2.755584059430099542e-01
4.272300000000000182e+03 2.375237249016551141e+04 2.731922553467886483e-01
4.275800000000000182e+03 2.393030962083925988e+04 2.715214397271749069e-01
4.279300000000000182e+03 2.396859376809328387e+04 2.710406367252120585e-01
4.282800000000000182e+03 2.391079090676384294e+04 2.725237558478149080e-01
4.286300000000000182e+03 2.401541873158014641e+04 2.714791436359575982e-01
4.289800000000000182e+03 2.381334493582347932e+04 2.724721074498855922e-01
4.293300000000000182e+03 2.364091164662632218e+04 2.694535333735463278e-01
4.296800000000000182e+03 2.339466859008349275e+04 2.683310014634058827e-01
4.300300000000000182e+03 2.304761579475369945e+04 2.699523611360446496e-01
4.303800000000000182e+03 2.275440538355461831e+04 2.673654730717072714e-01
4.307300000000000182e+03 2.240891342749334581e+04 2.680978143339444730e-01
4.310800000000000182e+03 2.243733422922937461e+04 2.701873624645287353e-01
4.314300000000000182e+03 2.232140170550666153e+04 2.664700325945794646e-01
4.317800000000000182e+03 2.207704577523794796e+04 2.653232429298865713e-01
4.321300000000000182e+03 2.219881981544130394e+04 2.639602961288070038e-01
4.324800000000000182e+03 2.220158106163340562e+04 2.621219485946427730e-01
4.328300000000000182e+03 2.228495296697600133e+04 2.600651934902328266e-01
4.331800000000000182e+03 2.205161087444570512e+04 2.591568223966201900e-01
4.335300000000000182e+03 2.166326588633425490e+04 2.592087345162236711e-01
4.338800000000000182e+03 2.119386397631378350e+04 2.554594607832892939e-01
4.342300000000000182e+03 2.079357034113018744e+04 2.506668519919022509e-01
4.345800000000000182e+03 2.048155120115608588e+04 2.485131455055489824e-01
4.349300000000000182e+03 2.070620144423372039e+04 2.445044431523601680e-01
4.352800000000000182e+03 2.113974548117600352e+04 2.462807656468166684e-01
4.356300000000000182e+03 2.222461054192855954e+04 2.472496883018422964e-01
4.359800000000000182e+03 2.332407634947752013e+04 2.515849508659453448e-01
4.363300000000000182e+03 2.459132991896131716e+04 2.565709044378431392e-01
4.366800000000000182e+03 2.565921800420808722e+04 2.592333237447272398e-01
4.370300000000000182e+03 2.652978693110536551e+04 2.582049867715773273e-01
4.373800000000000182e+03 2.705438260607093980e+04 2.568109779271803839e-01
4.377300000000000182e+03 2.715885770516151024e+04 2.529204731973305753e-01
4.380800000000000182e+03 2.720030616572611325e+04 2.505403553986740306e-01
4.384300000000000182e+03 2.691774406250411266e+04 2.505277002910883954e-01
4.387800000000000182e+03 2.689463936203158664e+04 2.455929716777952021e-01
4.391300000000000182e+03 2.696131565615475847e+04 2.461314049277363025e-01
4.394800000000000182e+03 2.687808483946870911e+04 2.478022527978641087e-01
4.398300000000000182e+03 2.705922142413536858e+04 2.455923187546561748e-01
4.401800000000000182e+03 2.702484941598192745e+04 2.471878304682664229e-01
4.405300000000000182e+03 2.713393779467180138e+04 2.451159018892893893e-01
4.408800000000000182e+03 2.704579973395515117e+04 2.458486440901750947e-01
4.412300000000000182e+03 2.737271618960169144e+04 2.441552768933514250e-01
4.415800000000000182e+03 2.723661983476580644e+04 2.450091916797350333e-01
4.419300000000000182e+03 2.735291844462001609e+04 2.429622001950087762e-01
4.422800000000000182e+03 2.731918353965719507e+04 2.424925935337719496e-01
4.426300000000000182e+03 2.734050813550539533e+04 2.415163578041120418e-01
4.429800000000000182e+03 2.739938497563231431e+04 2.396370570005218748e-01
4.433300000000000182e+03 2.763349695607204194e+04 2.390728927755722266e-01
4.436800000000000182e+03 2.759036410798739598e+04 2.395164731450343532e-01
4.440300000000000182e+03 2.771967002692653114e+04 2.389826217124702279e-01
4.443800000000000182e+03 2.776173094853338625e+04 2.383110842766803239e-01
4.447300000000000182e+03 2.780158281090826131e+04 2.378744042864407160e-01
4.450800000000000182e+03 2.800860068474693617e+04 2.378706410371846935e-01
4.454300000000000182e+03 2.819708942640504756e+04 2.363101665506319449e-01
4.457800000000000182e+03 2.829297299736075365e+04 2.342839912949337688e-01
4.461300000000000182e+03 2.843647774484233014e+04 2.337277805935341624e-01
4.464800000000000182e+03 2.868987625783656767e+04 2.348092547684255404e-01
4.468300000000000182e+03 2.889989727837984174e+04 2.335242839933401315e-01
4.471800000000000182e+03 2.874101926140585419e+04 2.326153679152566656e-01
4.475300000000000182e+03 2.876875708494790888e+04 2.306585822602888192e-01
4.478800000000000182e+03 2.874345367726325640e+04 2.320765498443064234e-01
4.482300000000000182e+03 2.890088529450119313e+04 2.295923224292844289e-01
4.485800000000000182e+03 2.882685011009917798e+04 2.295000749994538236e-01
4.489300000000000182e+03 2.894515436514876274e+04 2.276946357565767798e-01
4.492800000000000182e+03 2.931435063770505440e+04 2.267625678438488779e-01
4.496300000000000182e+03 2.960213996776102067e+04 2.275901596303498697e-01
4.499800000000000182e+03 3.002222338359467904e+04 2.267758958471925435e-01
4.503300000000000182e+03 3.042563455582299139e+04 2.275746140594845091e-01
4.506800000000000182e+03 3.070958751128264339e+04 2.246130684845568104e-01
4.510300000000000182e+03 3.078594067412769436e+04 2.268534058563186906e-01
4.513800000000000182e+03 3.054669164313349393e+04 2.259529854860915787e-01
4.517300000000000182e+03 3.040664327030378627e+04 2.258017508354797642e-01
4.520800000000000182e+03 3.022687721688902820e+04 2.250499726582048388e-01
4.524300000000000182e+03 2.986169941442176787e+04 2.239316136362994314e-01
4.527800000000000182e+03 2.960753134211904762e+04 2.214843493889966097e-01
4.531300000000000182e+03 2.936499959856475107e+04 2.231328850941843023e-01
4.534800000000000182e+03 2.929867489982736515e+04 2.195726552371984053e-01
4.538300000000000182e+03 2.913615967258112141e+04 2.231911984638547675e-01
4.541800000000000182e+03 2.946205803978749464e+04 2.192124121561845052e-01
4.545300000000000182e+03 2.979216870984043999e+04 2.178694402345166536e-01
4.548800000000000182e+03 2.976355971866484833e+04 2.176995124225248046e-01
4.552300000000000182e+03 3.017754461463650296e+04 2.173354503455119102e-01
4.555800000000000182e+03 3.048776534706774328e+04 2.185276677744552865e-01
4.559300000000000182e+03 3.056041132986873708e+04 2.166733628657930844e-01
4.562800000000000182e+03 3.096299224558267815e+04 2.168048516350912780e-01
4.566300000000000182e+03 3.115729534846218303e+04 2.182069956392983789e-01
4.569800000000000182e+03 3.139967272897987277e+04 2.143021946939910327e-01
4.573300000000000182e+03 3.136900281953583180e+04 2.167571815534575785e-01
4.576800000000000182e+03 3.105909907207543074e+04 2.149366396450628214e-01
4.580300000000000182e+03 3.075853730660417932e+04 2.155814177197500348e-01
4.583800000000000182e+03 3.038108097408322647e+04 2.129330539048217841e-01
4.587300000000000182e+03 3.032962054317177171e+04 2.110057179596665500e-01
4.590800000000000182e+03 3.034113096188018972e+04 2.120929378640236396e-01
4.594300000000000182e+03 3.027098635729198213e+04 2.108747160683700772e-01
4.597800000000000182e+03 3.034892726656157538e+04 2.095663456689269011e-01
4.601300000000000182e+03 3.070286061311349476e+04 2.100187174292574566e-01
4.604800000000000182e+03 3.086381770712943035e+04 2.095352023531462937e-01
4.608300000000000182e+03 3.083349370300967712e+04 2.123876866797187180e-01
4.611800000000000182e+03 3.101121271089068614e+04 2.112069929831678072e-01
4.615300000000000182e+03 3.102264173376264080e+04 2.079411376815772650e-01
4.618800000000000182e+03 3.097013729819357104e+04 2.065497944926100449e-01
4.622300000000000182e+03 3.072462728925562988e+04 2.085064083696128445e-01
4.625800000000000182e+03 3.066043568446732388e+04 2.062198470857877775e-01
4.629300000000000182e+03 3.058628428783171330e+04 2.046099839526543673e-01
4.632800000000000182e+03 3.051213308095275715e+04 2.045188902118418861e-01
4.636300000000000182e+03 3.072153421966881433e+04 2.032454168262480543e-01
4.639800000000000182e+03 3.082104656831442117e+04 2.044139354899062455e-01
4.643300000000000182e+03 3.086937772522013620e+04 2.014966172343908291e-01
4.646800000000000182e+03 3.095591943714922672e+04 2.043242576974117208e-01
4.650300000000000182e+03 3.105798383777932759e+04 2.013252698061779034e-01
4.653800000000000182e+03 3.106094687545631314e+04 2.008711437821627810e-01
4.657300000000000182e+03 3.127631229870390962e+04 2.028969922501862033e-01
4.660800000000000182e+03 3.132357111659709335e+04 2.012299300822941450e-01
4.664300000000000182e+03 3.136933940538658135e+04 2.012777688141068888e-01
4.667800000000000182e+03 3.146195752183750301e+04 1.994330066839465621e-01
4.671300000000000182e+03 3.167845314847791087e+04 2.008462367472090004e-01
4.674800000000000182e+03 3.146353641951372629e+04 1.993480178629257749e-01
4.678300000000000182e+03 3.137450694873867906e+04 1.994376056884992199e-01
4.681800000000000182e+03 3.126892221389716360e+04 1.987990331844554370e-01
4.685300000000000182e+03 3.096903039668379279e+04 1.963969295280330318e-01
4.688800000000000182e+03 3.086565579878028802e+04 1.979156117541781001e-01
4.692300000000000182e+03 3.061280351007125137e+04 1.975505499835144285e-01
4.695800000000000182e+03 3.034671284387701962e+04 1.967123337204993438e-01
4.699300000000000182e+03 3.019175560950874205e+04 1.950246845704311505e-01
4.702800000000000182e+03 2.990336658990634896e+04 1.944748617709663174e-01
4.706300000000000182e+03 2.986074886381937904e+04 1.933081631381103060e-01
4.709800000000000182e+03 2.995377637549562132e+04 1.930655722540136066e-01
4.713300000000000182e+03 3.001936366914595419e+04 1.940414120546463395e-01
4.716800000000000182e+03 3.031546792907562485e+04 1.927772590235853900e-01
4.720300000000000182e+03 3.051835013445171353e+04 1.929321619278711597e-01
4.723800000000000182e+03 3.108988342698819906e+04 1.915425837901273409e-01
4.727300000000000182e+03 3.112016945315622797e+04 1.933016270226371180e-01
4.730800000000000182e+03 3.138782783858900802e+04 1.922229623332894488e-01
4.734300000000000182e+03 3.155067810541363724e+04 1.921819272783248655e-01
4.737800000000000182e+03 3.152498224905621464e+04 1.916497246954466382e-01
4.741300000000000182e+03 3.153878831869783971e+04 1.924800008547024321e-01
4.744800000000000182e+03 3.171404640553745776e+04 1.885584345712159604e-01
4.748300000000000182e+03 3.160993378615025358e+04 1.892247147916899797e-01
4.751800000000000182e+03 3.152619458984015000e+04 1.866608658376519014e-01
4.755300000000000182e+03 3.153906087455114903e+04 1.885650898617028393e-01
4.758800000000000182e+03 3.157811207412068688e+04 1.884182058351883404e-01
4.762300000000000182e+03 3.154993308257622994e+04 1.873040185786490619e-01
4.765800000000000182e+03 3.140672162765311077e+04 1.875600618372461059e-01
4.769300000000000182e+03 3.164411118075576815e+04 1.852773252559328787e-01
4.772800000000000182e+03 3.163974775860050067e+04 1.863946985965157510e-01
4.776300000000000182e+03 3.154646459956451145e+04 1.852353780408939610e-01
4.779800000000000182e+03 3.136746674868913760e+04 1.861577850836611259e-01
4.783300000000000182e+03 3.135475237210942942e+04 1.875962876510706145e-01
4.786800000000000182e+03 3.141121919826118392e+04 1.859108481946103175e-01
4.790300000000000182e+03 3.127368419094281853e+04 1.867508159753514529e-01
4.793800000000000182e+03 3.115832465774088996e+04 1.854564265339750939e-01
4.797300000000000182e+03 3.129162549669403961e+04 1.810253735078439230e-01
4.800800000000000182e+03 3.106890657073236798e+04 1.828830603079059647e-01
4.804300000000000182e+03 3.111238520721851091e+04 1.823219196484361926e-01
4.807800000000000182e+03 3.105154640325565560e+04 1.827994380807730912e-01
4.811300000000000182e+03 3.103615000466726997e+04 1.819202791978855316e-01
4.814800000000000182e+03 3.098156956378072573e+04 1.804642923620442263e-01
4.818300000000000182e+03 3.096178651365195401e+04 1.817638426597646961e-01
4.821800000000000182e+03 3.062211104192242055e+04 1.849368326099554427e-01
4.825300000000000182e+03 3.093942064970982028e+04 1.831770170560560462e-01
4.828800000000000182e+03 3.071039168388023973e+04 1.817898845822110976e-01
4.832300000000000182e+03 2.999864901782376546e+04 1.830664764524395360e-01
4.835800000000000182e+03 2.972763114691826195e+04 1.822311549837535016e-01
4.839300000000000182e+03 2.884067998916735087e+04 1.805409828975206299e-01
4.842800000000000182e+03 2.814350564839269282e+04 1.798006236885840436e-01
4.846300000000000182e+03 2.738483587503148010e+04 1.791720487420584151e-01
4.849800000000000182e+03 2.647055895423781112e+04 1.777825930578557645e-01
4.853300000000000182e+03 2.568190482368708399e+04 1.770479725888598199e-01
4.856800000000000182e+03 2.460771775581083784e+04 1.744060272763985064e-01
4.860300000000000182e+03 2.368493066291069044e+04 1.723851844748385542e-01
4.863800000000000182e+03 2.320721971958102949e+04 1.688596776704246460e-01
4.867300000000000182e+03 2.264385179812862407e+04 1.632012531518365339e-01
4.870800000000000182e+03 2.283820746688145300e+04 1.624308520756804208e-01
4.874300000000000182e+03 2.351597940348945485e+04 1.640828167562044804e-01
4.877800000000000182e+03 2.477549675423677763e+04 1.707710545332188634e-01
4.881300000000000182e+03 2.604358717252142742e+04 1.729410219204445265e-01
4.884800000000000182e+03 2.733291217874323047e+04 1.785013267847536944e-01
4.888300000000000182e+03 2.842563344186904942e+04 1.814470178182191473e-01
4.891800000000000182e+03 2.909773317942279027e+04 1.798657077960653661e-01
4.895300000000000182e+03 2.963870991318445522e+04 1.780874427892983058e-01
4.898800000000000182e+03 2.978639768523026578e+04 1.751654123821737297e-01
4.902300000000000182e+03 3.007095277289277874e+04 1.721287272334479646e-01
4.905800000000000182e+03 2.989985531004680161e+04 1.724919411350128717e-01
4.909300000000000182e+03 3.011438620155043100e+04 1.732798711199414754e-01
4.912800000000000182e+03 3.007980903289601338e+04 1.701106159874648527e-01
4.916300000000000182e+03 2.995057285006214443e+04 1.718898756235655023e-01
4.919800000000000182e+03 2.981875366666568880e+04 1.697029763454954154e-01
4.923300000000000182e+03 2.973309846155313062e+04 1.701706839178228070e-01
4.926800000000000182e+03 2.966005302037581714e+04 1.673610629332372146e-01
4.930300000000000182e+03 2.983867081288628833e+04 1.699159090791673155e-01
4.933800000000000182e+03 2.972623958379441319e+04 1.693434061134988511e-01
4.937300000000000182e+03 2.997117529180602651e+04 1.686227328878583953e-01
4.940800000000000182e+03 3.006723847177376229e+04 1.691289052720492958e-01
4.944300000000000182e+03 3.025154292111777977e+04 1.700310390520072545e-01
4.947800000000000182e+03 3.042003481677432865e+04 1.689510238274166964e-01
4.951300000000000182e+03 3.046634855319338385e+04 1.684974872224141995e-01
4.954800000000000182e+03 3.057703117700154689e+04 1.692532195600693901e-01
4.958300000000000182e+03 3.066118917112482814e+04 1.677915236123880272e-01
4.961800000000000182e+03 3.072613740615306597e+04 1.698932915996083093e-01
4.965300000000000182e+03 3.075708348561838284e+04 1.683147731254308888e-01
4.968800000000000182e+03 3.072647485921637781e+04 1.674421307179501939e-01
4.972300000000000182e+03 3.068994602566087997e+04 1.672651146118583343e-01
4.975800000000000182e+03 3.035244896825933392e+04 1.666881986280453753e-01
4.979300000000000182e+03 3.015315730224450090e+04 1.673235418644747341e-01
4.982800000000000182e+03 2.980466372873204091e+04 1.683527694057090074e-01
4.986300000000000182e+03 2.967108165315505539e+04 1.679218765149814441e-01
4.989800000000000182e+03 2.935383130428827280e+04 1.670057353860217586e-01
4.993300000000000182e+03 2.913697856488963589e+04 1.656269482315021746e-01
4.996800000000000182e+03 2.890519766918678215e+04 1.655408114301921141e-01
5.000300000000000182e+03 2.883006342637873968e+04 1.651194459102527934e-01
5.003800000000000182e+03 2.867614261952896777e+04 1.647549991564648542e-01
5.007300000000000182e+03 2.869378582871695107e+04 1.635666747250700825e-01
5.010800000000000182e+03 2.873083643303954523e+04 1.636919904396401670e-01
5.014300000000000182e+03 2.876200255013930291e+04 1.636200378906338404e-01
5.017800000000000182e+03 2.894780652743066821e+04 1.637728270106714734e-01
5.021300000000000182e+03 2.898367008698884820e+04 1.658646410585873088e-01
5.024800000000000182e+03 2.939470508135023192e+04 1.655647706772611916e-01
5.028300000000000182e+03 2.948946233143454083e+04 1.665019435588408481e-01
5.031800000000000182e+03 2.954432822110531924e+04 1.686667348712811709e-01
5.035300000000000182e+03 2.962359279274264190e+04 1.670558888153569621e-01
5.038800000000000182e+03 2.948564869144995100e+04 1.674451039487757087e-01
5.042300000000000182e+03 2.958009951807597099e+04 1.656798995361520588e-01
5.045800000000000182e+03 2.957101694333515115e+04 1.651684738681970521e-01
5.049300000000000182e+03 2.946137806613405337e+04 1.642094290652043043e-01
5.052800000000000182e+03 2.963933197488584483e+04 1.615663907027726498e-01
5.056300000000000182e+03 2.975438578545300334e+04 1.608584557222552947e-01
5.059800000000000182e+03 2.984407898336874860e+04 1.631868217394485954e-01
5.063300000000000182e+03 3.013808587481895302e+04 1.642789826301937484e-01
5.066800000000000182e+03 3.011830252580463639e+04 1.622625821769440591e-01
5.070300000000000182e+03 3.024447409433438224e+04 1.642169599945940694e-01
5.073800000000000182e+03 3.016122490728558478e+04 1.631297816315832594e-01
5.077300000000000182e+03 3.004394265722261116e+04 1.613170936354869078e-01
5.080800000000000182e+03 2.993710006666577829e+04 1.624833901116930490e-01
5.084300000000000182e+03 3.004677728726282658e+04 1.613299084645502812e-01
5.087800000000000182e+03 2.986365220573441547e+04 1.597862002028381800e-01
5.091300000000000182e+03 2.995020089921534964e+04 1.578459429565512162e-01
5.094800000000000182e+03 2.999639072278240928e+04 1.562972390866152195e-01
5.098300000000000182e+03 3.012835891383369744e+04 1.585822438839258886e-01
5.101800000000000182e+03 3.007338933912017455e+04 1.545182563594195702e-01
5.105300000000000182e+03 3.009969551922153187e+04 1.577681474786924165e-01
5.108800000000000182e+03 3.006339181783932509e+04 1.567044828124380118e-01
5.112300000000000182e+03 3.021338753348267710e+04 1.566968486708232022e-01
5.115800000000000182e+03 2.994920546588881189e+04 1.569914930211270820e-01
5.119300000000000182e+03 3.011425681886130769e+04 1.544503137224570999e-01
5.122800000000000182e+03 2.976853122508691740e+04 1.565114238191091522e-01
5.126300000000000182e+03 3.003176261107348910e+04 1.544418210961581162e-01
5.129800000000000182e+03 2.976592959933606107e+04 1.544940175256617199e-01
5.133300000000000182e+03 2.957642606226319549e+04 1.555635275944199369e-01
5.136800000000000182e+03 2.963814359224264990e+04 1.544487906411202705e-01
5.140300000000000182e+03 2.933063572425881648e+04 1.559187018608722552e-01
5.143800000000000182e+03 2.931195754375956312e+04 1.530269390700575716e-01
5.147300000000000182e+03 2.923253331812384931e+04 1.534041365492687659e-01
5.150800000000000182e+03 2.915983881028521137e+04 1.548974174745174626e-01
5.154300000000000182e+03 2.896193281048921926e+04 1.538499225195961440e-01
5.157800000000000182e+03 2.871563348712052175e+04 1.533768412983556040e-01
5.161300000000000182e+03 2.864097184912655212e+04 1.518426250930261789e-01
5.164800000000000182e+03 2.839682512911713638e+04 1.532602494670867177e-01
5.168300000000000182e+03 2.834384055815652755e+04 1.509521590748911790e-01
5.171800000000000182e+03 2.815848062356738228e+04 1.515978219475144773e-01
5.175300000000000182e+03 2.809582310120117472e+04 1.513754140247475788e-01
5.178800000000000182e+03 2.820375624341321236e+04 1.518146301162897616e-01
5.182300000000000182e+03 2.802579210390476146e+04 1.522931566276875537e-01
5.185800000000000182e+03 2.806467343751822773e+04 1.550782439118018052e-01
5.189300000000000182e+03 2.818221541318839809e+04 1.506763693456729392e-01
5.192800000000000182e+03 2.808142122020538591e+04 1.517297040083339932e-01
5.196300000000000182e+03 2.833368444601779993e+04 1.539705012141148743e-01
5.199800000000000182e+03 2.842608474016572654e+04 1.526346469426666241e-01
5.203300000000000182e+03 2.874567305768695951e+04 1.506618090826857548e-01
5.206800000000000182e+03 2.872822378296464740e+04 1.490675816975422507e-01
5.210300000000000182e+03 2.892268629225321274e+04 1.517526521278651785e-01
5.213800000000000182e+03 2.907027990837220568e+04 1.492284927996913868e-01
5.217300000000000182e+03 2.911421558270802780e+04 1.505727869203994373e-01
5.220800000000000182e+03 2.907743078550472637e+04 1.497885818519682499e-01
5.224300000000000182e+03 2.887371066021374645e+04 1.513938188520123351e-01
5.227800000000000182e+03 2.909147045480730230e+04 1.485631760263094181e-01
5.231300000000000182e+03 2.910885536978621531e+04 1.506063780842030186e-01
5.234800000000000182e+03 2.908817044423709740e+04 1.498862554355114562e-01
5.238300000000000182e+03 2.927376955523686411e+04 1.508564826702282202e-01
5.241800000000000182e+03 2.957094434488329352e+04 1.522623388984936099e-01
5.245300000000000182e+03 2.952965053852496203e+04 1.504801142704663419e-01
5.248800000000000182e+03 2.956394462381804624e+04 1.513491259987324866e-01
5.252300000000000182e+03 2.942167904305431875e+04 1.529499685855636171e-01
5.255800000000000182e+03 2.897939141827765343e+04 1.497028210514078361e-01
5.259300000000000182e+03 2.848822690705915738e+04 1.503111586965549806e-01
5.262800000000000182e+03 2.815379291269569876e+04 1.487157855646960014e-01
5.266300000000000182e+03 2.785189376257294862e+04 1.494890471320746150e-01
5.269800000000000182e+03 2.771599364353873534e+04 1.466193816286865959e-01
5.273300000000000182e+03 2.751404118689271127e+04 1.502193887351884471e-01
5.276800000000000182e+03 2.783145547218875799e+04 1.482931654126074805e-01
5.280300000000000182e+03 2.807004410203608131e+04 1.502439644630119420e-01
5.283800000000000182e+03 2.840715817057137974e+04 1.532346074819222193e-01
5.287300000000000182e+03 2.880201611060353389e+04 1.511226291181576309e-01
5.290800000000000182e+03 2.901501807505337274e+04 1.510495574732102497e-01
5.294300000000000182e+03 2.916155026898413780e+04 1.500725944006699730e-01
5.297800000000000182e+03 2.932198298069887824e+04 1.478961303573627928e-01
5.301300000000000182e+03 2.948756074629669092e+04 1.502150311777598890e-01
5.304800000000000182e+03 2.945493373335758588e+04 1.497014946091175525e-01
5.308300000000000182e+03 2.939152507331984816e+04 1.484978207469151990e-01
5.311800000000000182e+03 2.914707830335746257e+04 1.491373268620800885e-01
5.315300000000000182e+03 2.895263909814190265e+04 1.504925004081237583e-01
5.318800000000000182e+03 2.872170131835098073e+04 1.488549589651447513e-01
5.322300000000000182e+03 2.851297317597039728e+04 1.465219701261897822e-01
5.325800000000000182e+03 2.805494164604850084e+04 1.488886819336071310e-01
5.329300000000000182e+03 2.794544115239944949e+04 1.486739317528380233e-01
5.332800000000000182e+03 2.795073128748057206e+04 1.447319988415632364e-01
5.336300000000000182e+03 2.813676940219639073e+04 1.462948971919769692e-01
5.339800000000000182e+03 2.828404943643781007e+04 1.458151900452699656e-01
5.343300000000000182e+03 2.853615790122174440e+04 1.474277976596458373e-01
5.346800000000000182e+03 2.881947344854377297e+04 1.469238944607169084e-01
5.350300000000000182e+03 2.869218917170297209e+04 1.485253187354826088e-01
5.353800000000000182e+03 2.896919053822079150e+04 1.468493318668789571e-01
5.357300000000000182e+03 2.898693529204205333e+04 1.462721166927294369e-01
5.360800000000000182e+03 2.891960632052777873e+04 1.473993533025328151e-01
5.364300000000000182e+03 2.851384088856611197e+04 1.469626543970433963e-01
5.367800000000000182e+03 2.863961365155905150e+04 1.454598930004145085e-01
5.371300000000000182e+03 2.868002685245506291e+04 1.450484284228353016e-01
5.374800000000000182e+03 2.868993320709118416e+04 1.430417012263669185e-01
5.378300000000000182e+03 2.855115553129108957e+04 1.456662196784261343e-01
5.381800000000000182e+03 2.868446421124686458e+04 1.443279031622517750e-01
5.385300000000000182e+03 2.861884035583240984e+04 1.455495434736751581e-01
5.388800000000000182e+03 2.854493095111272487e+04 1.457927917360617720e-01
5.392300000000000182e+03 2.845369296686799862e+04 1.463875330292096488e-01
5.395800000000000182e+03 2.838425009471795056e+04 1.450503715127418602e-01
5.399300000000000182e+03 2.821387621532948833e+04 1.440189859090559854e-01
5.402800000000000182e+03 2.800633311632182449e+04 1.449484025675112919e-01
5.406300000000000182e+03 2.768038994337296026e+04 1.459380330642353063e-01
5.409800000000000182e+03 2.789430329666415855e+04 1.449118384257178649e-01
5.413300000000000182e+03 2.766261083476884596e+04 1.461695030930807992e-01
5.416800000000000182e+03 2.779074742612415866e+04 1.468904821232090707e-01
5.420300000000000182e+03 2.789978965511103888e+04 1.460755155379222237e-01
5.423800000000000182e+03 2.803454400735130912e+04 1.449632866425435984e-01
5.427300000000000182e+03 2.819597241327240044e+04 1.460525911546195210e-01
5.430800000000000182e+03 2.842748866948319119e+04 1.442121441669834692e-01
5.434300000000000182e+03 2.844776761779868320e+04 1.449619174654846188e-01
5.437800000000000182e+03 2.832328833592199589e+04 1.461581049903001861e-01
5.441300000000000182e+03 2.841082859643613847e+04 1.438457253027089489e-01
5.444800000000000182e+03 2.859239204290616181e+04 1.450154827799406687e-01
5.448300000000000182e+03 2.854325709374272992e+04 1.435776142360611907e-01
5.451800000000000182e+03 2.843749449181497039e+04 1.454910957434560337e-01
5.455300000000000182e+03 2.842663251334468077e+04 1.439587666374878561e-01
5.458800000000000182e+03 2.821536250265371928e+04 1.448091906930303874e-01
5.462300000000000182e+03 2.823928348655422451e+04 1.437910179701732127e-01
5.465800000000000182e+03 2.813941001419271925e+04 1.436925493298425449e-01
5.469300000000000182e+03 2.811319572646744564e+04 1.452258394961196686e-01
5.472800000000000182e+03 2.814079399733292303e+04 1.407072264845026233e-01
5.476300000000000182e+03 2.824755350501043722e+04 1.417803426216159846e-01
5.479800000000000182e+03 2.824160378254676107e+04 1.416905943664436840e-01
5.483300000000000182e+03 2.813647918497825958e+04 1.421532873422390320e-01
5.486800000000000182e+03 2.806231497709458927e+04 1.413176999140352275e-01
5.490300000000000182e+03 2.807999477518507410e+04 1.424671023950335735e-01
5.493800000000000182e+03 2.799227739891224337e+04 1.438739460243027291e-01
5.497300000000000182e+03 2.823431696423442554e+04 1.399271040159487112e-01
5.500800000000000182e+03 2.802640620551060783e+04 1.400906947888513610e-01
5.504300000000000182e+03 2.799271661695094372e+04 1.413998152924285656e-01
5.507800000000000182e+03 2.801747736358930342e+04 1.414077490738577803e-01
5.511300000000000182e+03 2.800593039959603630e+04 1.427158838284146580e-01
5.514800000000000182e+03 2.775081160299623662e+04 1.420854673844450522e-01
5.518300000000000182e+03 2.792036974635323713e+04 1.396678241807641219e-01
5.521800000000000182e+03 2.803582761920152188e+04 1.413809604341813297e-01
5.525300000000000182e+03 2.785297594764823225e+04 1.399934775229643436e-01
5.528800000000000182e+03 2.776262837713415138e+04 1.412861609140778352e-01
5.532300000000000182e+03 2.778192654109097930e+04 1.394237759184500380e-01
5.535800000000000182e+03 2.777267176648774330e+04 1.383010382389385506e-01
5.539300000000000182e+03 2.785577784536999025e+04 1.401683725471349340e-01
5.542800000000000182e+03 2.789577212851170771e+04 1.393674344996898018e-01
5.546300000000000182e+03 2.784948354510559511e+04 1.396519082645987508e-01
5.549800000000000182e+03 2.781418069191087852e+04 1.396095549447731454e-01
5.553300000000000182e+03 2.779631595920316977e+04 1.408461809724000924e-01
5.556800000000000182e+03 2.760977965885333469e+04 1.405179211094630953e-01
5.560300000000000182e+03 2.762629071197435042e+04 1.388690850736724047e-01
5.563800000000000182e+03 2.760439323492662152e+04 1.388877088355874312e-01
5.567300000000000182e+03 2.733551159303173336e+04 1.402943210181260558e-01
5.570800000000000182e+03 2.706900589351630333e+04 1.401189013600088740e-01
5.574300000000000182e+03 2.714156624575898604e+04 1.401870909624438888e-01
5.577800000000000182e+03 2.698083829704545133e+04 1.395590182957263670e-01
5.581300000000000182e+03 2.702310420096334201e+04 1.388168852339603798e-01
5.584800000000000182e+03 2.699222350594331510e+04 1.397388300293696539e-01
5.588300000000000182e+03 2.704973374264326048e+04 1.404270928135723240e-01
5.591800000000000182e+03 2.693695552958264670e+04 1.397449405075791296e-01
5.595300000000000182e+03 2.702503123814331411e+04 1.397323021397052500e-01
5.598800000000000182e+03 2.720282386571983443e+04 1.390785683616233281e-01
5.602300000000000182e+03 2.706256620368063886e+04 1.423120484375410277e-01
5.605800000000000182e+03 2.720277603262761477e+04 1.389767332350322904e-01
5.609300000000000182e+03 2.719863869998135488e+04 1.392097952287797702e-01
5.612800000000000182e+03 2.716933052677039814e+04 1.420041234682845599e-01
5.616300000000000182e+03 2.742768467546008833e+04 1.388955795168147211e-01
5.619800000000000182e+03 2.717550688604652896e+04 1.410236804949899503e-01
5.623300000000000182e+03 2.725579504838580033e+04 1.403847551025740326e-01
5.626800000000000182e+03 2.722692695044331776e+04 1.401230549912905743e-01
5.630300000000000182e+03 2.710198864531806612e+04 1.406400095626726965e-01
5.633800000000000182e+03 2.725598344906474085e+04 1.391411478343194952e-01
5.637300000000000182e+03 2.729456456045075902e+04 1.377820157835959181e-01
5.640800000000000182e+03 2.721041355115859187e+04 1.383557197935627869e-01
5.644300000000000182e+03 2.724972672972548753e+04 1.402862207496225200e-01
5.647800000000000182e+03 2.706959831007735556e+04 1.373910718657387064e-01
5.651300000000000182e+03 2.717256043687702913e+04 1.413494112461699814e-01
5.654800000000000182e+03 2.697606804826991356e+04 1.406267047394660907e-01
5.658300000000000182e+03 2.680195922288912334e+04 1.401097580802566356e-01
5.661800000000000182e+03 2.686604153294024582e+04 1.384730132287928517e-01
5.665300000000000182e+03 2.671102887820414981e+04 1.410583966230163078e-01
5.668800000000000182e+03 2.662699561007801458e+04 1.402883116730001822e-01
5.672300000000000182e+03 2.665285193966764928e+04 1.413990981410643555e-01
5.675800000000000182e+03 2.636117414593354624e+04 1.425774789178801960e-01
5.679300000000000182e+03 2.660986258286442535e+04 1.405313849725951525e-01
5.682800000000000182e+03 2.667674913453740010e+04 1.430696838403452131e-01
5.686300000000000182e+03 2.657064699098303390e+04 1.422239880900889319e-01
5.689800000000000182e+03 2.662575724497575357e+04 1.444013433345584518e-01
5.693300000000000182e+03 2.656459612108639703e+04 1.431087359396769620e-01
5.696800000000000182e+03 2.641752894779786584e+04 1.427130416211086494e-01
5.700300000000000182e+03 2.635486384099474526e+04 1.424648546650645331e-01
5.703800000000000182e+03 2.654999702476890161e+04 1.414461960356055148e-01
5.707300000000000182e+03 2.651399228107086674e+04 1.407606346295330324e-01
5.710800000000000182e+03 2.631301563101119973e+04 1.408120746974743931e-01
5.714300000000000182e+03 2.652798709521336423e+04 1.405317270611020630e-01
5.717800000000000182e+03 2.661244307893944278e+04 1.420415898157903756e-01
5.721300000000000182e+03 2.674931808424280098e+04 1.421146780348123140e-01
5.724800000000000182e+03 2.683644423521282806e+04 1.408057460807690675e-01
5.728300000000000182e+03 2.694560647033250643e+04 1.404940367644346155e-01
5.731800000000000182e+03 2.694404922267719667e+04 1.401213863613784694e-01
5.735300000000000182e+03 2.671696574547179989e+04 1.421408730119967379e-01
5.738800000000000182e+03 2.674551498824467126e+04 1.403823898332154096e-01
5.742300000000000182e+03 2.657919160284512327e+04 1.398930040197255142e-01
5.745800000000000182e+03 2.652215331077292285e+04 1.410855978294408841e-01
5.749300000000000182e+03 2.652506147880317076e+04 1.379307021005177492e-01
5.752800000000000182e+03 2.636243122816132018e+04 1.412297531879626589e-01
5.756300000000000182e+03 2.657914772892764086e+04 1.394695126811402175e-01
5.759800000000000182e+03 2.650840900812722612e+04 1.369717019559466564e-01
5.763300000000000182e+03 2.642344356354240153e+04 1.365294059421498507e-01
5.766800000000000182e+03 2.658012525368924253e+04 1.365719981744820122e-01
5.770300000000000182e+03 2.645402998872130411e+04 1.359786564589313129e-01
5.773800000000000182e+03 2.665692626205448687e+04 1.372435664925933663e-01
5.777300000000000182e+03 2.637605714741852353e+04 1.347090879313791179e-01
5.780800000000000182e+03 2.645427964380510821e+04 1.367143864890804361e-01
5.784300000000000182e+03 2.620350815244275873e+04 1.364330049118490096e-01
5.787800000000000182e+03 2.646260969506056426e+04 1.337390208002489922e-01
5.791300000000000182e+03 2.643133399655870744e+04 1.330708027364897461e-01
5.794800000000000182e+03 2.634616697900835061e+04 1.378508403761160017e-01
5.798300000000000182e+03 2.612557006129767615e+04 1.349358714667183712e-01
5.801800000000000182e+03 2.625029246447320475e+04 1.316515274991902629e-01
5.805300000000000182e+03 2.631952085404521495e+04 1.321310211703013160e-01
5.808800000000000182e+03 2.624335901773765363e+04 1.319369949771571071e-01
5.812300000000000182e+03 2.633462817252330569e+04 1.318959528008585569e-01
5.815800000000000182e+03 2.627045277172400529e+04 1.334081968514449490e-01
5.819300000000000182e+03 2.627800477470523037e+04 1.350798001369354906e-01
5.822800000000000182e+03 2.638565137189520465e+04 1.322743912049147430e-01
5.826300000000000182e+03 2.627306278538580591e+04 1.320691321076742086e-01
5.829800000000000182e+03 2.611981478023716045e+04 1.311092801820698539e-01
5.833300000000000182e+03 2.606591376472497359e+04 1.330901924328069252e-01
5.836800000000000182e+03 2.607934866710248389e+04 1.298091177104155058e-01
5.840300000000000182e+03 2.589752364916330771e+04 1.316593920142739016e-01
5.843800000000000182e+03 2.600617164569526722e+04 1.307030055004521352e-01
5.847300000000000182e+03 2.601348110017087311e+04 1.297884135820300822e-01
5.850800000000000182e+03 2.576352662824100844e+04 1.316979711777438167e-01
5.854300000000000182e+03 2.556077024036414150e+04 1.303836547032607984e-01
5.857800000000000182e+03 2.563394000074499127e+04 1.311537245392148110e-01
5.861300000000000182e+03 2.578001378925333483e+04 1.285454343338202077e-01
5.864800000000000182e+03 2.565074974505444698e+04 1.295372293041691381e-01
5.868300000000000182e+03 2.552198713996343577e+04 1.309283986287766710e-01
5.871800000000000182e+03 2.519671187787325835e+04 1.324701288135769484e-01
5.875300000000000182e+03 2.506449696360156668e+04 1.336447118658186661e-01
5.878800000000000182e+03 2.477244319026974699e+04 1.384598316896001047e-01
5.882300000000000182e+03 2.453621292000438189e+04 1.388423075132400597e-01
5.885800000000000182e+03 2.396391446657062261e+04 1.433091375829368963e-01
5.889300000000000182e+03 2.365280634608964101e+04 1.464688105631871406e-01
5.892800000000000182e+03 2.388742436504209763e+04 1.448637545727253506e-01
5.896300000000000182e+03 2.371714063800414806e+04 1.459394576033926083e-01
5.899800000000000182e+03 2.376352919000332258e+04 1.452430236559501264e-01
5.903300000000000182e+03 2.392036181179008418e+04 1.449375669205223705e-01
5.906800000000000182e+03 2.402072279333718689e+04 1.458063534657833005e-01
5.910300000000000182e+03 2.395794763516515741e+04 1.436160696205380227e-01
5.913800000000000182e+03 2.394568381143891384e+04 1.453198799298485167e-01
5.917300000000000182e+03 2.381415499945217016e+04 1.432649071142087227e-01
5.920800000000000182e+03 2.373866648770060056e+04 1.421509160821676498e-01
5.924300000000000182e+03 2.377946661166150807e+04 1.416596061967569653e-01
5.927800000000000182e+03 2.384191826728198066e+04 1.428429458845559830e-01
5.931300000000000182e+03 2.386553574163683879e+04 1.380837666969240429e-01
5.934800000000000182e+03 2.372145140456717127e+04 1.410523160552962785e-01
5.938300000000000182e+03 2.361174044478881842e+04 1.429840428599001012e-01
5.941800000000000182e+03 2.325482355690859185e+04 1.439144354942933079e-01
5.945300000000000182e+03 2.324702971013543356e+04 1.428711957498654261e-01
5.948800000000000182e+03 2.333775108683701546e+04 1.440439685555186256e-01
5.952300000000000182e+03 2.342827814112531632e+04 1.423187712895460644e-01
5.955800000000000182e+03 2.330735892811144367e+04 1.394137611007017774e-01
5.959300000000000182e+03 2.344828430796625980e+04 1.380889872442928323e-01
5.962800000000000182e+03 2.320686789642160511e+04 1.401937768894342684e-01
5.966300000000000182e+03 2.311969508197056348e+04 1.366384950532596176e-01
5.969800000000000182e+03 2.305578049275434387e+04 1.352879183528754858e-01
5.973300000000000182e+03 2.302214156114423895e+04 1.358690278595196255e-01
5.976800000000000182e+03 2.288440445313152668e+04 1.332257459461689275e-01
5.980300000000000182e+03 2.286679695258385254e+04 1.337738672709853915e-01
5.983800000000000182e+03 2.280158622243158243e+04 1.336836348595595858e-01
5.987300000000000182e+03 2.266932799954026632e+04 1.343567417712375200e-01
5.990800000000000182e+03 2.242064310988056604e+04 1.329746071710588007e-01
5.994300000000000182e+03 2.246288668559447251e+04 1.325728899229909608e-01
5.997800000000000182e+03 2.227280156064617404e+04 1.323446972672562005e-01
