# wavelength angstroms, flux, ext coeff
5.551500000000000000e+03 8.835779691632786125e+03 1.539254494739213941e-01
5.558500000000000000e+03 9.292324595915555619e+03 1.472999350701746368e-01
5.565500000000000000e+03 9.705790029384535956e+03 1.402963340787835578e-01
5.572500000000000000e+03 9.758145459133525947e+03 1.397076320562008755e-01
5.579500000000000000e+03 9.936043353445382309e+03 1.405169239506049161e-01
5.586500000000000000e+03 9.792537712410072345e+03 1.391959770630482873e-01
5.593500000000000000e+03 9.556846395109043442e+03 1.377592139579675856e-01
5.600500000000000000e+03 9.018876478881229559e+03 1.397352353622067223e-01
5.607500000000000000e+03 8.769679693196767403e+03 1.412624143928481735e-01
5.614500000000000000e+03 8.802871765176985718e+03 1.405288114836666102e-01
5.621500000000000000e+03 9.131018148168399421e+03 1.401497053329962550e-01
5.628500000000000000e+03 9.814440812886808999e+03 1.369137423423675282e-01
5.635500000000000000e+03 1.021861569404867805e+04 1.412913432825362303e-01
5.642500000000000000e+03 1.069725974774954011e+04 1.404249118265210872e-01
5.649500000000000000e+03 1.092385601035370564e+04 1.402867720080535618e-01
5.656500000000000000e+03 1.133988985418415177e+04 1.404717415935253233e-01
5.663500000000000000e+03 1.144357735458042407e+04 1.400173368255480111e-01
5.670500000000000000e+03 1.158854938755977309e+04 1.414391795474158608e-01
5.677500000000000000e+03 1.201830982192588817e+04 1.422917105762324941e-01
5.684500000000000000e+03 1.232647961589847000e+04 1.414415543865901737e-01
5.691500000000000000e+03 1.279086647042018376e+04 1.417190338874515509e-01
5.698500000000000000e+03 1.291149319522135011e+04 1.423318537356821900e-01
5.705500000000000000e+03 1.327691971351528991e+04 1.395895910227090975e-01
5.712500000000000000e+03 1.340454445444469638e+04 1.413980562914085581e-01
5.719500000000000000e+03 1.399401673571168976e+04 1.412545872140537617e-01
5.726500000000000000e+03 1.459025428418629235e+04 1.416561053890331989e-01
5.733500000000000000e+03 1.483676476865623226e+04 1.396158626126286495e-01
5.740500000000000000e+03 1.511434879608243500e+04 1.397858441776026472e-01
5.747500000000000000e+03 1.508200406314917927e+04 1.387546141500510810e-01
5.754500000000000000e+03 1.496725180733759771e+04 1.369062420525731794e-01
5.761500000000000000e+03 1.461396244325154839e+04 1.398920871985148418e-01
5.768500000000000000e+03 1.426520152447626606e+04 1.369422402543959139e-01
5.775500000000000000e+03 1.461330398015200262e+04 1.348552420505855498e-01
5.782500000000000000e+03 1.493761027191104586e+04 1.353557342288450038e-01
5.789500000000000000e+03 1.506166176346233442e+04 1.362782605047085649e-01
5.796500000000000000e+03 1.519486067348634060e+04 1.347587110336826710e-01
5.803500000000000000e+03 1.510994006160435492e+04 1.344092886172005563e-01
5.810500000000000000e+03 1.522675094094083579e+04 1.320772002805782608e-01
5.817500000000000000e+03 1.528000924103104080e+04 1.326895904474082732e-01
5.824500000000000000e+03 1.566253179154896134e+04 1.326783989699795441e-01
5.831500000000000000e+03 1.585320930349425726e+04 1.309127980509850742e-01
5.838500000000000000e+03 1.606374418433193023e+04 1.314709135816321262e-01
5.845500000000000000e+03 1.573978625447379090e+04 1.334757081238258647e-01
5.852500000000000000e+03 1.581825708141958057e+04 1.331659631118085885e-01
5.859500000000000000e+03 1.539322522794375072e+04 1.307953892990894595e-01
5.866500000000000000e+03 1.498086483574657905e+04 1.321302596815753794e-01
5.873500000000000000e+03 1.446370648070363859e+04 1.338418554121091342e-01
5.880500000000000000e+03 1.385340365878569355e+04 1.395353757564623542e-01
5.887500000000000000e+03 1.359511416901945449e+04 1.408543735287567933e-01
5.894500000000000000e+03 1.337840087897463854e+04 1.435315301668564636e-01
5.901500000000000000e+03 1.382445172075905248e+04 1.450595117834112269e-01
5.908500000000000000e+03 1.414737848191849298e+04 1.466796033946633493e-01
5.915500000000000000e+03 1.450844645855739691e+04 1.427852226955315107e-01
5.922500000000000000e+03 1.465821912369472557e+04 1.412822562461329423e-01
5.929500000000000000e+03 1.490629324694012575e+04 1.437105321626960253e-01
5.936500000000000000e+03 1.488744337765016280e+04 1.420537469111665674e-01
5.943500000000000000e+03 1.506092258590950405e+04 1.410547347153663367e-01
5.950500000000000000e+03 1.532168833912684750e+04 1.405276472600784365e-01
5.957500000000000000e+03 1.541490822469752675e+04 1.402628517561249344e-01
5.964500000000000000e+03 1.583503600500158427e+04 1.392852743352219480e-01
5.971500000000000000e+03 1.626658561065660251e+04 1.347868978384691996e-01
5.978500000000000000e+03 1.648339784712919936e+04 1.366516165725772114e-01
5.985500000000000000e+03 1.699406261611252557e+04 1.343571908224875933e-01
5.992500000000000000e+03 1.716895820612628449e+04 1.309251773097247495e-01
5.999500000000000000e+03 1.753863027063722984e+04 1.291783317860486224e-01
6.006500000000000000e+03 1.791383726692037453e+04 1.300940252849482892e-01
6.013500000000000000e+03 1.826204257850181602e+04 1.287085283731373986e-01
6.020500000000000000e+03 1.872295817553738743e+04 1.280150382581547452e-01
6.027500000000000000e+03 1.911338090386685872e+04 1.273492232630900611e-01
6.034500000000000000e+03 1.944799329313914131e+04 1.254942181175750515e-01
6.041500000000000000e+03 1.965919433916211347e+04 1.263211094774183141e-01
6.048500000000000000e+03 2.005422949775275993e+04 1.257856157082897219e-01
6.055500000000000000e+03 2.053562553980395387e+04 1.234206622700843303e-01
6.062500000000000000e+03 2.067603875966583655e+04 1.239860041925941736e-01
6.069500000000000000e+03 2.090442560553948715e+04 1.231009589112745523e-01
6.076500000000000000e+03 2.098890640388394604e+04 1.220402050120458354e-01
6.083500000000000000e+03 2.117676262657910047e+04 1.221427429516534213e-01
6.090500000000000000e+03 2.121830810312769972e+04 1.225327004477808485e-01
6.097500000000000000e+03 2.149558672120277333e+04 1.192616308039119721e-01
6.104500000000000000e+03 2.137903449370193266e+04 1.190291104816270235e-01
6.111500000000000000e+03 2.151411237430907931e+04 1.171061752636856634e-01
6.118500000000000000e+03 2.159437234238328529e+04 1.173064270597318631e-01
6.125500000000000000e+03 2.136821371976071896e+04 1.147686581357976188e-01
6.132500000000000000e+03 2.135494984175860372e+04 1.162449610618352530e-01
6.139500000000000000e+03 2.145034868910059231e+04 1.139599296060566647e-01
6.146500000000000000e+03 2.138683770122527858e+04 1.134490121103470806e-01
6.153500000000000000e+03 2.041781319424109097e+04 1.162714053830167654e-01
6.160500000000000000e+03 1.887912102915479772e+04 1.099960127317649167e-01
6.167500000000000000e+03 1.737532957213111513e+04 1.104740352858685770e-01
6.174500000000000000e+03 1.692377968485233578e+04 1.111684108625770329e-01
6.181500000000000000e+03 1.689218136789185883e+04 1.107572947210208186e-01
6.188500000000000000e+03 1.722678700923369979e+04 1.099714783388435202e-01
6.195500000000000000e+03 1.718578996772716710e+04 1.079913790240105559e-01
6.202500000000000000e+03 1.703498892526302734e+04 1.072660783738577789e-01
6.209500000000000000e+03 1.658942971149149525e+04 1.070330162046395361e-01
6.216500000000000000e+03 1.630537963333216067e+04 1.066227916363603340e-01
6.223500000000000000e+03 1.584275027894901359e+04 1.084089501505020731e-01
6.230500000000000000e+03 1.583791942783415107e+04 1.041394201949725484e-01
6.237500000000000000e+03 1.592590330723072657e+04 1.032502152465395590e-01
6.244500000000000000e+03 1.606621256708206602e+04 1.024389476255760656e-01
6.251500000000000000e+03 1.636545437845982815e+04 1.025003113840199098e-01
6.258500000000000000e+03 1.672653143297055431e+04 1.081808885531120590e-01
6.265500000000000000e+03 1.715906376596215705e+04 1.109675902839152017e-01
6.272500000000000000e+03 1.740455443921451297e+04 1.089071439145965631e-01
6.279500000000000000e+03 1.777968020961672300e+04 1.124743964688096204e-01
6.286500000000000000e+03 1.827272905466016164e+04 1.152927679539623440e-01
6.293500000000000000e+03 1.906808061998428457e+04 1.117977982944445836e-01
6.300500000000000000e+03 1.956977518287683415e+04 1.101317911683692141e-01
6.307500000000000000e+03 2.034689113272998293e+04 1.041189341783092664e-01
6.314500000000000000e+03 2.043274746177366615e+04 1.060242512356685679e-01
6.321500000000000000e+03 2.067958620424108085e+04 1.045377845603435440e-01
6.328500000000000000e+03 2.108515187969001636e+04 9.948867167510934417e-02
6.335500000000000000e+03 2.103245446339802947e+04 1.003368291853355548e-01
6.342500000000000000e+03 2.133123848033147806e+04 9.830403874387205754e-02
6.349500000000000000e+03 2.162250850338035525e+04 9.792552129163904773e-02
6.356500000000000000e+03 2.180119880531471426e+04 9.529850044687003530e-02
6.363500000000000000e+03 2.221421765736737143e+04 9.454099313137202809e-02
6.370500000000000000e+03 2.220227658316864836e+04 9.619537836449307266e-02
6.377500000000000000e+03 2.247924364194794907e+04 9.413391370250499823e-02
6.384500000000000000e+03 2.244563689704734497e+04 9.566714054958032343e-02
6.391500000000000000e+03 2.232343039492590833e+04 9.415285718669234860e-02
6.398500000000000000e+03 2.247353379162314013e+04 9.298382457899809217e-02
6.405500000000000000e+03 2.233151145871296467e+04 9.041309977755135341e-02
6.412500000000000000e+03 2.223865928657699624e+04 9.071709475263521616e-02
6.419500000000000000e+03 2.236381496017481913e+04 8.999395706410510953e-02
6.426500000000000000e+03 2.221208757725713440e+04 9.179720052269360608e-02
6.433500000000000000e+03 2.250067723423088319e+04 9.173132566601016613e-02
6.440500000000000000e+03 2.243150842200912302e+04 9.088489426904843016e-02
6.447500000000000000e+03 2.216517359155431404e+04 9.226374675222616395e-02
6.454500000000000000e+03 2.202398800028745245e+04 9.278184956356246016e-02
6.461500000000000000e+03 2.191596259808352261e+04 9.453262376895274488e-02
6.468500000000000000e+03 2.171914413546637297e+04 9.536981906572551682e-02
6.475500000000000000e+03 2.145407249124529699e+04 9.959907058394337764e-02
6.482500000000000000e+03 2.148326710230555909e+04 9.655251097956754625e-02
6.489500000000000000e+03 2.190045297638468401e+04 9.513044661297133386e-02
6.496500000000000000e+03 2.211625384807196679e+04 9.557654214479584243e-02
6.503500000000000000e+03 2.315821408537528259e+04 9.608077310445861663e-02
6.510500000000000000e+03 2.346214360621472588e+04 9.220282398313424388e-02
6.517500000000000000e+03 2.388163478515112729e+04 9.223507027338563591e-02
6.524500000000000000e+03 2.413280605068906152e+04 9.528421093918219842e-02
6.531500000000000000e+03 2.410591873408516039e+04 9.584226756707039940e-02
6.538500000000000000e+03 2.411933681942952535e+04 9.301780521281741154e-02
6.545500000000000000e+03 2.414591702594582966e+04 9.324293901615249291e-02
6.552500000000000000e+03 2.407861743980287065e+04 8.837635176932540082e-02
6.559500000000000000e+03 2.489124894426417086e+04 7.489074998194332478e-02
6.566500000000000000e+03 2.554946096235968798e+04 6.027136629194351780e-02
6.573500000000000000e+03 2.567333466843419228e+04 6.043278857130948006e-02
6.580500000000000000e+03 2.531202771954965283e+04 7.463604423885789041e-02
6.587500000000000000e+03 2.468915192680824111e+04 9.220916381451257915e-02
6.594500000000000000e+03 2.470161959131011099e+04 9.488974953236589682e-02
6.601500000000000000e+03 2.547056730745023378e+04 8.651677572441270059e-02
6.608500000000000000e+03 2.555841301748283877e+04 8.102015669345688509e-02
6.615500000000000000e+03 2.565896014699563966e+04 7.792991556230710604e-02
6.622500000000000000e+03 2.544892270929476945e+04 7.881607827175145242e-02
6.629500000000000000e+03 2.562889535514817544e+04 7.536663818358720068e-02
6.636500000000000000e+03 2.577594532198417437e+04 7.552408136615605672e-02
6.643500000000000000e+03 2.599914475985388708e+04 7.793122757223644448e-02
6.650500000000000000e+03 2.604697420325823259e+04 7.540543507139702006e-02
6.657500000000000000e+03 2.554142699885294860e+04 7.357992811918419307e-02
6.664500000000000000e+03 2.456488617649886510e+04 7.316566806954263869e-02
6.671500000000000000e+03 2.395508330553255291e+04 7.363633129711905090e-02
6.678500000000000000e+03 2.254393827515242447e+04 7.359078580283917592e-02
6.685500000000000000e+03 2.162040053675062154e+04 7.260180329663788734e-02
6.692500000000000000e+03 2.064461293886970452e+04 7.131361106535924477e-02
6.699500000000000000e+03 1.963424911177002650e+04 7.023671027828798374e-02
6.706500000000000000e+03 1.895146118412024225e+04 7.126438767073074720e-02
6.713500000000000000e+03 1.844169324920551662e+04 7.038522451269352276e-02
6.720500000000000000e+03 1.829917552561161210e+04 7.076769709647316720e-02
6.727500000000000000e+03 1.810785565350385150e+04 7.051428052922810441e-02
6.734500000000000000e+03 1.795150873149085237e+04 7.008233383988198006e-02
6.741500000000000000e+03 1.800716630392249135e+04 7.023989496011345812e-02
6.748500000000000000e+03 1.791850106108563341e+04 6.971928447480069124e-02
6.755500000000000000e+03 1.775233761060155302e+04 6.937555853823670904e-02
6.762500000000000000e+03 1.801518076764733996e+04 6.685629470686893505e-02
6.769500000000000000e+03 1.777447881681512445e+04 6.789355809001089426e-02
6.776500000000000000e+03 1.788892310902394092e+04 6.608892465263298266e-02
6.783500000000000000e+03 1.776198773118140889e+04 6.761139471439799042e-02
6.790500000000000000e+03 1.777825681819011152e+04 6.530350211675038652e-02
6.797500000000000000e+03 1.793408488763528294e+04 6.742183329882420195e-02
6.804500000000000000e+03 1.853899231514725398e+04 6.679882640258097415e-02
6.811500000000000000e+03 1.863785019991753870e+04 6.630555509645366663e-02
6.818500000000000000e+03 1.932077249715147627e+04 6.708885433362622719e-02
6.825500000000000000e+03 1.953825716811781240e+04 6.494185226868097460e-02
6.832500000000000000e+03 1.976388214977040843e+04 6.637350361124483289e-02
6.839500000000000000e+03 2.013914858156981791e+04 6.672987721538446715e-02
6.846500000000000000e+03 2.028658996474263040e+04 7.208878087280173874e-02
6.853500000000000000e+03 1.929264518571680674e+04 9.175725267460707602e-02
6.860500000000000000e+03 1.773742930347182119e+04 1.105055380888118888e-01
6.867500000000000000e+03 1.689959861203177570e+04 8.597540340381934487e-02
6.874500000000000000e+03 1.642616170770192548e+04 9.551184615424099245e-02
6.881500000000000000e+03 1.628973598300618141e+04 1.350501089653085018e-01
6.888500000000000000e+03 1.765948429426789517e+04 1.284856032772525303e-01
6.895500000000000000e+03 1.903031361792196913e+04 1.079649698675958225e-01
6.902500000000000000e+03 1.986947770289820619e+04 1.040281452004144097e-01
6.909500000000000000e+03 2.071006701339833307e+04 1.031468495817313702e-01
6.916500000000000000e+03 2.169025267938139223e+04 9.960322451424538648e-02
6.923500000000000000e+03 2.220881926134477544e+04 9.335188157610689597e-02
6.930500000000000000e+03 2.265989224687877868e+04 9.311926537020083494e-02
6.937500000000000000e+03 2.320988434523401520e+04 9.158921373640328822e-02
6.944500000000000000e+03 2.399607712833898040e+04 8.921801335234154362e-02
6.951500000000000000e+03 2.515799845848624682e+04 8.433904163612460092e-02
6.958500000000000000e+03 2.615227955409715651e+04 8.052021094224245945e-02
6.965500000000000000e+03 2.746652384650828753e+04 7.513721870217113241e-02
6.972500000000000000e+03 2.788682106126897634e+04 7.535714930930537125e-02
6.979500000000000000e+03 2.831972049095925831e+04 7.347083256965768194e-02
6.986500000000000000e+03 2.865289218202728443e+04 7.519383982849354997e-02
6.993500000000000000e+03 2.908156563214828566e+04 7.657673077746741941e-02
7.000500000000000000e+03 2.945752822433985784e+04 7.878691263866356709e-02
7.007500000000000000e+03 3.018806577657311573e+04 7.846668306095969103e-02
7.014500000000000000e+03 3.091488901407145022e+04 7.556910856975507240e-02
7.021500000000000000e+03 3.124698219066892852e+04 7.489520584773778911e-02
7.028500000000000000e+03 3.171215172181192975e+04 7.459183213286556258e-02
7.035500000000000000e+03 3.255458477384629805e+04 7.258056662954444349e-02
7.042500000000000000e+03 3.324710057961683924e+04 6.895019040116689979e-02
7.049500000000000000e+03 3.332508980046008219e+04 6.859797046783806806e-02
7.056500000000000000e+03 3.339935760644086986e+04 6.599252776147300492e-02
7.063500000000000000e+03 3.284721940965286922e+04 6.530258171641950549e-02
7.070500000000000000e+03 3.119596122107280098e+04 6.440323068717784816e-02
7.077500000000000000e+03 2.913039067137787788e+04 6.159997727276340929e-02
7.084500000000000000e+03 2.617871788143583399e+04 6.254552193564566487e-02
7.091500000000000000e+03 2.352000436405662549e+04 6.156581103150898793e-02
7.098500000000000000e+03 2.125960310716552704e+04 6.227966769641252870e-02
7.105500000000000000e+03 1.969711756129390051e+04 5.858553614434572343e-02
7.112500000000000000e+03 1.880739516211448790e+04 5.858433389981430178e-02
7.119500000000000000e+03 1.816065787794296921e+04 5.716984682796157069e-02
7.126500000000000000e+03 1.779677749747641792e+04 5.993338213329357095e-02
7.133500000000000000e+03 1.723117419364675152e+04 6.119116035327414049e-02
7.140500000000000000e+03 1.720756915269016463e+04 6.060324084287829760e-02
7.147500000000000000e+03 1.687831686084335161e+04 6.724566288505612333e-02
7.154500000000000000e+03 1.657767166071097017e+04 7.763680492743123274e-02
7.161500000000000000e+03 1.569576858744621131e+04 9.030622238941642121e-02
7.168500000000000000e+03 1.509650360317627019e+04 1.001128301852048513e-01
7.175500000000000000e+03 1.407417173500332137e+04 1.110693556646979302e-01
7.182500000000000000e+03 1.392091047608865301e+04 1.177205278537487299e-01
7.189500000000000000e+03 1.362598559717739772e+04 1.230172468010647530e-01
7.196500000000000000e+03 1.396967618101280823e+04 1.160509671848572594e-01
7.203500000000000000e+03 1.479263595892677222e+04 1.056474398364294215e-01
7.210500000000000000e+03 1.580716020227558874e+04 1.053548680428061102e-01
7.217500000000000000e+03 1.670725145723511741e+04 1.054269130845993246e-01
7.224500000000000000e+03 1.744509220857931359e+04 9.937785715436761591e-02
7.231500000000000000e+03 1.746059822006984905e+04 9.163373464955829051e-02
7.238500000000000000e+03 1.779975653217274885e+04 9.679650005004100666e-02
7.245500000000000000e+03 1.788967811375687961e+04 1.084064241075936852e-01
7.252500000000000000e+03 1.852207441004628345e+04 1.100680697373973560e-01
7.259500000000000000e+03 1.937291829872676681e+04 1.123267853010772588e-01
7.266500000000000000e+03 2.000346502764333491e+04 1.105631778048110775e-01
7.273500000000000000e+03 2.075749965386694385e+04 1.034171446271244660e-01
7.280500000000000000e+03 2.168418954124650190e+04 1.036849761563872624e-01
7.287500000000000000e+03 2.224499093276925487e+04 1.054171691900608471e-01
7.294500000000000000e+03 2.316931105545436731e+04 9.870149832120143907e-02
7.301500000000000000e+03 2.398712061982624073e+04 9.897151394551524650e-02
7.308500000000000000e+03 2.534634314518133397e+04 9.338442696658337538e-02
7.315500000000000000e+03 2.682260913842816808e+04 8.601726132741595310e-02
7.322500000000000000e+03 2.789513333355649229e+04 8.163626687199632137e-02
7.329500000000000000e+03 2.914168470727678141e+04 7.588228477220304580e-02
7.336500000000000000e+03 3.056272043472902442e+04 6.883987469807337223e-02
7.343500000000000000e+03 3.121382218327264491e+04 6.848390217053917928e-02
7.350500000000000000e+03 3.200189074292345686e+04 6.358512227562904129e-02
7.357500000000000000e+03 3.270807594156590130e+04 6.415906461684689477e-02
7.364500000000000000e+03 3.327077839021532418e+04 6.228384916148197586e-02
7.371500000000000000e+03 3.443644064947889274e+04 5.941286550605759387e-02
7.378500000000000000e+03 3.519743152851828927e+04 6.039321848290313266e-02
7.385500000000000000e+03 3.573900245615926542e+04 5.773748550997542806e-02
7.392500000000000000e+03 3.650653084968969779e+04 5.573850459732166557e-02
7.399500000000000000e+03 3.741734370622960705e+04 5.381212975815641286e-02
7.406500000000000000e+03 3.817577950671692815e+04 5.185315375401131771e-02
7.413500000000000000e+03 3.875926435351424880e+04 4.941743049643854829e-02
7.420500000000000000e+03 3.904104404410669667e+04 4.865074610833550195e-02
7.427500000000000000e+03 3.995045204260078754e+04 4.664552918278906668e-02
7.434500000000000000e+03 3.974419107966191950e+04 4.505190141434974038e-02
7.441500000000000000e+03 4.009729411199779861e+04 4.611285125294844328e-02
7.448500000000000000e+03 3.994606698799619335e+04 4.587982739237492225e-02
7.455500000000000000e+03 4.101498790008915239e+04 4.375278203388383025e-02
7.462500000000000000e+03 4.096045706478429929e+04 4.465916990060088410e-02
7.469500000000000000e+03 4.155259607651535771e+04 4.504403250259860630e-02
7.476500000000000000e+03 4.184924968422869279e+04 4.326849016916992779e-02
7.483500000000000000e+03 4.219572854960945551e+04 4.300415581367477563e-02
7.490500000000000000e+03 4.220338489605177165e+04 4.294209494423107537e-02
7.497500000000000000e+03 4.282028350205085735e+04 4.211467331817370097e-02
7.504500000000000000e+03 4.277748589633475058e+04 4.266729244600282744e-02
7.511500000000000000e+03 4.303896088460226747e+04 4.299304792678858983e-02
7.518500000000000000e+03 4.341821487550767779e+04 4.142172538448727487e-02
7.525500000000000000e+03 4.336855475492490950e+04 4.363170808372734272e-02
7.532500000000000000e+03 4.351862619316131895e+04 4.261916591551550421e-02
7.539500000000000000e+03 4.343250001928290294e+04 4.032231073389682535e-02
7.546500000000000000e+03 4.356962002995702642e+04 4.305800147374601317e-02
7.553500000000000000e+03 4.324379190795470640e+04 4.229507008579017763e-02
7.560500000000000000e+03 4.334372918708572251e+04 4.249153898126346168e-02
7.567500000000000000e+03 4.322821914685711818e+04 4.680781150714745376e-02
7.574500000000000000e+03 4.141054691523409565e+04 6.549554561536591324e-02
7.581500000000000000e+03 3.641624560363993078e+04 1.148208585029419082e-01
7.588500000000000000e+03 2.752378260454196788e+04 1.681157136848948352e-01
7.595500000000000000e+03 1.967464514720856459e+04 1.244414697064512715e-01
7.602500000000000000e+03 1.372031078189495383e+04 6.437004685834860074e-02
7.609500000000000000e+03 9.988476915495719368e+03 2.434144066221285152e-01
7.616500000000000000e+03 9.988217723423860662e+03 3.950201909219110408e-01
7.623500000000000000e+03 1.130534521057894199e+04 3.558178683321234770e-01
7.630500000000000000e+03 1.216395273736228955e+04 2.696077023951331531e-01
7.637500000000000000e+03 1.225836703896879590e+04 2.426877686144306989e-01
7.644500000000000000e+03 1.348112961868823913e+04 2.254273925862157191e-01
7.651500000000000000e+03 1.585084003860816119e+04 1.923809399200089032e-01
7.658500000000000000e+03 1.845540217989766461e+04 1.566403452251254047e-01
7.665500000000000000e+03 2.074832453478094976e+04 1.238758091720520427e-01
7.672500000000000000e+03 2.257860865846928573e+04 9.916457106885244455e-02
7.679500000000000000e+03 2.385785934234597880e+04 8.168107806518333514e-02
7.686500000000000000e+03 2.452791641212221293e+04 6.890201956182209764e-02
7.693500000000000000e+03 2.520314998170736362e+04 5.756905103672992768e-02
7.700500000000000000e+03 2.519517423604262513e+04 5.398220067400489458e-02
7.707500000000000000e+03 2.564985437053618443e+04 5.189726385951032306e-02
7.714500000000000000e+03 2.558531049377831368e+04 4.734268373718612810e-02
7.721500000000000000e+03 2.587221621958965625e+04 4.250075403745259828e-02
7.728500000000000000e+03 2.561020711408439456e+04 4.245370373794961349e-02
7.735500000000000000e+03 2.598062215701753303e+04 3.948555699349622083e-02
7.742500000000000000e+03 2.593954039074211687e+04 3.939497574988626294e-02
7.749500000000000000e+03 2.594941230541463301e+04 4.098854636721806222e-02
7.756500000000000000e+03 2.596620117365386977e+04 3.880132847893391634e-02
7.763500000000000000e+03 2.557463722249431521e+04 3.771831952781726921e-02
7.770500000000000000e+03 2.560512426212552964e+04 3.854555688947309405e-02
7.777500000000000000e+03 2.617306516953207029e+04 3.571281118309273250e-02
7.784500000000000000e+03 2.649198699718781063e+04 3.935338454922827217e-02
7.791500000000000000e+03 2.666284947250905316e+04 4.082349105840097497e-02
7.798500000000000000e+03 2.689974566533951293e+04 3.832965192398610915e-02
7.805500000000000000e+03 2.677470930359582053e+04 3.807325240366188357e-02
7.812500000000000000e+03 2.688120291126850498e+04 4.011534371393286891e-02
7.819500000000000000e+03 2.625582993018831621e+04 3.871805202154521980e-02
7.826500000000000000e+03 2.615985741909356148e+04 3.764142395001873753e-02
7.833500000000000000e+03 2.583067720929842108e+04 3.750547552689025704e-02
7.840500000000000000e+03 2.532768890108847336e+04 3.637362044214995788e-02
7.847500000000000000e+03 2.515379148394987351e+04 3.839989271652875097e-02
7.854500000000000000e+03 2.533969302478808822e+04 3.681234164948930798e-02
7.861500000000000000e+03 2.554365958374093316e+04 3.965152180136276988e-02
7.868500000000000000e+03 2.580678237283455019e+04 4.368576150709397449e-02
7.875500000000000000e+03 2.634519645424450209e+04 4.196017750792836731e-02
7.882500000000000000e+03 2.574429943450216160e+04 4.605455678042252171e-02
7.889500000000000000e+03 2.533046728526063089e+04 4.533062094256275903e-02
7.896500000000000000e+03 2.497156615422486720e+04 4.980581287593633527e-02
7.903500000000000000e+03 2.489363848877103010e+04 4.830551513904252081e-02
7.910500000000000000e+03 2.503556778619577381e+04 4.787410995328268692e-02
7.917500000000000000e+03 2.534625636652292087e+04 4.576880193423087800e-02
7.924500000000000000e+03 2.589679307897926265e+04 4.523848896391580165e-02
7.931500000000000000e+03 2.648102047081461205e+04 4.278233488312147698e-02
7.938500000000000000e+03 2.685771744287526599e+04 4.381526861904556924e-02
7.945500000000000000e+03 2.686609307694100426e+04 4.513950884238378258e-02
7.952500000000000000e+03 2.702656276884150429e+04 4.431778359199093492e-02
7.959500000000000000e+03 2.686438480663693190e+04 4.378350221868693853e-02
7.966500000000000000e+03 2.724380750019373227e+04 4.422644409430832868e-02
7.973500000000000000e+03 2.756769069432269316e+04 4.892284914186591921e-02
7.980500000000000000e+03 2.826767328974285920e+04 4.493577202466274290e-02
7.987500000000000000e+03 2.850408116610941579e+04 4.354322401328727943e-02
7.994500000000000000e+03 2.921392100418736300e+04 4.388883097096767105e-02
8.001500000000000000e+03 2.927310121241744491e+04 4.734454750267799023e-02
8.008500000000000000e+03 2.980356763513734768e+04 4.691961863319242532e-02
8.015500000000000000e+03 2.962098272045265912e+04 4.793851591821275682e-02
8.022500000000000000e+03 2.955226123063472915e+04 4.763895952220079111e-02
8.029500000000000000e+03 2.996194417473562498e+04 4.792507706293450132e-02
8.036500000000000000e+03 3.012906813635086655e+04 4.487096451272964276e-02
8.043500000000000000e+03 3.052187596397376910e+04 4.286975979784952290e-02
8.050500000000000000e+03 3.138920922206043542e+04 4.038594468064119619e-02
8.057500000000000000e+03 3.150240987171434972e+04 4.084211792960979609e-02
8.064500000000000000e+03 3.200652473419380476e+04 3.965813885643602182e-02
8.071500000000000000e+03 3.208925810234724486e+04 4.099469486566247739e-02
8.078500000000000000e+03 3.270482914590000291e+04 4.178750991211990090e-02
8.085500000000000000e+03 3.238921791076904265e+04 4.282432349850151532e-02
8.092500000000000000e+03 3.271868905483494018e+04 4.224087442790899066e-02
8.099500000000000000e+03 3.243863313813150307e+04 4.401236042218358707e-02
8.106500000000000000e+03 3.282359553748195322e+04 4.834418721018234055e-02
8.113500000000000000e+03 3.258393361483688204e+04 5.537742379027475043e-02
8.120500000000000000e+03 3.207201951640185871e+04 6.455563116096703358e-02
8.127500000000000000e+03 3.141036164823620857e+04 7.200133123761133513e-02
8.134500000000000000e+03 3.058646306565879786e+04 7.614638750589815264e-02
8.141500000000000000e+03 2.964560309823191710e+04 8.623289594600845598e-02
8.148500000000000000e+03 2.853016650730516994e+04 9.667385473689329989e-02
8.155500000000000000e+03 2.819282710917406075e+04 9.548576176493375756e-02
8.162500000000000000e+03 2.758456016278197421e+04 9.464977359434370574e-02
8.169500000000000000e+03 2.728832703041597051e+04 1.028743290941774580e-01
8.176500000000000000e+03 2.771493563534101122e+04 9.767085080743864722e-02
8.183500000000000000e+03 2.803588923445180990e+04 9.291596914463941259e-02
8.190500000000000000e+03 2.869975566522680674e+04 8.394783106478552470e-02
8.197500000000000000e+03 3.018453458668621170e+04 7.540011706048169171e-02
8.204500000000000000e+03 3.139741169712841656e+04 8.069862356478182952e-02
8.211500000000000000e+03 3.137974577680470975e+04 9.065350125794020830e-02
8.218500000000000000e+03 3.019645607663318515e+04 9.120579510085972952e-02
8.225500000000000000e+03 2.954165655270280695e+04 6.763129497579203897e-02
8.232500000000000000e+03 2.973287488655708148e+04 6.714323947769916534e-02
8.239500000000000000e+03 3.007846015785584314e+04 9.086361530015936439e-02
8.246500000000000000e+03 3.149569371621848768e+04 8.321844260082184030e-02
8.253500000000000000e+03 3.277593553249525576e+04 7.023931808764731499e-02
8.260500000000000000e+03 3.286259567241131299e+04 6.443932720655437540e-02
8.267500000000000000e+03 3.198069493930258977e+04 7.132633417765057993e-02
8.274500000000000000e+03 3.150767632992147628e+04 6.715083165945644195e-02
8.281500000000000000e+03 3.115073459071961406e+04 6.833028983043228088e-02
8.288500000000000000e+03 3.121210548906571057e+04 7.043831430658074877e-02
8.295500000000000000e+03 3.120631861656042747e+04 7.082738664663461303e-02
8.302500000000000000e+03 3.134613974544208395e+04 6.886175802300657789e-02
8.309500000000000000e+03 3.096706686098423233e+04 6.818514476044527928e-02
8.316500000000000000e+03 3.078719012900747475e+04 6.423675732568276397e-02
8.323500000000000000e+03 3.122777832362250410e+04 5.794905516843745774e-02
8.330500000000000000e+03 3.112395889752469884e+04 5.960463393405505267e-02
8.337500000000000000e+03 3.118925509217693980e+04 5.706510280739975072e-02
8.344500000000000000e+03 3.201783569139511019e+04 5.413470097844495094e-02
8.351500000000000000e+03 3.257101312794800833e+04 5.217408445355005420e-02
8.358500000000000000e+03 3.297085769306746079e+04 4.732122319078098382e-02
8.365500000000000000e+03 3.254827928659314784e+04 4.656331929200670933e-02
8.372500000000000000e+03 3.276259121154105014e+04 4.361080252964531084e-02
8.379500000000000000e+03 3.247016555658599464e+04 4.242983335047823684e-02
8.386500000000000000e+03 3.213630523345215261e+04 4.032559879186813773e-02
8.393500000000000000e+03 3.213047045867478300e+04 3.938967018215337040e-02
8.400500000000000000e+03 3.218549403288932081e+04 3.942392425816133167e-02
8.407500000000000000e+03 3.188162009926854080e+04 3.574864072367533313e-02
8.414500000000000000e+03 3.092387490130267906e+04 3.580805348465095073e-02
8.421500000000000000e+03 2.953370700876601404e+04 3.686100563251386297e-02
8.428500000000000000e+03 2.762215815977357124e+04 3.455439625968700912e-02
8.435500000000000000e+03 2.592532624171930001e+04 3.372645633531627662e-02
8.442500000000000000e+03 2.427067283839162337e+04 3.253098408375475897e-02
8.449500000000000000e+03 2.308248072323759334e+04 3.204521674942995002e-02
8.456500000000000000e+03 2.276952610259570793e+04 3.015917483871988561e-02
8.463500000000000000e+03 2.312341354738289010e+04 2.908458649187950495e-02
8.470500000000000000e+03 2.335900459502122976e+04 3.015419227638553926e-02
8.477500000000000000e+03 2.362358905937167219e+04 3.202916574902184982e-02
8.484500000000000000e+03 2.338730338015115558e+04 3.296297445841955831e-02
8.491500000000000000e+03 2.349798627648146794e+04 3.342314088548303808e-02
8.498500000000000000e+03 2.330271777708835725e+04 3.014668775244402910e-02
8.505500000000000000e+03 2.336843229952690308e+04 2.967008387581508005e-02
8.512500000000000000e+03 2.357162909791992206e+04 2.748099686057757507e-02
8.519500000000000000e+03 2.374400007756075865e+04 3.165577990677888309e-02
8.526500000000000000e+03 2.397197452382030679e+04 3.497125287944941735e-02
8.533500000000000000e+03 2.452325839076618286e+04 3.365260331763995222e-02
8.540500000000000000e+03 2.483388156074100698e+04 2.643646613109939397e-02
8.547500000000000000e+03 2.562132466107547225e+04 1.918671946070471535e-02
8.554500000000000000e+03 2.593068510412909018e+04 2.082641531391053735e-02
8.561500000000000000e+03 2.588704462480296206e+04 2.679225914764760477e-02
8.568500000000000000e+03 2.595795518538639226e+04 3.678360412161444520e-02
8.575500000000000000e+03 2.636005117790791701e+04 3.542505766512842741e-02
8.582500000000000000e+03 2.669517045944349229e+04 3.051524921077860761e-02
8.589500000000000000e+03 2.740830202640615607e+04 2.570333821322708101e-02
8.596500000000000000e+03 2.767143006382587919e+04 2.345928056623415234e-02
8.603500000000000000e+03 2.851704152232333945e+04 2.089742222403723551e-02
8.610500000000000000e+03 2.888948504469335603e+04 2.351406034032821335e-02
8.617500000000000000e+03 2.903601659626213950e+04 2.369822837054167547e-02
8.624500000000000000e+03 2.917761137508462343e+04 3.436823188601806356e-02
8.631500000000000000e+03 2.925015830812683635e+04 3.361198688101828952e-02
8.638500000000000000e+03 3.010632962803564806e+04 3.289987129772753427e-02
8.645500000000000000e+03 3.015203715787036708e+04 3.255063804300938057e-02
8.652500000000000000e+03 3.005909675819912445e+04 2.966902233268961867e-02
8.659500000000000000e+03 3.039913407374344024e+04 2.163973111606956601e-02
8.666500000000000000e+03 3.064175129058463426e+04 1.033624347692483313e-02
8.673500000000000000e+03 3.079851108461403055e+04 1.139468756257546421e-02
8.680500000000000000e+03 3.058241934049478368e+04 2.231077146795487978e-02
8.687500000000000000e+03 3.125656731869093710e+04 2.778475485468762454e-02
8.694500000000000000e+03 3.148750344479901833e+04 3.321998741822489859e-02
8.701500000000000000e+03 3.212486257569209920e+04 3.110339553707101856e-02
8.708500000000000000e+03 3.236489939350124041e+04 3.238548410016881679e-02
8.715500000000000000e+03 3.241282460168612670e+04 3.048441820688996967e-02
8.722500000000000000e+03 3.294784479118136369e+04 3.100098257499235913e-02
8.729500000000000000e+03 3.317778666998769040e+04 3.286029606155120575e-02
8.736500000000000000e+03 3.362110263266276161e+04 2.488045105261281476e-02
8.743500000000000000e+03 3.426599206807630981e+04 1.205387093048515199e-02
8.750500000000000000e+03 3.458640794566901604e+04 8.807429949465704275e-03
8.757500000000000000e+03 3.493558120386020164e+04 1.273685727780459430e-02
8.764500000000000000e+03 3.375076010969767958e+04 2.549736904319508182e-02
8.771500000000000000e+03 3.400552554777877231e+04 3.053525279986437843e-02
8.778500000000000000e+03 3.459608924077793927e+04 2.851614593355174601e-02
8.785500000000000000e+03 3.448208170849461021e+04 2.784023218748308062e-02
8.792500000000000000e+03 3.465207666087881807e+04 3.076889296931200821e-02
8.799500000000000000e+03 3.453024553706836014e+04 2.835718665897515520e-02
8.806500000000000000e+03 3.493672330983573192e+04 2.599811637357345162e-02
8.813500000000000000e+03 3.443832580922776833e+04 2.766934713062764103e-02
8.820500000000000000e+03 3.464815898415543779e+04 2.744160234549463881e-02
8.827500000000000000e+03 3.448408514809287590e+04 3.044538603000642232e-02
8.834500000000000000e+03 3.499276833350315428e+04 2.724439315147011986e-02
8.841500000000000000e+03 3.497777225000604813e+04 2.944825955588330907e-02
8.848500000000000000e+03 3.509877653004034801e+04 2.682353385965773745e-02
8.855500000000000000e+03 3.558208528852586460e+04 2.190843133667176937e-02
8.862500000000000000e+03 3.580141871939723205e+04 1.550328864994222032e-02
8.869500000000000000e+03 3.584249270182783948e+04 9.917613939325138975e-03
8.876500000000000000e+03 3.597423532532838726e+04 1.535660321351180364e-02
8.883500000000000000e+03 3.506272888389048603e+04 2.682906635333810394e-02
8.890500000000000000e+03 3.454348726063021604e+04 3.611030005393671416e-02
8.897500000000000000e+03 3.515212419745224906e+04 3.344687599546428830e-02
8.904500000000000000e+03 3.491130282522219204e+04 3.195612461340716082e-02
8.911500000000000000e+03 3.516605300580931362e+04 3.194917461882477994e-02
8.918500000000000000e+03 3.483652718314764934e+04 3.491450077970695981e-02
8.925500000000000000e+03 3.388121888635186042e+04 3.881087893211354611e-02
8.932500000000000000e+03 3.320316160869477608e+04 4.598280261684276060e-02
8.939500000000000000e+03 3.215169405579290833e+04 5.736429515020713410e-02
8.946500000000000000e+03 3.047281428566108661e+04 6.712718137536591301e-02
8.953500000000000000e+03 2.916878972718317527e+04 7.540209382484894252e-02
8.960500000000000000e+03 2.791932213401676563e+04 8.195692042214057504e-02
8.967500000000000000e+03 2.706776127601304324e+04 8.960759114132467451e-02
8.974500000000000000e+03 2.584873464789465652e+04 1.098100956759170826e-01
8.981500000000000000e+03 2.511700038027797927e+04 1.147900359299170170e-01
8.988500000000000000e+03 2.464253419909256627e+04 9.937520991630154066e-02
8.995500000000000000e+03 2.422142608698014010e+04 1.091518324839233639e-01
9.002500000000000000e+03 2.479736891002500488e+04 1.060738618376381448e-01
9.009500000000000000e+03 2.589582828921710097e+04 8.809009445542391459e-02
9.016500000000000000e+03 2.664752292686218789e+04 7.953299255298766635e-02
9.023500000000000000e+03 2.774541161680052028e+04 7.227909550725516996e-02
9.030500000000000000e+03 2.896795972819983945e+04 7.788474926558885958e-02
9.037500000000000000e+03 3.022998384228076975e+04 7.535075703622769183e-02
9.044500000000000000e+03 3.049879713852483837e+04 7.447285705712541892e-02
9.051500000000000000e+03 3.016380976998948972e+04 7.928296195287755366e-02
9.058500000000000000e+03 2.856822159838551670e+04 8.966506485010848626e-02
9.065500000000000000e+03 2.715686701488849940e+04 8.648722872161275499e-02
9.072500000000000000e+03 2.611084778240821834e+04 8.929923167877867884e-02
9.079500000000000000e+03 2.509493878325340484e+04 1.028329133784110228e-01
9.086500000000000000e+03 2.489257528399740477e+04 1.097469742496645917e-01
9.093500000000000000e+03 2.482331859141057430e+04 1.124969881902260771e-01
9.100500000000000000e+03 2.509287106226383548e+04 1.027244656223873648e-01
9.107500000000000000e+03 2.512637954534600431e+04 1.077641254498357265e-01
9.114500000000000000e+03 2.516208579868017114e+04 1.206450771414217665e-01
9.121500000000000000e+03 2.460598574052412005e+04 1.227200355207138244e-01
9.128500000000000000e+03 2.420688446395181745e+04 1.120409452125147171e-01
9.135500000000000000e+03 2.407347935796173988e+04 1.122304263545003816e-01
9.142500000000000000e+03 2.360013973066428662e+04 1.361923334345037928e-01
9.149500000000000000e+03 2.384893565921929257e+04 1.200786328405235998e-01
9.156500000000000000e+03 2.455113034548070209e+04 1.038725825220419841e-01
9.163500000000000000e+03 2.398752135059459761e+04 1.307142792937273923e-01
9.170500000000000000e+03 2.464683209062764581e+04 1.152359077086246991e-01
9.177500000000000000e+03 2.547129421235104019e+04 9.307421538068452738e-02
9.184500000000000000e+03 2.603286590070499369e+04 9.777970605405575388e-02
9.191500000000000000e+03 2.701451537848923181e+04 9.017272764844459776e-02
9.198500000000000000e+03 2.792942863871604641e+04 8.063828066225496582e-02
9.205500000000000000e+03 2.786629527499413962e+04 7.800688376438671967e-02
9.212500000000000000e+03 2.755280014587541154e+04 6.882059606036131094e-02
9.219500000000000000e+03 2.703594936205881095e+04 5.865115922887736283e-02
9.226500000000000000e+03 2.672573324283038892e+04 5.659248149960760532e-02
9.233500000000000000e+03 2.631835500029350806e+04 5.948419366094233329e-02
9.240500000000000000e+03 2.546689996519718261e+04 7.018925185853702731e-02
9.247500000000000000e+03 2.472128361195536490e+04 8.065670247262593517e-02
9.254500000000000000e+03 2.476395214314392433e+04 8.870071011859449739e-02
9.261500000000000000e+03 2.436402247774148418e+04 9.416497266069692729e-02
9.268500000000000000e+03 2.277225741692918382e+04 1.131368039306720058e-01
9.275500000000000000e+03 2.082317212549726537e+04 1.224575214886618885e-01
9.282500000000000000e+03 1.859012258614084567e+04 1.430985980802631508e-01
9.289500000000000000e+03 1.624485488304677710e+04 1.756611444842375580e-01
9.296500000000000000e+03 1.461521962162471937e+04 1.906136528732545465e-01
9.303500000000000000e+03 1.295311922130561652e+04 2.208765231913802918e-01
9.310500000000000000e+03 1.135429387985556241e+04 2.448460755122914834e-01
9.317500000000000000e+03 9.785789410291363311e+03 2.644789982672304252e-01
9.324500000000000000e+03 7.858031015238781038e+03 3.201507423019945842e-01
9.331500000000000000e+03 6.568075204012545328e+03 3.646223285892380983e-01
9.338500000000000000e+03 6.327107073261451660e+03 3.308556867981553573e-01
9.345500000000000000e+03 6.251494078106803499e+03 3.484998145631555411e-01
9.352500000000000000e+03 6.384574682451780063e+03 3.703014275204363770e-01
9.359500000000000000e+03 6.492962550904419004e+03 3.673705210390170173e-01
9.366500000000000000e+03 6.526300975402282347e+03 3.598733227652045619e-01
9.373500000000000000e+03 7.403706485142931342e+03 2.987061688612233645e-01
9.380500000000000000e+03 9.240017298037319051e+03 2.480849140115380658e-01
9.387500000000000000e+03 1.138762787557943557e+04 2.558079064263533153e-01
9.394500000000000000e+03 1.289282510401457694e+04 2.635935917604558254e-01
9.401500000000000000e+03 1.372404563728426183e+04 2.215172689900287706e-01
9.408500000000000000e+03 1.320096324106334760e+04 2.163370084632660340e-01
9.415500000000000000e+03 1.204968033328472484e+04 2.464748336545074803e-01
9.422500000000000000e+03 1.133998157863261622e+04 2.434758020730339312e-01
9.429500000000000000e+03 1.034620897236669953e+04 2.438069137706535272e-01
9.436500000000000000e+03 9.769594605575219248e+03 2.444458363928202482e-01
9.443500000000000000e+03 9.509348491273765831e+03 2.518778164469875347e-01
9.450500000000000000e+03 9.244279403802553134e+03 2.995468551467340146e-01
9.457500000000000000e+03 9.966272424583154134e+03 2.625450967471980035e-01
9.464500000000000000e+03 1.030705906925790259e+04 2.648195298427494793e-01
9.471500000000000000e+03 1.057534488686834266e+04 2.737311739463125226e-01
9.478500000000000000e+03 1.115860323735234670e+04 2.442508431424105231e-01
9.485500000000000000e+03 1.105557544119832164e+04 2.721951896791188208e-01
9.492500000000000000e+03 1.099667274568265202e+04 2.418618989388907348e-01
9.499500000000000000e+03 1.152113061511075466e+04 1.947680008284084219e-01
9.506500000000000000e+03 1.074623085564603207e+04 2.845678031122061968e-01
9.513500000000000000e+03 1.085501273158096956e+04 2.885468759908030312e-01
9.520500000000000000e+03 1.159251814529055810e+04 2.218243317451928376e-01
9.527500000000000000e+03 1.145853137895680629e+04 2.473238591684298326e-01
9.534500000000000000e+03 1.168650254193635374e+04 2.661667697403505284e-01
9.541500000000000000e+03 1.232639625072548006e+04 2.260141291558727672e-01
9.548500000000000000e+03 1.237585030243902656e+04 2.025695502691843841e-01
9.555500000000000000e+03 1.219238660536768475e+04 2.050538166712372601e-01
9.562500000000000000e+03 1.267649138038128694e+04 1.973091549523046107e-01
9.569500000000000000e+03 1.295943249640365502e+04 2.196428106065783092e-01
9.576500000000000000e+03 1.288751547037980345e+04 2.433702957579558790e-01
9.583500000000000000e+03 1.300728850827694077e+04 2.113834278821076773e-01
9.590500000000000000e+03 1.317112649603719183e+04 1.792962427682185944e-01
9.597500000000000000e+03 1.317914020718144093e+04 2.008249522497388695e-01
9.604500000000000000e+03 1.418260725538592305e+04 2.104180849651867136e-01
9.611500000000000000e+03 1.508794126633773340e+04 1.990903715925516626e-01
9.618500000000000000e+03 1.596022487173972877e+04 1.645100814825476709e-01
9.625500000000000000e+03 1.611379236894209680e+04 1.654649791696792549e-01
9.632500000000000000e+03 1.587963951037948937e+04 1.719288471754259751e-01
9.639500000000000000e+03 1.644860138240938613e+04 1.409790044968177170e-01
9.646500000000000000e+03 1.646096101416113743e+04 1.484965524943800130e-01
9.653500000000000000e+03 1.646470824020039800e+04 1.652146632762364065e-01
9.660500000000000000e+03 1.780509266290470623e+04 1.276353595506474481e-01
9.667500000000000000e+03 1.904386722491652836e+04 1.084120600355089753e-01
9.674500000000000000e+03 2.050869895567632557e+04 1.098240218799971940e-01
9.681500000000000000e+03 2.206907763286793488e+04 9.106724615886731267e-02
9.688500000000000000e+03 2.280654198562783859e+04 8.511818632136035345e-02
9.695500000000000000e+03 2.333133390024536857e+04 7.580077292840436964e-02
9.702500000000000000e+03 2.356645829451694590e+04 6.681087870051069522e-02
9.709500000000000000e+03 2.308600121667001440e+04 7.416648077150921059e-02
9.716500000000000000e+03 2.281120637342211194e+04 7.772528202047329637e-02
9.723500000000000000e+03 2.181424504982637518e+04 8.442225777154666044e-02
9.730500000000000000e+03 2.080843741941720145e+04 8.792363760905838599e-02
9.737500000000000000e+03 2.056944022556737764e+04 8.710167959879393240e-02
9.744500000000000000e+03 1.987829653112156302e+04 1.002248797793884177e-01
9.751500000000000000e+03 2.004354756983363040e+04 9.347226649725301484e-02
9.758500000000000000e+03 2.046555495822121520e+04 8.641818193934158732e-02
9.765500000000000000e+03 2.099741823486591238e+04 9.124633624574925161e-02
9.772500000000000000e+03 2.109726454678270966e+04 9.297203270527852614e-02
9.779500000000000000e+03 2.117502225666379309e+04 8.089771715687432696e-02
9.786500000000000000e+03 2.127532735886119190e+04 7.378977615300537363e-02
9.793500000000000000e+03 2.129327317422443957e+04 6.967399623331008152e-02
9.800500000000000000e+03 2.209013499924939606e+04 6.269102869326736993e-02
9.807500000000000000e+03 2.275875571055804176e+04 6.940703038894721622e-02
9.814500000000000000e+03 2.274863909541833345e+04 6.745811864440694194e-02
9.821500000000000000e+03 2.324774628784062952e+04 5.285498400378079581e-02
9.828500000000000000e+03 2.302061474078429455e+04 5.123810154064720179e-02
9.835500000000000000e+03 2.331736215417220228e+04 5.076389199436838473e-02
9.842500000000000000e+03 2.373659132179188964e+04 4.446712010826335548e-02
9.849500000000000000e+03 2.399482082399648061e+04 4.075009205929955303e-02
9.856500000000000000e+03 2.416294242604850297e+04 3.893635619960644778e-02
9.863500000000000000e+03 2.435319656046069213e+04 3.519829532761585555e-02
9.870500000000000000e+03 2.468793947696936084e+04 2.657975751181671994e-02
9.877500000000000000e+03 2.457541090148751027e+04 2.952241223228307260e-02
9.884500000000000000e+03 2.448852454063408732e+04 2.657262892607101593e-02
9.891500000000000000e+03 2.442942429842696220e+04 2.474312869830172512e-02
9.898500000000000000e+03 2.394006151986209807e+04 2.341055590708831374e-02
9.905500000000000000e+03 2.411465413969681686e+04 2.265291253509841771e-02
9.912500000000000000e+03 2.365731109347246456e+04 2.445484985939197151e-02
9.919500000000000000e+03 2.330328332650312950e+04 2.706114298269503976e-02
9.926500000000000000e+03 2.344838780207534728e+04 1.999143648535420259e-02
9.933500000000000000e+03 2.311307032968500789e+04 2.245129119632496839e-02
9.940500000000000000e+03 2.297917611137581116e+04 2.686148867135611587e-02
9.947500000000000000e+03 2.299713127475817237e+04 2.314409133720140427e-02
9.954500000000000000e+03 2.269221618176026095e+04 2.010427864032188205e-02
9.961500000000000000e+03 2.266682457918137516e+04 1.620603613083401728e-02
9.968500000000000000e+03 2.209150127277045976e+04 2.183559255607052385e-02
9.975500000000000000e+03 2.200176489478458461e+04 1.830971056961325227e-02
9.982500000000000000e+03 2.190771097992304567e+04 1.993158761531106660e-02
9.989500000000000000e+03 2.176089546581232571e+04 1.469374281153921352e-02
9.996500000000000000e+03 2.156310369770245597e+04 1.258883947083973623e-02
