# wavelength angstroms, flux, ext coeff
3.001800000000000182e+03 1.245480447562453996e+01 0.000000000000000000e+00
3.005300000000000182e+03 1.253104719716859705e+01 0.000000000000000000e+00
3.008800000000000182e+03 1.786894229860849492e+01 0.000000000000000000e+00
3.012300000000000182e+03 1.910070278910135499e+01 0.000000000000000000e+00
3.015800000000000182e+03 2.092337747528882730e+01 0.000000000000000000e+00
3.019300000000000182e+03 2.611589001458593273e+01 0.000000000000000000e+00
3.022800000000000182e+03 3.208183163166022922e+01 0.000000000000000000e+00
3.026300000000000182e+03 4.158049143673169112e+01 0.000000000000000000e+00
3.029800000000000182e+03 4.825495001769254344e+01 0.000000000000000000e+00
3.033300000000000182e+03 5.870429696397975050e+01 0.000000000000000000e+00
3.036800000000000182e+03 6.740460611432503413e+01 0.000000000000000000e+00
3.040300000000000182e+03 8.000687154545218505e+01 0.000000000000000000e+00
3.043800000000000182e+03 9.293557527357147308e+01 0.000000000000000000e+00
3.047300000000000182e+03 1.033199503595082263e+02 0.000000000000000000e+00
3.050800000000000182e+03 1.247608977597408710e+02 0.000000000000000000e+00
3.054300000000000182e+03 1.342514565835958820e+02 0.000000000000000000e+00
3.057800000000000182e+03 3.395388842842133492e+00 2.676191265483294668e+00
3.061300000000000182e+03 1.646363199912875928e+02 0.000000000000000000e+00
3.064800000000000182e+03 5.224374071503732786e+00 2.539800291787396525e+00
3.068300000000000182e+03 6.840538562206997852e+00 2.443376115390806014e+00
3.071800000000000182e+03 8.790576977857432084e+00 2.349794574566738348e+00
3.075300000000000182e+03 1.061527911479815067e+01 2.307159003225331961e+00
3.078800000000000182e+03 1.319117854077627960e+01 2.237229603986682136e+00
3.082300000000000182e+03 1.493287833063370229e+01 2.178915401554381237e+00
3.085800000000000182e+03 1.945092991081149592e+01 2.099464265323941703e+00
3.089300000000000182e+03 2.435767692974560461e+01 2.036406266484044991e+00
3.092800000000000182e+03 2.922512428853845989e+01 1.963987011900433899e+00
3.096300000000000182e+03 3.299126075699264504e+01 1.925543556605257223e+00
3.099800000000000182e+03 3.984619011201721150e+01 1.862389370627876906e+00
3.103300000000000182e+03 4.402198261140674163e+01 1.817730735448978674e+00
3.106800000000000182e+03 4.706636814338586561e+01 1.811196389898733994e+00
3.110300000000000182e+03 4.726224919883253506e+01 1.827642189693348573e+00
3.113800000000000182e+03 5.649098427210703477e+01 1.750106257928055076e+00
3.117300000000000182e+03 6.225912502159273743e+01 1.709251412826013672e+00
3.120800000000000182e+03 6.766434732275081387e+01 1.692955145572516251e+00
3.124300000000000182e+03 7.523378804805443565e+01 1.652846736688899032e+00
3.127800000000000182e+03 8.432685270808970301e+01 1.625222987047809209e+00
3.131300000000000182e+03 9.524553681988351173e+01 1.591690858786647844e+00
3.134800000000000182e+03 1.006045223844996457e+02 1.569223271028398425e+00
3.138300000000000182e+03 1.093646734683159139e+02 1.531495074763135289e+00
3.141800000000000182e+03 1.181776013283897697e+02 1.505715893719153264e+00
3.145300000000000182e+03 1.352927300844021943e+02 1.470000305444626454e+00
3.148800000000000182e+03 1.454887050167639586e+02 1.450896327661748142e+00
3.152300000000000182e+03 1.631581421996208121e+02 1.415150610787734520e+00
3.155800000000000182e+03 1.737308234030365099e+02 1.385357060913823046e+00
3.159300000000000182e+03 1.931511405473035552e+02 1.355733241096056529e+00
3.162800000000000182e+03 2.074083404088032978e+02 1.328546522166593524e+00
3.166300000000000182e+03 2.217202075407861628e+02 1.316171330062493983e+00
3.169800000000000182e+03 2.442954517834733110e+02 1.292792349236930205e+00
3.173300000000000182e+03 2.552168852323072201e+02 1.272660417385364617e+00
3.176800000000000182e+03 2.795266755043739977e+02 1.245814760924064846e+00
3.180300000000000182e+03 2.789669110443660429e+02 1.229232170183474304e+00
3.183800000000000182e+03 3.043200476074341623e+02 1.200025787350764039e+00
3.187300000000000182e+03 3.301366757001796941e+02 1.180372858685334148e+00
3.190800000000000182e+03 3.564074908032755502e+02 1.165379246819851611e+00
3.194300000000000182e+03 3.778050308974894165e+02 1.146250237596935007e+00
3.197800000000000182e+03 3.913950359559128174e+02 1.133022241096768745e+00
3.201300000000000182e+03 4.100393528754122485e+02 1.120045128881696606e+00
3.204800000000000182e+03 4.368863871235338934e+02 1.098841068728160897e+00
3.208300000000000182e+03 4.636213239751253354e+02 1.084041209791033245e+00
3.211800000000000182e+03 5.109832313879501271e+02 1.066679060790529432e+00
3.215300000000000182e+03 5.204226210197235787e+02 1.057862462901952849e+00
3.218800000000000182e+03 5.437682566846256123e+02 1.044875583036336542e+00
3.222300000000000182e+03 5.428538497561424947e+02 1.029315853585362817e+00
3.225800000000000182e+03 5.696673618883052086e+02 1.019266418428678378e+00
3.229300000000000182e+03 5.938511832673655135e+02 1.008249408924432933e+00
3.232800000000000182e+03 6.260603400877489548e+02 9.930476675331111336e-01
3.236300000000000182e+03 6.787565322487492949e+02 9.732126928574666991e-01
3.239800000000000182e+03 6.995683028939927226e+02 9.636507135165932603e-01
3.243300000000000182e+03 7.256544226142888192e+02 9.491046854810688549e-01
3.246800000000000182e+03 7.367663723159760139e+02 9.458181239311863608e-01
3.250300000000000182e+03 7.544314389713997571e+02 9.394954570731017807e-01
3.253800000000000182e+03 7.611630421485352826e+02 9.330017040066450607e-01
3.257300000000000182e+03 8.098816032176084718e+02 9.201318528765545235e-01
3.260800000000000182e+03 8.475496140260050879e+02 9.071393220847300265e-01
3.264300000000000182e+03 8.922742765221572654e+02 8.933853979859259775e-01
3.267800000000000182e+03 9.117928703368058905e+02 8.891475948205689317e-01
3.271300000000000182e+03 9.372256760297159417e+02 8.849302747910896549e-01
3.274800000000000182e+03 9.439819299740145198e+02 8.758194779561652155e-01
3.278300000000000182e+03 9.481414478443219878e+02 8.763061615952688621e-01
3.281800000000000182e+03 9.489659646824552510e+02 8.698078547006485861e-01
3.285300000000000182e+03 9.909621626956919727e+02 8.645567353013290379e-01
3.288800000000000182e+03 1.043259672690610387e+03 8.483369615112466011e-01
3.292300000000000182e+03 1.067639118345251745e+03 8.392760805430106164e-01
3.295800000000000182e+03 1.135096995257313665e+03 8.269866998712075423e-01
3.299300000000000182e+03 1.162021472122744399e+03 8.208933489532044270e-01
3.302800000000000182e+03 1.175344978189947369e+03 8.214916508400464945e-01
3.306300000000000182e+03 1.199637117471080273e+03 8.118946646903956177e-01
3.309800000000000182e+03 1.205811364384913986e+03 8.133529045605715213e-01
3.313300000000000182e+03 1.209402117795971890e+03 8.084696782106371993e-01
3.316800000000000182e+03 1.230404696892180709e+03 8.029593432796440222e-01
3.320300000000000182e+03 1.287976669078391524e+03 7.929167344440575249e-01
3.323800000000000182e+03 1.333149905907795983e+03 7.825647902131201983e-01
3.327300000000000182e+03 1.360544534811122730e+03 7.764858481526745182e-01
3.330800000000000182e+03 1.413937494656800254e+03 7.696554924692938782e-01
3.334300000000000182e+03 1.411092723171886746e+03 7.667545695550108675e-01
3.337800000000000182e+03 1.413156823866376271e+03 7.698975958610867476e-01
3.341300000000000182e+03 1.447282326800889450e+03 7.619955064899639474e-01
3.344800000000000182e+03 1.451005329531610869e+03 7.570726309978409452e-01
3.348300000000000182e+03 1.473216355152876304e+03 7.536660980851477287e-01
3.351800000000000182e+03 1.525919149504705047e+03 7.457069995158844833e-01
3.355300000000000182e+03 1.560826679291063556e+03 7.436937149807938408e-01
3.358800000000000182e+03 1.594863337081490727e+03 7.333734193921701561e-01
3.362300000000000182e+03 1.649945886284308699e+03 7.240715848776296815e-01
3.365800000000000182e+03 1.651582013133006740e+03 7.276734196308054514e-01
3.369300000000000182e+03 1.655507443271252896e+03 7.259547831591116607e-01
3.372800000000000182e+03 1.668482878551837757e+03 7.228787610081258697e-01
3.376300000000000182e+03 1.685432549370941842e+03 7.206902826774511661e-01
3.379800000000000182e+03 1.734781497179184498e+03 7.100805041416822228e-01
3.383300000000000182e+03 1.752240629843375018e+03 7.102146785988165956e-01
3.386800000000000182e+03 1.793869920542367254e+03 7.043305756758395653e-01
3.390300000000000182e+03 1.863862077029115426e+03 6.952464664177114839e-01
3.393800000000000182e+03 1.847982947949486061e+03 6.942399409686179634e-01
3.397300000000000182e+03 1.889268505562775772e+03 6.914589101282684336e-01
3.400800000000000182e+03 1.917802768311219552e+03 6.896820081390556689e-01
3.404300000000000182e+03 1.944980177272788978e+03 6.827971886675476831e-01
3.407800000000000182e+03 1.988585291253737978e+03 6.789584904544138100e-01
3.411300000000000182e+03 1.986992794831842048e+03 6.781103336696414630e-01
3.414800000000000182e+03 2.027024712503263572e+03 6.715439726342842253e-01
3.418300000000000182e+03 2.065748831085477832e+03 6.703331730369148644e-01
3.421800000000000182e+03 2.116758371410424388e+03 6.641902604991404280e-01
3.425300000000000182e+03 2.120830660748076752e+03 6.615297241617220658e-01
3.428800000000000182e+03 2.120930665101459454e+03 6.571531298270626431e-01
3.432300000000000182e+03 2.158665816607189754e+03 6.567025845023349850e-01
3.435800000000000182e+03 2.208514434239428283e+03 6.536827185468424561e-01
3.439300000000000182e+03 2.184823661871305376e+03 6.523054335314197871e-01
3.442800000000000182e+03 2.221346164191848402e+03 6.488478552222642914e-01
3.446300000000000182e+03 2.230640157811489189e+03 6.465639333122989996e-01
3.449800000000000182e+03 2.293330586994622081e+03 6.442007527221826901e-01
3.453300000000000182e+03 2.290757810832989435e+03 6.384725096277872325e-01
3.456800000000000182e+03 2.353096222138287430e+03 6.342923061519117889e-01
3.460300000000000182e+03 2.379413699103040926e+03 6.284748926641792188e-01
3.463800000000000182e+03 2.399241402749542885e+03 6.317707877157358043e-01
3.467300000000000182e+03 2.436218773998688903e+03 6.248067232524104897e-01
3.470800000000000182e+03 2.454014032313017196e+03 6.212515243902946294e-01
3.474300000000000182e+03 2.497398457513863832e+03 6.218778710808977594e-01
3.477800000000000182e+03 2.520675794906854662e+03 6.162741194311937010e-01
3.481300000000000182e+03 2.538607016366790958e+03 6.133103410408765610e-01
3.484800000000000182e+03 2.588832798652845668e+03 6.087332730884764675e-01
3.488300000000000182e+03 2.635113485767918519e+03 6.062311132311460904e-01
3.491800000000000182e+03 2.637893740356374565e+03 6.057612055174623755e-01
3.495300000000000182e+03 2.670008610092501840e+03 6.029110449412991013e-01
3.498800000000000182e+03 2.699697060393834818e+03 6.033593550951462658e-01
3.502300000000000182e+03 2.675525372179569786e+03 6.002139181391951128e-01
3.505800000000000182e+03 2.723643334670475269e+03 5.978100509145913843e-01
3.509300000000000182e+03 2.753234426962281759e+03 5.976261468191682580e-01
3.512800000000000182e+03 2.768781040043519624e+03 5.935205533658753918e-01
3.516300000000000182e+03 2.781188750970743058e+03 5.879851389711359122e-01
3.519800000000000182e+03 2.803518966245088905e+03 5.887951375074982341e-01
3.523300000000000182e+03 2.852544297921424004e+03 5.885780685649137922e-01
3.526800000000000182e+03 2.893559062552048999e+03 5.809686226850282464e-01
3.530300000000000182e+03 2.951758376871498967e+03 5.796885912199835067e-01
3.533800000000000182e+03 2.949333872437453010e+03 5.744819657248768641e-01
3.537300000000000182e+03 3.001976577595158687e+03 5.767441787513206686e-01
3.540800000000000182e+03 3.010310581479940083e+03 5.718571991514521669e-01
3.544300000000000182e+03 3.014632174741419476e+03 5.705822608067104840e-01
3.547800000000000182e+03 3.077484784217470860e+03 5.707651944796575672e-01
3.551300000000000182e+03 3.078808637723881475e+03 5.690079772370904010e-01
3.554800000000000182e+03 3.129102809420609447e+03 5.637553091506765091e-01
3.558300000000000182e+03 3.166342646258201967e+03 5.612155721130761554e-01
3.561800000000000182e+03 3.201668960154918295e+03 5.580659700310904858e-01
3.565300000000000182e+03 3.208806018911734100e+03 5.573840223216494083e-01
3.568800000000000182e+03 3.225062567258549279e+03 5.526253351638603650e-01
3.572300000000000182e+03 3.300598653639926852e+03 5.487969111566752822e-01
3.575800000000000182e+03 3.296545196513069641e+03 5.478658898983874703e-01
3.579300000000000182e+03 3.292772523864682626e+03 5.480151391645229353e-01
3.582800000000000182e+03 3.385355364130346516e+03 5.451243998659552892e-01
3.586300000000000182e+03 3.340231584639328958e+03 5.440096054421669214e-01
3.589800000000000182e+03 3.382181351222193825e+03 5.409125804748927679e-01
3.593300000000000182e+03 3.420312461699595588e+03 5.410660866925955936e-01
3.596800000000000182e+03 3.459703331236367376e+03 5.366446898738437277e-01
3.600300000000000182e+03 3.473703523349447551e+03 5.336618224102406272e-01
3.603800000000000182e+03 3.512344618251773227e+03 5.341280419054040829e-01
3.607300000000000182e+03 3.489541160254673741e+03 5.292683059010450108e-01
3.610800000000000182e+03 3.567675899653836495e+03 5.284340684676309685e-01
3.614300000000000182e+03 3.616903306841635640e+03 5.232816155339973241e-01
3.617800000000000182e+03 3.625951632799319668e+03 5.226037074001234073e-01
3.621300000000000182e+03 3.691272816262106971e+03 5.202639749776536426e-01
3.624800000000000182e+03 3.657701367532205040e+03 5.224029305900087516e-01
3.628300000000000182e+03 3.691086062876663618e+03 5.180298681893953372e-01
3.631800000000000182e+03 3.753521505598880594e+03 5.167977270545215385e-01
3.635300000000000182e+03 3.729308516874494217e+03 5.132260497592502357e-01
3.638800000000000182e+03 3.823030394702395824e+03 5.091315880360820501e-01
3.642300000000000182e+03 3.832940516723606379e+03 5.090952434129804027e-01
3.645800000000000182e+03 3.876393804368755355e+03 5.091282029558613642e-01
3.649300000000000182e+03 3.872817188234153036e+03 5.063643211755158857e-01
3.652800000000000182e+03 3.920203149361193027e+03 5.033181689248668045e-01
3.656300000000000182e+03 3.956314515152676904e+03 5.053949699289550512e-01
3.659800000000000182e+03 4.012882352937756878e+03 5.026356239269689219e-01
3.663300000000000182e+03 4.003632722862773790e+03 5.000618608197054948e-01
3.666800000000000182e+03 4.105445547006615925e+03 4.948701194947690563e-01
3.670300000000000182e+03 4.014712857149248975e+03 4.954126671652457348e-01
3.673800000000000182e+03 4.061432964197768797e+03 4.920483578004630210e-01
3.677300000000000182e+03 4.046528927074760759e+03 4.930488273730169180e-01
3.680800000000000182e+03 4.013661665473133326e+03 4.918661025902901773e-01
3.684300000000000182e+03 3.949746224140920731e+03 4.885340276894899469e-01
3.687800000000000182e+03 4.006068553932254872e+03 4.821882280112094188e-01
3.691300000000000182e+03 4.032863959609887388e+03 4.817407210063894274e-01
3.694800000000000182e+03 3.981367589000939006e+03 4.804790186336177493e-01
3.698300000000000182e+03 4.053781706467271761e+03 4.781362720461804217e-01
3.701800000000000182e+03 4.072084391480127124e+03 4.770504095604399253e-01
3.705300000000000182e+03 4.073748151637694718e+03 4.797618907343291772e-01
3.708800000000000182e+03 4.087057224111488722e+03 4.756146619193873937e-01
3.712300000000000182e+03 4.122511714019731698e+03 4.749903443062871711e-01
3.715800000000000182e+03 4.176129375068791887e+03 4.719327908936629123e-01
3.719300000000000182e+03 4.163325791623106852e+03 4.708739750932910417e-01
3.722800000000000182e+03 4.224553488196285798e+03 4.663900540565437680e-01
3.726300000000000182e+03 4.216257925841666292e+03 4.621881170630978697e-01
3.729800000000000182e+03 4.356167098332341084e+03 4.594921060490695930e-01
3.733300000000000182e+03 4.422910554501744627e+03 4.562369073326330016e-01
3.736800000000000182e+03 4.600887468928048293e+03 4.597571967334005416e-01
3.740300000000000182e+03 4.679148046512805195e+03 4.614065854232637376e-01
3.743800000000000182e+03 4.808055818336799348e+03 4.588176839571853072e-01
3.747300000000000182e+03 4.957630165684548047e+03 4.571584662966319823e-01
3.750800000000000182e+03 5.042550906188565932e+03 4.570580918843040741e-01
3.754300000000000182e+03 5.189022137818901683e+03 4.541147703634046406e-01
3.757800000000000182e+03 5.257007106403909347e+03 4.511466058703211823e-01
3.761300000000000182e+03 5.310713459272516047e+03 4.484856324758447199e-01
3.764800000000000182e+03 5.350116711119543652e+03 4.456266206485309245e-01
3.768300000000000182e+03 5.438426069983114758e+03 4.433520539076342692e-01
3.771800000000000182e+03 5.609548220657105048e+03 4.415070659490150096e-01
3.775300000000000182e+03 5.605171314063227328e+03 4.431247945016763001e-01
3.778800000000000182e+03 5.885472438372776196e+03 4.392737971001913766e-01
3.782300000000000182e+03 6.010986460351725327e+03 4.387668814444306009e-01
3.785800000000000182e+03 6.217718573954144631e+03 4.356700810673615476e-01
3.789300000000000182e+03 6.400409229747409881e+03 4.351961466650822175e-01
3.792800000000000182e+03 6.589209425902756266e+03 4.353610738333019703e-01
3.796300000000000182e+03 6.805488802260555531e+03 4.314162617902980723e-01
3.799800000000000182e+03 6.970905519756758622e+03 4.352218007842334480e-01
3.803300000000000182e+03 7.021570860618433471e+03 4.348925726381197565e-01
3.806800000000000182e+03 7.307415363744026763e+03 4.334718755692238412e-01
3.810300000000000182e+03 7.201831025546087403e+03 4.352223262426673789e-01
3.813800000000000182e+03 7.204107344604308309e+03 4.342939160780905361e-01
3.817300000000000182e+03 7.066890703274925727e+03 4.271861400395737252e-01
3.820800000000000182e+03 6.857491397454101389e+03 4.222888037663522498e-01
3.824300000000000182e+03 6.779050799164263481e+03 4.120329342922178784e-01
3.827800000000000182e+03 6.771246113747753043e+03 4.054001615545439474e-01
3.831300000000000182e+03 6.744133558610712498e+03 4.024393461659850901e-01
3.834800000000000182e+03 6.925255834091554789e+03 4.072608665185569743e-01
3.838300000000000182e+03 7.266743056628984050e+03 4.098587084074094555e-01
3.841800000000000182e+03 7.556412376421192675e+03 4.119666666986386838e-01
3.845300000000000182e+03 7.927956075457724182e+03 4.157633851397959934e-01
3.848800000000000182e+03 8.346724075836984412e+03 4.161290580402466355e-01
3.852300000000000182e+03 8.651542412222070197e+03 4.125628314050585055e-01
3.855800000000000182e+03 8.953725882497137718e+03 4.099414053497497656e-01
3.859300000000000182e+03 9.111055434697123928e+03 4.118078834762821661e-01
3.862800000000000182e+03 9.339558016181084895e+03 4.119688712223823490e-01
3.866300000000000182e+03 9.418179210209615121e+03 4.120929995029309900e-01
3.869800000000000182e+03 9.180964665655603312e+03 4.158712989127606452e-01
3.873300000000000182e+03 8.887095429137327301e+03 4.116800545582110504e-01
3.876800000000000182e+03 8.381269851821380144e+03 4.052572920243381893e-01
3.880300000000000182e+03 7.990901133414079595e+03 3.940653841208837105e-01
3.883800000000000182e+03 7.638607569264996528e+03 3.804902781794301525e-01
3.887300000000000182e+03 7.250793941158686721e+03 3.687235136271552194e-01
3.890800000000000182e+03 7.095146787983014292e+03 3.665020598760380111e-01
3.894300000000000182e+03 7.425285871754193067e+03 3.686635886639987869e-01
3.897800000000000182e+03 7.819840559781919183e+03 3.814979388420208228e-01
3.901300000000000182e+03 8.453786896239460475e+03 3.895056688678272816e-01
3.904800000000000182e+03 9.024771782936168165e+03 3.975770787729146494e-01
3.908300000000000182e+03 9.530714912290544817e+03 4.018324638831644036e-01
3.911800000000000182e+03 9.962023187709573904e+03 3.972872124876501987e-01
3.915300000000000182e+03 1.020171031636038788e+04 3.953164608006446978e-01
3.918800000000000182e+03 1.054730468901428867e+04 3.882360479630233008e-01
3.922300000000000182e+03 1.063270880511997893e+04 3.809108335605916329e-01
3.925800000000000182e+03 1.086180689399778566e+04 3.719693579194791599e-01
3.929300000000000182e+03 1.084345869517227220e+04 3.665225224365785683e-01
3.932800000000000182e+03 1.093891562501608132e+04 3.674221924554464391e-01
3.936300000000000182e+03 1.096648330234562309e+04 3.710806129684896537e-01
3.939800000000000182e+03 1.093226338337051311e+04 3.750576329726741931e-01
3.943300000000000182e+03 1.081814886187749289e+04 3.797932944312065739e-01
3.946800000000000182e+03 1.057359412468141636e+04 3.847291627734902297e-01
3.950300000000000182e+03 1.035174298127739166e+04 3.880293487599407176e-01
3.953800000000000182e+03 9.870376275281802009e+03 3.820338531617578637e-01
3.957300000000000182e+03 9.277559960103062622e+03 3.750019496983121314e-01
3.960800000000000182e+03 8.742855190516072980e+03 3.627857873325083804e-01
3.964300000000000182e+03 8.384153693854599624e+03 3.453213522919735823e-01
3.967800000000000182e+03 7.978202823242432714e+03 3.331157386598955772e-01
3.971300000000000182e+03 7.894353841670756992e+03 3.307177423430467389e-01
3.974800000000000182e+03 8.166705814347342312e+03 3.371797651885259928e-01
3.978300000000000182e+03 8.649982455302626477e+03 3.489133181736985834e-01
3.981800000000000182e+03 9.277237377504672622e+03 3.590122000144977954e-01
3.985300000000000182e+03 1.000687617453685561e+04 3.642810587344693651e-01
3.988800000000000182e+03 1.043365459248074148e+04 3.676524010788939090e-01
3.992300000000000182e+03 1.094028847987433437e+04 3.634359532783590363e-01
3.995800000000000182e+03 1.130310673876077635e+04 3.578321098406189171e-01
3.999300000000000182e+03 1.148971170444967902e+04 3.569204729097346651e-01
4.002800000000000182e+03 1.169128870824764635e+04 3.549902743738622690e-01
4.006300000000000182e+03 1.180876909542253088e+04 3.519493528127519699e-01
4.009800000000000182e+03 1.197519215811469439e+04 3.524551960537550266e-01
4.013300000000000182e+03 1.189386373079040095e+04 3.513760918829542668e-01
4.016800000000000182e+03 1.198423116899463639e+04 3.483785693392136840e-01
4.020300000000000182e+03 1.191136374283016266e+04 3.484230245280180438e-01
4.023800000000000182e+03 1.191743121306345711e+04 3.460896638740245668e-01
4.027300000000000182e+03 1.197156175647456439e+04 3.433031617534307300e-01
4.030800000000000182e+03 1.202039752267188305e+04 3.423722783946837600e-01
4.034300000000000182e+03 1.203457418563935062e+04 3.406261012430822355e-01
4.037800000000000182e+03 1.239536241577636065e+04 3.389489047150385792e-01
4.041300000000000182e+03 1.228479409547887735e+04 3.396451148876780679e-01
4.044800000000000182e+03 1.255160786179057322e+04 3.382451907569680727e-01
4.048300000000000182e+03 1.256368738217511054e+04 3.383522253964636461e-01
4.051800000000000182e+03 1.262662737159979042e+04 3.377959961379391474e-01
4.055300000000000182e+03 1.252184118587056582e+04 3.362269048879666378e-01
4.058800000000000182e+03 1.262159444506970794e+04 3.351578907522153594e-01
4.062300000000000182e+03 1.270165117731382270e+04 3.330776251697842860e-01
4.065800000000000182e+03 1.265358908866176898e+04 3.331374615035285203e-01
4.069300000000000182e+03 1.259566600011566698e+04 3.334049131062735150e-01
4.072800000000000182e+03 1.234934994059913151e+04 3.312465291983235360e-01
4.076300000000000182e+03 1.200328521328446914e+04 3.303951976875075247e-01
4.079800000000000182e+03 1.169122714980885212e+04 3.301431924415448305e-01
4.083300000000000182e+03 1.154657535419708802e+04 3.274901359007016954e-01
4.086800000000000182e+03 1.115302821915119239e+04 3.241906751244028606e-01
4.090300000000000182e+03 1.083528110387856941e+04 3.257263734054655635e-01
4.093800000000000182e+03 1.054556691894918367e+04 3.224612205657368946e-01
4.097300000000000182e+03 1.015491540634510238e+04 3.198362015311752016e-01
4.100800000000000182e+03 9.711433563368236719e+03 3.152405058929175774e-01
4.104300000000000182e+03 9.589175485413710703e+03 3.085721653148086330e-01
4.107800000000000182e+03 9.539247269409044748e+03 3.039906226398097489e-01
4.111300000000000182e+03 9.779530924658894946e+03 3.027950242525218050e-01
4.114800000000000182e+03 1.013760420104031073e+04 3.037292758330744635e-01
4.118300000000000182e+03 1.066204354698640236e+04 3.106650348198743972e-01
4.121800000000000182e+03 1.119985579860822509e+04 3.169478863546079661e-01
4.125300000000000182e+03 1.184516347269127982e+04 3.188728295175004557e-01
4.128800000000000182e+03 1.242505788108946399e+04 3.197358706112365390e-01
4.132300000000000182e+03 1.276345049003781060e+04 3.196509507001173978e-01
4.135800000000000182e+03 1.316161425928356766e+04 3.157313990833392481e-01
4.139300000000000182e+03 1.330155424471370861e+04 3.120322491004359211e-01
4.142800000000000182e+03 1.336825884626720654e+04 3.090062565366676894e-01
4.146300000000000182e+03 1.350487180325202644e+04 3.073358248514345692e-01
4.149800000000000182e+03 1.354633124503210638e+04 3.078317159093535982e-01
4.153300000000000182e+03 1.362379698546692816e+04 3.039002480202079304e-01
4.156800000000000182e+03 1.370189159682380341e+04 3.054662728749896194e-01
4.160300000000000182e+03 1.372880643733236866e+04 3.053528458662980727e-01
4.163800000000000182e+03 1.390092861848650500e+04 3.021239999201436599e-01
4.167300000000000182e+03 1.379939612655434394e+04 3.015616189170295391e-01
4.170800000000000182e+03 1.387185699317869148e+04 2.998405947532076232e-01
4.174300000000000182e+03 1.402511448543270490e+04 3.019735530465273432e-01
4.177800000000000182e+03 1.398260875803022645e+04 2.984378706455517172e-01
4.181300000000000182e+03 1.407502582421309307e+04 2.965552986983704953e-01
4.184800000000000182e+03 1.404158926563955902e+04 2.956658516737930564e-01
4.188300000000000182e+03 1.403169514557458751e+04 2.966775255621628138e-01
4.191800000000000182e+03 1.419266766492912757e+04 2.943519136620149634e-01
4.195300000000000182e+03 1.415494913996624382e+04 2.945765146149311176e-01
4.198800000000000182e+03 1.421757485062058367e+04 2.957467827192843401e-01
4.202300000000000182e+03 1.426582716123915452e+04 2.917652730869815247e-01
4.205800000000000182e+03 1.430094976852508080e+04 2.916970824048127353e-01
4.209300000000000182e+03 1.438697212574205878e+04 2.891296742007176124e-01
4.212800000000000182e+03 1.439984446445229514e+04 2.913976817500092964e-01
4.216300000000000182e+03 1.439944046294338477e+04 2.882688739025567881e-01
4.219800000000000182e+03 1.436082630402904215e+04 2.870869216716815386e-01
4.223300000000000182e+03 1.452887168135586035e+04 2.849647145141729343e-01
4.226800000000000182e+03 1.456939713743924040e+04 2.849035970222017489e-01
4.230300000000000182e+03 1.460322423628292927e+04 2.826241264216680094e-01
4.233800000000000182e+03 1.457458407960896147e+04 2.820231567851949617e-01
4.237300000000000182e+03 1.463422825314496549e+04 2.833075915744084350e-01
4.240800000000000182e+03 1.446964434396315482e+04 2.834878380848478430e-01
4.244300000000000182e+03 1.470383033173143667e+04 2.817706748999759814e-01
4.247800000000000182e+03 1.472340966429054606e+04 2.815433873685526112e-01
4.251300000000000182e+03 1.467193895271465772e+04 2.789794066061571653e-01
4.254800000000000182e+03 1.461932231617253274e+04 2.793481796705012954e-01
4.258300000000000182e+03 1.471907114045132766e+04 2.778862139242628815e-01
4.261800000000000182e+03 1.475102077040307449e+04 2.781387252802541843e-01
4.265300000000000182e+03 1.475825909009634415e+04 2.766176135594605179e-01
4.268800000000000182e+03 1.465741238424398216e+04 2.755584059430099542e-01
4.272300000000000182e+03 1.488327397515558914e+04 2.731922553467886483e-01
4.275800000000000182e+03 1.489450657179539849e+04 2.715214397271749069e-01
4.279300000000000182e+03 1.477308584288949532e+04 2.710406367252120585e-01
4.282800000000000182e+03 1.495840294398063270e+04 2.725237558478149080e-01
4.286300000000000182e+03 1.486471952318445437e+04 2.714791436359575982e-01
4.289800000000000182e+03 1.493238331433490384e+04 2.724721074498855922e-01
4.293300000000000182e+03 1.502331827779162631e+04 2.694535333735463278e-01
4.296800000000000182e+03 1.512097440670891046e+04 2.683310014634058827e-01
4.300300000000000182e+03 1.496446118832181128e+04 2.699523611360446496e-01
4.303800000000000182e+03 1.499646060328307431e+04 2.673654730717072714e-01
4.307300000000000182e+03 1.486144974562155767e+04 2.680978143339444730e-01
4.310800000000000182e+03 1.471505563295471620e+04 2.701873624645287353e-01
4.314300000000000182e+03 1.445266413914528857e+04 2.664700325945794646e-01
4.317800000000000182e+03 1.397418044262767216e+04 2.653232429298865713e-01
4.321300000000000182e+03 1.356233467792329066e+04 2.639602961288070038e-01
4.324800000000000182e+03 1.323188169913215825e+04 2.621219485946427730e-01
4.328300000000000182e+03 1.269517229536063496e+04 2.600651934902328266e-01
4.331800000000000182e+03 1.228931012215142619e+04 2.591568223966201900e-01
4.335300000000000182e+03 1.193533807800991963e+04 2.592087345162236711e-01
4.338800000000000182e+03 1.179514636477738168e+04 2.554594607832892939e-01
4.342300000000000182e+03 1.157145419161236532e+04 2.506668519919022509e-01
4.345800000000000182e+03 1.143239241190769098e+04 2.485131455055489824e-01
4.349300000000000182e+03 1.154837694490093963e+04 2.445044431523601680e-01
4.352800000000000182e+03 1.190631271703862876e+04 2.462807656468166684e-01
4.356300000000000182e+03 1.239118543727163524e+04 2.472496883018422964e-01
4.359800000000000182e+03 1.312422982130919991e+04 2.515849508659453448e-01
4.363300000000000182e+03 1.385145022528525624e+04 2.565709044378431392e-01
4.366800000000000182e+03 1.438679304210745067e+04 2.592333237447272398e-01
4.370300000000000182e+03 1.481129479784584328e+04 2.582049867715773273e-01
4.373800000000000182e+03 1.514637964431692126e+04 2.568109779271803839e-01
4.377300000000000182e+03 1.552902397676692817e+04 2.529204731973305753e-01
4.380800000000000182e+03 1.544521187781212939e+04 2.505403553986740306e-01
4.384300000000000182e+03 1.551184926456541143e+04 2.505277002910883954e-01
4.387800000000000182e+03 1.542104465033952511e+04 2.455929716777952021e-01
4.391300000000000182e+03 1.565857688768788285e+04 2.461314049277363025e-01
4.394800000000000182e+03 1.533910344849048670e+04 2.478022527978641087e-01
4.398300000000000182e+03 1.558866565780063320e+04 2.455923187546561748e-01
4.401800000000000182e+03 1.560941025636147970e+04 2.471878304682664229e-01
4.405300000000000182e+03 1.571706644829078141e+04 2.451159018892893893e-01
4.408800000000000182e+03 1.584309281646035561e+04 2.458486440901750947e-01
4.412300000000000182e+03 1.590849522305230312e+04 2.441552768933514250e-01
4.415800000000000182e+03 1.577766902029278208e+04 2.450091916797350333e-01
4.419300000000000182e+03 1.575686633936487306e+04 2.429622001950087762e-01
4.422800000000000182e+03 1.567690779522545563e+04 2.424925935337719496e-01
4.426300000000000182e+03 1.593246974832482192e+04 2.415163578041120418e-01
4.429800000000000182e+03 1.591570851848348684e+04 2.396370570005218748e-01
4.433300000000000182e+03 1.582552811812118307e+04 2.390728927755722266e-01
4.436800000000000182e+03 1.592694704361994445e+04 2.395164731450343532e-01
4.440300000000000182e+03 1.610104536820810972e+04 2.389826217124702279e-01
4.443800000000000182e+03 1.594030641966425537e+04 2.383110842766803239e-01
4.447300000000000182e+03 1.599368778700928488e+04 2.378744042864407160e-01
4.450800000000000182e+03 1.585634107224920990e+04 2.378706410371846935e-01
4.454300000000000182e+03 1.588103622421194814e+04 2.363101665506319449e-01
4.457800000000000182e+03 1.600726812168598735e+04 2.342839912949337688e-01
4.461300000000000182e+03 1.585849117016477066e+04 2.337277805935341624e-01
4.464800000000000182e+03 1.576896086749655478e+04 2.348092547684255404e-01
4.468300000000000182e+03 1.557933220014249127e+04 2.335242839933401315e-01
4.471800000000000182e+03 1.567988622786879569e+04 2.326153679152566656e-01
4.475300000000000182e+03 1.575515628696323074e+04 2.306585822602888192e-01
4.478800000000000182e+03 1.569160017904075175e+04 2.320765498443064234e-01
4.482300000000000182e+03 1.591848030476023996e+04 2.295923224292844289e-01
4.485800000000000182e+03 1.577105489928436327e+04 2.295000749994538236e-01
4.489300000000000182e+03 1.601312958480042107e+04 2.276946357565767798e-01
4.492800000000000182e+03 1.612604422603216335e+04 2.267625678438488779e-01
4.496300000000000182e+03 1.599895459099780055e+04 2.275901596303498697e-01
4.499800000000000182e+03 1.605123947343123291e+04 2.267758958471925435e-01
4.503300000000000182e+03 1.596069155705980302e+04 2.275746140594845091e-01
4.506800000000000182e+03 1.600574979807254931e+04 2.246130684845568104e-01
4.510300000000000182e+03 1.613786376152992852e+04 2.268534058563186906e-01
4.513800000000000182e+03 1.614736155094967398e+04 2.259529854860915787e-01
4.517300000000000182e+03 1.612078753646618861e+04 2.258017508354797642e-01
4.520800000000000182e+03 1.613139912947259654e+04 2.250499726582048388e-01
4.524300000000000182e+03 1.618446226462776031e+04 2.239316136362994314e-01
4.527800000000000182e+03 1.619290408704151560e+04 2.214843493889966097e-01
4.531300000000000182e+03 1.609508662112731508e+04 2.231328850941843023e-01
4.534800000000000182e+03 1.619436471252430238e+04 2.195726552371984053e-01
4.538300000000000182e+03 1.610346327481316257e+04 2.231911984638547675e-01
4.541800000000000182e+03 1.624547530059920791e+04 2.192124121561845052e-01
4.545300000000000182e+03 1.619437785656028245e+04 2.178694402345166536e-01
4.548800000000000182e+03 1.622548645840707650e+04 2.176995124225248046e-01
4.552300000000000182e+03 1.623088298869893151e+04 2.173354503455119102e-01
4.555800000000000182e+03 1.615197384280008009e+04 2.185276677744552865e-01
4.559300000000000182e+03 1.613994086141969819e+04 2.166733628657930844e-01
4.562800000000000182e+03 1.618593711358870314e+04 2.168048516350912780e-01
4.566300000000000182e+03 1.606123083989105544e+04 2.182069956392983789e-01
4.569800000000000182e+03 1.634454297142780706e+04 2.143021946939910327e-01
4.573300000000000182e+03 1.610980662802253028e+04 2.167571815534575785e-01
4.576800000000000182e+03 1.616452409639111102e+04 2.149366396450628214e-01
4.580300000000000182e+03 1.615655584066131632e+04 2.155814177197500348e-01
4.583800000000000182e+03 1.613863624698896456e+04 2.129330539048217841e-01
4.587300000000000182e+03 1.615562482434075355e+04 2.110057179596665500e-01
4.590800000000000182e+03 1.622317371854822341e+04 2.120929378640236396e-01
4.594300000000000182e+03 1.612670703537403824e+04 2.108747160683700772e-01
4.597800000000000182e+03 1.625895263485621217e+04 2.095663456689269011e-01
4.601300000000000182e+03 1.614009176464555276e+04 2.100187174292574566e-01
4.604800000000000182e+03 1.625999532075994466e+04 2.095352023531462937e-01
4.608300000000000182e+03 1.623230632838972815e+04 2.123876866797187180e-01
4.611800000000000182e+03 1.596979520087153105e+04 2.112069929831678072e-01
4.615300000000000182e+03 1.608943306180163927e+04 2.079411376815772650e-01
4.618800000000000182e+03 1.626012093477214512e+04 2.065497944926100449e-01
4.622300000000000182e+03 1.608864620290047242e+04 2.085064083696128445e-01
4.625800000000000182e+03 1.604569552714641395e+04 2.062198470857877775e-01
4.629300000000000182e+03 1.613014307727979394e+04 2.046099839526543673e-01
4.632800000000000182e+03 1.620999745417282975e+04 2.045188902118418861e-01
4.636300000000000182e+03 1.615975540461533637e+04 2.032454168262480543e-01
4.639800000000000182e+03 1.606759602348589033e+04 2.044139354899062455e-01
4.643300000000000182e+03 1.614009594779189683e+04 2.014966172343908291e-01
4.646800000000000182e+03 1.594116162622363299e+04 2.043242576974117208e-01
4.650300000000000182e+03 1.618228678305040376e+04 2.013252698061779034e-01
4.653800000000000182e+03 1.601453070511340593e+04 2.008711437821627810e-01
4.657300000000000182e+03 1.606717008629765587e+04 2.028969922501862033e-01
4.660800000000000182e+03 1.611201085149762366e+04 2.012299300822941450e-01
4.664300000000000182e+03 1.598688645155944323e+04 2.012777688141068888e-01
4.667800000000000182e+03 1.610051477288692331e+04 1.994330066839465621e-01
4.671300000000000182e+03 1.592046311274844447e+04 2.008462367472090004e-01
4.674800000000000182e+03 1.597612917503509379e+04 1.993480178629257749e-01
4.678300000000000182e+03 1.600112930709166176e+04 1.994376056884992199e-01
4.681800000000000182e+03 1.589400335500217079e+04 1.987990331844554370e-01
4.685300000000000182e+03 1.586117589252767903e+04 1.963969295280330318e-01
4.688800000000000182e+03 1.590022474688868169e+04 1.979156117541781001e-01
4.692300000000000182e+03 1.586781700231264767e+04 1.975505499835144285e-01
4.695800000000000182e+03 1.574096297243658955e+04 1.967123337204993438e-01
4.699300000000000182e+03 1.583512331625314982e+04 1.950246845704311505e-01
4.702800000000000182e+03 1.574347684099599610e+04 1.944748617709663174e-01
4.706300000000000182e+03 1.560865412761623702e+04 1.933081631381103060e-01
4.709800000000000182e+03 1.560892200364586643e+04 1.930655722540136066e-01
4.713300000000000182e+03 1.562261166285008767e+04 1.940414120546463395e-01
4.716800000000000182e+03 1.561918012420386185e+04 1.927772590235853900e-01
4.720300000000000182e+03 1.564191957663439462e+04 1.929321619278711597e-01
4.723800000000000182e+03 1.582034984958805035e+04 1.915425837901273409e-01
4.727300000000000182e+03 1.566538656279252973e+04 1.933016270226371180e-01
4.730800000000000182e+03 1.577370694612380976e+04 1.922229623332894488e-01
4.734300000000000182e+03 1.558537040090587288e+04 1.921819272783248655e-01
4.737800000000000182e+03 1.570374844087210658e+04 1.916497246954466382e-01
4.741300000000000182e+03 1.555034197069354195e+04 1.924800008547024321e-01
4.744800000000000182e+03 1.560806239811085106e+04 1.885584345712159604e-01
4.748300000000000182e+03 1.585291261260444116e+04 1.892247147916899797e-01
4.751800000000000182e+03 1.568202222361845270e+04 1.866608658376519014e-01
4.755300000000000182e+03 1.558977510022436945e+04 1.885650898617028393e-01
4.758800000000000182e+03 1.564944022777782629e+04 1.884182058351883404e-01
4.762300000000000182e+03 1.565583473652876819e+04 1.873040185786490619e-01
4.765800000000000182e+03 1.545643697434596652e+04 1.875600618372461059e-01
4.769300000000000182e+03 1.560964751889909530e+04 1.852773252559328787e-01
4.772800000000000182e+03 1.556451852676359522e+04 1.863946985965157510e-01
4.776300000000000182e+03 1.542483413975891744e+04 1.852353780408939610e-01
4.779800000000000182e+03 1.552334605175340221e+04 1.861577850836611259e-01
4.783300000000000182e+03 1.521363348837229933e+04 1.875962876510706145e-01
4.786800000000000182e+03 1.537438532780856258e+04 1.859108481946103175e-01
4.790300000000000182e+03 1.536180750994156006e+04 1.867508159753514529e-01
4.793800000000000182e+03 1.536270424154965076e+04 1.854564265339750939e-01
4.797300000000000182e+03 1.543260193521652764e+04 1.810253735078439230e-01
4.800800000000000182e+03 1.523837845177802046e+04 1.828830603079059647e-01
4.804300000000000182e+03 1.525891192807968037e+04 1.823219196484361926e-01
4.807800000000000182e+03 1.523980100620684425e+04 1.827994380807730912e-01
4.811300000000000182e+03 1.520051928368883637e+04 1.819202791978855316e-01
4.814800000000000182e+03 1.521527918328330998e+04 1.804642923620442263e-01
4.818300000000000182e+03 1.494901171597995926e+04 1.817638426597646961e-01
4.821800000000000182e+03 1.492894828785947539e+04 1.849368326099554427e-01
4.825300000000000182e+03 1.489094007917456111e+04 1.831770170560560462e-01
4.828800000000000182e+03 1.483105606875903504e+04 1.817898845822110976e-01
4.832300000000000182e+03 1.443583566432981388e+04 1.830664764524395360e-01
4.835800000000000182e+03 1.418677258052067555e+04 1.822311549837535016e-01
4.839300000000000182e+03 1.389032170475576277e+04 1.805409828975206299e-01
4.842800000000000182e+03 1.343513227866001034e+04 1.798006236885840436e-01
4.846300000000000182e+03 1.311808050872581043e+04 1.791720487420584151e-01
4.849800000000000182e+03 1.261506781597497866e+04 1.777825930578557645e-01
4.853300000000000182e+03 1.215869001017985465e+04 1.770479725888598199e-01
4.856800000000000182e+03 1.176326801243094633e+04 1.744060272763985064e-01
4.860300000000000182e+03 1.152770160056747227e+04 1.723851844748385542e-01
4.863800000000000182e+03 1.128539856439950563e+04 1.688596776704246460e-01
4.867300000000000182e+03 1.120220173353661994e+04 1.632012531518365339e-01
4.870800000000000182e+03 1.135480221934260589e+04 1.624308520756804208e-01
4.874300000000000182e+03 1.168505840055913905e+04 1.640828167562044804e-01
4.877800000000000182e+03 1.211121635724424959e+04 1.707710545332188634e-01
4.881300000000000182e+03 1.291231159933915296e+04 1.729410219204445265e-01
4.884800000000000182e+03 1.340910494198098786e+04 1.785013267847536944e-01
4.888300000000000182e+03 1.380177290406976317e+04 1.814470178182191473e-01
4.891800000000000182e+03 1.417718442408025840e+04 1.798657077960653661e-01
4.895300000000000182e+03 1.446380991143899155e+04 1.780874427892983058e-01
4.898800000000000182e+03 1.452424455077333187e+04 1.751654123821737297e-01
4.902300000000000182e+03 1.475152242662328172e+04 1.721287272334479646e-01
4.905800000000000182e+03 1.469339150530980260e+04 1.724919411350128717e-01
4.909300000000000182e+03 1.459561563890651632e+04 1.732798711199414754e-01
4.912800000000000182e+03 1.462095778835638521e+04 1.701106159874648527e-01
4.916300000000000182e+03 1.461099494571320793e+04 1.718898756235655023e-01
4.919800000000000182e+03 1.453568323304894511e+04 1.697029763454954154e-01
4.923300000000000182e+03 1.443668926596218444e+04 1.701706839178228070e-01
4.926800000000000182e+03 1.443139638100161574e+04 1.673610629332372146e-01
4.930300000000000182e+03 1.435439996447680096e+04 1.699159090791673155e-01
4.933800000000000182e+03 1.434879399380330324e+04 1.693434061134988511e-01
4.937300000000000182e+03 1.430190025796382542e+04 1.686227328878583953e-01
4.940800000000000182e+03 1.434917756164629282e+04 1.691289052720492958e-01
4.944300000000000182e+03 1.446813653419750699e+04 1.700310390520072545e-01
4.947800000000000182e+03 1.437783742088798863e+04 1.689510238274166964e-01
4.951300000000000182e+03 1.439095563411568401e+04 1.684974872224141995e-01
4.954800000000000182e+03 1.436582911186089223e+04 1.692532195600693901e-01
4.958300000000000182e+03 1.446461782607150963e+04 1.677915236123880272e-01
4.961800000000000182e+03 1.440151053274062360e+04 1.698932915996083093e-01
4.965300000000000182e+03 1.445550845262405164e+04 1.683147731254308888e-01
4.968800000000000182e+03 1.444394892659004654e+04 1.674421307179501939e-01
4.972300000000000182e+03 1.442737949589590244e+04 1.672651146118583343e-01
4.975800000000000182e+03 1.434137973890142530e+04 1.666881986280453753e-01
4.979300000000000182e+03 1.436470062035628507e+04 1.673235418644747341e-01
4.982800000000000182e+03 1.428824516468614456e+04 1.683527694057090074e-01
4.986300000000000182e+03 1.425964533618062706e+04 1.679218765149814441e-01
4.989800000000000182e+03 1.427996422164357136e+04 1.670057353860217586e-01
4.993300000000000182e+03 1.426218896618954386e+04 1.656269482315021746e-01
4.996800000000000182e+03 1.408592778395469031e+04 1.655408114301921141e-01
5.000300000000000182e+03 1.418778186867986187e+04 1.651194459102527934e-01
5.003800000000000182e+03 1.396120823507076602e+04 1.647549991564648542e-01
5.007300000000000182e+03 1.384400389169730079e+04 1.635666747250700825e-01
5.010800000000000182e+03 1.396289963206764878e+04 1.636919904396401670e-01
5.014300000000000182e+03 1.393453039742003421e+04 1.636200378906338404e-01
5.017800000000000182e+03 1.400904375711539797e+04 1.637728270106714734e-01
5.021300000000000182e+03 1.381576119920137535e+04 1.658646410585873088e-01
5.024800000000000182e+03 1.398922939302636405e+04 1.655647706772611916e-01
5.028300000000000182e+03 1.378879447208667625e+04 1.665019435588408481e-01
5.031800000000000182e+03 1.374168710123801611e+04 1.686667348712811709e-01
5.035300000000000182e+03 1.365623833145666140e+04 1.670558888153569621e-01
5.038800000000000182e+03 1.354988575487053095e+04 1.674451039487757087e-01
5.042300000000000182e+03 1.366896495586102901e+04 1.656798995361520588e-01
5.045800000000000182e+03 1.364502386426957855e+04 1.651684738681970521e-01
5.049300000000000182e+03 1.354846546525021222e+04 1.642094290652043043e-01
5.052800000000000182e+03 1.360386869631650734e+04 1.615663907027726498e-01
5.056300000000000182e+03 1.369317913909719391e+04 1.608584557222552947e-01
5.059800000000000182e+03 1.367135731229096382e+04 1.631868217394485954e-01
5.063300000000000182e+03 1.360670425728887858e+04 1.642789826301937484e-01
5.066800000000000182e+03 1.371256135746030850e+04 1.622625821769440591e-01
5.070300000000000182e+03 1.372416253349462022e+04 1.642169599945940694e-01
5.073800000000000182e+03 1.378831997594669883e+04 1.631297816315832594e-01
5.077300000000000182e+03 1.378926116239949260e+04 1.613170936354869078e-01
5.080800000000000182e+03 1.375854575989672230e+04 1.624833901116930490e-01
5.084300000000000182e+03 1.368775537337520836e+04 1.613299084645502812e-01
5.087800000000000182e+03 1.366533664872509144e+04 1.597862002028381800e-01
5.091300000000000182e+03 1.369777829763195041e+04 1.578459429565512162e-01
5.094800000000000182e+03 1.366846229356760341e+04 1.562972390866152195e-01
5.098300000000000182e+03 1.359820321766218876e+04 1.585822438839258886e-01
5.101800000000000182e+03 1.380521197704675433e+04 1.545182563594195702e-01
5.105300000000000182e+03 1.357909671278384121e+04 1.577681474786924165e-01
5.108800000000000182e+03 1.371407755191602701e+04 1.567044828124380118e-01
5.112300000000000182e+03 1.355228924405113503e+04 1.566968486708232022e-01
5.115800000000000182e+03 1.361826438799074276e+04 1.569914930211270820e-01
5.119300000000000182e+03 1.367376616665936308e+04 1.544503137224570999e-01
5.122800000000000182e+03 1.361906426692035166e+04 1.565114238191091522e-01
5.126300000000000182e+03 1.366726562929363899e+04 1.544418210961581162e-01
5.129800000000000182e+03 1.352594991285294418e+04 1.544940175256617199e-01
5.133300000000000182e+03 1.354649117018509787e+04 1.555635275944199369e-01
5.136800000000000182e+03 1.355533461482474013e+04 1.544487906411202705e-01
5.140300000000000182e+03 1.343629127029369556e+04 1.559187018608722552e-01
5.143800000000000182e+03 1.348562452998238587e+04 1.530269390700575716e-01
5.147300000000000182e+03 1.342007030720167313e+04 1.534041365492687659e-01
5.150800000000000182e+03 1.340382692570654217e+04 1.548974174745174626e-01
5.154300000000000182e+03 1.335261628900636788e+04 1.538499225195961440e-01
5.157800000000000182e+03 1.344110229747459925e+04 1.533768412983556040e-01
5.161300000000000182e+03 1.327660066791632198e+04 1.518426250930261789e-01
5.164800000000000182e+03 1.332450765806170239e+04 1.532602494670867177e-01
5.168300000000000182e+03 1.330977133973181117e+04 1.509521590748911790e-01
5.171800000000000182e+03 1.331179672375008158e+04 1.515978219475144773e-01
5.175300000000000182e+03 1.334211664635103443e+04 1.513754140247475788e-01
5.178800000000000182e+03 1.335430711312546555e+04 1.518146301162897616e-01
5.182300000000000182e+03 1.319151722810540377e+04 1.522931566276875537e-01
5.185800000000000182e+03 1.311250984307053659e+04 1.550782439118018052e-01
5.189300000000000182e+03 1.326381049526269089e+04 1.506763693456729392e-01
5.192800000000000182e+03 1.310135279850327242e+04 1.517297040083339932e-01
5.196300000000000182e+03 1.311603180842871552e+04 1.539705012141148743e-01
5.199800000000000182e+03 1.312931078409507791e+04 1.526346469426666241e-01
5.203300000000000182e+03 1.304272288791952997e+04 1.506618090826857548e-01
5.206800000000000182e+03 1.302154502283454894e+04 1.490675816975422507e-01
5.210300000000000182e+03 1.293397043907241277e+04 1.517526521278651785e-01
5.213800000000000182e+03 1.293894910437215367e+04 1.492284927996913868e-01
5.217300000000000182e+03 1.297612561970647948e+04 1.505727869203994373e-01
5.220800000000000182e+03 1.301138385427388312e+04 1.497885818519682499e-01
5.224300000000000182e+03 1.293454069052289560e+04 1.513938188520123351e-01
5.227800000000000182e+03 1.293775953755056617e+04 1.485631760263094181e-01
5.231300000000000182e+03 1.282369417877486194e+04 1.506063780842030186e-01
5.234800000000000182e+03 1.296777819641160568e+04 1.498862554355114562e-01
5.238300000000000182e+03 1.286721721182828333e+04 1.508564826702282202e-01
5.241800000000000182e+03 1.283872851402550441e+04 1.522623388984936099e-01
5.245300000000000182e+03 1.291663834837064860e+04 1.504801142704663419e-01
5.248800000000000182e+03 1.287018935888917622e+04 1.513491259987324866e-01
5.252300000000000182e+03 1.285471636553915778e+04 1.529499685855636171e-01
5.255800000000000182e+03 1.279295673467728193e+04 1.497028210514078361e-01
5.259300000000000182e+03 1.274989277448028224e+04 1.503111586965549806e-01
5.262800000000000182e+03 1.285593593487986618e+04 1.487157855646960014e-01
5.266300000000000182e+03 1.258654679056878194e+04 1.494890471320746150e-01
5.269800000000000182e+03 1.265572250963013175e+04 1.466193816286865959e-01
5.273300000000000182e+03 1.272825615490228483e+04 1.502193887351884471e-01
5.276800000000000182e+03 1.268632204675095636e+04 1.482931654126074805e-01
5.280300000000000182e+03 1.272673058795243560e+04 1.502439644630119420e-01
5.283800000000000182e+03 1.262014082649440570e+04 1.532346074819222193e-01
5.287300000000000182e+03 1.251784628598585186e+04 1.511226291181576309e-01
5.290800000000000182e+03 1.255929357857706600e+04 1.510495574732102497e-01
5.294300000000000182e+03 1.260466860633222859e+04 1.500725944006699730e-01
5.297800000000000182e+03 1.260809947191744868e+04 1.478961303573627928e-01
5.301300000000000182e+03 1.255955871643222235e+04 1.502150311777598890e-01
5.304800000000000182e+03 1.246826788658856458e+04 1.497014946091175525e-01
5.308300000000000182e+03 1.254751101706701229e+04 1.484978207469151990e-01
5.311800000000000182e+03 1.245031900707921159e+04 1.491373268620800885e-01
5.315300000000000182e+03 1.241801182890170639e+04 1.504925004081237583e-01
5.318800000000000182e+03 1.244377458167493023e+04 1.488549589651447513e-01
5.322300000000000182e+03 1.248614836813836882e+04 1.465219701261897822e-01
5.325800000000000182e+03 1.242094978938760323e+04 1.488886819336071310e-01
5.329300000000000182e+03 1.229748460192510902e+04 1.486739317528380233e-01
5.332800000000000182e+03 1.240283646738887546e+04 1.447319988415632364e-01
5.336300000000000182e+03 1.248413733188769947e+04 1.462948971919769692e-01
5.339800000000000182e+03 1.228105973657471986e+04 1.458151900452699656e-01
5.343300000000000182e+03 1.230147075029626103e+04 1.474277976596458373e-01
5.346800000000000182e+03 1.228020440739037258e+04 1.469238944607169084e-01
5.350300000000000182e+03 1.227989727176896122e+04 1.485253187354826088e-01
5.353800000000000182e+03 1.211378165460107266e+04 1.468493318668789571e-01
5.357300000000000182e+03 1.225377987595271588e+04 1.462721166927294369e-01
5.360800000000000182e+03 1.226846927611573665e+04 1.473993533025328151e-01
5.364300000000000182e+03 1.220131561992148090e+04 1.469626543970433963e-01
5.367800000000000182e+03 1.211016533525179875e+04 1.454598930004145085e-01
5.371300000000000182e+03 1.213091179031065622e+04 1.450484284228353016e-01
5.374800000000000182e+03 1.226208350457658344e+04 1.430417012263669185e-01
5.378300000000000182e+03 1.201037341643896434e+04 1.456662196784261343e-01
5.381800000000000182e+03 1.215923461680228320e+04 1.443279031622517750e-01
5.385300000000000182e+03 1.216599027252845553e+04 1.455495434736751581e-01
5.388800000000000182e+03 1.205328891233537979e+04 1.457927917360617720e-01
5.392300000000000182e+03 1.198194197860796157e+04 1.463875330292096488e-01
5.395800000000000182e+03 1.195736229513276157e+04 1.450503715127418602e-01
5.399300000000000182e+03 1.193464648315839622e+04 1.440189859090559854e-01
5.402800000000000182e+03 1.198932060645120328e+04 1.449484025675112919e-01
5.406300000000000182e+03 1.175697987880422625e+04 1.459380330642353063e-01
5.409800000000000182e+03 1.178995661855992876e+04 1.449118384257178649e-01
5.413300000000000182e+03 1.183695727124062796e+04 1.461695030930807992e-01
5.416800000000000182e+03 1.185969999741279753e+04 1.468904821232090707e-01
5.420300000000000182e+03 1.174220346202975816e+04 1.460755155379222237e-01
5.423800000000000182e+03 1.174529756987565816e+04 1.449632866425435984e-01
5.427300000000000182e+03 1.177069222350919881e+04 1.460525911546195210e-01
5.430800000000000182e+03 1.167819576021877765e+04 1.442121441669834692e-01
5.434300000000000182e+03 1.169011165609892305e+04 1.449619174654846188e-01
5.437800000000000182e+03 1.172471765381171645e+04 1.461581049903001861e-01
5.441300000000000182e+03 1.170197042511379914e+04 1.438457253027089489e-01
5.444800000000000182e+03 1.172215107674711908e+04 1.450154827799406687e-01
5.448300000000000182e+03 1.166537951422036349e+04 1.435776142360611907e-01
5.451800000000000182e+03 1.161543721052913315e+04 1.454910957434560337e-01
5.455300000000000182e+03 1.156956044296203436e+04 1.439587666374878561e-01
5.458800000000000182e+03 1.158319042064644236e+04 1.448091906930303874e-01
5.462300000000000182e+03 1.166155132688697267e+04 1.437910179701732127e-01
5.465800000000000182e+03 1.160366937988436075e+04 1.436925493298425449e-01
5.469300000000000182e+03 1.161363080654887744e+04 1.452258394961196686e-01
5.472800000000000182e+03 1.153296434760267948e+04 1.407072264845026233e-01
5.476300000000000182e+03 1.149194799248842173e+04 1.417803426216159846e-01
5.479800000000000182e+03 1.156053068431686552e+04 1.416905943664436840e-01
5.483300000000000182e+03 1.155469373757099129e+04 1.421532873422390320e-01
5.486800000000000182e+03 1.139852378536949254e+04 1.413176999140352275e-01
5.490300000000000182e+03 1.136463686545354904e+04 1.424671023950335735e-01
5.493800000000000182e+03 1.134261699116571981e+04 1.438739460243027291e-01
5.497300000000000182e+03 1.141104514266047045e+04 1.399271040159487112e-01
5.500800000000000182e+03 1.136928855584162011e+04 1.400906947888513610e-01
5.504300000000000182e+03 1.129634212391206711e+04 1.413998152924285656e-01
5.507800000000000182e+03 1.128168901790786913e+04 1.414077490738577803e-01
5.511300000000000182e+03 1.136964431138385771e+04 1.427158838284146580e-01
5.514800000000000182e+03 1.128476889316383495e+04 1.420854673844450522e-01
5.518300000000000182e+03 1.129116515531356708e+04 1.396678241807641219e-01
5.521800000000000182e+03 1.122131442319251619e+04 1.413809604341813297e-01
5.525300000000000182e+03 1.119688666148276934e+04 1.399934775229643436e-01
5.528800000000000182e+03 1.112423918846819834e+04 1.412861609140778352e-01
5.532300000000000182e+03 1.115722177699154781e+04 1.394237759184500380e-01
5.535800000000000182e+03 1.117898777485821665e+04 1.383010382389385506e-01
5.539300000000000182e+03 1.118210624025509787e+04 1.401683725471349340e-01
5.542800000000000182e+03 1.118418967732653255e+04 1.393674344996898018e-01
5.546300000000000182e+03 1.106028767105292536e+04 1.396519082645987508e-01
5.549800000000000182e+03 1.102510756727334592e+04 1.396095549447731454e-01
5.553300000000000182e+03 1.101139663239036599e+04 1.408461809724000924e-01
5.556800000000000182e+03 1.117156941736326371e+04 1.405179211094630953e-01
5.560300000000000182e+03 1.091062051033107673e+04 1.388690850736724047e-01
5.563800000000000182e+03 1.098877572607713410e+04 1.388877088355874312e-01
5.567300000000000182e+03 1.100189451747745989e+04 1.402943210181260558e-01
5.570800000000000182e+03 1.085991838317670044e+04 1.401189013600088740e-01
5.574300000000000182e+03 1.092968557470448650e+04 1.401870909624438888e-01
5.577800000000000182e+03 1.090567792332241879e+04 1.395590182957263670e-01
5.581300000000000182e+03 1.092600158362558614e+04 1.388168852339603798e-01
5.584800000000000182e+03 1.086754554080631169e+04 1.397388300293696539e-01
5.588300000000000182e+03 1.079223285444828616e+04 1.404270928135723240e-01
5.591800000000000182e+03 1.090067353608982194e+04 1.397449405075791296e-01
5.595300000000000182e+03 1.083998855632086816e+04 1.397323021397052500e-01
5.598800000000000182e+03 1.087024931098143315e+04 1.390785683616233281e-01
5.602300000000000182e+03 1.070683248319127051e+04 1.423120484375410277e-01
5.605800000000000182e+03 1.074516470713929084e+04 1.389767332350322904e-01
5.609300000000000182e+03 1.065033317124921632e+04 1.392097952287797702e-01
5.612800000000000182e+03 1.071023226971144322e+04 1.420041234682845599e-01
5.616300000000000182e+03 1.076506288657139703e+04 1.388955795168147211e-01
5.619800000000000182e+03 1.061654431323193239e+04 1.410236804949899503e-01
5.623300000000000182e+03 1.061610556526198161e+04 1.403847551025740326e-01
5.626800000000000182e+03 1.071525245415005338e+04 1.401230549912905743e-01
5.630300000000000182e+03 1.057742339640125465e+04 1.406400095626726965e-01
5.633800000000000182e+03 1.048581309171927205e+04 1.391411478343194952e-01
5.637300000000000182e+03 1.058764084395287136e+04 1.377820157835959181e-01
5.640800000000000182e+03 1.057407903415106921e+04 1.383557197935627869e-01
5.644300000000000182e+03 1.052437687760149493e+04 1.402862207496225200e-01
5.647800000000000182e+03 1.053572442640914778e+04 1.373910718657387064e-01
5.651300000000000182e+03 1.035547491231205822e+04 1.413494112461699814e-01
5.654800000000000182e+03 1.033264647768256873e+04 1.406267047394660907e-01
5.658300000000000182e+03 1.033827579136214445e+04 1.401097580802566356e-01
5.661800000000000182e+03 1.033443705426495580e+04 1.384730132287928517e-01
5.665300000000000182e+03 1.045339111362318545e+04 1.410583966230163078e-01
5.668800000000000182e+03 1.038135641194209893e+04 1.402883116730001822e-01
5.672300000000000182e+03 1.029463190833579210e+04 1.413990981410643555e-01
5.675800000000000182e+03 1.031558490911095942e+04 1.425774789178801960e-01
5.679300000000000182e+03 1.026637079754675506e+04 1.405313849725951525e-01
5.682800000000000182e+03 1.023076025455979106e+04 1.430696838403452131e-01
5.686300000000000182e+03 1.017578589564773574e+04 1.422239880900889319e-01
5.689800000000000182e+03 1.012752544639109328e+04 1.444013433345584518e-01
5.693300000000000182e+03 1.013658168383986958e+04 1.431087359396769620e-01
5.696800000000000182e+03 1.014625014492527589e+04 1.427130416211086494e-01
5.700300000000000182e+03 1.012136707405547895e+04 1.424648546650645331e-01
5.703800000000000182e+03 1.020728702592072113e+04 1.414461960356055148e-01
5.707300000000000182e+03 1.013656783985520815e+04 1.407606346295330324e-01
5.710800000000000182e+03 1.002300557402230697e+04 1.408120746974743931e-01
5.714300000000000182e+03 1.006615056670326157e+04 1.405317270611020630e-01
5.717800000000000182e+03 1.014591307993593909e+04 1.420415898157903756e-01
5.721300000000000182e+03 1.007670599900394154e+04 1.421146780348123140e-01
5.724800000000000182e+03 1.006974093099573656e+04 1.408057460807690675e-01
5.728300000000000182e+03 1.006900262608901903e+04 1.404940367644346155e-01
5.731800000000000182e+03 1.000634549399844582e+04 1.401213863613784694e-01
5.735300000000000182e+03 1.001450721419722686e+04 1.421408730119967379e-01
5.738800000000000182e+03 1.001774191587612040e+04 1.403823898332154096e-01
5.742300000000000182e+03 9.960375789412139056e+03 1.398930040197255142e-01
5.745800000000000182e+03 9.911485074385051121e+03 1.410855978294408841e-01
5.749300000000000182e+03 9.983209771598612861e+03 1.379307021005177492e-01
5.752800000000000182e+03 9.986652820859391795e+03 1.412297531879626589e-01
5.756300000000000182e+03 9.865832379184390447e+03 1.394695126811402175e-01
5.759800000000000182e+03 9.938247047753728111e+03 1.369717019559466564e-01
5.763300000000000182e+03 9.878414956903472557e+03 1.365294059421498507e-01
5.766800000000000182e+03 9.825555173481816382e+03 1.365719981744820122e-01
5.770300000000000182e+03 9.822308540037678540e+03 1.359786564589313129e-01
5.773800000000000182e+03 9.760607810820585655e+03 1.372435664925933663e-01
5.777300000000000182e+03 9.771774338748358787e+03 1.347090879313791179e-01
5.780800000000000182e+03 9.700571368189883287e+03 1.367143864890804361e-01
5.784300000000000182e+03 9.802798825469213625e+03 1.364330049118490096e-01
5.787800000000000182e+03 9.792152138670975546e+03 1.337390208002489922e-01
5.791300000000000182e+03 9.770878838897566311e+03 1.330708027364897461e-01
5.794800000000000182e+03 9.657791294146159998e+03 1.378508403761160017e-01
5.798300000000000182e+03 9.708088104835547711e+03 1.349358714667183712e-01
5.801800000000000182e+03 9.828628149753882099e+03 1.316515274991902629e-01
5.805300000000000182e+03 9.689081278589992507e+03 1.321310211703013160e-01
5.808800000000000182e+03 9.681616612034504215e+03 1.319369949771571071e-01
5.812300000000000182e+03 9.738888934721448095e+03 1.318959528008585569e-01
5.815800000000000182e+03 9.605244146792267202e+03 1.334081968514449490e-01
5.819300000000000182e+03 9.659552338361490911e+03 1.350798001369354906e-01
5.822800000000000182e+03 9.710814233727365718e+03 1.322743912049147430e-01
5.826300000000000182e+03 9.634075744052726805e+03 1.320691321076742086e-01
5.829800000000000182e+03 9.579718185119138070e+03 1.311092801820698539e-01
5.833300000000000182e+03 9.634866492888933863e+03 1.330901924328069252e-01
5.836800000000000182e+03 9.662941325206991678e+03 1.298091177104155058e-01
5.840300000000000182e+03 9.592775128449087788e+03 1.316593920142739016e-01
5.843800000000000182e+03 9.503020461184551095e+03 1.307030055004521352e-01
5.847300000000000182e+03 9.508327370919163513e+03 1.297884135820300822e-01
5.850800000000000182e+03 9.397149764299381786e+03 1.316979711777438167e-01
5.854300000000000182e+03 9.333909420211404722e+03 1.303836547032607984e-01
5.857800000000000182e+03 9.347902324389593559e+03 1.311537245392148110e-01
5.861300000000000182e+03 9.351534222661199237e+03 1.285454343338202077e-01
5.864800000000000182e+03 9.227845894037674952e+03 1.295372293041691381e-01
5.868300000000000182e+03 9.203037298614455722e+03 1.309283986287766710e-01
5.871800000000000182e+03 9.090538409349093854e+03 1.324701288135769484e-01
5.875300000000000182e+03 9.116253288387983048e+03 1.336447118658186661e-01
5.878800000000000182e+03 8.956733770573460788e+03 1.384598316896001047e-01
5.882300000000000182e+03 8.772235832646194467e+03 1.388423075132400597e-01
5.885800000000000182e+03 8.665863531331549893e+03 1.433091375829368963e-01
5.889300000000000182e+03 8.674494894249626668e+03 1.464688105631871406e-01
5.892800000000000182e+03 8.638706805365431137e+03 1.448637545727253506e-01
5.896300000000000182e+03 8.608511838658980196e+03 1.459394576033926083e-01
5.899800000000000182e+03 8.591012038112068694e+03 1.452430236559501264e-01
5.903300000000000182e+03 8.546098639805839412e+03 1.449375669205223705e-01
5.906800000000000182e+03 8.612215700533773997e+03 1.458063534657833005e-01
5.910300000000000182e+03 8.637245946810948226e+03 1.436160696205380227e-01
5.913800000000000182e+03 8.504008771648090260e+03 1.453198799298485167e-01
5.917300000000000182e+03 8.526093415293946236e+03 1.432649071142087227e-01
5.920800000000000182e+03 8.517865308417838605e+03 1.421509160821676498e-01
5.924300000000000182e+03 8.441201526334360096e+03 1.416596061967569653e-01
5.927800000000000182e+03 8.335126518771348856e+03 1.428429458845559830e-01
5.931300000000000182e+03 8.467377109923749231e+03 1.380837666969240429e-01
5.934800000000000182e+03 8.477872475983329423e+03 1.410523160552962785e-01
5.938300000000000182e+03 8.409056632411718965e+03 1.429840428599001012e-01
5.941800000000000182e+03 8.171457944402529392e+03 1.439144354942933079e-01
5.945300000000000182e+03 8.179279269423655933e+03 1.428711957498654261e-01
5.948800000000000182e+03 8.135077317894517364e+03 1.440439685555186256e-01
5.952300000000000182e+03 8.242262302717192142e+03 1.423187712895460644e-01
5.955800000000000182e+03 8.251474187131470899e+03 1.394137611007017774e-01
5.959300000000000182e+03 8.171365839270204560e+03 1.380889872442928323e-01
5.962800000000000182e+03 8.172487398124734682e+03 1.401937768894342684e-01
5.966300000000000182e+03 8.186956604381442048e+03 1.366384950532596176e-01
5.969800000000000182e+03 8.163135969849236972e+03 1.352879183528754858e-01
5.973300000000000182e+03 8.057773407482950461e+03 1.358690278595196255e-01
5.976800000000000182e+03 8.037496141810286645e+03 1.332257459461689275e-01
5.980300000000000182e+03 8.063581231009142357e+03 1.337738672709853915e-01
5.983800000000000182e+03 8.020378322251004647e+03 1.336836348595595858e-01
5.987300000000000182e+03 7.975685246974922848e+03 1.343567417712375200e-01
5.990800000000000182e+03 7.968993190537112241e+03 1.329746071710588007e-01
5.994300000000000182e+03 7.901683375405797960e+03 1.325728899229909608e-01
5.997800000000000182e+03 7.863674240155965890e+03 1.323446972672562005e-01
