# wavelength angstroms, flux, ext coeff
3.001800000000000182e+03 9.037982002302805129e-02 0.000000000000000000e+00
3.005300000000000182e+03 nan 0.000000000000000000e+00
3.008800000000000182e+03 1.120169129458862545e-01 0.000000000000000000e+00
3.012300000000000182e+03 1.914360041272819279e-01 0.000000000000000000e+00
3.015800000000000182e+03 nan 0.000000000000000000e+00
3.019300000000000182e+03 1.724223769941234108e-02 0.000000000000000000e+00
3.022800000000000182e+03 1.232527623155613705e-01 0.000000000000000000e+00
3.026300000000000182e+03 nan 0.000000000000000000e+00
3.029800000000000182e+03 4.052324008285789758e-01 0.000000000000000000e+00
3.033300000000000182e+03 5.860934159703640178e-01 0.000000000000000000e+00
3.036800000000000182e+03 9.867228265819180111e-01 0.000000000000000000e+00
3.040300000000000182e+03 1.138244352382820512e+00 0.000000000000000000e+00
3.043800000000000182e+03 1.421241889245215884e+00 0.000000000000000000e+00
3.047300000000000182e+03 1.961061212361615791e+00 0.000000000000000000e+00
3.050800000000000182e+03 2.578796116061201182e+00 0.000000000000000000e+00
3.054300000000000182e+03 3.116215965007615551e+00 0.000000000000000000e+00
3.057800000000000182e+03 3.844687195414492591e-03 2.676191265483294668e+00
3.061300000000000182e+03 4.699305631494514301e+00 0.000000000000000000e+00
3.064800000000000182e+03 8.909446373593780596e-03 2.539800291787396525e+00
3.068300000000000182e+03 1.309018542818094280e-02 2.443376115390806014e+00
3.071800000000000182e+03 2.210302422468772218e-02 2.349794574566738348e+00
3.075300000000000182e+03 3.126886303446820697e-02 2.307159003225331961e+00
3.078800000000000182e+03 4.340061832110720524e-02 2.237229603986682136e+00
3.082300000000000182e+03 5.590710547082208132e-02 2.178915401554381237e+00
3.085800000000000182e+03 8.220234833665440721e-02 2.099464265323941703e+00
3.089300000000000182e+03 1.174106566254100453e-01 2.036406266484044991e+00
3.092800000000000182e+03 1.677864529850590647e-01 1.963987011900433899e+00
3.096300000000000182e+03 2.184351261282500845e-01 1.925543556605257223e+00
3.099800000000000182e+03 3.069580664353355748e-01 1.862389370627876906e+00
3.103300000000000182e+03 3.426241821463789083e-01 1.817730735448978674e+00
3.106800000000000182e+03 4.048281698568307885e-01 1.811196389898733994e+00
3.110300000000000182e+03 4.552729101176595239e-01 1.827642189693348573e+00
3.113800000000000182e+03 5.877121738906038173e-01 1.750106257928055076e+00
3.117300000000000182e+03 6.672471330006535251e-01 1.709251412826013672e+00
3.120800000000000182e+03 8.181338907151397555e-01 1.692955145572516251e+00
3.124300000000000182e+03 1.027325851759269160e+00 1.652846736688899032e+00
3.127800000000000182e+03 1.175094946738876489e+00 1.625222987047809209e+00
3.131300000000000182e+03 1.341858876672587186e+00 1.591690858786647844e+00
3.134800000000000182e+03 1.624509172401971790e+00 1.569223271028398425e+00
3.138300000000000182e+03 1.862274467358785657e+00 1.531495074763135289e+00
3.141800000000000182e+03 2.189597198548267176e+00 1.505715893719153264e+00
3.145300000000000182e+03 2.807934230800368969e+00 1.470000305444626454e+00
3.148800000000000182e+03 3.227119593722353574e+00 1.450896327661748142e+00
3.152300000000000182e+03 3.673018341916966190e+00 1.415150610787734520e+00
3.155800000000000182e+03 4.578131919296596131e+00 1.385357060913823046e+00
3.159300000000000182e+03 5.032142338522533898e+00 1.355733241096056529e+00
3.162800000000000182e+03 6.270431574903299499e+00 1.328546522166593524e+00
3.166300000000000182e+03 6.847520483231916089e+00 1.316171330062493983e+00
3.169800000000000182e+03 7.692801007807191560e+00 1.292792349236930205e+00
3.173300000000000182e+03 8.439304904013312125e+00 1.272660417385364617e+00
3.176800000000000182e+03 9.638074809489735273e+00 1.245814760924064846e+00
3.180300000000000182e+03 1.026213613175767847e+01 1.229232170183474304e+00
3.183800000000000182e+03 1.177451582520215645e+01 1.200025787350764039e+00
3.187300000000000182e+03 1.305743671528270333e+01 1.180372858685334148e+00
3.190800000000000182e+03 1.430287975286905677e+01 1.165379246819851611e+00
3.194300000000000182e+03 1.630217495113463144e+01 1.146250237596935007e+00
3.197800000000000182e+03 1.792009234654245020e+01 1.133022241096768745e+00
3.201300000000000182e+03 1.938199249978165994e+01 1.120045128881696606e+00
3.204800000000000182e+03 2.075972714144079490e+01 1.098841068728160897e+00
3.208300000000000182e+03 2.340801546951183454e+01 1.084041209791033245e+00
3.211800000000000182e+03 2.770774919012317028e+01 1.066679060790529432e+00
3.215300000000000182e+03 2.992978541095031986e+01 1.057862462901952849e+00
3.218800000000000182e+03 2.903276949827559505e+01 1.044875583036336542e+00
3.222300000000000182e+03 3.301207522799349903e+01 1.029315853585362817e+00
3.225800000000000182e+03 3.432640160858987599e+01 1.019266418428678378e+00
3.229300000000000182e+03 3.616170924265782105e+01 1.008249408924432933e+00
3.232800000000000182e+03 3.858969422165517926e+01 9.930476675331111336e-01
3.236300000000000182e+03 4.474711885839417391e+01 9.732126928574666991e-01
3.239800000000000182e+03 4.757517083469759456e+01 9.636507135165932603e-01
3.243300000000000182e+03 5.401740012721234052e+01 9.491046854810688549e-01
3.246800000000000182e+03 5.340608868370767937e+01 9.458181239311863608e-01
3.250300000000000182e+03 5.583256392854806194e+01 9.394954570731017807e-01
3.253800000000000182e+03 6.009328766176955128e+01 9.330017040066450607e-01
3.257300000000000182e+03 6.400429262538973774e+01 9.201318528765545235e-01
3.260800000000000182e+03 6.966766091152480556e+01 9.071393220847300265e-01
3.264300000000000182e+03 7.339260062624153136e+01 8.933853979859259775e-01
3.267800000000000182e+03 7.881814265945939724e+01 8.891475948205689317e-01
3.271300000000000182e+03 8.075928146997955537e+01 8.849302747910896549e-01
3.274800000000000182e+03 8.367737815333551055e+01 8.758194779561652155e-01
3.278300000000000182e+03 8.567865221787151597e+01 8.763061615952688621e-01
3.281800000000000182e+03 8.759997535320736972e+01 8.698078547006485861e-01
3.285300000000000182e+03 9.349056564500772026e+01 8.645567353013290379e-01
3.288800000000000182e+03 1.040770774025762933e+02 8.483369615112466011e-01
3.292300000000000182e+03 1.089314923861134048e+02 8.392760805430106164e-01
3.295800000000000182e+03 1.161754405169718609e+02 8.269866998712075423e-01
3.299300000000000182e+03 1.228092680424105652e+02 8.208933489532044270e-01
3.302800000000000182e+03 1.159277501650349791e+02 8.214916508400464945e-01
3.306300000000000182e+03 1.283745662374775520e+02 8.118946646903956177e-01
3.309800000000000182e+03 1.296248818240604805e+02 8.133529045605715213e-01
3.313300000000000182e+03 1.263704729114941898e+02 8.084696782106371993e-01
3.316800000000000182e+03 1.380020009128308800e+02 8.029593432796440222e-01
3.320300000000000182e+03 1.454177978624851164e+02 7.929167344440575249e-01
3.323800000000000182e+03 1.540120814897681782e+02 7.825647902131201983e-01
3.327300000000000182e+03 1.594964122221684022e+02 7.764858481526745182e-01
3.330800000000000182e+03 1.713353562884489349e+02 7.696554924692938782e-01
3.334300000000000182e+03 1.740961915930788564e+02 7.667545695550108675e-01
3.337800000000000182e+03 1.664710224067250124e+02 7.698975958610867476e-01
3.341300000000000182e+03 1.717998414211006946e+02 7.619955064899639474e-01
3.344800000000000182e+03 1.839151146612648802e+02 7.570726309978409452e-01
3.348300000000000182e+03 1.850878117167592620e+02 7.536660980851477287e-01
3.351800000000000182e+03 1.986972094539644047e+02 7.457069995158844833e-01
3.355300000000000182e+03 1.949126264557204706e+02 7.436937149807938408e-01
3.358800000000000182e+03 2.114893131014686389e+02 7.333734193921701561e-01
3.362300000000000182e+03 2.200862580341414230e+02 7.240715848776296815e-01
3.365800000000000182e+03 2.224497989115616292e+02 7.276734196308054514e-01
3.369300000000000182e+03 2.213303385788989033e+02 7.259547831591116607e-01
3.372800000000000182e+03 2.306166196228162732e+02 7.228787610081258697e-01
3.376300000000000182e+03 2.292402726863340661e+02 7.206902826774511661e-01
3.379800000000000182e+03 2.440329227703324477e+02 7.100805041416822228e-01
3.383300000000000182e+03 2.391648956289750458e+02 7.102146785988165956e-01
3.386800000000000182e+03 2.593874873640935448e+02 7.043305756758395653e-01
3.390300000000000182e+03 2.788018518826554555e+02 6.952464664177114839e-01
3.393800000000000182e+03 2.737024608583502072e+02 6.942399409686179634e-01
3.397300000000000182e+03 2.726768111831825649e+02 6.914589101282684336e-01
3.400800000000000182e+03 2.822419575355027064e+02 6.896820081390556689e-01
3.404300000000000182e+03 2.915452283856496933e+02 6.827971886675476831e-01
3.407800000000000182e+03 2.984849139297007810e+02 6.789584904544138100e-01
3.411300000000000182e+03 3.121206972605480701e+02 6.781103336696414630e-01
3.414800000000000182e+03 3.146976479887850360e+02 6.715439726342842253e-01
3.418300000000000182e+03 3.235651624886265267e+02 6.703331730369148644e-01
3.421800000000000182e+03 3.305937602712043031e+02 6.641902604991404280e-01
3.425300000000000182e+03 3.512815494841610757e+02 6.615297241617220658e-01
3.428800000000000182e+03 3.558273515734011312e+02 6.571531298270626431e-01
3.432300000000000182e+03 3.546333545638751161e+02 6.567025845023349850e-01
3.435800000000000182e+03 3.585554566934911804e+02 6.536827185468424561e-01
3.439300000000000182e+03 3.684705700407174049e+02 6.523054335314197871e-01
3.442800000000000182e+03 3.833590628034073688e+02 6.488478552222642914e-01
3.446300000000000182e+03 3.827214582333896828e+02 6.465639333122989996e-01
3.449800000000000182e+03 3.819215177650081614e+02 6.442007527221826901e-01
3.453300000000000182e+03 4.006457040664216720e+02 6.384725096277872325e-01
3.456800000000000182e+03 4.053939073570498977e+02 6.342923061519117889e-01
3.460300000000000182e+03 4.240496119401441888e+02 6.284748926641792188e-01
3.463800000000000182e+03 4.156172746047056989e+02 6.317707877157358043e-01
3.467300000000000182e+03 4.455176452191330441e+02 6.248067232524104897e-01
3.470800000000000182e+03 4.352770443617096134e+02 6.212515243902946294e-01
3.474300000000000182e+03 4.481390981933246280e+02 6.218778710808977594e-01
3.477800000000000182e+03 4.601609938951838785e+02 6.162741194311937010e-01
3.481300000000000182e+03 4.575912284099103431e+02 6.133103410408765610e-01
3.484800000000000182e+03 4.759668504491426120e+02 6.087332730884764675e-01
3.488300000000000182e+03 5.030983643851929514e+02 6.062311132311460904e-01
3.491800000000000182e+03 4.994866806240002575e+02 6.057612055174623755e-01
3.495300000000000182e+03 5.090036383307372034e+02 6.029110449412991013e-01
3.498800000000000182e+03 5.026463445949696620e+02 6.033593550951462658e-01
3.502300000000000182e+03 5.172015556059527626e+02 6.002139181391951128e-01
3.505800000000000182e+03 5.390262420540602761e+02 5.978100509145913843e-01
3.509300000000000182e+03 5.368244284462186897e+02 5.976261468191682580e-01
3.512800000000000182e+03 5.592097894845904875e+02 5.935205533658753918e-01
3.516300000000000182e+03 5.689978595134101624e+02 5.879851389711359122e-01
3.519800000000000182e+03 5.719212397142059672e+02 5.887951375074982341e-01
3.523300000000000182e+03 5.698447379629631087e+02 5.885780685649137922e-01
3.526800000000000182e+03 6.024231553240476842e+02 5.809686226850282464e-01
3.530300000000000182e+03 6.042645652253514754e+02 5.796885912199835067e-01
3.533800000000000182e+03 6.139584365661713719e+02 5.744819657248768641e-01
3.537300000000000182e+03 6.220231420938538349e+02 5.767441787513206686e-01
3.540800000000000182e+03 6.542713315305990136e+02 5.718571991514521669e-01
3.544300000000000182e+03 6.414765349209181977e+02 5.705822608067104840e-01
3.547800000000000182e+03 6.542681375098061380e+02 5.707651944796575672e-01
3.551300000000000182e+03 6.838804536366134244e+02 5.690079772370904010e-01
3.554800000000000182e+03 6.958275277620249426e+02 5.637553091506765091e-01
3.558300000000000182e+03 6.937435988137053755e+02 5.612155721130761554e-01
3.561800000000000182e+03 7.123850882685313763e+02 5.580659700310904858e-01
3.565300000000000182e+03 7.099592709116767537e+02 5.573840223216494083e-01
3.568800000000000182e+03 7.121973680657430350e+02 5.526253351638603650e-01
3.572300000000000182e+03 7.254890503750243624e+02 5.487969111566752822e-01
3.575800000000000182e+03 7.507254401200757457e+02 5.478658898983874703e-01
3.579300000000000182e+03 7.568467242480029427e+02 5.480151391645229353e-01
3.582800000000000182e+03 7.552639887402693830e+02 5.451243998659552892e-01
3.586300000000000182e+03 7.549593745254846908e+02 5.440096054421669214e-01
3.589800000000000182e+03 7.632659007976218390e+02 5.409125804748927679e-01
3.593300000000000182e+03 7.741185995933384447e+02 5.410660866925955936e-01
3.596800000000000182e+03 8.110272786362767192e+02 5.366446898738437277e-01
3.600300000000000182e+03 8.240350476159246682e+02 5.336618224102406272e-01
3.603800000000000182e+03 8.267743854618865953e+02 5.341280419054040829e-01
3.607300000000000182e+03 8.328749490867054419e+02 5.292683059010450108e-01
3.610800000000000182e+03 8.486989626148013031e+02 5.284340684676309685e-01
3.614300000000000182e+03 8.803845503186792030e+02 5.232816155339973241e-01
3.617800000000000182e+03 8.881506079002132310e+02 5.226037074001234073e-01
3.621300000000000182e+03 9.156759606200413373e+02 5.202639749776536426e-01
3.624800000000000182e+03 8.885983923528963260e+02 5.224029305900087516e-01
3.628300000000000182e+03 9.160973580557790683e+02 5.180298681893953372e-01
3.631800000000000182e+03 9.313010249166674157e+02 5.167977270545215385e-01
3.635300000000000182e+03 9.484684271845874264e+02 5.132260497592502357e-01
3.638800000000000182e+03 9.753251567546399201e+02 5.091315880360820501e-01
3.642300000000000182e+03 9.660600342227810415e+02 5.090952434129804027e-01
3.645800000000000182e+03 1.004803752209911522e+03 5.091282029558613642e-01
3.649300000000000182e+03 1.069566978563905650e+03 5.063643211755158857e-01
3.652800000000000182e+03 1.061775890959230537e+03 5.033181689248668045e-01
3.656300000000000182e+03 1.052028938413600827e+03 5.053949699289550512e-01
3.659800000000000182e+03 1.078693202275308295e+03 5.026356239269689219e-01
3.663300000000000182e+03 1.084894968826044533e+03 5.000618608197054948e-01
3.666800000000000182e+03 1.106412286999629259e+03 4.948701194947690563e-01
3.670300000000000182e+03 1.090706244652296391e+03 4.954126671652457348e-01
3.673800000000000182e+03 1.111721510027798558e+03 4.920483578004630210e-01
3.677300000000000182e+03 1.099269963344125244e+03 4.930488273730169180e-01
3.680800000000000182e+03 1.090055164503284914e+03 4.918661025902901773e-01
3.684300000000000182e+03 1.082767320793029057e+03 4.885340276894899469e-01
3.687800000000000182e+03 1.105555217061694520e+03 4.821882280112094188e-01
3.691300000000000182e+03 1.100311596717581779e+03 4.817407210063894274e-01
3.694800000000000182e+03 1.087889111044880110e+03 4.804790186336177493e-01
3.698300000000000182e+03 1.121852906465056776e+03 4.781362720461804217e-01
3.701800000000000182e+03 1.141405405707396540e+03 4.770504095604399253e-01
3.705300000000000182e+03 1.161295931913307413e+03 4.797618907343291772e-01
3.708800000000000182e+03 1.173147524285464669e+03 4.756146619193873937e-01
3.712300000000000182e+03 1.213819790156317140e+03 4.749903443062871711e-01
3.715800000000000182e+03 1.234615022087428770e+03 4.719327908936629123e-01
3.719300000000000182e+03 1.259689669874200263e+03 4.708739750932910417e-01
3.722800000000000182e+03 1.303036671148395726e+03 4.663900540565437680e-01
3.726300000000000182e+03 1.290845571578964609e+03 4.621881170630978697e-01
3.729800000000000182e+03 1.317268490165901994e+03 4.594921060490695930e-01
3.733300000000000182e+03 1.381752950607297407e+03 4.562369073326330016e-01
3.736800000000000182e+03 1.405840219645345996e+03 4.597571967334005416e-01
3.740300000000000182e+03 1.456785748551629240e+03 4.614065854232637376e-01
3.743800000000000182e+03 1.592755009515728943e+03 4.588176839571853072e-01
3.747300000000000182e+03 1.626261219087782138e+03 4.571584662966319823e-01
3.750800000000000182e+03 1.667466042296390015e+03 4.570580918843040741e-01
3.754300000000000182e+03 1.745671233218203042e+03 4.541147703634046406e-01
3.757800000000000182e+03 1.756268461534792777e+03 4.511466058703211823e-01
3.761300000000000182e+03 1.805789757583278288e+03 4.484856324758447199e-01
3.764800000000000182e+03 1.880543840959773888e+03 4.456266206485309245e-01
3.768300000000000182e+03 1.935759819117439974e+03 4.433520539076342692e-01
3.771800000000000182e+03 1.992193735094398107e+03 4.415070659490150096e-01
3.775300000000000182e+03 2.037160182497845199e+03 4.431247945016763001e-01
3.778800000000000182e+03 2.158082038763761830e+03 4.392737971001913766e-01
3.782300000000000182e+03 2.201313233844182832e+03 4.387668814444306009e-01
3.785800000000000182e+03 2.344651469062403976e+03 4.356700810673615476e-01
3.789300000000000182e+03 2.459929856282241872e+03 4.351961466650822175e-01
3.792800000000000182e+03 2.516102943208315992e+03 4.353610738333019703e-01
3.796300000000000182e+03 2.693799214503320400e+03 4.314162617902980723e-01
3.799800000000000182e+03 2.737536329784677946e+03 4.352218007842334480e-01
3.803300000000000182e+03 2.859423966433153055e+03 4.348925726381197565e-01
3.806800000000000182e+03 2.910862049571783700e+03 4.334718755692238412e-01
3.810300000000000182e+03 2.919551035468638020e+03 4.352223262426673789e-01
3.813800000000000182e+03 2.899928522712415543e+03 4.342939160780905361e-01
3.817300000000000182e+03 2.815495906507685504e+03 4.271861400395737252e-01
3.820800000000000182e+03 2.830133955886988133e+03 4.222888037663522498e-01
3.824300000000000182e+03 2.807181442452414558e+03 4.120329342922178784e-01
3.827800000000000182e+03 2.791173048906081931e+03 4.054001615545439474e-01
3.831300000000000182e+03 2.830817528278350892e+03 4.024393461659850901e-01
3.834800000000000182e+03 2.954662070763974953e+03 4.072608665185569743e-01
3.838300000000000182e+03 3.078579424350187310e+03 4.098587084074094555e-01
3.841800000000000182e+03 3.330908733158320047e+03 4.119666666986386838e-01
3.845300000000000182e+03 3.501827426349070265e+03 4.157633851397959934e-01
3.848800000000000182e+03 3.660223105896395282e+03 4.161290580402466355e-01
3.852300000000000182e+03 3.956257151132654144e+03 4.125628314050585055e-01
3.855800000000000182e+03 4.082871621104357473e+03 4.099414053497497656e-01
3.859300000000000182e+03 4.220758574156064242e+03 4.118078834762821661e-01
3.862800000000000182e+03 4.425860794315135536e+03 4.119688712223823490e-01
3.866300000000000182e+03 4.453835929760190993e+03 4.120929995029309900e-01
3.869800000000000182e+03 4.319513735932492636e+03 4.158712989127606452e-01
3.873300000000000182e+03 4.251516919271535698e+03 4.116800545582110504e-01
3.876800000000000182e+03 4.030655815546227132e+03 4.052572920243381893e-01
3.880300000000000182e+03 3.807398293739267501e+03 3.940653841208837105e-01
3.883800000000000182e+03 3.549606739112087325e+03 3.804902781794301525e-01
3.887300000000000182e+03 3.421044597872281884e+03 3.687235136271552194e-01
3.890800000000000182e+03 3.395461940845164463e+03 3.665020598760380111e-01
3.894300000000000182e+03 3.538995521090392231e+03 3.686635886639987869e-01
3.897800000000000182e+03 3.775931567355751667e+03 3.814979388420208228e-01
3.901300000000000182e+03 4.027651040866885978e+03 3.895056688678272816e-01
3.904800000000000182e+03 4.424712954659084062e+03 3.975770787729146494e-01
3.908300000000000182e+03 4.640872098569864647e+03 4.018324638831644036e-01
3.911800000000000182e+03 4.898572739576483400e+03 3.972872124876501987e-01
3.915300000000000182e+03 4.798263696640138733e+03 3.953164608006446978e-01
3.918800000000000182e+03 4.731180068109449167e+03 3.882360479630233008e-01
3.922300000000000182e+03 4.669153597580828318e+03 3.809108335605916329e-01
3.925800000000000182e+03 4.666509669423398009e+03 3.719693579194791599e-01
3.929300000000000182e+03 4.660493365324166007e+03 3.665225224365785683e-01
3.932800000000000182e+03 4.723679127225768752e+03 3.674221924554464391e-01
3.936300000000000182e+03 4.862020935687987730e+03 3.710806129684896537e-01
3.939800000000000182e+03 5.022421812282294923e+03 3.750576329726741931e-01
3.943300000000000182e+03 5.056637463225885767e+03 3.797932944312065739e-01
3.946800000000000182e+03 5.115618767630665388e+03 3.847291627734902297e-01
3.950300000000000182e+03 5.113306539565914136e+03 3.880293487599407176e-01
3.953800000000000182e+03 4.960266532753634237e+03 3.820338531617578637e-01
3.957300000000000182e+03 4.595865969493536795e+03 3.750019496983121314e-01
3.960800000000000182e+03 4.300968100915046307e+03 3.627857873325083804e-01
3.964300000000000182e+03 4.093933556175971262e+03 3.453213522919735823e-01
3.967800000000000182e+03 3.891299570224592571e+03 3.331157386598955772e-01
3.971300000000000182e+03 3.905588109084257212e+03 3.307177423430467389e-01
3.974800000000000182e+03 4.124897266003474215e+03 3.371797651885259928e-01
3.978300000000000182e+03 4.488318032740869057e+03 3.489133181736985834e-01
3.981800000000000182e+03 4.853876345067896182e+03 3.590122000144977954e-01
3.985300000000000182e+03 5.446326621549568699e+03 3.642810587344693651e-01
3.988800000000000182e+03 5.838407637040244481e+03 3.676524010788939090e-01
3.992300000000000182e+03 6.478189457597807632e+03 3.634359532783590363e-01
3.995800000000000182e+03 7.002694303757471971e+03 3.578321098406189171e-01
3.999300000000000182e+03 7.095779793876049553e+03 3.569204729097346651e-01
4.002800000000000182e+03 7.408971532608646157e+03 3.549902743738622690e-01
4.006300000000000182e+03 7.597059214430053544e+03 3.519493528127519699e-01
4.009800000000000182e+03 7.788438540718871991e+03 3.524551960537550266e-01
4.013300000000000182e+03 8.003196934488346415e+03 3.513760918829542668e-01
4.016800000000000182e+03 8.069507544565806711e+03 3.483785693392136840e-01
4.020300000000000182e+03 8.194158119916610303e+03 3.484230245280180438e-01
4.023800000000000182e+03 8.416351481740286545e+03 3.460896638740245668e-01
4.027300000000000182e+03 8.292687532168420148e+03 3.433031617534307300e-01
4.030800000000000182e+03 8.596138370162474530e+03 3.423722783946837600e-01
4.034300000000000182e+03 8.534424216190573134e+03 3.406261012430822355e-01
4.037800000000000182e+03 8.802281221166987962e+03 3.389489047150385792e-01
4.041300000000000182e+03 8.823857599322436727e+03 3.396451148876780679e-01
4.044800000000000182e+03 8.815596702602959340e+03 3.382451907569680727e-01
4.048300000000000182e+03 8.786282482250098838e+03 3.383522253964636461e-01
4.051800000000000182e+03 8.677178536665445790e+03 3.377959961379391474e-01
4.055300000000000182e+03 8.687559233922691419e+03 3.362269048879666378e-01
4.058800000000000182e+03 8.661702890795915664e+03 3.351578907522153594e-01
4.062300000000000182e+03 8.858658786742542361e+03 3.330776251697842860e-01
4.065800000000000182e+03 8.752252419655707854e+03 3.331374615035285203e-01
4.069300000000000182e+03 8.290322629871217941e+03 3.334049131062735150e-01
4.072800000000000182e+03 8.134488384642196252e+03 3.312465291983235360e-01
4.076300000000000182e+03 7.914935513933068250e+03 3.303951976875075247e-01
4.079800000000000182e+03 7.570704280011161245e+03 3.301431924415448305e-01
4.083300000000000182e+03 7.273296577613478803e+03 3.274901359007016954e-01
4.086800000000000182e+03 7.112994598113895336e+03 3.241906751244028606e-01
4.090300000000000182e+03 6.701708947627119414e+03 3.257263734054655635e-01
4.093800000000000182e+03 6.426237142662360384e+03 3.224612205657368946e-01
4.097300000000000182e+03 6.149283957724504944e+03 3.198362015311752016e-01
4.100800000000000182e+03 5.978696011776618434e+03 3.152405058929175774e-01
4.104300000000000182e+03 5.875001934212094966e+03 3.085721653148086330e-01
4.107800000000000182e+03 5.884433720621426801e+03 3.039906226398097489e-01
4.111300000000000182e+03 6.132308016835112539e+03 3.027950242525218050e-01
4.114800000000000182e+03 6.539725359938634938e+03 3.037292758330744635e-01
4.118300000000000182e+03 6.821748766583938959e+03 3.106650348198743972e-01
4.121800000000000182e+03 7.515141821184021865e+03 3.169478863546079661e-01
4.125300000000000182e+03 8.175782191877185141e+03 3.188728295175004557e-01
4.128800000000000182e+03 8.742823627768684673e+03 3.197358706112365390e-01
4.132300000000000182e+03 9.106314844783386434e+03 3.196509507001173978e-01
4.135800000000000182e+03 9.596380460563743327e+03 3.157313990833392481e-01
4.139300000000000182e+03 9.989882169512573455e+03 3.120322491004359211e-01
4.142800000000000182e+03 1.025989598039974771e+04 3.090062565366676894e-01
4.146300000000000182e+03 1.044771279333292841e+04 3.073358248514345692e-01
4.149800000000000182e+03 1.044083004118931785e+04 3.078317159093535982e-01
4.153300000000000182e+03 1.075874797313695126e+04 3.039002480202079304e-01
4.156800000000000182e+03 1.080795244264182838e+04 3.054662728749896194e-01
4.160300000000000182e+03 1.087792485087193199e+04 3.053528458662980727e-01
4.163800000000000182e+03 1.096582928002130939e+04 3.021239999201436599e-01
4.167300000000000182e+03 1.123190800426224632e+04 3.015616189170295391e-01
4.170800000000000182e+03 1.137285668214045472e+04 2.998405947532076232e-01
4.174300000000000182e+03 1.118064119720748204e+04 3.019735530465273432e-01
4.177800000000000182e+03 1.137265615601759418e+04 2.984378706455517172e-01
4.181300000000000182e+03 1.157698235373864554e+04 2.965552986983704953e-01
4.184800000000000182e+03 1.160306765928993627e+04 2.956658516737930564e-01
4.188300000000000182e+03 1.148565306336057074e+04 2.966775255621628138e-01
4.191800000000000182e+03 1.163175982994641163e+04 2.943519136620149634e-01
4.195300000000000182e+03 1.162590499332921718e+04 2.945765146149311176e-01
4.198800000000000182e+03 1.157040869045674845e+04 2.957467827192843401e-01
4.202300000000000182e+03 1.189530232498766782e+04 2.917652730869815247e-01
4.205800000000000182e+03 1.188711724307658915e+04 2.916970824048127353e-01
4.209300000000000182e+03 1.200120956997720350e+04 2.891296742007176124e-01
4.212800000000000182e+03 1.198635623755789857e+04 2.913976817500092964e-01
4.216300000000000182e+03 1.191648000813504586e+04 2.882688739025567881e-01
4.219800000000000182e+03 1.224059886306493718e+04 2.870869216716815386e-01
4.223300000000000182e+03 1.243712524197321727e+04 2.849647145141729343e-01
4.226800000000000182e+03 1.212081097484597376e+04 2.849035970222017489e-01
4.230300000000000182e+03 1.223883164656851659e+04 2.826241264216680094e-01
4.233800000000000182e+03 1.235196513818655512e+04 2.820231567851949617e-01
4.237300000000000182e+03 1.228234904284625009e+04 2.833075915744084350e-01
4.240800000000000182e+03 1.227806434423722021e+04 2.834878380848478430e-01
4.244300000000000182e+03 1.245243175001554664e+04 2.817706748999759814e-01
4.247800000000000182e+03 1.274791266137297134e+04 2.815433873685526112e-01
4.251300000000000182e+03 1.268554931908153594e+04 2.789794066061571653e-01
4.254800000000000182e+03 1.263837159624856940e+04 2.793481796705012954e-01
4.258300000000000182e+03 1.259590198449451054e+04 2.778862139242628815e-01
4.261800000000000182e+03 1.254675737942964770e+04 2.781387252802541843e-01
4.265300000000000182e+03 1.258837960929609108e+04 2.766176135594605179e-01
4.268800000000000182e+03 1.265781730627541947e+04 2.755584059430099542e-01
4.272300000000000182e+03 1.285952078120721126e+04 2.731922553467886483e-01
4.275800000000000182e+03 1.321851111392820167e+04 2.715214397271749069e-01
4.279300000000000182e+03 1.313704365200685061e+04 2.710406367252120585e-01
4.282800000000000182e+03 1.304357247492324859e+04 2.725237558478149080e-01
4.286300000000000182e+03 1.313869602827306517e+04 2.714791436359575982e-01
4.289800000000000182e+03 1.291215658819678174e+04 2.724721074498855922e-01
4.293300000000000182e+03 1.294111196932354142e+04 2.694535333735463278e-01
4.296800000000000182e+03 1.285627016227743843e+04 2.683310014634058827e-01
4.300300000000000182e+03 1.266066810186591829e+04 2.699523611360446496e-01
4.303800000000000182e+03 1.246100221531141506e+04 2.673654730717072714e-01
4.307300000000000182e+03 1.218923332237153954e+04 2.680978143339444730e-01
4.310800000000000182e+03 1.171022834042270188e+04 2.701873624645287353e-01
4.314300000000000182e+03 1.154508574985715495e+04 2.664700325945794646e-01
4.317800000000000182e+03 1.119085993213810070e+04 2.653232429298865713e-01
4.321300000000000182e+03 1.079161477292926065e+04 2.639602961288070038e-01
4.324800000000000182e+03 1.011305932663211388e+04 2.621219485946427730e-01
4.328300000000000182e+03 9.785787954141680530e+03 2.600651934902328266e-01
4.331800000000000182e+03 9.418880330293204679e+03 2.591568223966201900e-01
4.335300000000000182e+03 8.714868602224301867e+03 2.592087345162236711e-01
4.338800000000000182e+03 8.657035720928475712e+03 2.554594607832892939e-01
4.342300000000000182e+03 8.629571627006302151e+03 2.506668519919022509e-01
4.345800000000000182e+03 8.680151617339470249e+03 2.485131455055489824e-01
4.349300000000000182e+03 8.938928956041834681e+03 2.445044431523601680e-01
4.352800000000000182e+03 9.301395380570040288e+03 2.462807656468166684e-01
4.356300000000000182e+03 1.002712323078367444e+04 2.472496883018422964e-01
4.359800000000000182e+03 1.068999412446463975e+04 2.515849508659453448e-01
4.363300000000000182e+03 1.161979941307946501e+04 2.565709044378431392e-01
4.366800000000000182e+03 1.230792098978772447e+04 2.592333237447272398e-01
4.370300000000000182e+03 1.279385962107693013e+04 2.582049867715773273e-01
4.373800000000000182e+03 1.345533712372572336e+04 2.568109779271803839e-01
4.377300000000000182e+03 1.384356724175166710e+04 2.529204731973305753e-01
4.380800000000000182e+03 1.446393248264735485e+04 2.505403553986740306e-01
4.384300000000000182e+03 1.443033436616677500e+04 2.505277002910883954e-01
4.387800000000000182e+03 1.512368454658019982e+04 2.455929716777952021e-01
4.391300000000000182e+03 1.468780865682909280e+04 2.461314049277363025e-01
4.394800000000000182e+03 1.484926363068193677e+04 2.478022527978641087e-01
4.398300000000000182e+03 1.495851385923769703e+04 2.455923187546561748e-01
4.401800000000000182e+03 1.476216070122601923e+04 2.471878304682664229e-01
4.405300000000000182e+03 1.504184638672952315e+04 2.451159018892893893e-01
4.408800000000000182e+03 1.490184928963698985e+04 2.458486440901750947e-01
4.412300000000000182e+03 1.505585138846500558e+04 2.441552768933514250e-01
4.415800000000000182e+03 1.509114384260033330e+04 2.450091916797350333e-01
4.419300000000000182e+03 1.517680886267087953e+04 2.429622001950087762e-01
4.422800000000000182e+03 1.519327655643995604e+04 2.424925935337719496e-01
4.426300000000000182e+03 1.551579883090235307e+04 2.415163578041120418e-01
4.429800000000000182e+03 1.537716729833680256e+04 2.396370570005218748e-01
4.433300000000000182e+03 1.575510309714847972e+04 2.390728927755722266e-01
4.436800000000000182e+03 1.538345000514746789e+04 2.395164731450343532e-01
4.440300000000000182e+03 1.533300150207691877e+04 2.389826217124702279e-01
4.443800000000000182e+03 1.572563266519793979e+04 2.383110842766803239e-01
4.447300000000000182e+03 1.597366420288917288e+04 2.378744042864407160e-01
4.450800000000000182e+03 1.609518281854841553e+04 2.378706410371846935e-01
4.454300000000000182e+03 1.627891828945900852e+04 2.363101665506319449e-01
4.457800000000000182e+03 1.646423214914691198e+04 2.342839912949337688e-01
4.461300000000000182e+03 1.634378095409323396e+04 2.337277805935341624e-01
4.464800000000000182e+03 1.648072689699478360e+04 2.348092547684255404e-01
4.468300000000000182e+03 1.645511290681015817e+04 2.335242839933401315e-01
4.471800000000000182e+03 1.641989571005060861e+04 2.326153679152566656e-01
4.475300000000000182e+03 1.637859708848606169e+04 2.306585822602888192e-01
4.478800000000000182e+03 1.656266290623425812e+04 2.320765498443064234e-01
4.482300000000000182e+03 1.672081420908683140e+04 2.295923224292844289e-01
4.485800000000000182e+03 1.653823645187646980e+04 2.295000749994538236e-01
4.489300000000000182e+03 1.651885552713613652e+04 2.276946357565767798e-01
4.492800000000000182e+03 1.677765565747460278e+04 2.267625678438488779e-01
4.496300000000000182e+03 1.689110378561299149e+04 2.275901596303498697e-01
4.499800000000000182e+03 1.699350845326389390e+04 2.267758958471925435e-01
4.503300000000000182e+03 1.714080475139320697e+04 2.275746140594845091e-01
4.506800000000000182e+03 1.745356135262920725e+04 2.246130684845568104e-01
4.510300000000000182e+03 1.733650455181322104e+04 2.268534058563186906e-01
4.513800000000000182e+03 1.706106353084005968e+04 2.259529854860915787e-01
4.517300000000000182e+03 1.711124334971286225e+04 2.258017508354797642e-01
4.520800000000000182e+03 1.714465488275544340e+04 2.250499726582048388e-01
4.524300000000000182e+03 1.730737374427732357e+04 2.239316136362994314e-01
4.527800000000000182e+03 1.732718164696336680e+04 2.214843493889966097e-01
4.531300000000000182e+03 1.721489522992332422e+04 2.231328850941843023e-01
4.534800000000000182e+03 1.708166156679103733e+04 2.195726552371984053e-01
4.538300000000000182e+03 1.682639420021487967e+04 2.231911984638547675e-01
4.541800000000000182e+03 1.732244162035344925e+04 2.192124121561845052e-01
4.545300000000000182e+03 1.750387840652162777e+04 2.178694402345166536e-01
4.548800000000000182e+03 1.756599128590638065e+04 2.176995124225248046e-01
4.552300000000000182e+03 1.744424521348074995e+04 2.173354503455119102e-01
4.555800000000000182e+03 1.744011863718916720e+04 2.185276677744552865e-01
4.559300000000000182e+03 1.761000443106166131e+04 2.166733628657930844e-01
4.562800000000000182e+03 1.774797163338709652e+04 2.168048516350912780e-01
4.566300000000000182e+03 1.790583681919090668e+04 2.182069956392983789e-01
4.569800000000000182e+03 1.826422880542710118e+04 2.143021946939910327e-01
4.573300000000000182e+03 1.802016409286574708e+04 2.167571815534575785e-01
4.576800000000000182e+03 1.780287442464080959e+04 2.149366396450628214e-01
4.580300000000000182e+03 1.777189417366206544e+04 2.155814177197500348e-01
4.583800000000000182e+03 1.782708410476200879e+04 2.129330539048217841e-01
4.587300000000000182e+03 1.819086491619628578e+04 2.110057179596665500e-01
4.590800000000000182e+03 1.771673049777505003e+04 2.120929378640236396e-01
4.594300000000000182e+03 1.813288965647215446e+04 2.108747160683700772e-01
4.597800000000000182e+03 1.823241002806903998e+04 2.095663456689269011e-01
4.601300000000000182e+03 1.819178191094503927e+04 2.100187174292574566e-01
4.604800000000000182e+03 1.837498262380319284e+04 2.095352023531462937e-01
4.608300000000000182e+03 1.799455828945215399e+04 2.123876866797187180e-01
4.611800000000000182e+03 1.824130903508481060e+04 2.112069929831678072e-01
4.615300000000000182e+03 1.869018856947180757e+04 2.079411376815772650e-01
4.618800000000000182e+03 1.833832070798891436e+04 2.065497944926100449e-01
4.622300000000000182e+03 1.782899269835489758e+04 2.085064083696128445e-01
4.625800000000000182e+03 1.865277238767130984e+04 2.062198470857877775e-01
4.629300000000000182e+03 1.858386710965691964e+04 2.046099839526543673e-01
4.632800000000000182e+03 1.823755134605348576e+04 2.045188902118418861e-01
4.636300000000000182e+03 1.840755464640425271e+04 2.032454168262480543e-01
4.639800000000000182e+03 1.832107269156661278e+04 2.044139354899062455e-01
4.643300000000000182e+03 1.864120277803366116e+04 2.014966172343908291e-01
4.646800000000000182e+03 1.828109079597809614e+04 2.043242576974117208e-01
4.650300000000000182e+03 1.846038448656804758e+04 2.013252698061779034e-01
4.653800000000000182e+03 1.877962885274822474e+04 2.008711437821627810e-01
4.657300000000000182e+03 1.812789568548690295e+04 2.028969922501862033e-01
4.660800000000000182e+03 1.889458242905011866e+04 2.012299300822941450e-01
4.664300000000000182e+03 1.858318603754937430e+04 2.012777688141068888e-01
4.667800000000000182e+03 1.908937392614869896e+04 1.994330066839465621e-01
4.671300000000000182e+03 1.849616465837517899e+04 2.008462367472090004e-01
4.674800000000000182e+03 1.881277167374411147e+04 1.993480178629257749e-01
4.678300000000000182e+03 1.820963325007868480e+04 1.994376056884992199e-01
4.681800000000000182e+03 1.853034498716763119e+04 1.987990331844554370e-01
4.685300000000000182e+03 1.873309272056998088e+04 1.963969295280330318e-01
4.688800000000000182e+03 1.828263684894969629e+04 1.979156117541781001e-01
4.692300000000000182e+03 1.809407243527900573e+04 1.975505499835144285e-01
4.695800000000000182e+03 1.829473328259885238e+04 1.967123337204993438e-01
4.699300000000000182e+03 1.807584109335615722e+04 1.950246845704311505e-01
4.702800000000000182e+03 1.796159403481776826e+04 1.944748617709663174e-01
4.706300000000000182e+03 1.795769751726045797e+04 1.933081631381103060e-01
4.709800000000000182e+03 1.794240877473156797e+04 1.930655722540136066e-01
4.713300000000000182e+03 1.790655227161779476e+04 1.940414120546463395e-01
4.716800000000000182e+03 1.813831669795431662e+04 1.927772590235853900e-01
4.720300000000000182e+03 1.821238615539641614e+04 1.929321619278711597e-01
4.723800000000000182e+03 1.897408878941707371e+04 1.915425837901273409e-01
4.727300000000000182e+03 1.883217518454700257e+04 1.933016270226371180e-01
4.730800000000000182e+03 1.918730526144585019e+04 1.922229623332894488e-01
4.734300000000000182e+03 1.891598228748212568e+04 1.921819272783248655e-01
4.737800000000000182e+03 1.898340143564312166e+04 1.916497246954466382e-01
4.741300000000000182e+03 1.903366413752154403e+04 1.924800008547024321e-01
4.744800000000000182e+03 1.946374551843170775e+04 1.885584345712159604e-01
4.748300000000000182e+03 1.893909110389474154e+04 1.892247147916899797e-01
4.751800000000000182e+03 1.927887926420130680e+04 1.866608658376519014e-01
4.755300000000000182e+03 1.908790672782642287e+04 1.885650898617028393e-01
4.758800000000000182e+03 1.916530021124138511e+04 1.884182058351883404e-01
4.762300000000000182e+03 1.906308642761721421e+04 1.873040185786490619e-01
4.765800000000000182e+03 1.888509204128341662e+04 1.875600618372461059e-01
4.769300000000000182e+03 1.907041125229020327e+04 1.852773252559328787e-01
4.772800000000000182e+03 1.930368531111607808e+04 1.863946985965157510e-01
4.776300000000000182e+03 1.886090997869083003e+04 1.852353780408939610e-01
4.779800000000000182e+03 1.863648924152934705e+04 1.861577850836611259e-01
4.783300000000000182e+03 1.884186396907316885e+04 1.875962876510706145e-01
4.786800000000000182e+03 1.878255471176518404e+04 1.859108481946103175e-01
4.790300000000000182e+03 1.870122746890215058e+04 1.867508159753514529e-01
4.793800000000000182e+03 1.864303748548845761e+04 1.854564265339750939e-01
4.797300000000000182e+03 1.895136865198238593e+04 1.810253735078439230e-01
4.800800000000000182e+03 1.862193443059464698e+04 1.828830603079059647e-01
4.804300000000000182e+03 1.852213013739969028e+04 1.823219196484361926e-01
4.807800000000000182e+03 1.836247274706781900e+04 1.827994380807730912e-01
4.811300000000000182e+03 1.839414439372979905e+04 1.819202791978855316e-01
4.814800000000000182e+03 1.825233947048130358e+04 1.804642923620442263e-01
4.818300000000000182e+03 1.809988340620083909e+04 1.817638426597646961e-01
4.821800000000000182e+03 1.749681544744249550e+04 1.849368326099554427e-01
4.825300000000000182e+03 1.730900170680266092e+04 1.831770170560560462e-01
4.828800000000000182e+03 1.734601478652064179e+04 1.817898845822110976e-01
4.832300000000000182e+03 1.666433946854323221e+04 1.830664764524395360e-01
4.835800000000000182e+03 1.610700304792198222e+04 1.822311549837535016e-01
4.839300000000000182e+03 1.547456539100533701e+04 1.805409828975206299e-01
4.842800000000000182e+03 1.446650396027902207e+04 1.798006236885840436e-01
4.846300000000000182e+03 1.379614515225282958e+04 1.791720487420584151e-01
4.849800000000000182e+03 1.323112120901862363e+04 1.777825930578557645e-01
4.853300000000000182e+03 1.256113730610446873e+04 1.770479725888598199e-01
4.856800000000000182e+03 1.205126876351209830e+04 1.744060272763985064e-01
4.860300000000000182e+03 1.177299219981980968e+04 1.723851844748385542e-01
4.863800000000000182e+03 1.137892141529435867e+04 1.688596776704246460e-01
4.867300000000000182e+03 1.146130648169126107e+04 1.632012531518365339e-01
4.870800000000000182e+03 1.176335715517611607e+04 1.624308520756804208e-01
4.874300000000000182e+03 1.243218658759647951e+04 1.640828167562044804e-01
4.877800000000000182e+03 1.296368363986066652e+04 1.707710545332188634e-01
4.881300000000000182e+03 1.412942548961441753e+04 1.729410219204445265e-01
4.884800000000000182e+03 1.473901625837647407e+04 1.785013267847536944e-01
4.888300000000000182e+03 1.561582832668869378e+04 1.814470178182191473e-01
4.891800000000000182e+03 1.636065039158031686e+04 1.798657077960653661e-01
4.895300000000000182e+03 1.676365562093179688e+04 1.780874427892983058e-01
4.898800000000000182e+03 1.734641952810945804e+04 1.751654123821737297e-01
4.902300000000000182e+03 1.806604068486851247e+04 1.721287272334479646e-01
4.905800000000000182e+03 1.792758894230324222e+04 1.724919411350128717e-01
4.909300000000000182e+03 1.801848065269881772e+04 1.732798711199414754e-01
4.912800000000000182e+03 1.843384011332728915e+04 1.701106159874648527e-01
4.916300000000000182e+03 1.817799439959670417e+04 1.718898756235655023e-01
4.919800000000000182e+03 1.842383099607606709e+04 1.697029763454954154e-01
4.923300000000000182e+03 1.851171822180808522e+04 1.701706839178228070e-01
4.926800000000000182e+03 1.865839585238964719e+04 1.673610629332372146e-01
4.930300000000000182e+03 1.843037421356374762e+04 1.699159090791673155e-01
4.933800000000000182e+03 1.830233953650719923e+04 1.693434061134988511e-01
4.937300000000000182e+03 1.833232979944106046e+04 1.686227328878583953e-01
4.940800000000000182e+03 1.893400746571829222e+04 1.691289052720492958e-01
4.944300000000000182e+03 1.892832390230577221e+04 1.700310390520072545e-01
4.947800000000000182e+03 1.860122414745375499e+04 1.689510238274166964e-01
4.951300000000000182e+03 1.907513651587830100e+04 1.684974872224141995e-01
4.954800000000000182e+03 1.926347271107252891e+04 1.692532195600693901e-01
4.958300000000000182e+03 1.868478338526268999e+04 1.677915236123880272e-01
4.961800000000000182e+03 1.876052985667736721e+04 1.698932915996083093e-01
4.965300000000000182e+03 1.892494487016921994e+04 1.683147731254308888e-01
4.968800000000000182e+03 1.896680993590967773e+04 1.674421307179501939e-01
4.972300000000000182e+03 1.929718090218923317e+04 1.672651146118583343e-01
4.975800000000000182e+03 1.909061464056533077e+04 1.666881986280453753e-01
4.979300000000000182e+03 1.897864485767118822e+04 1.673235418644747341e-01
4.982800000000000182e+03 1.856656142860242471e+04 1.683527694057090074e-01
4.986300000000000182e+03 1.896078702891509602e+04 1.679218765149814441e-01
4.989800000000000182e+03 1.890159214662242448e+04 1.670057353860217586e-01
4.993300000000000182e+03 1.859609844962017087e+04 1.656269482315021746e-01
4.996800000000000182e+03 1.823861550292955144e+04 1.655408114301921141e-01
5.000300000000000182e+03 1.852580741243878219e+04 1.651194459102527934e-01
5.003800000000000182e+03 1.836263623702741097e+04 1.647549991564648542e-01
5.007300000000000182e+03 1.827710736928564074e+04 1.635666747250700825e-01
5.010800000000000182e+03 1.861606123258228035e+04 1.636919904396401670e-01
5.014300000000000182e+03 1.850699644819401510e+04 1.636200378906338404e-01
5.017800000000000182e+03 1.872441623514842649e+04 1.637728270106714734e-01
5.021300000000000182e+03 1.858561725528002717e+04 1.658646410585873088e-01
5.024800000000000182e+03 1.870283056329156170e+04 1.655647706772611916e-01
5.028300000000000182e+03 1.878323269479784358e+04 1.665019435588408481e-01
5.031800000000000182e+03 1.811034418149380144e+04 1.686667348712811709e-01
5.035300000000000182e+03 1.852670442378511507e+04 1.670558888153569621e-01
5.038800000000000182e+03 1.809617929090506732e+04 1.674451039487757087e-01
5.042300000000000182e+03 1.841954681146201256e+04 1.656798995361520588e-01
5.045800000000000182e+03 1.820408352977588220e+04 1.651684738681970521e-01
5.049300000000000182e+03 1.811739916113096842e+04 1.642094290652043043e-01
5.052800000000000182e+03 1.884286333992268555e+04 1.615663907027726498e-01
5.056300000000000182e+03 1.868993383608883232e+04 1.608584557222552947e-01
5.059800000000000182e+03 1.820381761038814875e+04 1.631868217394485954e-01
5.063300000000000182e+03 1.871986818737872818e+04 1.642789826301937484e-01
5.066800000000000182e+03 1.890541868323587551e+04 1.622625821769440591e-01
5.070300000000000182e+03 1.825241463326097437e+04 1.642169599945940694e-01
5.073800000000000182e+03 1.875366136230987104e+04 1.631297816315832594e-01
5.077300000000000182e+03 1.882881877670007088e+04 1.613170936354869078e-01
5.080800000000000182e+03 1.878559010910705183e+04 1.624833901116930490e-01
5.084300000000000182e+03 1.860968012478274250e+04 1.613299084645502812e-01
5.087800000000000182e+03 1.880890659937963574e+04 1.597862002028381800e-01
5.091300000000000182e+03 1.887691682444941398e+04 1.578459429565512162e-01
5.094800000000000182e+03 1.936759475307541652e+04 1.562972390866152195e-01
5.098300000000000182e+03 1.880187008672373122e+04 1.585822438839258886e-01
5.101800000000000182e+03 1.916051761122627795e+04 1.545182563594195702e-01
5.105300000000000182e+03 1.892552326046856979e+04 1.577681474786924165e-01
5.108800000000000182e+03 1.912906418357325674e+04 1.567044828124380118e-01
5.112300000000000182e+03 1.885610300449502392e+04 1.566968486708232022e-01
5.115800000000000182e+03 1.891381201508643062e+04 1.569914930211270820e-01
5.119300000000000182e+03 1.898140770454217272e+04 1.544503137224570999e-01
5.122800000000000182e+03 1.896625848440289337e+04 1.565114238191091522e-01
5.126300000000000182e+03 1.907941277390297182e+04 1.544418210961581162e-01
5.129800000000000182e+03 1.875541500315093799e+04 1.544940175256617199e-01
5.133300000000000182e+03 1.888057251001122859e+04 1.555635275944199369e-01
5.136800000000000182e+03 1.867023259628338928e+04 1.544487906411202705e-01
5.140300000000000182e+03 1.866016098154075007e+04 1.559187018608722552e-01
5.143800000000000182e+03 1.867814538468471073e+04 1.530269390700575716e-01
5.147300000000000182e+03 1.845656203549476413e+04 1.534041365492687659e-01
5.150800000000000182e+03 1.862504670596110736e+04 1.548974174745174626e-01
5.154300000000000182e+03 1.873280746197707413e+04 1.538499225195961440e-01
5.157800000000000182e+03 1.845611778857343961e+04 1.533768412983556040e-01
5.161300000000000182e+03 1.843970622942478076e+04 1.518426250930261789e-01
5.164800000000000182e+03 1.845391755637976530e+04 1.532602494670867177e-01
5.168300000000000182e+03 1.847771627326681119e+04 1.509521590748911790e-01
5.171800000000000182e+03 1.875104671802809025e+04 1.515978219475144773e-01
5.175300000000000182e+03 1.861714141357770495e+04 1.513754140247475788e-01
5.178800000000000182e+03 1.825538514510544701e+04 1.518146301162897616e-01
5.182300000000000182e+03 1.824435676973930458e+04 1.522931566276875537e-01
5.185800000000000182e+03 1.837593570646187800e+04 1.550782439118018052e-01
5.189300000000000182e+03 1.849990564059626195e+04 1.506763693456729392e-01
5.192800000000000182e+03 1.828693329678925511e+04 1.517297040083339932e-01
5.196300000000000182e+03 1.823098351811570319e+04 1.539705012141148743e-01
5.199800000000000182e+03 1.816939542523421915e+04 1.526346469426666241e-01
5.203300000000000182e+03 1.855587272621382726e+04 1.506618090826857548e-01
5.206800000000000182e+03 1.858328141725127716e+04 1.490675816975422507e-01
5.210300000000000182e+03 1.841889971391946892e+04 1.517526521278651785e-01
5.213800000000000182e+03 1.857802398978098790e+04 1.492284927996913868e-01
5.217300000000000182e+03 1.862631712865882582e+04 1.505727869203994373e-01
5.220800000000000182e+03 1.873233388175413347e+04 1.497885818519682499e-01
5.224300000000000182e+03 1.855922311435417578e+04 1.513938188520123351e-01
5.227800000000000182e+03 1.835871376301315468e+04 1.485631760263094181e-01
5.231300000000000182e+03 1.841684009522006090e+04 1.506063780842030186e-01
5.234800000000000182e+03 1.836766967419496359e+04 1.498862554355114562e-01
5.238300000000000182e+03 1.817813554524745268e+04 1.508564826702282202e-01
5.241800000000000182e+03 1.853927159521842987e+04 1.522623388984936099e-01
5.245300000000000182e+03 1.862343199484835714e+04 1.504801142704663419e-01
5.248800000000000182e+03 1.828941932735676528e+04 1.513491259987324866e-01
5.252300000000000182e+03 1.807997115511256561e+04 1.529499685855636171e-01
5.255800000000000182e+03 1.852905888931268055e+04 1.497028210514078361e-01
5.259300000000000182e+03 1.813143159182599993e+04 1.503111586965549806e-01
5.262800000000000182e+03 1.822188986692420440e+04 1.487157855646960014e-01
5.266300000000000182e+03 1.791295540759809955e+04 1.494890471320746150e-01
5.269800000000000182e+03 1.773285306203796063e+04 1.466193816286865959e-01
5.273300000000000182e+03 1.765208928630563969e+04 1.502193887351884471e-01
5.276800000000000182e+03 1.829849110560539339e+04 1.482931654126074805e-01
5.280300000000000182e+03 1.779864968774477165e+04 1.502439644630119420e-01
5.283800000000000182e+03 1.774860325322936842e+04 1.532346074819222193e-01
5.287300000000000182e+03 1.777453540319783133e+04 1.511226291181576309e-01
5.290800000000000182e+03 1.821404727288746290e+04 1.510495574732102497e-01
5.294300000000000182e+03 1.827187386108530700e+04 1.500725944006699730e-01
5.297800000000000182e+03 1.802652929161042994e+04 1.478961303573627928e-01
5.301300000000000182e+03 1.824165244332608563e+04 1.502150311777598890e-01
5.304800000000000182e+03 1.814070610166897677e+04 1.497014946091175525e-01
5.308300000000000182e+03 1.798584011701110285e+04 1.484978207469151990e-01
5.311800000000000182e+03 1.788964551443858363e+04 1.491373268620800885e-01
5.315300000000000182e+03 1.764929183408644894e+04 1.504925004081237583e-01
5.318800000000000182e+03 1.783728215734244804e+04 1.488549589651447513e-01
5.322300000000000182e+03 1.820652849909242650e+04 1.465219701261897822e-01
5.325800000000000182e+03 1.780591838921803355e+04 1.488886819336071310e-01
5.329300000000000182e+03 1.754897918724757983e+04 1.486739317528380233e-01
5.332800000000000182e+03 1.797912112191272900e+04 1.447319988415632364e-01
5.336300000000000182e+03 1.794866970665585904e+04 1.462948971919769692e-01
5.339800000000000182e+03 1.794158397946583500e+04 1.458151900452699656e-01
5.343300000000000182e+03 1.785223669255248024e+04 1.474277976596458373e-01
5.346800000000000182e+03 1.801677495825027654e+04 1.469238944607169084e-01
5.350300000000000182e+03 1.790398402515707858e+04 1.485253187354826088e-01
5.353800000000000182e+03 1.777730025483339341e+04 1.468493318668789571e-01
5.357300000000000182e+03 1.775049995212111389e+04 1.462721166927294369e-01
5.360800000000000182e+03 1.795256092317149159e+04 1.473993533025328151e-01
5.364300000000000182e+03 1.801567593352239055e+04 1.469626543970433963e-01
5.367800000000000182e+03 1.784238835422258126e+04 1.454598930004145085e-01
5.371300000000000182e+03 1.788000918941896089e+04 1.450484284228353016e-01
5.374800000000000182e+03 1.817220119686905673e+04 1.430417012263669185e-01
5.378300000000000182e+03 1.757682572719860036e+04 1.456662196784261343e-01
5.381800000000000182e+03 1.804990205745105777e+04 1.443279031622517750e-01
5.385300000000000182e+03 1.760252738550268259e+04 1.455495434736751581e-01
5.388800000000000182e+03 1.761438635333182901e+04 1.457927917360617720e-01
5.392300000000000182e+03 1.781582643393210310e+04 1.463875330292096488e-01
5.395800000000000182e+03 1.745053538700998979e+04 1.450503715127418602e-01
5.399300000000000182e+03 1.779169325389500227e+04 1.440189859090559854e-01
5.402800000000000182e+03 1.758926694789543762e+04 1.449484025675112919e-01
5.406300000000000182e+03 1.752928271476147711e+04 1.459380330642353063e-01
5.409800000000000182e+03 1.774461661112170623e+04 1.449118384257178649e-01
5.413300000000000182e+03 1.710102559064205707e+04 1.461695030930807992e-01
5.416800000000000182e+03 1.716871016557668918e+04 1.468904821232090707e-01
5.420300000000000182e+03 1.746074652507021528e+04 1.460755155379222237e-01
5.423800000000000182e+03 1.741929650581821625e+04 1.449632866425435984e-01
5.427300000000000182e+03 1.735263042461837540e+04 1.460525911546195210e-01
5.430800000000000182e+03 1.759926588768037618e+04 1.442121441669834692e-01
5.434300000000000182e+03 1.720647703495404858e+04 1.449619174654846188e-01
5.437800000000000182e+03 1.722817764816889758e+04 1.461581049903001861e-01
5.441300000000000182e+03 1.760200152863109543e+04 1.438457253027089489e-01
5.444800000000000182e+03 1.736561146500584073e+04 1.450154827799406687e-01
5.448300000000000182e+03 1.737206025851801678e+04 1.435776142360611907e-01
5.451800000000000182e+03 1.730211551958693235e+04 1.454910957434560337e-01
5.455300000000000182e+03 1.728409478922783092e+04 1.439587666374878561e-01
5.458800000000000182e+03 1.745102822286618175e+04 1.448091906930303874e-01
5.462300000000000182e+03 1.734592392495519380e+04 1.437910179701732127e-01
5.465800000000000182e+03 1.727594530516729355e+04 1.436925493298425449e-01
5.469300000000000182e+03 1.721005476549457308e+04 1.452258394961196686e-01
5.472800000000000182e+03 1.769416190869370621e+04 1.407072264845026233e-01
5.476300000000000182e+03 1.747214054769711220e+04 1.417803426216159846e-01
5.479800000000000182e+03 1.754733318388075350e+04 1.416905943664436840e-01
5.483300000000000182e+03 1.716994472294042498e+04 1.421532873422390320e-01
5.486800000000000182e+03 1.729274253174861224e+04 1.413176999140352275e-01
5.490300000000000182e+03 1.728750413504252720e+04 1.424671023950335735e-01
5.493800000000000182e+03 1.725969148849224803e+04 1.438739460243027291e-01
5.497300000000000182e+03 1.755461250847648262e+04 1.399271040159487112e-01
5.500800000000000182e+03 1.752484680694622512e+04 1.400906947888513610e-01
5.504300000000000182e+03 1.751338973365556012e+04 1.413998152924285656e-01
5.507800000000000182e+03 1.709036973010338988e+04 1.414077490738577803e-01
5.511300000000000182e+03 1.687300529830277446e+04 1.427158838284146580e-01
5.514800000000000182e+03 1.712529010629937329e+04 1.420854673844450522e-01
5.518300000000000182e+03 1.708458529034520325e+04 1.396678241807641219e-01
5.521800000000000182e+03 1.700443639345879637e+04 1.413809604341813297e-01
5.525300000000000182e+03 1.727171999972618869e+04 1.399934775229643436e-01
5.528800000000000182e+03 1.695935810029319691e+04 1.412861609140778352e-01
5.532300000000000182e+03 1.714987737065160400e+04 1.394237759184500380e-01
5.535800000000000182e+03 1.708849957539072420e+04 1.383010382389385506e-01
5.539300000000000182e+03 1.675120932685148000e+04 1.401683725471349340e-01
5.542800000000000182e+03 1.708008366433055562e+04 1.393674344996898018e-01
5.546300000000000182e+03 1.750418029686998125e+04 1.396519082645987508e-01
5.549800000000000182e+03 1.725971847177709788e+04 1.396095549447731454e-01
5.553300000000000182e+03 1.687836840029029190e+04 1.408461809724000924e-01
5.556800000000000182e+03 1.703130318499411442e+04 1.405179211094630953e-01
5.560300000000000182e+03 1.698931280106922713e+04 1.388690850736724047e-01
5.563800000000000182e+03 1.672137461068390985e+04 1.388877088355874312e-01
5.567300000000000182e+03 1.666930925365846633e+04 1.402943210181260558e-01
5.570800000000000182e+03 1.670781720151094487e+04 1.401189013600088740e-01
5.574300000000000182e+03 1.675937342897646522e+04 1.401870909624438888e-01
5.577800000000000182e+03 1.700767458514927057e+04 1.395590182957263670e-01
5.581300000000000182e+03 1.669506250619255661e+04 1.388168852339603798e-01
5.584800000000000182e+03 1.684446355991286691e+04 1.397388300293696539e-01
5.588300000000000182e+03 1.650186286202953488e+04 1.404270928135723240e-01
5.591800000000000182e+03 1.631033763929004272e+04 1.397449405075791296e-01
5.595300000000000182e+03 1.658254203608059106e+04 1.397323021397052500e-01
5.598800000000000182e+03 1.670102184155436407e+04 1.390785683616233281e-01
5.602300000000000182e+03 1.657183390490322563e+04 1.423120484375410277e-01
5.605800000000000182e+03 1.654000735845549571e+04 1.389767332350322904e-01
5.609300000000000182e+03 1.671353262137915590e+04 1.392097952287797702e-01
5.612800000000000182e+03 1.645886087985560880e+04 1.420041234682845599e-01
5.616300000000000182e+03 1.640986466902849133e+04 1.388955795168147211e-01
5.619800000000000182e+03 1.642910694018605136e+04 1.410236804949899503e-01
5.623300000000000182e+03 1.617667484975054140e+04 1.403847551025740326e-01
5.626800000000000182e+03 1.645448634660420430e+04 1.401230549912905743e-01
5.630300000000000182e+03 1.639527125578954292e+04 1.406400095626726965e-01
5.633800000000000182e+03 1.667124294115857992e+04 1.391411478343194952e-01
5.637300000000000182e+03 1.652546710997970513e+04 1.377820157835959181e-01
5.640800000000000182e+03 1.653358296114935729e+04 1.383557197935627869e-01
5.644300000000000182e+03 1.662031565039614361e+04 1.402862207496225200e-01
5.647800000000000182e+03 1.642163738589111017e+04 1.373910718657387064e-01
5.651300000000000182e+03 1.609493264809396715e+04 1.413494112461699814e-01
5.654800000000000182e+03 1.619744158699224499e+04 1.406267047394660907e-01
5.658300000000000182e+03 1.612017914441182620e+04 1.401097580802566356e-01
5.661800000000000182e+03 1.617019597193577465e+04 1.384730132287928517e-01
5.665300000000000182e+03 1.618720560923139965e+04 1.410583966230163078e-01
5.668800000000000182e+03 1.615308764291851367e+04 1.402883116730001822e-01
5.672300000000000182e+03 1.610156842714922095e+04 1.413990981410643555e-01
5.675800000000000182e+03 1.595217252226100391e+04 1.425774789178801960e-01
5.679300000000000182e+03 1.567952782153099361e+04 1.405313849725951525e-01
5.682800000000000182e+03 1.560023457741630955e+04 1.430696838403452131e-01
5.686300000000000182e+03 1.602529622589641440e+04 1.422239880900889319e-01
5.689800000000000182e+03 1.551234595402677041e+04 1.444013433345584518e-01
5.693300000000000182e+03 1.582982069950664845e+04 1.431087359396769620e-01
5.696800000000000182e+03 1.556970855466389185e+04 1.427130416211086494e-01
5.700300000000000182e+03 1.569655837198955305e+04 1.424648546650645331e-01
5.703800000000000182e+03 1.587400228942281865e+04 1.414461960356055148e-01
5.707300000000000182e+03 1.594705522200356791e+04 1.407606346295330324e-01
5.710800000000000182e+03 1.574750626330005616e+04 1.408120746974743931e-01
5.714300000000000182e+03 1.561498582657762927e+04 1.405317270611020630e-01
5.717800000000000182e+03 1.567737545155697990e+04 1.420415898157903756e-01
5.721300000000000182e+03 1.553219746589366696e+04 1.421146780348123140e-01
5.724800000000000182e+03 1.573082927939062938e+04 1.408057460807690675e-01
5.728300000000000182e+03 1.607922996741772113e+04 1.404940367644346155e-01
5.731800000000000182e+03 1.573624331569289825e+04 1.401213863613784694e-01
5.735300000000000182e+03 1.581029541922458884e+04 1.421408730119967379e-01
5.738800000000000182e+03 1.586894420543816886e+04 1.403823898332154096e-01
5.742300000000000182e+03 1.601264495658769010e+04 1.398930040197255142e-01
5.745800000000000182e+03 1.555487005270946065e+04 1.410855978294408841e-01
5.749300000000000182e+03 1.565232658736807207e+04 1.379307021005177492e-01
5.752800000000000182e+03 1.577315368809905885e+04 1.412297531879626589e-01
5.756300000000000182e+03 1.543046328376223573e+04 1.394695126811402175e-01
5.759800000000000182e+03 1.592925982985893279e+04 1.369717019559466564e-01
5.763300000000000182e+03 1.582241514333162013e+04 1.365294059421498507e-01
5.766800000000000182e+03 1.610642492516892889e+04 1.365719981744820122e-01
5.770300000000000182e+03 1.570864448156662365e+04 1.359786564589313129e-01
5.773800000000000182e+03 1.601747261666163467e+04 1.372435664925933663e-01
5.777300000000000182e+03 1.572397800222137448e+04 1.347090879313791179e-01
5.780800000000000182e+03 1.569272359847334519e+04 1.367143864890804361e-01
5.784300000000000182e+03 1.544586947288828924e+04 1.364330049118490096e-01
5.787800000000000182e+03 1.593925829905528371e+04 1.337390208002489922e-01
5.791300000000000182e+03 1.576732932350554802e+04 1.330708027364897461e-01
5.794800000000000182e+03 1.533801534534179700e+04 1.378508403761160017e-01
5.798300000000000182e+03 1.570434159639718746e+04 1.349358714667183712e-01
5.801800000000000182e+03 1.569852047426463287e+04 1.316515274991902629e-01
5.805300000000000182e+03 1.593799911872286793e+04 1.321310211703013160e-01
5.808800000000000182e+03 1.570276917097589103e+04 1.319369949771571071e-01
5.812300000000000182e+03 1.591968587761293929e+04 1.318959528008585569e-01
5.815800000000000182e+03 1.582650474305105490e+04 1.334081968514449490e-01
5.819300000000000182e+03 1.534060567938577151e+04 1.350798001369354906e-01
5.822800000000000182e+03 1.547859332922870635e+04 1.322743912049147430e-01
5.826300000000000182e+03 1.574440717088648853e+04 1.320691321076742086e-01
5.829800000000000182e+03 1.587380106957803764e+04 1.311092801820698539e-01
5.833300000000000182e+03 1.553644454906216924e+04 1.330901924328069252e-01
5.836800000000000182e+03 1.573427779743923020e+04 1.298091177104155058e-01
5.840300000000000182e+03 1.569571848331766341e+04 1.316593920142739016e-01
5.843800000000000182e+03 1.573539110349011571e+04 1.307030055004521352e-01
5.847300000000000182e+03 1.574843817947530442e+04 1.297884135820300822e-01
5.850800000000000182e+03 1.541135911631661838e+04 1.316979711777438167e-01
5.854300000000000182e+03 1.545602590327105645e+04 1.303836547032607984e-01
5.857800000000000182e+03 1.530591817283241107e+04 1.311537245392148110e-01
5.861300000000000182e+03 1.551587405505255811e+04 1.285454343338202077e-01
5.864800000000000182e+03 1.545354578771944398e+04 1.295372293041691381e-01
5.868300000000000182e+03 1.506958865556416458e+04 1.309283986287766710e-01
5.871800000000000182e+03 1.523358444847432293e+04 1.324701288135769484e-01
5.875300000000000182e+03 1.475101470991117822e+04 1.336447118658186661e-01
5.878800000000000182e+03 1.462642064869575552e+04 1.384598316896001047e-01
5.882300000000000182e+03 1.456769328410771959e+04 1.388423075132400597e-01
5.885800000000000182e+03 1.397752336080679743e+04 1.433091375829368963e-01
5.889300000000000182e+03 1.375250741432803079e+04 1.464688105631871406e-01
5.892800000000000182e+03 1.378769675303847725e+04 1.448637545727253506e-01
5.896300000000000182e+03 1.379700926775124935e+04 1.459394576033926083e-01
5.899800000000000182e+03 1.383769645111250429e+04 1.452430236559501264e-01
5.903300000000000182e+03 1.380905283444517954e+04 1.449375669205223705e-01
5.906800000000000182e+03 1.345702121304775756e+04 1.458063534657833005e-01
5.910300000000000182e+03 1.378910324360361665e+04 1.436160696205380227e-01
5.913800000000000182e+03 1.348750979780679882e+04 1.453198799298485167e-01
5.917300000000000182e+03 1.364006509588467816e+04 1.432649071142087227e-01
5.920800000000000182e+03 1.358683427587931510e+04 1.421509160821676498e-01
5.924300000000000182e+03 1.368091044678588696e+04 1.416596061967569653e-01
5.927800000000000182e+03 1.358703230087143493e+04 1.428429458845559830e-01
5.931300000000000182e+03 1.380421062733154577e+04 1.380837666969240429e-01
5.934800000000000182e+03 1.355486337817141430e+04 1.410523160552962785e-01
5.938300000000000182e+03 1.350873490581215810e+04 1.429840428599001012e-01
5.941800000000000182e+03 1.324050318078192322e+04 1.439144354942933079e-01
5.945300000000000182e+03 1.313925122103280773e+04 1.428711957498654261e-01
5.948800000000000182e+03 1.330908231510565020e+04 1.440439685555186256e-01
5.952300000000000182e+03 1.342978009344230122e+04 1.423187712895460644e-01
5.955800000000000182e+03 1.298319235480023053e+04 1.394137611007017774e-01
5.959300000000000182e+03 1.340205911867418945e+04 1.380889872442928323e-01
5.962800000000000182e+03 1.310093094096885216e+04 1.401937768894342684e-01
5.966300000000000182e+03 1.359327943915826654e+04 1.366384950532596176e-01
5.969800000000000182e+03 1.353275933116301348e+04 1.352879183528754858e-01
5.973300000000000182e+03 1.330497670202234440e+04 1.358690278595196255e-01
5.976800000000000182e+03 1.337792546850967119e+04 1.332257459461689275e-01
5.980300000000000182e+03 1.353726098147124321e+04 1.337738672709853915e-01
5.983800000000000182e+03 1.321660456018950208e+04 1.336836348595595858e-01
5.987300000000000182e+03 1.318362354194637919e+04 1.343567417712375200e-01
5.990800000000000182e+03 1.304906145533679955e+04 1.329746071710588007e-01
5.994300000000000182e+03 1.311891499738768107e+04 1.325728899229909608e-01
5.997800000000000182e+03 1.320468258777964365e+04 1.323446972672562005e-01
