# wavelength angstroms, flux, ext coeff
5.551500000000000000e+03 9.352615493219107520e+03 1.539254494739213941e-01
5.558500000000000000e+03 9.726153929934553162e+03 1.472999350701746368e-01
5.565500000000000000e+03 1.007107007821977277e+04 1.402963340787835578e-01
5.572500000000000000e+03 1.013232146585668488e+04 1.397076320562008755e-01
5.579500000000000000e+03 1.025051010902385860e+04 1.405169239506049161e-01
5.586500000000000000e+03 1.055377792882427639e+04 1.391959770630482873e-01
5.593500000000000000e+03 1.049308658261823439e+04 1.377592139579675856e-01
5.600500000000000000e+03 1.059504612212327629e+04 1.397352353622067223e-01
5.607500000000000000e+03 1.058659316969170868e+04 1.412624143928481735e-01
5.614500000000000000e+03 1.054396704461863374e+04 1.405288114836666102e-01
5.621500000000000000e+03 1.072651236448584496e+04 1.401497053329962550e-01
5.628500000000000000e+03 1.082964374370818950e+04 1.369137423423675282e-01
5.635500000000000000e+03 1.074066152602138209e+04 1.412913432825362303e-01
5.642500000000000000e+03 1.082628559351751028e+04 1.404249118265210872e-01
5.649500000000000000e+03 1.087675297444322496e+04 1.402867720080535618e-01
5.656500000000000000e+03 1.072479875034704128e+04 1.404717415935253233e-01
5.663500000000000000e+03 1.098248301937279939e+04 1.400173368255480111e-01
5.670500000000000000e+03 1.090114358792629173e+04 1.414391795474158608e-01
5.677500000000000000e+03 1.092132692303373005e+04 1.422917105762324941e-01
5.684500000000000000e+03 1.110391343241799223e+04 1.414415543865901737e-01
5.691500000000000000e+03 1.101546356306408597e+04 1.417190338874515509e-01
5.698500000000000000e+03 1.109978848550556359e+04 1.423318537356821900e-01
5.705500000000000000e+03 1.130840464008276649e+04 1.395895910227090975e-01
5.712500000000000000e+03 1.137460328211914748e+04 1.413980562914085581e-01
5.719500000000000000e+03 1.153932240963862205e+04 1.412545872140537617e-01
5.726500000000000000e+03 1.123820090862122015e+04 1.416561053890331989e-01
5.733500000000000000e+03 1.151479260295676067e+04 1.396158626126286495e-01
5.740500000000000000e+03 1.149297395826288994e+04 1.397858441776026472e-01
5.747500000000000000e+03 1.150672103602216885e+04 1.387546141500510810e-01
5.754500000000000000e+03 1.175296177519946286e+04 1.369062420525731794e-01
5.761500000000000000e+03 1.155634238768928662e+04 1.398920871985148418e-01
5.768500000000000000e+03 1.150622927590218023e+04 1.369422402543959139e-01
5.775500000000000000e+03 1.176768434269587488e+04 1.348552420505855498e-01
5.782500000000000000e+03 1.196554346186450493e+04 1.353557342288450038e-01
5.789500000000000000e+03 1.174707396403559687e+04 1.362782605047085649e-01
5.796500000000000000e+03 1.179164283480226732e+04 1.347587110336826710e-01
5.803500000000000000e+03 1.173135521570449055e+04 1.344092886172005563e-01
5.810500000000000000e+03 1.187510863137213528e+04 1.320772002805782608e-01
5.817500000000000000e+03 1.205324513287498121e+04 1.326895904474082732e-01
5.824500000000000000e+03 1.190510494039166406e+04 1.326783989699795441e-01
5.831500000000000000e+03 1.218366850416845409e+04 1.309127980509850742e-01
5.838500000000000000e+03 1.208798420721423645e+04 1.314709135816321262e-01
5.845500000000000000e+03 1.185859031464337750e+04 1.334757081238258647e-01
5.852500000000000000e+03 1.199476407636218391e+04 1.331659631118085885e-01
5.859500000000000000e+03 1.191779418130170779e+04 1.307953892990894595e-01
5.866500000000000000e+03 1.181395658086492949e+04 1.321302596815753794e-01
5.873500000000000000e+03 1.186830785019881841e+04 1.338418554121091342e-01
5.880500000000000000e+03 1.143630609767115675e+04 1.395353757564623542e-01
5.887500000000000000e+03 1.133558446104607174e+04 1.408543735287567933e-01
5.894500000000000000e+03 1.128803717143578069e+04 1.435315301668564636e-01
5.901500000000000000e+03 1.120355143495173979e+04 1.450595117834112269e-01
5.908500000000000000e+03 1.118973784679965502e+04 1.466796033946633493e-01
5.915500000000000000e+03 1.120791266926585195e+04 1.427852226955315107e-01
5.922500000000000000e+03 1.148511972993028394e+04 1.412822562461329423e-01
5.929500000000000000e+03 1.128976481418353978e+04 1.437105321626960253e-01
5.936500000000000000e+03 1.157646565086406372e+04 1.420537469111665674e-01
5.943500000000000000e+03 1.151800647165550436e+04 1.410547347153663367e-01
5.950500000000000000e+03 1.154912971314240167e+04 1.405276472600784365e-01
5.957500000000000000e+03 1.159372668473203339e+04 1.402628517561249344e-01
5.964500000000000000e+03 1.156473340572554116e+04 1.392852743352219480e-01
5.971500000000000000e+03 1.182696469135028747e+04 1.347868978384691996e-01
5.978500000000000000e+03 1.171665779818091141e+04 1.366516165725772114e-01
5.985500000000000000e+03 1.168740714863319408e+04 1.343571908224875933e-01
5.992500000000000000e+03 1.212992175456435871e+04 1.309251773097247495e-01
5.999500000000000000e+03 1.208495664954713357e+04 1.291783317860486224e-01
6.006500000000000000e+03 1.193990319263076526e+04 1.300940252849482892e-01
6.013500000000000000e+03 1.205899811443831277e+04 1.287085283731373986e-01
6.020500000000000000e+03 1.213898919405767265e+04 1.280150382581547452e-01
6.027500000000000000e+03 1.221239374439608218e+04 1.273492232630900611e-01
6.034500000000000000e+03 1.217730874972884340e+04 1.254942181175750515e-01
6.041500000000000000e+03 1.234444123157873400e+04 1.263211094774183141e-01
6.048500000000000000e+03 1.231055877059699014e+04 1.257856157082897219e-01
6.055500000000000000e+03 1.219227642289688447e+04 1.234206622700843303e-01
6.062500000000000000e+03 1.238956206864311207e+04 1.239860041925941736e-01
6.069500000000000000e+03 1.228870779450927148e+04 1.231009589112745523e-01
6.076500000000000000e+03 1.213989991620815454e+04 1.220402050120458354e-01
6.083500000000000000e+03 1.246274576980323036e+04 1.221427429516534213e-01
6.090500000000000000e+03 1.240664506540703223e+04 1.225327004477808485e-01
6.097500000000000000e+03 1.263633988079422306e+04 1.192616308039119721e-01
6.104500000000000000e+03 1.241327061119736027e+04 1.190291104816270235e-01
6.111500000000000000e+03 1.250492425400825050e+04 1.171061752636856634e-01
6.118500000000000000e+03 1.257864297890790476e+04 1.173064270597318631e-01
6.125500000000000000e+03 1.267465568731806343e+04 1.147686581357976188e-01
6.132500000000000000e+03 1.254601185408277343e+04 1.162449610618352530e-01
6.139500000000000000e+03 1.268563105568212450e+04 1.139599296060566647e-01
6.146500000000000000e+03 1.264684366676395257e+04 1.134490121103470806e-01
6.153500000000000000e+03 1.240669750916264275e+04 1.162714053830167654e-01
6.160500000000000000e+03 1.280432718255481996e+04 1.099960127317649167e-01
6.167500000000000000e+03 1.276799447651457922e+04 1.104740352858685770e-01
6.174500000000000000e+03 1.282889601576232235e+04 1.111684108625770329e-01
6.181500000000000000e+03 1.279339926129102059e+04 1.107572947210208186e-01
6.188500000000000000e+03 1.274501461918239147e+04 1.099714783388435202e-01
6.195500000000000000e+03 1.279924520166295588e+04 1.079913790240105559e-01
6.202500000000000000e+03 1.286483653253916236e+04 1.072660783738577789e-01
6.209500000000000000e+03 1.288957976222310572e+04 1.070330162046395361e-01
6.216500000000000000e+03 1.297533092494718767e+04 1.066227916363603340e-01
6.223500000000000000e+03 1.280155574022812834e+04 1.084089501505020731e-01
6.230500000000000000e+03 1.314257163155165836e+04 1.041394201949725484e-01
6.237500000000000000e+03 1.294077549256994280e+04 1.032502152465395590e-01
6.244500000000000000e+03 1.308542262225850391e+04 1.024389476255760656e-01
6.251500000000000000e+03 1.314336156635182488e+04 1.025003113840199098e-01
6.258500000000000000e+03 1.263200741769433080e+04 1.081808885531120590e-01
6.265500000000000000e+03 1.238519858934678268e+04 1.109675902839152017e-01
6.272500000000000000e+03 1.244262954680525763e+04 1.089071439145965631e-01
6.279500000000000000e+03 1.197383424785304305e+04 1.124743964688096204e-01
6.286500000000000000e+03 1.214208309175214163e+04 1.152927679539623440e-01
6.293500000000000000e+03 1.229556270012662026e+04 1.117977982944445836e-01
6.300500000000000000e+03 1.221775214489881546e+04 1.101317911683692141e-01
6.307500000000000000e+03 1.252692686406745452e+04 1.041189341783092664e-01
6.314500000000000000e+03 1.258794112968315312e+04 1.060242512356685679e-01
6.321500000000000000e+03 1.262342909703507939e+04 1.045377845603435440e-01
6.328500000000000000e+03 1.290148912541540813e+04 9.948867167510934417e-02
6.335500000000000000e+03 1.285733257699812566e+04 1.003368291853355548e-01
6.342500000000000000e+03 1.287031254796072608e+04 9.830403874387205754e-02
6.349500000000000000e+03 1.299749224522481927e+04 9.792552129163904773e-02
6.356500000000000000e+03 1.313195247381827357e+04 9.529850044687003530e-02
6.363500000000000000e+03 1.318332390874723023e+04 9.454099313137202809e-02
6.370500000000000000e+03 1.282484133156033931e+04 9.619537836449307266e-02
6.377500000000000000e+03 1.313839789209574337e+04 9.413391370250499823e-02
6.384500000000000000e+03 1.289242294906276948e+04 9.566714054958032343e-02
6.391500000000000000e+03 1.304837417531144274e+04 9.415285718669234860e-02
6.398500000000000000e+03 1.328643488753734346e+04 9.298382457899809217e-02
6.405500000000000000e+03 1.323789093478905670e+04 9.041309977755135341e-02
6.412500000000000000e+03 1.305810377998339391e+04 9.071709475263521616e-02
6.419500000000000000e+03 1.335213642005369002e+04 8.999395706410510953e-02
6.426500000000000000e+03 1.321640395984541101e+04 9.179720052269360608e-02
6.433500000000000000e+03 1.302653099684920926e+04 9.173132566601016613e-02
6.440500000000000000e+03 1.338230125815742940e+04 9.088489426904843016e-02
6.447500000000000000e+03 1.317862077918899377e+04 9.226374675222616395e-02
6.454500000000000000e+03 1.310481596936642018e+04 9.278184956356246016e-02
6.461500000000000000e+03 1.278812396068967064e+04 9.453262376895274488e-02
6.468500000000000000e+03 1.281194781302418232e+04 9.536981906572551682e-02
6.475500000000000000e+03 1.235611978194224503e+04 9.959907058394337764e-02
6.482500000000000000e+03 1.251784438415341538e+04 9.655251097956754625e-02
6.489500000000000000e+03 1.264982877984064180e+04 9.513044661297133386e-02
6.496500000000000000e+03 1.248338479939469289e+04 9.557654214479584243e-02
6.503500000000000000e+03 1.247965684199741918e+04 9.608077310445861663e-02
6.510500000000000000e+03 1.271216090046260251e+04 9.220282398313424388e-02
6.517500000000000000e+03 1.272473197834061466e+04 9.223507027338563591e-02
6.524500000000000000e+03 1.258208105600314775e+04 9.528421093918219842e-02
6.531500000000000000e+03 1.229778697781753181e+04 9.584226756707039940e-02
6.538500000000000000e+03 1.234254593910894255e+04 9.301780521281741154e-02
6.545500000000000000e+03 1.181505333697803690e+04 9.324293901615249291e-02
6.552500000000000000e+03 1.188404155628663466e+04 8.837635176932540082e-02
6.559500000000000000e+03 1.184491151194754093e+04 7.489074998194332478e-02
6.566500000000000000e+03 1.209034010749850131e+04 6.027136629194351780e-02
6.573500000000000000e+03 1.226453489406271001e+04 6.043278857130948006e-02
6.580500000000000000e+03 1.225935308337781316e+04 7.463604423885789041e-02
6.587500000000000000e+03 1.208693806738601234e+04 9.220916381451257915e-02
6.594500000000000000e+03 1.239427679394392908e+04 9.488974953236589682e-02
6.601500000000000000e+03 1.280702364988108457e+04 8.651677572441270059e-02
6.608500000000000000e+03 1.319469664095094777e+04 8.102015669345688509e-02
6.615500000000000000e+03 1.326870393009117834e+04 7.792991556230710604e-02
6.622500000000000000e+03 1.335127923544127407e+04 7.881607827175145242e-02
6.629500000000000000e+03 1.341252765109220309e+04 7.536663818358720068e-02
6.636500000000000000e+03 1.353812803574644204e+04 7.552408136615605672e-02
6.643500000000000000e+03 1.321639743731207091e+04 7.793122757223644448e-02
6.650500000000000000e+03 1.328911501092972867e+04 7.540543507139702006e-02
6.657500000000000000e+03 1.335447806142907575e+04 7.357992811918419307e-02
6.664500000000000000e+03 1.344590657842123255e+04 7.316566806954263869e-02
6.671500000000000000e+03 1.322969697857899882e+04 7.363633129711905090e-02
6.678500000000000000e+03 1.328846167493235771e+04 7.359078580283917592e-02
6.685500000000000000e+03 1.323330724940047548e+04 7.260180329663788734e-02
6.692500000000000000e+03 1.322262597406737405e+04 7.131361106535924477e-02
6.699500000000000000e+03 1.337036742721847440e+04 7.023671027828798374e-02
6.706500000000000000e+03 1.333437903682537035e+04 7.126438767073074720e-02
6.713500000000000000e+03 1.362102585663364152e+04 7.038522451269352276e-02
6.720500000000000000e+03 1.334749045092818051e+04 7.076769709647316720e-02
6.727500000000000000e+03 1.342298688615479841e+04 7.051428052922810441e-02
6.734500000000000000e+03 1.350002948597494651e+04 7.008233383988198006e-02
6.741500000000000000e+03 1.341656189942521269e+04 7.023989496011345812e-02
6.748500000000000000e+03 1.320037880700529058e+04 6.971928447480069124e-02
6.755500000000000000e+03 1.332269405992014435e+04 6.937555853823670904e-02
6.762500000000000000e+03 1.356419787512820949e+04 6.685629470686893505e-02
6.769500000000000000e+03 1.347982582367777286e+04 6.789355809001089426e-02
6.776500000000000000e+03 1.350005946953002058e+04 6.608892465263298266e-02
6.783500000000000000e+03 1.294230010008157296e+04 6.761139471439799042e-02
6.790500000000000000e+03 1.317246649523040105e+04 6.530350211675038652e-02
6.797500000000000000e+03 1.307956246458276291e+04 6.742183329882420195e-02
6.804500000000000000e+03 1.290219544265776858e+04 6.679882640258097415e-02
6.811500000000000000e+03 1.324550004473562512e+04 6.630555509645366663e-02
6.818500000000000000e+03 1.322506575751815035e+04 6.708885433362622719e-02
6.825500000000000000e+03 1.298155710293523589e+04 6.494185226868097460e-02
6.832500000000000000e+03 1.299851149213889039e+04 6.637350361124483289e-02
6.839500000000000000e+03 1.286941176160781288e+04 6.672987721538446715e-02
6.846500000000000000e+03 1.293429857716309925e+04 7.208878087280173874e-02
6.853500000000000000e+03 1.162398783917387482e+04 9.175725267460707602e-02
6.860500000000000000e+03 1.013779662054261098e+04 1.105055380888118888e-01
6.867500000000000000e+03 1.005511219892995177e+04 8.597540340381934487e-02
6.874500000000000000e+03 9.384154353360196183e+03 9.551184615424099245e-02
6.881500000000000000e+03 8.423008765371354457e+03 1.350501089653085018e-01
6.888500000000000000e+03 8.862596783678900465e+03 1.284856032772525303e-01
6.895500000000000000e+03 9.594198925758766563e+03 1.079649698675958225e-01
6.902500000000000000e+03 9.876100919062027970e+03 1.040281452004144097e-01
6.909500000000000000e+03 9.945609134326736239e+03 1.031468495817313702e-01
6.916500000000000000e+03 1.044183420479804954e+04 9.960322451424538648e-02
6.923500000000000000e+03 1.070820812587353612e+04 9.335188157610689597e-02
6.930500000000000000e+03 1.082175221452900223e+04 9.311926537020083494e-02
6.937500000000000000e+03 1.081798966505905264e+04 9.158921373640328822e-02
6.944500000000000000e+03 1.105161417278312183e+04 8.921801335234154362e-02
6.951500000000000000e+03 1.122232857710401004e+04 8.433904163612460092e-02
6.958500000000000000e+03 1.164672434098116355e+04 8.052021094224245945e-02
6.965500000000000000e+03 1.171575661411549845e+04 7.513721870217113241e-02
6.972500000000000000e+03 1.176918419508908846e+04 7.535714930930537125e-02
6.979500000000000000e+03 1.184553174582675638e+04 7.347083256965768194e-02
6.986500000000000000e+03 1.159913663778798946e+04 7.519383982849354997e-02
6.993500000000000000e+03 1.151503446444926885e+04 7.657673077746741941e-02
7.000500000000000000e+03 1.124565385003114716e+04 7.878691263866356709e-02
7.007500000000000000e+03 1.120056916457991792e+04 7.846668306095969103e-02
7.014500000000000000e+03 1.152641486217014426e+04 7.556910856975507240e-02
7.021500000000000000e+03 1.162068606561734850e+04 7.489520584773778911e-02
7.028500000000000000e+03 1.154332974885617114e+04 7.459183213286556258e-02
7.035500000000000000e+03 1.162815615848283596e+04 7.258056662954444349e-02
7.042500000000000000e+03 1.178848655409561979e+04 6.895019040116689979e-02
7.049500000000000000e+03 1.182932892378333236e+04 6.859797046783806806e-02
7.056500000000000000e+03 1.175110688890986239e+04 6.599252776147300492e-02
7.063500000000000000e+03 1.159233101160923798e+04 6.530258171641950549e-02
7.070500000000000000e+03 1.180518409242392045e+04 6.440323068717784816e-02
7.077500000000000000e+03 1.181495368115242127e+04 6.159997727276340929e-02
7.084500000000000000e+03 1.170642259284537249e+04 6.254552193564566487e-02
7.091500000000000000e+03 1.179752503863237507e+04 6.156581103150898793e-02
7.098500000000000000e+03 1.171443411627952628e+04 6.227966769641252870e-02
7.105500000000000000e+03 1.209941975941844794e+04 5.858553614434572343e-02
7.112500000000000000e+03 1.188103317914826403e+04 5.858433389981430178e-02
7.119500000000000000e+03 1.193271596614846749e+04 5.716984682796157069e-02
7.126500000000000000e+03 1.187248451592183847e+04 5.993338213329357095e-02
7.133500000000000000e+03 1.170276320523189133e+04 6.119116035327414049e-02
7.140500000000000000e+03 1.185963823065116776e+04 6.060324084287829760e-02
7.147500000000000000e+03 1.146781039957825851e+04 6.724566288505612333e-02
7.154500000000000000e+03 1.067367590911318075e+04 7.763680492743123274e-02
7.161500000000000000e+03 1.008298436717373625e+04 9.030622238941642121e-02
7.168500000000000000e+03 9.116248101637178479e+03 1.001128301852048513e-01
7.175500000000000000e+03 8.520180321403579001e+03 1.110693556646979302e-01
7.182500000000000000e+03 8.058172007473331178e+03 1.177205278537487299e-01
7.189500000000000000e+03 7.746025566017065103e+03 1.230172468010647530e-01
7.196500000000000000e+03 7.869796532461828974e+03 1.160509671848572594e-01
7.203500000000000000e+03 8.370438268245554355e+03 1.056474398364294215e-01
7.210500000000000000e+03 8.945649047312188486e+03 1.053548680428061102e-01
7.217500000000000000e+03 9.093562243099309853e+03 1.054269130845993246e-01
7.224500000000000000e+03 9.146235237453014634e+03 9.937785715436761591e-02
7.231500000000000000e+03 9.108764124213663308e+03 9.163373464955829051e-02
7.238500000000000000e+03 8.720855399308153210e+03 9.679650005004100666e-02
7.245500000000000000e+03 8.287078373843583904e+03 1.084064241075936852e-01
7.252500000000000000e+03 8.422126840892145992e+03 1.100680697373973560e-01
7.259500000000000000e+03 8.200519550350698410e+03 1.123267853010772588e-01
7.266500000000000000e+03 8.258572625142318429e+03 1.105631778048110775e-01
7.273500000000000000e+03 8.410175017892092001e+03 1.034171446271244660e-01
7.280500000000000000e+03 8.547018849233514629e+03 1.036849761563872624e-01
7.287500000000000000e+03 8.341427583449896701e+03 1.054171691900608471e-01
7.294500000000000000e+03 8.601074137879857517e+03 9.870149832120143907e-02
7.301500000000000000e+03 8.503037476310484635e+03 9.897151394551524650e-02
7.308500000000000000e+03 8.863172400585552168e+03 9.338442696658337538e-02
7.315500000000000000e+03 9.421251355328355203e+03 8.601726132741595310e-02
7.322500000000000000e+03 9.510506574630271643e+03 8.163626687199632137e-02
7.329500000000000000e+03 9.827957365878832206e+03 7.588228477220304580e-02
7.336500000000000000e+03 1.016759355874533867e+04 6.883987469807337223e-02
7.343500000000000000e+03 1.024070042991027731e+04 6.848390217053917928e-02
7.350500000000000000e+03 1.039159475906635271e+04 6.358512227562904129e-02
7.357500000000000000e+03 1.026287937943202087e+04 6.415906461684689477e-02
7.364500000000000000e+03 1.037473263532958117e+04 6.228384916148197586e-02
7.371500000000000000e+03 1.025529767890605399e+04 5.941286550605759387e-02
7.378500000000000000e+03 1.054603265946928150e+04 6.039321848290313266e-02
7.385500000000000000e+03 1.056243656642768838e+04 5.773748550997542806e-02
7.392500000000000000e+03 1.052405462318204627e+04 5.573850459732166557e-02
7.399500000000000000e+03 1.050964565003371536e+04 5.381212975815641286e-02
7.406500000000000000e+03 1.049387145251693983e+04 5.185315375401131771e-02
7.413500000000000000e+03 1.073436187190913552e+04 4.941743049643854829e-02
7.420500000000000000e+03 1.061806096745029390e+04 4.865074610833550195e-02
7.427500000000000000e+03 1.055547628817952500e+04 4.664552918278906668e-02
7.434500000000000000e+03 1.069995077529071023e+04 4.505190141434974038e-02
7.441500000000000000e+03 1.073604297380813114e+04 4.611285125294844328e-02
7.448500000000000000e+03 1.062674569600555333e+04 4.587982739237492225e-02
7.455500000000000000e+03 1.075835007412485538e+04 4.375278203388383025e-02
7.462500000000000000e+03 1.059380373339994185e+04 4.465916990060088410e-02
7.469500000000000000e+03 1.044093035448035516e+04 4.504403250259860630e-02
7.476500000000000000e+03 1.040198221326221574e+04 4.326849016916992779e-02
7.483500000000000000e+03 1.026482364099670303e+04 4.300415581367477563e-02
7.490500000000000000e+03 1.066151412579705902e+04 4.294209494423107537e-02
7.497500000000000000e+03 1.043653084866668542e+04 4.211467331817370097e-02
7.504500000000000000e+03 1.019799208623432241e+04 4.266729244600282744e-02
7.511500000000000000e+03 1.029780961964442940e+04 4.299304792678858983e-02
7.518500000000000000e+03 1.044240257640460186e+04 4.142172538448727487e-02
7.525500000000000000e+03 1.028035003868515923e+04 4.363170808372734272e-02
7.532500000000000000e+03 1.013968755716474334e+04 4.261916591551550421e-02
7.539500000000000000e+03 1.012455246576433456e+04 4.032231073389682535e-02
7.546500000000000000e+03 1.018158964814525098e+04 4.305800147374601317e-02
7.553500000000000000e+03 1.016279862303425398e+04 4.229507008579017763e-02
7.560500000000000000e+03 1.009653807254386629e+04 4.249153898126346168e-02
7.567500000000000000e+03 9.873653287654351516e+03 4.680781150714745376e-02
7.574500000000000000e+03 8.923852620088031472e+03 6.549554561536591324e-02
7.581500000000000000e+03 7.057173252233496896e+03 1.148208585029419082e-01
7.588500000000000000e+03 4.969582536907085341e+03 1.681157136848948352e-01
7.595500000000000000e+03 3.913807052837593346e+03 1.244414697064512715e-01
7.602500000000000000e+03 3.251348769586736125e+03 6.437004685834860074e-02
7.609500000000000000e+03 1.746339648192397362e+03 2.434144066221285152e-01
7.616500000000000000e+03 1.308891710582244286e+03 3.950201909219110408e-01
7.623500000000000000e+03 1.626068792914902360e+03 3.558178683321234770e-01
7.630500000000000000e+03 2.082926042014322320e+03 2.696077023951331531e-01
7.637500000000000000e+03 2.418058449098669371e+03 2.426877686144306989e-01
7.644500000000000000e+03 2.837583592076855439e+03 2.254273925862157191e-01
7.651500000000000000e+03 3.675662759331645248e+03 1.923809399200089032e-01
7.658500000000000000e+03 4.598802845435935524e+03 1.566403452251254047e-01
7.665500000000000000e+03 5.605690313612969476e+03 1.238758091720520427e-01
7.672500000000000000e+03 6.572580643771536415e+03 9.916457106885244455e-02
7.679500000000000000e+03 7.254918472412218762e+03 8.168107806518333514e-02
7.686500000000000000e+03 7.850354230756634934e+03 6.890201956182209764e-02
7.693500000000000000e+03 8.275270213786609020e+03 5.756905103672992768e-02
7.700500000000000000e+03 8.426837821970193545e+03 5.398220067400489458e-02
7.707500000000000000e+03 8.469118713756923171e+03 5.189726385951032306e-02
7.714500000000000000e+03 8.668760706449069403e+03 4.734268373718612810e-02
7.721500000000000000e+03 8.925403218762739925e+03 4.250075403745259828e-02
7.728500000000000000e+03 8.737139475290467090e+03 4.245370373794961349e-02
7.735500000000000000e+03 8.877820008980788771e+03 3.948555699349622083e-02
7.742500000000000000e+03 8.819055282700446696e+03 3.939497574988626294e-02
7.749500000000000000e+03 8.695234343808246194e+03 4.098854636721806222e-02
7.756500000000000000e+03 8.820602163346033194e+03 3.880132847893391634e-02
7.763500000000000000e+03 8.640609760859179005e+03 3.771831952781726921e-02
7.770500000000000000e+03 8.530000909840267923e+03 3.854555688947309405e-02
7.777500000000000000e+03 8.764306803655659678e+03 3.571281118309273250e-02
7.784500000000000000e+03 8.515621744404839774e+03 3.935338454922827217e-02
7.791500000000000000e+03 8.443723900444396349e+03 4.082349105840097497e-02
7.798500000000000000e+03 8.482453068710614389e+03 3.832965192398610915e-02
7.805500000000000000e+03 8.428200685703845011e+03 3.807325240366188357e-02
7.812500000000000000e+03 8.253858217138718828e+03 4.011534371393286891e-02
7.819500000000000000e+03 8.468123944301698430e+03 3.871805202154521980e-02
7.826500000000000000e+03 8.390547085591624636e+03 3.764142395001873753e-02
7.833500000000000000e+03 8.234977595342339555e+03 3.750547552689025704e-02
7.840500000000000000e+03 8.181261706772036632e+03 3.637362044214995788e-02
7.847500000000000000e+03 8.049359724974297933e+03 3.839989271652875097e-02
7.854500000000000000e+03 8.115888750189652455e+03 3.681234164948930798e-02
7.861500000000000000e+03 8.069476371314808603e+03 3.965152180136276988e-02
7.868500000000000000e+03 7.876011032973646252e+03 4.368576150709397449e-02
7.875500000000000000e+03 7.814319764485630913e+03 4.196017750792836731e-02
7.882500000000000000e+03 7.521275300206047177e+03 4.605455678042252171e-02
7.889500000000000000e+03 7.640400356528135489e+03 4.533062094256275903e-02
7.896500000000000000e+03 7.385327888801844892e+03 4.980581287593633527e-02
7.903500000000000000e+03 7.480902684224719451e+03 4.830551513904252081e-02
7.910500000000000000e+03 7.449246061716965414e+03 4.787410995328268692e-02
7.917500000000000000e+03 7.316734139059659356e+03 4.576880193423087800e-02
7.924500000000000000e+03 7.293279682788791433e+03 4.523848896391580165e-02
7.931500000000000000e+03 7.502814779259178067e+03 4.278233488312147698e-02
7.938500000000000000e+03 7.483221611876239876e+03 4.381526861904556924e-02
7.945500000000000000e+03 7.310640069326681441e+03 4.513950884238378258e-02
7.952500000000000000e+03 7.187704427900376686e+03 4.431778359199093492e-02
7.959500000000000000e+03 7.197385041748210824e+03 4.378350221868693853e-02
7.966500000000000000e+03 7.171228120723996653e+03 4.422644409430832868e-02
7.973500000000000000e+03 7.012011891969111275e+03 4.892284914186591921e-02
7.980500000000000000e+03 6.913280366276912901e+03 4.493577202466274290e-02
7.987500000000000000e+03 7.133206471937111928e+03 4.354322401328727943e-02
7.994500000000000000e+03 6.949921387203734412e+03 4.388883097096767105e-02
8.001500000000000000e+03 6.825734389546290004e+03 4.734454750267799023e-02
8.008500000000000000e+03 6.766672617811044802e+03 4.691961863319242532e-02
8.015500000000000000e+03 6.779286452087402722e+03 4.793851591821275682e-02
8.022500000000000000e+03 6.725739220540221140e+03 4.763895952220079111e-02
8.029500000000000000e+03 6.667820873598368053e+03 4.792507706293450132e-02
8.036500000000000000e+03 6.783891466833135382e+03 4.487096451272964276e-02
8.043500000000000000e+03 6.770098992644564532e+03 4.286975979784952290e-02
8.050500000000000000e+03 6.691477930327056129e+03 4.038594468064119619e-02
8.057500000000000000e+03 6.748870970424602092e+03 4.084211792960979609e-02
8.064500000000000000e+03 6.825025081841094106e+03 3.965813885643602182e-02
8.071500000000000000e+03 6.746837076207358223e+03 4.099469486566247739e-02
8.078500000000000000e+03 6.628470852613218995e+03 4.178750991211990090e-02
8.085500000000000000e+03 6.540168491924126101e+03 4.282432349850151532e-02
8.092500000000000000e+03 6.541534252433140864e+03 4.224087442790899066e-02
8.099500000000000000e+03 6.518589706711654799e+03 4.401236042218358707e-02
8.106500000000000000e+03 6.260036175108891257e+03 4.834418721018234055e-02
8.113500000000000000e+03 5.953463253996139429e+03 5.537742379027475043e-02
8.120500000000000000e+03 5.759989260802811259e+03 6.455563116096703358e-02
8.127500000000000000e+03 5.446266734042445933e+03 7.200133123761133513e-02
8.134500000000000000e+03 5.174450069347388308e+03 7.614638750589815264e-02
8.141500000000000000e+03 4.946231814061577097e+03 8.623289594600845598e-02
8.148500000000000000e+03 4.690338262528479390e+03 9.667385473689329989e-02
8.155500000000000000e+03 4.602947459749114387e+03 9.548576176493375756e-02
8.162500000000000000e+03 4.391474904699763101e+03 9.464977359434370574e-02
8.169500000000000000e+03 4.245680809814784880e+03 1.028743290941774580e-01
8.176500000000000000e+03 4.456897134952529996e+03 9.767085080743864722e-02
8.183500000000000000e+03 4.523829269455167378e+03 9.291596914463941259e-02
8.190500000000000000e+03 4.695470900190458451e+03 8.394783106478552470e-02
8.197500000000000000e+03 4.845121720762324003e+03 7.540011706048169171e-02
8.204500000000000000e+03 4.877972875239797759e+03 8.069862356478182952e-02
8.211500000000000000e+03 4.734495706891257214e+03 9.065350125794020830e-02
8.218500000000000000e+03 4.510244806013134621e+03 9.120579510085972952e-02
8.225500000000000000e+03 4.641410340460145562e+03 6.763129497579203897e-02
8.232500000000000000e+03 4.601521585277145277e+03 6.714323947769916534e-02
8.239500000000000000e+03 4.531414106254846047e+03 9.086361530015936439e-02
8.246500000000000000e+03 4.717767811448133216e+03 8.321844260082184030e-02
8.253500000000000000e+03 4.990073849686209542e+03 7.023931808764731499e-02
8.260500000000000000e+03 5.180604255431692764e+03 6.443932720655437540e-02
8.267500000000000000e+03 5.010555070179086215e+03 7.132633417765057993e-02
8.274500000000000000e+03 4.938592325565200554e+03 6.715083165945644195e-02
8.281500000000000000e+03 4.766881971275732212e+03 6.833028983043228088e-02
8.288500000000000000e+03 4.755470247793306044e+03 7.043831430658074877e-02
8.295500000000000000e+03 4.763037585021535961e+03 7.082738664663461303e-02
8.302500000000000000e+03 4.811577656226896579e+03 6.886175802300657789e-02
8.309500000000000000e+03 4.892037601283818731e+03 6.818514476044527928e-02
8.316500000000000000e+03 4.899968940181483049e+03 6.423675732568276397e-02
8.323500000000000000e+03 5.062060196746882866e+03 5.794905516843745774e-02
8.330500000000000000e+03 5.106962601545043071e+03 5.960463393405505267e-02
8.337500000000000000e+03 5.094722873582335524e+03 5.706510280739975072e-02
8.344500000000000000e+03 5.275020941825922819e+03 5.413470097844495094e-02
8.351500000000000000e+03 5.211176513602874365e+03 5.217408445355005420e-02
8.358500000000000000e+03 5.467586546539996561e+03 4.732122319078098382e-02
8.365500000000000000e+03 5.424072507402273004e+03 4.656331929200670933e-02
8.372500000000000000e+03 5.423873346243800370e+03 4.361080252964531084e-02
8.379500000000000000e+03 5.359766589067467976e+03 4.242983335047823684e-02
8.386500000000000000e+03 5.433163627788570011e+03 4.032559879186813773e-02
8.393500000000000000e+03 5.548188789827132496e+03 3.938967018215337040e-02
8.400500000000000000e+03 5.369997162369670150e+03 3.942392425816133167e-02
8.407500000000000000e+03 5.408867603264598074e+03 3.574864072367533313e-02
8.414500000000000000e+03 5.383582807714813498e+03 3.580805348465095073e-02
8.421500000000000000e+03 5.390250918268448913e+03 3.686100563251386297e-02
8.428500000000000000e+03 5.510733890456240260e+03 3.455439625968700912e-02
8.435500000000000000e+03 5.443099797623932318e+03 3.372645633531627662e-02
8.442500000000000000e+03 5.396846642244296163e+03 3.253098408375475897e-02
8.449500000000000000e+03 5.346656826268429541e+03 3.204521674942995002e-02
8.456500000000000000e+03 5.465381387507692125e+03 3.015917483871988561e-02
8.463500000000000000e+03 5.444420486497033380e+03 2.908458649187950495e-02
8.470500000000000000e+03 5.362202416752133104e+03 3.015419227638553926e-02
8.477500000000000000e+03 5.400051881690433220e+03 3.202916574902184982e-02
8.484500000000000000e+03 5.236078286185802426e+03 3.296297445841955831e-02
8.491500000000000000e+03 5.146946937300431273e+03 3.342314088548303808e-02
8.498500000000000000e+03 5.293848073029625994e+03 3.014668775244402910e-02
8.505500000000000000e+03 5.139915230435086414e+03 2.967008387581508005e-02
8.512500000000000000e+03 5.316386392593837627e+03 2.748099686057757507e-02
8.519500000000000000e+03 5.244393422376215312e+03 3.165577990677888309e-02
8.526500000000000000e+03 5.176993672771707679e+03 3.497125287944941735e-02
8.533500000000000000e+03 5.271535292028045660e+03 3.365260331763995222e-02
8.540500000000000000e+03 5.202898570334818942e+03 2.643646613109939397e-02
8.547500000000000000e+03 5.353594312564455322e+03 1.918671946070471535e-02
8.554500000000000000e+03 5.292186945264678798e+03 2.082641531391053735e-02
8.561500000000000000e+03 5.302963751503998537e+03 2.679225914764760477e-02
8.568500000000000000e+03 5.149974909054366435e+03 3.678360412161444520e-02
8.575500000000000000e+03 5.066606296868519166e+03 3.542505766512842741e-02
8.582500000000000000e+03 5.109071244377624680e+03 3.051524921077860761e-02
8.589500000000000000e+03 5.113613179732362369e+03 2.570333821322708101e-02
8.596500000000000000e+03 5.084984467887748906e+03 2.345928056623415234e-02
8.603500000000000000e+03 5.124859271354755947e+03 2.089742222403723551e-02
8.610500000000000000e+03 5.105285282443027427e+03 2.351406034032821335e-02
8.617500000000000000e+03 5.068753143652691506e+03 2.369822837054167547e-02
8.624500000000000000e+03 5.030824063373408535e+03 3.436823188601806356e-02
8.631500000000000000e+03 5.018965603377431762e+03 3.361198688101828952e-02
8.638500000000000000e+03 5.171381291593363130e+03 3.289987129772753427e-02
8.645500000000000000e+03 4.870858325124990188e+03 3.255063804300938057e-02
8.652500000000000000e+03 4.988018406302330732e+03 2.966902233268961867e-02
8.659500000000000000e+03 4.824962286764729470e+03 2.163973111606956601e-02
8.666500000000000000e+03 4.971779988261837389e+03 1.033624347692483313e-02
8.673500000000000000e+03 5.036940875068210516e+03 1.139468756257546421e-02
8.680500000000000000e+03 4.913324763441420146e+03 2.231077146795487978e-02
8.687500000000000000e+03 5.013717276334740745e+03 2.778475485468762454e-02
8.694500000000000000e+03 5.002563731929363712e+03 3.321998741822489859e-02
8.701500000000000000e+03 5.125457072788211008e+03 3.110339553707101856e-02
8.708500000000000000e+03 5.003821131271880404e+03 3.238548410016881679e-02
8.715500000000000000e+03 5.064322693684535807e+03 3.048441820688996967e-02
8.722500000000000000e+03 5.027746609055326189e+03 3.100098257499235913e-02
8.729500000000000000e+03 4.812335408698142601e+03 3.286029606155120575e-02
8.736500000000000000e+03 4.812058864640643151e+03 2.488045105261281476e-02
8.743500000000000000e+03 4.769207722285819727e+03 1.205387093048515199e-02
8.750500000000000000e+03 4.915946426845639508e+03 8.807429949465704275e-03
8.757500000000000000e+03 4.804255972348734758e+03 1.273685727780459430e-02
8.764500000000000000e+03 4.709787542924943409e+03 2.549736904319508182e-02
8.771500000000000000e+03 4.666363567327853161e+03 3.053525279986437843e-02
8.778500000000000000e+03 4.788599258156923497e+03 2.851614593355174601e-02
8.785500000000000000e+03 4.871044468139974015e+03 2.784023218748308062e-02
8.792500000000000000e+03 4.911459100036297968e+03 3.076889296931200821e-02
8.799500000000000000e+03 4.976190443346574284e+03 2.835718665897515520e-02
8.806500000000000000e+03 5.036823590637753114e+03 2.599811637357345162e-02
8.813500000000000000e+03 5.020437598736240034e+03 2.766934713062764103e-02
8.820500000000000000e+03 4.939589336391364668e+03 2.744160234549463881e-02
8.827500000000000000e+03 4.736831719929674364e+03 3.044538603000642232e-02
8.834500000000000000e+03 4.823520978586274396e+03 2.724439315147011986e-02
8.841500000000000000e+03 4.591466497594692555e+03 2.944825955588330907e-02
8.848500000000000000e+03 4.459024486329514730e+03 2.682353385965773745e-02
8.855500000000000000e+03 4.421562250399289951e+03 2.190843133667176937e-02
8.862500000000000000e+03 4.396503032444627934e+03 1.550328864994222032e-02
8.869500000000000000e+03 4.459026196642111245e+03 9.917613939325138975e-03
8.876500000000000000e+03 4.440735735171744636e+03 1.535660321351180364e-02
8.883500000000000000e+03 4.486753137170711852e+03 2.682906635333810394e-02
8.890500000000000000e+03 4.462400778485699448e+03 3.611030005393671416e-02
8.897500000000000000e+03 4.481892660165188317e+03 3.344687599546428830e-02
8.904500000000000000e+03 4.601118880337980045e+03 3.195612461340716082e-02
8.911500000000000000e+03 4.631958817715708392e+03 3.194917461882477994e-02
8.918500000000000000e+03 4.564057501591628352e+03 3.491450077970695981e-02
8.925500000000000000e+03 4.345095066558618782e+03 3.881087893211354611e-02
8.932500000000000000e+03 4.294597641793327057e+03 4.598280261684276060e-02
8.939500000000000000e+03 3.985344832282635252e+03 5.736429515020713410e-02
8.946500000000000000e+03 3.669275957771795220e+03 6.712718137536591301e-02
8.953500000000000000e+03 3.553711699689066336e+03 7.540209382484894252e-02
8.960500000000000000e+03 3.304162601517664825e+03 8.195692042214057504e-02
8.967500000000000000e+03 3.083248801040604121e+03 8.960759114132467451e-02
8.974500000000000000e+03 2.820392308048607447e+03 1.098100956759170826e-01
8.981500000000000000e+03 2.641184765267408693e+03 1.147900359299170170e-01
8.988500000000000000e+03 2.670901392723060326e+03 9.937520991630154066e-02
8.995500000000000000e+03 2.477947631769445252e+03 1.091518324839233639e-01
9.002500000000000000e+03 2.471371629665937235e+03 1.060738618376381448e-01
9.009500000000000000e+03 2.481033709719247781e+03 8.809009445542391459e-02
9.016500000000000000e+03 2.638176967853143196e+03 7.953299255298766635e-02
9.023500000000000000e+03 2.826979481865122125e+03 7.227909550725516996e-02
9.030500000000000000e+03 2.955542529461376944e+03 7.788474926558885958e-02
9.037500000000000000e+03 3.113225972701467526e+03 7.535075703622769183e-02
9.044500000000000000e+03 3.346947757147608172e+03 7.447285705712541892e-02
9.051500000000000000e+03 3.250444897907496852e+03 7.928296195287755366e-02
9.058500000000000000e+03 3.012090614574341089e+03 8.966506485010848626e-02
9.065500000000000000e+03 2.919737382363254255e+03 8.648722872161275499e-02
9.072500000000000000e+03 2.748329102813766440e+03 8.929923167877867884e-02
9.079500000000000000e+03 2.628713879869836546e+03 1.028329133784110228e-01
9.086500000000000000e+03 2.579917131133654493e+03 1.097469742496645917e-01
9.093500000000000000e+03 2.502360706295019554e+03 1.124969881902260771e-01
9.100500000000000000e+03 2.634940545987974474e+03 1.027244656223873648e-01
9.107500000000000000e+03 2.669552518148053423e+03 1.077641254498357265e-01
9.114500000000000000e+03 2.529189867414800119e+03 1.206450771414217665e-01
9.121500000000000000e+03 2.450853405403759098e+03 1.227200355207138244e-01
9.128500000000000000e+03 2.454953201269983765e+03 1.120409452125147171e-01
9.135500000000000000e+03 2.419949816504918999e+03 1.122304263545003816e-01
9.142500000000000000e+03 2.263736839291818342e+03 1.361923334345037928e-01
9.149500000000000000e+03 2.426203066306699384e+03 1.200786328405235998e-01
9.156500000000000000e+03 2.480452639396939503e+03 1.038725825220419841e-01
9.163500000000000000e+03 2.319273318829679738e+03 1.307142792937273923e-01
9.170500000000000000e+03 2.402293887881387036e+03 1.152359077086246991e-01
9.177500000000000000e+03 2.673932818839320589e+03 9.307421538068452738e-02
9.184500000000000000e+03 2.671439506020028148e+03 9.777970605405575388e-02
9.191500000000000000e+03 2.774301441654760765e+03 9.017272764844459776e-02
9.198500000000000000e+03 2.892431470280376288e+03 8.063828066225496582e-02
9.205500000000000000e+03 2.881421120389330554e+03 7.800688376438671967e-02
9.212500000000000000e+03 2.856604290015620336e+03 6.882059606036131094e-02
9.219500000000000000e+03 2.767235874308104940e+03 5.865115922887736283e-02
9.226500000000000000e+03 2.670240745304472966e+03 5.659248149960760532e-02
9.233500000000000000e+03 2.670856262269461240e+03 5.948419366094233329e-02
9.240500000000000000e+03 2.614124105838719515e+03 7.018925185853702731e-02
9.247500000000000000e+03 2.604616455076960847e+03 8.065670247262593517e-02
9.254500000000000000e+03 2.604481398568321310e+03 8.870071011859449739e-02
9.261500000000000000e+03 2.628826247365222116e+03 9.416497266069692729e-02
9.268500000000000000e+03 2.380322407860094245e+03 1.131368039306720058e-01
9.275500000000000000e+03 2.178929306441849349e+03 1.224575214886618885e-01
9.282500000000000000e+03 1.970732317982113045e+03 1.430985980802631508e-01
9.289500000000000000e+03 1.606696542421657341e+03 1.756611444842375580e-01
9.296500000000000000e+03 1.407199411851785271e+03 1.906136528732545465e-01
9.303500000000000000e+03 1.166488030666820350e+03 2.208765231913802918e-01
9.310500000000000000e+03 9.699879630516089719e+02 2.448460755122914834e-01
9.317500000000000000e+03 7.870369951831547723e+02 2.644789982672304252e-01
9.324500000000000000e+03 5.685537412873466110e+02 3.201507423019945842e-01
9.331500000000000000e+03 4.492582777877323679e+02 3.646223285892380983e-01
9.338500000000000000e+03 4.523190650097510570e+02 3.308556867981553573e-01
9.345500000000000000e+03 4.402351053457617240e+02 3.484998145631555411e-01
9.352500000000000000e+03 4.233696218965154117e+02 3.703014275204363770e-01
9.359500000000000000e+03 4.326298902854481412e+02 3.673705210390170173e-01
9.366500000000000000e+03 4.520472995295458531e+02 3.598733227652045619e-01
9.373500000000000000e+03 5.760940170541962289e+02 2.987061688612233645e-01
9.380500000000000000e+03 7.668323470617658586e+02 2.480849140115380658e-01
9.387500000000000000e+03 8.635074974984036089e+02 2.558079064263533153e-01
9.394500000000000000e+03 1.012760079446646614e+03 2.635935917604558254e-01
9.401500000000000000e+03 1.161141628558480761e+03 2.215172689900287706e-01
9.408500000000000000e+03 1.120944943486103966e+03 2.163370084632660340e-01
9.415500000000000000e+03 9.679444344397401210e+02 2.464748336545074803e-01
9.422500000000000000e+03 8.986248028440672897e+02 2.434758020730339312e-01
9.429500000000000000e+03 8.286486815360017317e+02 2.438069137706535272e-01
9.436500000000000000e+03 7.715663844104166174e+02 2.444458363928202482e-01
9.443500000000000000e+03 7.221587105825492472e+02 2.518778164469875347e-01
9.450500000000000000e+03 6.777431810866577280e+02 2.995468551467340146e-01
9.457500000000000000e+03 7.204175946672363580e+02 2.625450967471980035e-01
9.464500000000000000e+03 7.586199546250384174e+02 2.648195298427494793e-01
9.471500000000000000e+03 7.633530736931975298e+02 2.737311739463125226e-01
9.478500000000000000e+03 8.272891278688615557e+02 2.442508431424105231e-01
9.485500000000000000e+03 7.905787871798482911e+02 2.721951896791188208e-01
9.492500000000000000e+03 8.303714446477791853e+02 2.418618989388907348e-01
9.499500000000000000e+03 8.992664474725122545e+02 1.947680008284084219e-01
9.506500000000000000e+03 7.434225826713906145e+02 2.845678031122061968e-01
9.513500000000000000e+03 7.325067635774408927e+02 2.885468759908030312e-01
9.520500000000000000e+03 8.431860974003068350e+02 2.218243317451928376e-01
9.527500000000000000e+03 7.706974355012353044e+02 2.473238591684298326e-01
9.534500000000000000e+03 7.276570003315135864e+02 2.661667697403505284e-01
9.541500000000000000e+03 7.997956515780408608e+02 2.260141291558727672e-01
9.548500000000000000e+03 8.203905563663593057e+02 2.025695502691843841e-01
9.555500000000000000e+03 8.330876783388928288e+02 2.050538166712372601e-01
9.562500000000000000e+03 9.212046791125658274e+02 1.973091549523046107e-01
9.569500000000000000e+03 9.192983420202256184e+02 2.196428106065783092e-01
9.576500000000000000e+03 8.789446148793925886e+02 2.433702957579558790e-01
9.583500000000000000e+03 9.596559257799482339e+02 2.113834278821076773e-01
9.590500000000000000e+03 1.020256566218043076e+03 1.792962427682185944e-01
9.597500000000000000e+03 1.003047797924047131e+03 2.008249522497388695e-01
9.604500000000000000e+03 1.036020688591103635e+03 2.104180849651867136e-01
9.611500000000000000e+03 1.148108258836808318e+03 1.990903715925516626e-01
9.618500000000000000e+03 1.287467885396387828e+03 1.645100814825476709e-01
9.625500000000000000e+03 1.273685934972456153e+03 1.654649791696792549e-01
9.632500000000000000e+03 1.219511151604568113e+03 1.719288471754259751e-01
9.639500000000000000e+03 1.344103198947174633e+03 1.409790044968177170e-01
9.646500000000000000e+03 1.370983408193402965e+03 1.484965524943800130e-01
9.653500000000000000e+03 1.341792945241618781e+03 1.652146632762364065e-01
9.660500000000000000e+03 1.528878434285644062e+03 1.276353595506474481e-01
9.667500000000000000e+03 1.684327715231256889e+03 1.084120600355089753e-01
9.674500000000000000e+03 1.809522417744028644e+03 1.098240218799971940e-01
9.681500000000000000e+03 1.986557580369212928e+03 9.106724615886731267e-02
9.688500000000000000e+03 2.093582347443853450e+03 8.511818632136035345e-02
9.695500000000000000e+03 2.105596062367600553e+03 7.580077292840436964e-02
9.702500000000000000e+03 2.144037175232912887e+03 6.681087870051069522e-02
9.709500000000000000e+03 2.104803297755564017e+03 7.416648077150921059e-02
9.716500000000000000e+03 2.075865329470265806e+03 7.772528202047329637e-02
9.723500000000000000e+03 1.949071484659409862e+03 8.442225777154666044e-02
9.730500000000000000e+03 1.836071578823148684e+03 8.792363760905838599e-02
9.737500000000000000e+03 1.822698094982141583e+03 8.710167959879393240e-02
9.744500000000000000e+03 1.738360655356254711e+03 1.002248797793884177e-01
9.751500000000000000e+03 1.747963793840903236e+03 9.347226649725301484e-02
9.758500000000000000e+03 1.777871204075009928e+03 8.641818193934158732e-02
9.765500000000000000e+03 1.794253684654338258e+03 9.124633624574925161e-02
9.772500000000000000e+03 1.839787456925578681e+03 9.297203270527852614e-02
9.779500000000000000e+03 1.888615025795134443e+03 8.089771715687432696e-02
9.786500000000000000e+03 1.914701519541182279e+03 7.378977615300537363e-02
9.793500000000000000e+03 1.904792728355273766e+03 6.967399623331008152e-02
9.800500000000000000e+03 1.980058344631534737e+03 6.269102869326736993e-02
9.807500000000000000e+03 1.974945768554243841e+03 6.940703038894721622e-02
9.814500000000000000e+03 1.972718571887505732e+03 6.745811864440694194e-02
9.821500000000000000e+03 2.098056060430977595e+03 5.285498400378079581e-02
9.828500000000000000e+03 2.058312930903769939e+03 5.123810154064720179e-02
9.835500000000000000e+03 2.084893417876169678e+03 5.076389199436838473e-02
9.842500000000000000e+03 2.135111449356658795e+03 4.446712010826335548e-02
9.849500000000000000e+03 2.138200111336062946e+03 4.075009205929955303e-02
9.856500000000000000e+03 2.227860076775426933e+03 3.893635619960644778e-02
9.863500000000000000e+03 2.156717101906644530e+03 3.519829532761585555e-02
9.870500000000000000e+03 2.283598904362192116e+03 2.657975751181671994e-02
9.877500000000000000e+03 2.180778973794200738e+03 2.952241223228307260e-02
9.884500000000000000e+03 2.266256311699848538e+03 2.657262892607101593e-02
9.891500000000000000e+03 2.205968454118396949e+03 2.474312869830172512e-02
9.898500000000000000e+03 2.227417316948193275e+03 2.341055590708831374e-02
9.905500000000000000e+03 2.195413118237577237e+03 2.265291253509841771e-02
9.912500000000000000e+03 2.106125756764796733e+03 2.445484985939197151e-02
9.919500000000000000e+03 2.081603761122925334e+03 2.706114298269503976e-02
9.926500000000000000e+03 2.145403130053035511e+03 1.999143648535420259e-02
9.933500000000000000e+03 2.080699181695123116e+03 2.245129119632496839e-02
9.940500000000000000e+03 2.039116699423969067e+03 2.686148867135611587e-02
9.947500000000000000e+03 2.074441881257640034e+03 2.314409133720140427e-02
9.954500000000000000e+03 2.046132671299805679e+03 2.010427864032188205e-02
9.961500000000000000e+03 2.014224024978679154e+03 1.620603613083401728e-02
9.968500000000000000e+03 2.017424875079924959e+03 2.183559255607052385e-02
9.975500000000000000e+03 2.001847613168320322e+03 1.830971056961325227e-02
9.982500000000000000e+03 1.955557723657541601e+03 1.993158761531106660e-02
9.989500000000000000e+03 1.932400038963618726e+03 1.469374281153921352e-02
9.996500000000000000e+03 1.937338119385301070e+03 1.258883947083973623e-02
