# wavelength (angstroms), extinction coefficient
5.551500000000000000e+03 1.528775729225821667e-01
5.558500000000000000e+03 1.452776662484537573e-01
5.565500000000000000e+03 1.398559310516582221e-01
5.572500000000000000e+03 1.392424185544624271e-01
5.579500000000000000e+03 1.394843242930877969e-01
5.586500000000000000e+03 1.376429799786192121e-01
5.593500000000000000e+03 1.380478906714450449e-01
5.600500000000000000e+03 1.410647034614138651e-01
5.607500000000000000e+03 1.363809804325664121e-01
5.614500000000000000e+03 1.371152097323786179e-01
5.621500000000000000e+03 1.393378760050043019e-01
5.628500000000000000e+03 1.390919795713750351e-01
5.635500000000000000e+03 1.381927094485316254e-01
5.642500000000000000e+03 1.393139885506192166e-01
5.649500000000000000e+03 1.379138962511041178e-01
5.656500000000000000e+03 1.391822159599238606e-01
5.663500000000000000e+03 1.380874877044652171e-01
5.670500000000000000e+03 1.386420887254851408e-01
5.677500000000000000e+03 1.418542419466381210e-01
5.684500000000000000e+03 1.422166837754427482e-01
5.691500000000000000e+03 1.423569887786473032e-01
5.698500000000000000e+03 1.406434981276327156e-01
5.705500000000000000e+03 1.378768123114642030e-01
5.712500000000000000e+03 1.394513241814504811e-01
5.719500000000000000e+03 1.407846028518173476e-01
5.726500000000000000e+03 1.396228424399079127e-01
5.733500000000000000e+03 1.412206720980020147e-01
5.740500000000000000e+03 1.382169399699091084e-01
5.747500000000000000e+03 1.373788253301940765e-01
5.754500000000000000e+03 1.370304871239723388e-01
5.761500000000000000e+03 1.368355716114674769e-01
5.768500000000000000e+03 1.366642113951733184e-01
5.775500000000000000e+03 1.356247463302277800e-01
5.782500000000000000e+03 1.358541094080172040e-01
5.789500000000000000e+03 1.340071522118874980e-01
5.796500000000000000e+03 1.338263608054255371e-01
5.803500000000000000e+03 1.305428740787469843e-01
5.810500000000000000e+03 1.283437032986884385e-01
5.817500000000000000e+03 1.319662127638295268e-01
5.824500000000000000e+03 1.310002495368923492e-01
5.831500000000000000e+03 1.302810884983582884e-01
5.838500000000000000e+03 1.271703625640812074e-01
5.845500000000000000e+03 1.292482361817915981e-01
5.852500000000000000e+03 1.298238356810119398e-01
5.859500000000000000e+03 1.294447221222160826e-01
5.866500000000000000e+03 1.324142890546226303e-01
5.873500000000000000e+03 1.337618205942877891e-01
5.880500000000000000e+03 1.354725019022720578e-01
5.887500000000000000e+03 1.379877742803984064e-01
5.894500000000000000e+03 1.401380918421430977e-01
5.901500000000000000e+03 1.431961246007846522e-01
5.908500000000000000e+03 1.437328024357413803e-01
5.915500000000000000e+03 1.432713842878689525e-01
5.922500000000000000e+03 1.423020923542513416e-01
5.929500000000000000e+03 1.428225573383817282e-01
5.936500000000000000e+03 1.400258489634814973e-01
5.943500000000000000e+03 1.393106639020360027e-01
5.950500000000000000e+03 1.378497892262800784e-01
5.957500000000000000e+03 1.393066023706775458e-01
5.964500000000000000e+03 1.352666711907267727e-01
5.971500000000000000e+03 1.338000719796500482e-01
5.978500000000000000e+03 1.338375743789102790e-01
5.985500000000000000e+03 1.315452622730949317e-01
5.992500000000000000e+03 1.300705559903233277e-01
5.999500000000000000e+03 1.298506612518011694e-01
6.006500000000000000e+03 1.282962725866398923e-01
6.013500000000000000e+03 1.275598447106194577e-01
6.020500000000000000e+03 1.278124877107572055e-01
6.027500000000000000e+03 1.245923430484964095e-01
6.034500000000000000e+03 1.264465248893166249e-01
6.041500000000000000e+03 1.252050245957087860e-01
6.048500000000000000e+03 1.239635804846616202e-01
6.055500000000000000e+03 1.211975113371325796e-01
6.062500000000000000e+03 1.225509366059271965e-01
6.069500000000000000e+03 1.219936730107282624e-01
6.076500000000000000e+03 1.199745168672352730e-01
6.083500000000000000e+03 1.195101739200870039e-01
6.090500000000000000e+03 1.214177764938715459e-01
6.097500000000000000e+03 1.191802183005597066e-01
6.104500000000000000e+03 1.179759468066641087e-01
6.111500000000000000e+03 1.156974894132308529e-01
6.118500000000000000e+03 1.156541426863031269e-01
6.125500000000000000e+03 1.154023291547620067e-01
6.132500000000000000e+03 1.136780511681376726e-01
6.139500000000000000e+03 1.150301642284610459e-01
6.146500000000000000e+03 1.125765442807589584e-01
6.153500000000000000e+03 1.108279039288955353e-01
6.160500000000000000e+03 1.099191528273995300e-01
6.167500000000000000e+03 1.097237590477395802e-01
6.174500000000000000e+03 1.091817517158296114e-01
6.181500000000000000e+03 1.072945935556010033e-01
6.188500000000000000e+03 1.084322205116108467e-01
6.195500000000000000e+03 1.067892766150212724e-01
6.202500000000000000e+03 1.102561908868378432e-01
6.209500000000000000e+03 1.067352730016860735e-01
6.216500000000000000e+03 1.061053730856249960e-01
6.223500000000000000e+03 1.041818553513483292e-01
6.230500000000000000e+03 1.025710258748669806e-01
6.237500000000000000e+03 1.020054312125145413e-01
6.244500000000000000e+03 1.025940472773327339e-01
6.251500000000000000e+03 1.016079362027908772e-01
6.258500000000000000e+03 1.055762988500145994e-01
6.265500000000000000e+03 1.097234389805562121e-01
6.272500000000000000e+03 1.110217360833414546e-01
6.279500000000000000e+03 1.097825885735748269e-01
6.286500000000000000e+03 1.145067488312952603e-01
6.293500000000000000e+03 1.110144882258271848e-01
6.300500000000000000e+03 1.069672462732528251e-01
6.307500000000000000e+03 1.065283124193978359e-01
6.314500000000000000e+03 1.028640178658926513e-01
6.321500000000000000e+03 1.020876176153298620e-01
6.328500000000000000e+03 9.918181886401715441e-02
6.335500000000000000e+03 9.800731254206190846e-02
6.342500000000000000e+03 9.846411470516724940e-02
6.349500000000000000e+03 9.549547282599185616e-02
6.356500000000000000e+03 9.451924229513740394e-02
6.363500000000000000e+03 9.587814852333047255e-02
6.370500000000000000e+03 9.207200221059785861e-02
6.377500000000000000e+03 9.187056992522735221e-02
6.384500000000000000e+03 9.120565295435881237e-02
6.391500000000000000e+03 9.261745074537093558e-02
6.398500000000000000e+03 9.328901381112256197e-02
6.405500000000000000e+03 9.193034604962782574e-02
6.412500000000000000e+03 8.970373876656377587e-02
6.419500000000000000e+03 9.136752834221660569e-02
6.426500000000000000e+03 9.084534915046532655e-02
6.433500000000000000e+03 8.949325505397935643e-02
6.440500000000000000e+03 8.964091221384559716e-02
6.447500000000000000e+03 9.041675938591153816e-02
6.454500000000000000e+03 9.048133097854786644e-02
6.461500000000000000e+03 9.322273330398883617e-02
6.468500000000000000e+03 9.626319457056072004e-02
6.475500000000000000e+03 9.660095563349849201e-02
6.482500000000000000e+03 9.759298854627870834e-02
6.489500000000000000e+03 9.596607243209134830e-02
6.496500000000000000e+03 9.438433779015574510e-02
6.503500000000000000e+03 9.591215876067417379e-02
6.510500000000000000e+03 9.354635326194193912e-02
6.517500000000000000e+03 9.288956933278200157e-02
6.524500000000000000e+03 9.620332196077556464e-02
6.531500000000000000e+03 9.574166303155173807e-02
6.538500000000000000e+03 9.519959669035062133e-02
6.545500000000000000e+03 9.053098816277611871e-02
6.552500000000000000e+03 8.573694234574731621e-02
6.559500000000000000e+03 7.377441368640889896e-02
6.566500000000000000e+03 5.820138035500667384e-02
6.573500000000000000e+03 6.157670642716792792e-02
6.580500000000000000e+03 7.678326780498527515e-02
6.587500000000000000e+03 9.185425415701217733e-02
6.594500000000000000e+03 9.075016931468210535e-02
6.601500000000000000e+03 8.292506569425396601e-02
6.608500000000000000e+03 8.326739105273947561e-02
6.615500000000000000e+03 7.871335319109208639e-02
6.622500000000000000e+03 7.709869123196960716e-02
6.629500000000000000e+03 7.621193605738650623e-02
6.636500000000000000e+03 7.587812748950037434e-02
6.643500000000000000e+03 7.496033902469603771e-02
6.650500000000000000e+03 7.628322471228710100e-02
6.657500000000000000e+03 7.414646511315389765e-02
6.664500000000000000e+03 7.343973259684409560e-02
6.671500000000000000e+03 7.083420766017294035e-02
6.678500000000000000e+03 7.246596381867050074e-02
6.685500000000000000e+03 7.120410239643261419e-02
6.692500000000000000e+03 7.116881425832045915e-02
6.699500000000000000e+03 6.837341260249665820e-02
6.706500000000000000e+03 7.023434644179817055e-02
6.713500000000000000e+03 6.922483156871483967e-02
6.720500000000000000e+03 6.913059098969652483e-02
6.727500000000000000e+03 7.232621960919281834e-02
6.734500000000000000e+03 6.791229560270395371e-02
6.741500000000000000e+03 6.905633219373674692e-02
6.748500000000000000e+03 6.901545212141491081e-02
6.755500000000000000e+03 6.970044072222573994e-02
6.762500000000000000e+03 6.752801995353692466e-02
6.769500000000000000e+03 6.879552690495038814e-02
6.776500000000000000e+03 6.669613019594045067e-02
6.783500000000000000e+03 6.718723787098648814e-02
6.790500000000000000e+03 6.758558050558848007e-02
6.797500000000000000e+03 6.688882135099626092e-02
6.804500000000000000e+03 6.470327095222595803e-02
6.811500000000000000e+03 6.488211804879819022e-02
6.818500000000000000e+03 6.519503260910983200e-02
6.825500000000000000e+03 6.495299559337293360e-02
6.832500000000000000e+03 6.420377021393507133e-02
6.839500000000000000e+03 6.578343692642230067e-02
6.846500000000000000e+03 7.266175065239389996e-02
6.853500000000000000e+03 9.415093961820240887e-02
6.860500000000000000e+03 1.093304234554504234e-01
6.867500000000000000e+03 8.353440684194839150e-02
6.874500000000000000e+03 9.446360240870946279e-02
6.881500000000000000e+03 1.356910060832372533e-01
6.888500000000000000e+03 1.283638031963331705e-01
6.895500000000000000e+03 1.093116754805481677e-01
6.902500000000000000e+03 1.050778938957994402e-01
6.909500000000000000e+03 1.022173425624748194e-01
6.916500000000000000e+03 9.759966449626736318e-02
6.923500000000000000e+03 9.353642555996145858e-02
6.930500000000000000e+03 9.205137326780141183e-02
6.937500000000000000e+03 9.093005884298097086e-02
6.944500000000000000e+03 8.854356988838138487e-02
6.951500000000000000e+03 8.539829274014928973e-02
6.958500000000000000e+03 7.877785320850091977e-02
6.965500000000000000e+03 7.465159160389910065e-02
6.972500000000000000e+03 7.395514450145564134e-02
6.979500000000000000e+03 7.267681830189991199e-02
6.986500000000000000e+03 7.317792423150491776e-02
6.993500000000000000e+03 7.339808449373405597e-02
7.000500000000000000e+03 7.820555444152872682e-02
7.007500000000000000e+03 7.789588266461099086e-02
7.014500000000000000e+03 7.526931440077681834e-02
7.021500000000000000e+03 7.559508844423393215e-02
7.028500000000000000e+03 7.241884642079864098e-02
7.035500000000000000e+03 6.975173888432878444e-02
7.042500000000000000e+03 7.033995516979535401e-02
7.049500000000000000e+03 6.917287242446298889e-02
7.056500000000000000e+03 6.841175859420636773e-02
7.063500000000000000e+03 6.613773043297455079e-02
7.070500000000000000e+03 6.447323176509443809e-02
7.077500000000000000e+03 6.299972694195848932e-02
7.084500000000000000e+03 6.175086037312074727e-02
7.091500000000000000e+03 6.081288809481640023e-02
7.098500000000000000e+03 6.212423905737646940e-02
7.105500000000000000e+03 5.722511475137525422e-02
7.112500000000000000e+03 5.858261093712053419e-02
7.119500000000000000e+03 5.974459618504466413e-02
7.126500000000000000e+03 6.066712863804251538e-02
7.133500000000000000e+03 6.035172294941883869e-02
7.140500000000000000e+03 6.164948502497098054e-02
7.147500000000000000e+03 6.845207611852788254e-02
7.154500000000000000e+03 7.621185520570707139e-02
7.161500000000000000e+03 9.197066046734128641e-02
7.168500000000000000e+03 9.904298089151437889e-02
7.175500000000000000e+03 1.110973888786304514e-01
7.182500000000000000e+03 1.194374496816329595e-01
7.189500000000000000e+03 1.207102298646277466e-01
7.196500000000000000e+03 1.170720486444194880e-01
7.203500000000000000e+03 1.046480530692813909e-01
7.210500000000000000e+03 1.051625775855931505e-01
7.217500000000000000e+03 1.055507935878868542e-01
7.224500000000000000e+03 9.712555251146574864e-02
7.231500000000000000e+03 9.297644466695378918e-02
7.238500000000000000e+03 9.635470505548600351e-02
7.245500000000000000e+03 1.074126837593189915e-01
7.252500000000000000e+03 1.104545332569499966e-01
7.259500000000000000e+03 1.120578038684676841e-01
7.266500000000000000e+03 1.101218865281514137e-01
7.273500000000000000e+03 1.038750604097310321e-01
7.280500000000000000e+03 1.010257536081836383e-01
7.287500000000000000e+03 1.035697664190759065e-01
7.294500000000000000e+03 1.003836346922112738e-01
7.301500000000000000e+03 9.943467394792533665e-02
7.308500000000000000e+03 9.359363898100959978e-02
7.315500000000000000e+03 8.467524804765216850e-02
7.322500000000000000e+03 8.450580825567861887e-02
7.329500000000000000e+03 7.619971594254934533e-02
7.336500000000000000e+03 6.896142955084094694e-02
7.343500000000000000e+03 6.554085923355140730e-02
7.350500000000000000e+03 6.570512664472405451e-02
7.357500000000000000e+03 6.545731110007281528e-02
7.364500000000000000e+03 6.048701679193685399e-02
7.371500000000000000e+03 6.027231986476731113e-02
7.378500000000000000e+03 6.037719755535895377e-02
7.385500000000000000e+03 5.787914236753664149e-02
7.392500000000000000e+03 5.609949391167513150e-02
7.399500000000000000e+03 5.293574000325790285e-02
7.406500000000000000e+03 5.159062055592018858e-02
7.413500000000000000e+03 4.831203493362355716e-02
7.420500000000000000e+03 4.932679259358514756e-02
7.427500000000000000e+03 4.686909287900712512e-02
7.434500000000000000e+03 4.735652448835226541e-02
7.441500000000000000e+03 4.609658587402959418e-02
7.448500000000000000e+03 4.505252397630879480e-02
7.455500000000000000e+03 4.352969433162220264e-02
7.462500000000000000e+03 4.329710510234154042e-02
7.469500000000000000e+03 4.502602550827797950e-02
7.476500000000000000e+03 4.387842535277836076e-02
7.483500000000000000e+03 4.568076412568745220e-02
7.490500000000000000e+03 4.320370554176138772e-02
7.497500000000000000e+03 4.405670243198520075e-02
7.504500000000000000e+03 4.359926479842096692e-02
7.511500000000000000e+03 4.333663382582608747e-02
7.518500000000000000e+03 4.184899685489027604e-02
7.525500000000000000e+03 4.255625856718833061e-02
7.532500000000000000e+03 4.222231278728206388e-02
7.539500000000000000e+03 4.158320807339255937e-02
7.546500000000000000e+03 4.083067799537691556e-02
7.553500000000000000e+03 4.073457226562945954e-02
7.560500000000000000e+03 4.235196099332928787e-02
7.567500000000000000e+03 4.825800796610268256e-02
7.574500000000000000e+03 6.582298889137278008e-02
7.581500000000000000e+03 1.154765354147792300e-01
7.588500000000000000e+03 1.681234925936480051e-01
7.595500000000000000e+03 1.238485634672534391e-01
7.602500000000000000e+03 6.233364576867225088e-02
7.609500000000000000e+03 2.426328236599647747e-01
7.616500000000000000e+03 3.971307260134474548e-01
7.623500000000000000e+03 3.576309563636508870e-01
7.630500000000000000e+03 2.698508987498297040e-01
7.637500000000000000e+03 2.431276075158601280e-01
7.644500000000000000e+03 2.262518863885971954e-01
7.651500000000000000e+03 1.912619791111980772e-01
7.658500000000000000e+03 1.582628612633239229e-01
7.665500000000000000e+03 1.249184419295248927e-01
7.672500000000000000e+03 9.957857681416368290e-02
7.679500000000000000e+03 8.084830013607066657e-02
7.686500000000000000e+03 6.750927691793143226e-02
7.693500000000000000e+03 5.978901426433431282e-02
7.700500000000000000e+03 5.562237430258747811e-02
7.707500000000000000e+03 5.170358766065669825e-02
7.714500000000000000e+03 4.733708567005312506e-02
7.721500000000000000e+03 4.237043343729483130e-02
7.728500000000000000e+03 4.335886886799892453e-02
7.735500000000000000e+03 4.194257481573323426e-02
7.742500000000000000e+03 4.018262834036766956e-02
7.749500000000000000e+03 4.131286317256358670e-02
7.756500000000000000e+03 3.689833057186466675e-02
7.763500000000000000e+03 3.611689988940833956e-02
7.770500000000000000e+03 3.768887533589915240e-02
7.777500000000000000e+03 3.753115807653219227e-02
7.784500000000000000e+03 4.058982156542136066e-02
7.791500000000000000e+03 3.954017854647403490e-02
7.798500000000000000e+03 3.939654500089657951e-02
7.805500000000000000e+03 3.783457910687087339e-02
7.812500000000000000e+03 3.702917735587899634e-02
7.819500000000000000e+03 3.898176500174996284e-02
7.826500000000000000e+03 3.853864343683426757e-02
7.833500000000000000e+03 4.020220041590268079e-02
7.840500000000000000e+03 3.921211684859779445e-02
7.847500000000000000e+03 3.674626075412796428e-02
7.854500000000000000e+03 3.765202214416380616e-02
7.861500000000000000e+03 3.898270205072331546e-02
7.868500000000000000e+03 4.182942568158161400e-02
7.875500000000000000e+03 4.480056108077540289e-02
7.882500000000000000e+03 4.735212599169528330e-02
7.889500000000000000e+03 4.687438392576490087e-02
7.896500000000000000e+03 4.525223343420115008e-02
7.903500000000000000e+03 4.927402491279900265e-02
7.910500000000000000e+03 4.795958767964977887e-02
7.917500000000000000e+03 4.680683294090941943e-02
7.924500000000000000e+03 4.486042143673105859e-02
7.931500000000000000e+03 4.445876401015597112e-02
7.938500000000000000e+03 4.394971943396905334e-02
7.945500000000000000e+03 4.459342600122481043e-02
7.952500000000000000e+03 4.480305778170531883e-02
7.959500000000000000e+03 4.460629742254857560e-02
7.966500000000000000e+03 4.479567563694409477e-02
7.973500000000000000e+03 4.801760254067170830e-02
7.980500000000000000e+03 4.299330436623376162e-02
7.987500000000000000e+03 4.516451076237565365e-02
7.994500000000000000e+03 4.500742246543219111e-02
8.001500000000000000e+03 4.725233195992633445e-02
8.008500000000000000e+03 4.801242324815972740e-02
8.015500000000000000e+03 4.806977511246647572e-02
8.022500000000000000e+03 4.809767035832190896e-02
8.029500000000000000e+03 4.634410765123652548e-02
8.036500000000000000e+03 4.449892099680505947e-02
8.043500000000000000e+03 4.392307506882332097e-02
8.050500000000000000e+03 4.341914929959787839e-02
8.057500000000000000e+03 4.126367082502308686e-02
8.064500000000000000e+03 3.921567937253316039e-02
8.071500000000000000e+03 4.014290448839470671e-02
8.078500000000000000e+03 4.101764081229689052e-02
8.085500000000000000e+03 3.979234966730146872e-02
8.092500000000000000e+03 4.211100382907962542e-02
8.099500000000000000e+03 4.675594337325165301e-02
8.106500000000000000e+03 4.993747609275506205e-02
8.113500000000000000e+03 5.440049740733105682e-02
8.120500000000000000e+03 6.316926671091679935e-02
8.127500000000000000e+03 6.984793613808583379e-02
8.134500000000000000e+03 7.785997580302961296e-02
8.141500000000000000e+03 8.844249484575472664e-02
8.148500000000000000e+03 9.555697629073975352e-02
8.155500000000000000e+03 9.713338093729888267e-02
8.162500000000000000e+03 9.623935105316165639e-02
8.169500000000000000e+03 1.024148776076778122e-01
8.176500000000000000e+03 9.826751403213047908e-02
8.183500000000000000e+03 9.188827505720362221e-02
8.190500000000000000e+03 8.144150955734287545e-02
8.197500000000000000e+03 7.476635008747968547e-02
8.204500000000000000e+03 8.250885076123869177e-02
8.211500000000000000e+03 9.032795062442262879e-02
8.218500000000000000e+03 9.167931212972499355e-02
8.225500000000000000e+03 6.889012213252951322e-02
8.232500000000000000e+03 6.747090469484384734e-02
8.239500000000000000e+03 8.920347417429864978e-02
8.246500000000000000e+03 8.224329405422807493e-02
8.253500000000000000e+03 6.574781602792793833e-02
8.260500000000000000e+03 6.436017835515372987e-02
8.267500000000000000e+03 7.178216823251344636e-02
8.274500000000000000e+03 6.702032059948991038e-02
8.281500000000000000e+03 6.689054603706665048e-02
8.288500000000000000e+03 7.228923278973233002e-02
8.295500000000000000e+03 7.063495415464414451e-02
8.302500000000000000e+03 7.283968499990725598e-02
8.309500000000000000e+03 6.982211278097727458e-02
8.316500000000000000e+03 6.214135572505773142e-02
8.323500000000000000e+03 5.961533368394153487e-02
8.330500000000000000e+03 6.122783965777148923e-02
8.337500000000000000e+03 5.580148556403292937e-02
8.344500000000000000e+03 5.467810564249320215e-02
8.351500000000000000e+03 5.244895072051797280e-02
8.358500000000000000e+03 4.559747548548911261e-02
8.365500000000000000e+03 4.730976031182222707e-02
8.372500000000000000e+03 4.550994388260326540e-02
8.379500000000000000e+03 4.284212990946959648e-02
8.386500000000000000e+03 3.883847143586005579e-02
8.393500000000000000e+03 3.944840339656550954e-02
8.400500000000000000e+03 3.905134867880737798e-02
8.407500000000000000e+03 3.512026240150014494e-02
8.414500000000000000e+03 3.503841674558796915e-02
8.421500000000000000e+03 3.750676971114223768e-02
8.428500000000000000e+03 3.383742433566089280e-02
8.435500000000000000e+03 3.332935959320481450e-02
8.442500000000000000e+03 3.369349407665116203e-02
8.449500000000000000e+03 3.071838482864001907e-02
8.456500000000000000e+03 2.802112677932387663e-02
8.463500000000000000e+03 3.242419650776943302e-02
8.470500000000000000e+03 2.965841048667051949e-02
8.477500000000000000e+03 3.125342285119269564e-02
8.484500000000000000e+03 3.263532467064485937e-02
8.491500000000000000e+03 3.205576508322709184e-02
8.498500000000000000e+03 3.154788158348057620e-02
8.505500000000000000e+03 2.877515217132120551e-02
8.512500000000000000e+03 2.572998093980800177e-02
8.519500000000000000e+03 3.065107944735184775e-02
8.526500000000000000e+03 3.391974869884455124e-02
8.533500000000000000e+03 3.501509651526173855e-02
8.540500000000000000e+03 2.598207952115961020e-02
8.547500000000000000e+03 1.969749368342163867e-02
8.554500000000000000e+03 2.273525131383599338e-02
8.561500000000000000e+03 2.991357621835051203e-02
8.568500000000000000e+03 3.533748065758268025e-02
8.575500000000000000e+03 3.503021592469379719e-02
8.582500000000000000e+03 3.104250968597262877e-02
8.589500000000000000e+03 2.438204575801979773e-02
8.596500000000000000e+03 2.464789631163313496e-02
8.603500000000000000e+03 2.128480542392784114e-02
8.610500000000000000e+03 2.018918944928450171e-02
8.617500000000000000e+03 2.627653567053976277e-02
8.624500000000000000e+03 3.114061634800894054e-02
8.631500000000000000e+03 3.608644604212226520e-02
8.638500000000000000e+03 3.532465598711015398e-02
8.645500000000000000e+03 3.307678908639299226e-02
8.652500000000000000e+03 2.727025175688594510e-02
8.659500000000000000e+03 2.079492498574462070e-02
8.666500000000000000e+03 1.265999305518089417e-02
8.673500000000000000e+03 1.284717567722814570e-02
8.680500000000000000e+03 2.100265301354489397e-02
8.687500000000000000e+03 3.186937500374768806e-02
8.694500000000000000e+03 3.071726378366379170e-02
8.701500000000000000e+03 3.207172403619736045e-02
8.708500000000000000e+03 3.230758897011906661e-02
8.715500000000000000e+03 3.181393514334236033e-02
8.722500000000000000e+03 2.818248159847829004e-02
8.729500000000000000e+03 3.245702163019825032e-02
8.736500000000000000e+03 2.626724658129143963e-02
8.743500000000000000e+03 1.445498126652288405e-02
8.750500000000000000e+03 7.412457580054951020e-03
8.757500000000000000e+03 1.608977719704491119e-02
8.764500000000000000e+03 2.421481172006203705e-02
8.771500000000000000e+03 2.870345285090736276e-02
8.778500000000000000e+03 2.746568570853849534e-02
8.785500000000000000e+03 3.141572648046219579e-02
8.792500000000000000e+03 2.880573614603268440e-02
8.799500000000000000e+03 2.824363585979485294e-02
8.806500000000000000e+03 2.826956903154370301e-02
8.813500000000000000e+03 2.675070167011987105e-02
8.820500000000000000e+03 2.706929775347641925e-02
8.827500000000000000e+03 2.952775837130936290e-02
8.834500000000000000e+03 3.074948413686010712e-02
8.841500000000000000e+03 2.886736104374475545e-02
8.848500000000000000e+03 2.857037791312155156e-02
8.855500000000000000e+03 2.358233608066593462e-02
8.862500000000000000e+03 1.802130588104371850e-02
8.869500000000000000e+03 1.120359938343646992e-02
8.876500000000000000e+03 1.550328283461178264e-02
8.883500000000000000e+03 2.919611538662305467e-02
8.890500000000000000e+03 3.585673218376660837e-02
8.897500000000000000e+03 3.499772139642311902e-02
8.904500000000000000e+03 2.971702649188089768e-02
8.911500000000000000e+03 3.391838206681298956e-02
8.918500000000000000e+03 3.546964903629286348e-02
8.925500000000000000e+03 3.899561552933285963e-02
8.932500000000000000e+03 4.548045564149181402e-02
8.939500000000000000e+03 6.046901579949351402e-02
8.946500000000000000e+03 6.606295774561336820e-02
8.953500000000000000e+03 7.769647438577026444e-02
8.960500000000000000e+03 8.392090159089098111e-02
8.967500000000000000e+03 8.846981760430414066e-02
8.974500000000000000e+03 1.068907262009739512e-01
8.981500000000000000e+03 1.158253209728833111e-01
8.988500000000000000e+03 9.972537644499261666e-02
8.995500000000000000e+03 1.117195401981210118e-01
