# wavelength angstroms, flux, ext coeff
5.551500000000000000e+03 9.867104053127877705e+03 1.528775697018238122e-01
5.558500000000000000e+03 1.034709177494406504e+04 1.452776605032014834e-01
5.565500000000000000e+03 1.081102593020229506e+04 1.398559444598830859e-01
5.572500000000000000e+03 1.080177166104972093e+04 1.392424248600341585e-01
5.579500000000000000e+03 1.085693649485458627e+04 1.394843456593818365e-01
5.586500000000000000e+03 1.107377020676518441e+04 1.376429878633123882e-01
5.593500000000000000e+03 1.108344066317791840e+04 1.380478702635884181e-01
5.600500000000000000e+03 1.093898373261161760e+04 1.410646596712804568e-01
5.607500000000000000e+03 1.137689421976723133e+04 1.363809767548780916e-01
5.614500000000000000e+03 1.130367566636456286e+04 1.371152087336072189e-01
5.621500000000000000e+03 1.141620403055629504e+04 1.393378791579320819e-01
5.628500000000000000e+03 1.136466094523731772e+04 1.390919851122643380e-01
5.635500000000000000e+03 1.148285778694128203e+04 1.381926836604852604e-01
5.642500000000000000e+03 1.143439166552825918e+04 1.393139408091025322e-01
5.649500000000000000e+03 1.135446619078120784e+04 1.379139118848665413e-01
5.656500000000000000e+03 1.156824494553051227e+04 1.391822392022851185e-01
5.663500000000000000e+03 1.157172585102720041e+04 1.380874910306148229e-01
5.670500000000000000e+03 1.163837091813974985e+04 1.386420887254851408e-01
5.677500000000000000e+03 1.173406112561724876e+04 1.418542263636234646e-01
5.684500000000000000e+03 1.157136641700005021e+04 1.422166865871137553e-01
5.691500000000000000e+03 1.152650934279513967e+04 1.423569376462215097e-01
5.698500000000000000e+03 1.153049737181955607e+04 1.406434712911687479e-01
5.705500000000000000e+03 1.184574328132898881e+04 1.378768195229263249e-01
5.712500000000000000e+03 1.193398479800254063e+04 1.394513241814504811e-01
5.719500000000000000e+03 1.205831901744035531e+04 1.407846046564595610e-01
5.726500000000000000e+03 1.189734339569196163e+04 1.396228772974979770e-01
5.733500000000000000e+03 1.203230430638141661e+04 1.412206671428571092e-01
5.740500000000000000e+03 1.229388987847285898e+04 1.382169475281812554e-01
5.747500000000000000e+03 1.229134865466343763e+04 1.373788612190225134e-01
5.754500000000000000e+03 1.216911130971896091e+04 1.370305107914061571e-01
5.761500000000000000e+03 1.217131897469185969e+04 1.368355923872596192e-01
5.768500000000000000e+03 1.228130209334513165e+04 1.366642184583031217e-01
5.775500000000000000e+03 1.238009130076918518e+04 1.356247580689173005e-01
5.782500000000000000e+03 1.224480206170432029e+04 1.358541303493411567e-01
5.789500000000000000e+03 1.270451975168151330e+04 1.340071344883329574e-01
5.796500000000000000e+03 1.244519477226202980e+04 1.338263756664874737e-01
5.803500000000000000e+03 1.279642690791199857e+04 1.305428632669254352e-01
5.810500000000000000e+03 1.277346480986182542e+04 1.283437562687876343e-01
5.817500000000000000e+03 1.256859476266905585e+04 1.319661352760421180e-01
5.824500000000000000e+03 1.262925018805639229e+04 1.310002500418942228e-01
5.831500000000000000e+03 1.264907075984840048e+04 1.302810855938207057e-01
5.838500000000000000e+03 1.320959499973180027e+04 1.271703149611245476e-01
5.845500000000000000e+03 1.293625363542750529e+04 1.292482123860599075e-01
5.852500000000000000e+03 1.283471024134939944e+04 1.298238436644725269e-01
5.859500000000000000e+03 1.274403800232670983e+04 1.294447239985727083e-01
5.866500000000000000e+03 1.249543438088348921e+04 1.324142829610321093e-01
5.873500000000000000e+03 1.230813797686115140e+04 1.337618251510696576e-01
5.880500000000000000e+03 1.219903637002912910e+04 1.354725107027606457e-01
5.887500000000000000e+03 1.218818802013441382e+04 1.379877699576381178e-01
5.894500000000000000e+03 1.202486317139338644e+04 1.401381087239379208e-01
5.901500000000000000e+03 1.208777867982933094e+04 1.431960605072770676e-01
5.908500000000000000e+03 1.213147860866725568e+04 1.437328201520290671e-01
5.915500000000000000e+03 1.206018019554096281e+04 1.432714076071117115e-01
5.922500000000000000e+03 1.210338325449583135e+04 1.423021016446146259e-01
5.929500000000000000e+03 1.181184352752436462e+04 1.428225563895343386e-01
5.936500000000000000e+03 1.219246761706285542e+04 1.400258593605034629e-01
5.943500000000000000e+03 1.225555555300144442e+04 1.393106682370249816e-01
5.950500000000000000e+03 1.230662132356630718e+04 1.378498023875771306e-01
5.957500000000000000e+03 1.219446734975514664e+04 1.393065706141288773e-01
5.964500000000000000e+03 1.239812046440156519e+04 1.352666777778463170e-01
5.971500000000000000e+03 1.254945902838699840e+04 1.338000643201944784e-01
5.978500000000000000e+03 1.249839258565700584e+04 1.338375686022285627e-01
5.985500000000000000e+03 1.301191273703963634e+04 1.315452430112779292e-01
5.992500000000000000e+03 1.263529349582756004e+04 1.300705790272248530e-01
5.999500000000000000e+03 1.281636094574389972e+04 1.298506722907179778e-01
6.006500000000000000e+03 1.299441301770720384e+04 1.282963116564742601e-01
6.013500000000000000e+03 1.275822181139525310e+04 1.275598159759969430e-01
6.020500000000000000e+03 1.280664536755725021e+04 1.278124747644147075e-01
6.027500000000000000e+03 1.311829485920024490e+04 1.245923948373685725e-01
6.034500000000000000e+03 1.280350880314489586e+04 1.264465127007812217e-01
6.041500000000000000e+03 1.275539272410072590e+04 1.252050332877234218e-01
6.048500000000000000e+03 1.286043750972839189e+04 1.239636117576264074e-01
6.055500000000000000e+03 1.327934505075009292e+04 1.211974480528060505e-01
6.062500000000000000e+03 1.329097326068295843e+04 1.225509433566136785e-01
6.069500000000000000e+03 1.304315330251413616e+04 1.219936605586339345e-01
6.076500000000000000e+03 1.323881564791921119e+04 1.199745295372154769e-01
6.083500000000000000e+03 1.308859625588288691e+04 1.195101528923155770e-01
6.090500000000000000e+03 1.301194340874982299e+04 1.214177533082830135e-01
6.097500000000000000e+03 1.314467164211852833e+04 1.191801980924607346e-01
6.104500000000000000e+03 1.342603699783593402e+04 1.179759098652431309e-01
6.111500000000000000e+03 1.333613876165620240e+04 1.156974522340607631e-01
6.118500000000000000e+03 1.329145714597940241e+04 1.156541377458611131e-01
6.125500000000000000e+03 1.336639388699503797e+04 1.154023133454072647e-01
6.132500000000000000e+03 1.334060827213285847e+04 1.136780308983529053e-01
6.139500000000000000e+03 1.314871790524032622e+04 1.150302227333001304e-01
6.146500000000000000e+03 1.323116082249360807e+04 1.125765421039066211e-01
6.153500000000000000e+03 1.339660443158882117e+04 1.108278318646654659e-01
6.160500000000000000e+03 1.348198691700623567e+04 1.099191528273995300e-01
6.167500000000000000e+03 1.357402716747215891e+04 1.097237762928082450e-01
6.174500000000000000e+03 1.339948609601405769e+04 1.091817645854272767e-01
6.181500000000000000e+03 1.346765217367792138e+04 1.072946085548630440e-01
6.188500000000000000e+03 1.357285340994661055e+04 1.084322324682113342e-01
6.195500000000000000e+03 1.338986497480331673e+04 1.067892808864476933e-01
6.202500000000000000e+03 1.331137693563121138e+04 1.102561974155686630e-01
6.209500000000000000e+03 1.343711890790926373e+04 1.067352483075249547e-01
6.216500000000000000e+03 1.351541010245031430e+04 1.061053772778046966e-01
6.223500000000000000e+03 1.372928500370368238e+04 1.041818613397891002e-01
6.230500000000000000e+03 1.348546940919875487e+04 1.025710395266723890e-01
6.237500000000000000e+03 1.354851798785310712e+04 1.020054322262426288e-01
6.244500000000000000e+03 1.360119833292257863e+04 1.025940408499159268e-01
6.251500000000000000e+03 1.354274306760038780e+04 1.016079027828808018e-01
6.258500000000000000e+03 1.343287208028904570e+04 1.055762873919970507e-01
6.265500000000000000e+03 1.298553279694651064e+04 1.097234163901810861e-01
6.272500000000000000e+03 1.296165225526130780e+04 1.110217859722347489e-01
6.279500000000000000e+03 1.268215329647866020e+04 1.097825657059688237e-01
6.286500000000000000e+03 1.268186341375019401e+04 1.145067656394326006e-01
6.293500000000000000e+03 1.258883178160239731e+04 1.110144942552886704e-01
6.300500000000000000e+03 1.316940481804605770e+04 1.069672425531862509e-01
6.307500000000000000e+03 1.317637282747960307e+04 1.065283191049168771e-01
6.314500000000000000e+03 1.321563042987399785e+04 1.028639965888913793e-01
6.321500000000000000e+03 1.304426995675754551e+04 1.020876176153298620e-01
6.328500000000000000e+03 1.344797288677093456e+04 9.918176840482617607e-02
6.335500000000000000e+03 1.343893655482944087e+04 9.800727551616673916e-02
6.342500000000000000e+03 1.313285089785176206e+04 9.846411552201719819e-02
6.349500000000000000e+03 1.367702114140618141e+04 9.549547591365828425e-02
6.356500000000000000e+03 1.329192314926486506e+04 9.451922905748032233e-02
6.363500000000000000e+03 1.329994112272582061e+04 9.587815037194898082e-02
6.370500000000000000e+03 1.393622803404407387e+04 9.207200183806420191e-02
6.377500000000000000e+03 1.374830346777636260e+04 9.187057404384381398e-02
6.384500000000000000e+03 1.364482817389020784e+04 9.120567572639397269e-02
6.391500000000000000e+03 1.365340362712484603e+04 9.261745838140508780e-02
6.398500000000000000e+03 1.344814347601501868e+04 9.328897488650256253e-02
6.405500000000000000e+03 1.347635225825506313e+04 9.193035620673814523e-02
6.412500000000000000e+03 1.380455179631862484e+04 8.970378517071515845e-02
6.419500000000000000e+03 1.372878601366531620e+04 9.136750007214169966e-02
6.426500000000000000e+03 1.368283035252564150e+04 9.084534811356506645e-02
6.433500000000000000e+03 1.352692530977617025e+04 8.949322500981136963e-02
6.440500000000000000e+03 1.386456456468658689e+04 8.964093887548196804e-02
6.447500000000000000e+03 1.334795185648145343e+04 9.041675623103463677e-02
6.454500000000000000e+03 1.359672713194149037e+04 9.048134298185957214e-02
6.461500000000000000e+03 1.324688827326415230e+04 9.322272050966755319e-02
6.468500000000000000e+03 1.321266110360917992e+04 9.626314169263845699e-02
6.475500000000000000e+03 1.288472596053734378e+04 9.660097959923416577e-02
6.482500000000000000e+03 1.292242655622228631e+04 9.759296816796450558e-02
6.489500000000000000e+03 1.284201553118276934e+04 9.596606135822545458e-02
6.496500000000000000e+03 1.313235754757366340e+04 9.438433135302383425e-02
6.503500000000000000e+03 1.316101209249951171e+04 9.591216014621556374e-02
6.510500000000000000e+03 1.318151113831309158e+04 9.354636508665721550e-02
6.517500000000000000e+03 1.302584465802422164e+04 9.288955803969596581e-02
6.524500000000000000e+03 1.267210147741945730e+04 9.620330850326742900e-02
6.531500000000000000e+03 1.296078882319349577e+04 9.574164660829476148e-02
6.538500000000000000e+03 1.246124608809190431e+04 9.519959722134635483e-02
6.545500000000000000e+03 1.246143091479643408e+04 9.053093860527725023e-02
6.552500000000000000e+03 1.229761122057186003e+04 8.573689216038486716e-02
6.559500000000000000e+03 1.201851627586140967e+04 7.377439851845253582e-02
6.566500000000000000e+03 1.254734375021438973e+04 5.820138571163011032e-02
6.573500000000000000e+03 1.249304912404794231e+04 6.157671308061059279e-02
6.580500000000000000e+03 1.242979399385764918e+04 7.678326246512814923e-02
6.587500000000000000e+03 1.236247360750452390e+04 9.185424084319862570e-02
6.594500000000000000e+03 1.286998998539870809e+04 9.075014326625778505e-02
6.601500000000000000e+03 1.339363478359205328e+04 8.292506889019357619e-02
6.608500000000000000e+03 1.348096947526090662e+04 8.326741022257114211e-02
6.615500000000000000e+03 1.361445394829123143e+04 7.871330781454458081e-02
6.622500000000000000e+03 1.381330860499991650e+04 7.709869187876022822e-02
6.629500000000000000e+03 1.388607590799825812e+04 7.621191670823677933e-02
6.636500000000000000e+03 1.380880932142829988e+04 7.587811199833162379e-02
6.643500000000000000e+03 1.358597879507913240e+04 7.496032663646626237e-02
6.650500000000000000e+03 1.367958719300756457e+04 7.628324677226290540e-02
6.657500000000000000e+03 1.361203623607701229e+04 7.414647310368850663e-02
6.664500000000000000e+03 1.368182388417924631e+04 7.343969839438292679e-02
6.671500000000000000e+03 1.371310460517297724e+04 7.083420021136148381e-02
6.678500000000000000e+03 1.354216441711961488e+04 7.246595844453232460e-02
6.685500000000000000e+03 1.374669808875890703e+04 7.120408812217340899e-02
6.692500000000000000e+03 1.367874857832906855e+04 7.116882043774941380e-02
6.699500000000000000e+03 1.391078966660826336e+04 6.837341961446335992e-02
6.706500000000000000e+03 1.394770235583537760e+04 7.023436830255590235e-02
6.713500000000000000e+03 1.367082004017642794e+04 6.922483394070391705e-02
6.720500000000000000e+03 1.393982705288338184e+04 6.913060444752835987e-02
6.727500000000000000e+03 1.363068280497788510e+04 7.232622053731073419e-02
6.734500000000000000e+03 1.383500185203032561e+04 6.791227980810708720e-02
6.741500000000000000e+03 1.356199226555583118e+04 6.905637961090151100e-02
6.748500000000000000e+03 1.359358709935493607e+04 6.901546347979105323e-02
6.755500000000000000e+03 1.365309606785848700e+04 6.970044408959914783e-02
6.762500000000000000e+03 1.391611981245576862e+04 6.752801446464400115e-02
6.769500000000000000e+03 1.336378173586658158e+04 6.879552014564391249e-02
6.776500000000000000e+03 1.345752664742314300e+04 6.669613394039974885e-02
6.783500000000000000e+03 1.341187548042591698e+04 6.718726225352016079e-02
6.790500000000000000e+03 1.353866505627908555e+04 6.758557317877381121e-02
6.797500000000000000e+03 1.348083370117035702e+04 6.688882635260588738e-02
6.804500000000000000e+03 1.360776623452601052e+04 6.470325994059436536e-02
6.811500000000000000e+03 1.355392694763635518e+04 6.488211321996673053e-02
6.818500000000000000e+03 1.368806691472912098e+04 6.519504705071428596e-02
6.825500000000000000e+03 1.350700547023880972e+04 6.495294837372765639e-02
6.832500000000000000e+03 1.370655576328674761e+04 6.420372440820938664e-02
6.839500000000000000e+03 1.356856298941685964e+04 6.578340468159139809e-02
6.846500000000000000e+03 1.291826709154870150e+04 7.266175991457711481e-02
6.853500000000000000e+03 1.164713976849407481e+04 9.415091197776472021e-02
6.860500000000000000e+03 1.049061472112355659e+04 1.093303848469788231e-01
6.867500000000000000e+03 1.038901717889369320e+04 8.353439136142275234e-02
6.874500000000000000e+03 9.633944120596499488e+03 9.446359111525810814e-02
6.881500000000000000e+03 8.642655473975670247e+03 1.356909991088873224e-01
6.888500000000000000e+03 9.046909735205175821e+03 1.283638044357810759e-01
6.895500000000000000e+03 9.667247907549624870e+03 1.093116906495939511e-01
6.902500000000000000e+03 1.011079052723673340e+04 1.050779048545108646e-01
6.909500000000000000e+03 1.036591162623532364e+04 1.022172956736383670e-01
6.916500000000000000e+03 1.067113179795853466e+04 9.759968021258030868e-02
6.923500000000000000e+03 1.089284455846999845e+04 9.353644771863493801e-02
6.930500000000000000e+03 1.102693500963634324e+04 9.205135586425365612e-02
6.937500000000000000e+03 1.100475171899814814e+04 9.093009997438808445e-02
6.944500000000000000e+03 1.113335010236483504e+04 8.854356471171932752e-02
6.951500000000000000e+03 1.138898599433655545e+04 8.539831978880201013e-02
6.958500000000000000e+03 1.156752306962651710e+04 7.877789567677427607e-02
6.965500000000000000e+03 1.189195288395920943e+04 7.465159886418325230e-02
6.972500000000000000e+03 1.212666951344556946e+04 7.395511351689199042e-02
6.979500000000000000e+03 1.213757804621918331e+04 7.267681190432097316e-02
6.986500000000000000e+03 1.181316794337323154e+04 7.317795370887608675e-02
6.993500000000000000e+03 1.193891270882274694e+04 7.339808478878794007e-02
7.000500000000000000e+03 1.166635862020154309e+04 7.820555733211477512e-02
7.007500000000000000e+03 1.154255152763599835e+04 7.789589167275516590e-02
7.014500000000000000e+03 1.161310576497990223e+04 7.526932920186102383e-02
7.021500000000000000e+03 1.150101752216216482e+04 7.559508259561188714e-02
7.028500000000000000e+03 1.169818832008821846e+04 7.241882600220414523e-02
7.035500000000000000e+03 1.168853173612208775e+04 6.975173919918180310e-02
7.042500000000000000e+03 1.196206345121511367e+04 7.033992873142465296e-02
7.049500000000000000e+03 1.173908362266177573e+04 6.917289388337884148e-02
7.056500000000000000e+03 1.182445710355996562e+04 6.841172976442773390e-02
7.063500000000000000e+03 1.201428873867371112e+04 6.613777129842450531e-02
7.070500000000000000e+03 1.215061917162303507e+04 6.447328745400436600e-02
7.077500000000000000e+03 1.210362341741094860e+04 6.299975222588349855e-02
7.084500000000000000e+03 1.238107210070232213e+04 6.175080327110250150e-02
7.091500000000000000e+03 1.214572487451022607e+04 6.081291475615745873e-02
7.098500000000000000e+03 1.204194382626162769e+04 6.212425372704521997e-02
7.105500000000000000e+03 1.222960181700558678e+04 5.722511490674856566e-02
7.112500000000000000e+03 1.236569930938945981e+04 5.858265739200085864e-02
7.119500000000000000e+03 1.202594499764522698e+04 5.974465028315983223e-02
7.126500000000000000e+03 1.203751289019514479e+04 6.066709084252636802e-02
7.133500000000000000e+03 1.202061011096703805e+04 6.035174002255044856e-02
7.140500000000000000e+03 1.177242604047496934e+04 6.164945026576706955e-02
7.147500000000000000e+03 1.134338882931748594e+04 6.845209432987324483e-02
7.154500000000000000e+03 1.096854126761770567e+04 7.621185988652094678e-02
7.161500000000000000e+03 1.014078136825311230e+04 9.197062922325639767e-02
7.168500000000000000e+03 9.383176969806572743e+03 9.904293169072306280e-02
7.175500000000000000e+03 8.539425046485488565e+03 1.110974080447972717e-01
7.182500000000000000e+03 8.115723814608079920e+03 1.194374046670425571e-01
7.189500000000000000e+03 8.041680659215468040e+03 1.207101974426869617e-01
7.196500000000000000e+03 7.964474995693897654e+03 1.170720547922137478e-01
7.203500000000000000e+03 8.521346321368269855e+03 1.046480525030457631e-01
7.210500000000000000e+03 9.143641759156615080e+03 1.051625305291035706e-01
7.217500000000000000e+03 8.998674998615913864e+03 1.055508088680132406e-01
7.224500000000000000e+03 9.461044309168641121e+03 9.712554451655516785e-02
7.231500000000000000e+03 9.105804869467325261e+03 9.297647573899306406e-02
7.238500000000000000e+03 8.809197128014146074e+03 9.635469481928071733e-02
7.245500000000000000e+03 8.549789043029597451e+03 1.074126706050028968e-01
7.252500000000000000e+03 8.380925782484884621e+03 1.104545228225057157e-01
7.259500000000000000e+03 8.472311540077769678e+03 1.120578138113898781e-01
7.266500000000000000e+03 8.415759884515189697e+03 1.101218589534756487e-01
7.273500000000000000e+03 8.445715694177657497e+03 1.038750710705036578e-01
7.280500000000000000e+03 8.637923974523549987e+03 1.010257383450274965e-01
7.287500000000000000e+03 8.511487719608910993e+03 1.035697889210587808e-01
7.294500000000000000e+03 8.460677807740998105e+03 1.003836430007634256e-01
7.301500000000000000e+03 8.669036932075629011e+03 9.943467187697417609e-02
7.308500000000000000e+03 8.925017888016864163e+03 9.359364439549011649e-02
7.315500000000000000e+03 9.406803724392280856e+03 8.467524880578297664e-02
7.322500000000000000e+03 9.426602494042945182e+03 8.450581423380806867e-02
7.329500000000000000e+03 9.862250909414409762e+03 7.619970330573921924e-02
7.336500000000000000e+03 1.036047602092329544e+04 6.896142903565295745e-02
7.343500000000000000e+03 1.052964201486807906e+04 6.554087104024111654e-02
7.350500000000000000e+03 1.052496774785113485e+04 6.570514167768812253e-02
7.357500000000000000e+03 1.026592465217108838e+04 6.545730955380624216e-02
7.364500000000000000e+03 1.041053177741804939e+04 6.048702329468841343e-02
7.371500000000000000e+03 1.049344728332070918e+04 6.027234050010613076e-02
7.378500000000000000e+03 1.045855335840798944e+04 6.037723308042080433e-02
7.385500000000000000e+03 1.046330792650814874e+04 5.787914256253256368e-02
7.392500000000000000e+03 1.059024209288389829e+04 5.609951145168894093e-02
7.399500000000000000e+03 1.051810718003015972e+04 5.293570899006133645e-02
7.406500000000000000e+03 1.077766925129111587e+04 5.159060591369129395e-02
7.413500000000000000e+03 1.083879686861322079e+04 4.831204937103406732e-02
7.420500000000000000e+03 1.080916835585518675e+04 4.932673524684461075e-02
7.427500000000000000e+03 1.107516409352505070e+04 4.686901445993738730e-02
7.434500000000000000e+03 1.099493786989504588e+04 4.735651882702514998e-02
7.441500000000000000e+03 1.079368989182669611e+04 4.609662148343367238e-02
7.448500000000000000e+03 1.080042089539477456e+04 4.505252631051503975e-02
7.455500000000000000e+03 1.096228734797535253e+04 4.352972106262088803e-02
7.462500000000000000e+03 1.091054103170452254e+04 4.329711474069057597e-02
7.469500000000000000e+03 1.075952363669134320e+04 4.502603190641851078e-02
7.476500000000000000e+03 1.063205482546391795e+04 4.387839808111758388e-02
7.483500000000000000e+03 1.034437502576497718e+04 4.568081031133988668e-02
7.490500000000000000e+03 1.056234376416971827e+04 4.320368451978558871e-02
7.497500000000000000e+03 1.048673860715078445e+04 4.405670590165525202e-02
7.504500000000000000e+03 1.036111562892343500e+04 4.359927152392892996e-02
7.511500000000000000e+03 1.046654022489221461e+04 4.333661092343789323e-02
7.518500000000000000e+03 1.034227538818476933e+04 4.184899363547629064e-02
7.525500000000000000e+03 1.035850989777908217e+04 4.255622912837819793e-02
7.532500000000000000e+03 1.037592723617061529e+04 4.222234666850416263e-02
7.539500000000000000e+03 1.033178567981261040e+04 4.158319563575418876e-02
7.546500000000000000e+03 1.031135381514572327e+04 4.083066507182446514e-02
7.553500000000000000e+03 1.022545566099207281e+04 4.073456811990752019e-02
7.560500000000000000e+03 1.004714597288503865e+04 4.235197781214166540e-02
7.567500000000000000e+03 9.807784115519962143e+03 4.825797810461690540e-02
7.574500000000000000e+03 8.973806549874781922e+03 6.582300009583752498e-02
7.581500000000000000e+03 7.168272289286717751e+03 1.154765460524067866e-01
7.588500000000000000e+03 5.005167981651758964e+03 1.681234807001004694e-01
7.595500000000000000e+03 4.107170299316281671e+03 1.238485276350734243e-01
7.602500000000000000e+03 3.297444717824419968e+03 6.233363544643159837e-02
7.609500000000000000e+03 1.793885532370768715e+03 2.426327994926695542e-01
7.616500000000000000e+03 1.302058456978631966e+03 3.971307390769721057e-01
7.623500000000000000e+03 1.620241352344868574e+03 3.576309274216208367e-01
7.630500000000000000e+03 2.102549729877875507e+03 2.698509177866577069e-01
7.637500000000000000e+03 2.481352798998646904e+03 2.431276156312435488e-01
7.644500000000000000e+03 2.858334456045895422e+03 2.262519019087289307e-01
7.651500000000000000e+03 3.652155659610514249e+03 1.912619657534868067e-01
7.658500000000000000e+03 4.722236717974505154e+03 1.582628561121123545e-01
7.665500000000000000e+03 5.706423457102389875e+03 1.249184398193423917e-01
7.672500000000000000e+03 6.553171129951702824e+03 9.957857273578889223e-02
7.679500000000000000e+03 7.472277734017992771e+03 8.084828740240036782e-02
7.686500000000000000e+03 7.919402771553154707e+03 6.750927441423705544e-02
7.693500000000000000e+03 8.218381934807179277e+03 5.978899775094483754e-02
7.700500000000000000e+03 8.367158129125722553e+03 5.562235317182592093e-02
7.707500000000000000e+03 8.507791598664043704e+03 5.170359767587479061e-02
7.714500000000000000e+03 8.674964237544349089e+03 4.733709188615122659e-02
7.721500000000000000e+03 9.055786516411517368e+03 4.237046225042487985e-02
7.728500000000000000e+03 8.943943594616806877e+03 4.335889188948212347e-02
7.735500000000000000e+03 8.944942094228865244e+03 4.194255616300417155e-02
7.742500000000000000e+03 9.013039410491619492e+03 4.018261660057767526e-02
7.749500000000000000e+03 8.884207655359998171e+03 4.131284608200008757e-02
7.756500000000000000e+03 8.951717320184965502e+03 3.689833459084337908e-02
7.763500000000000000e+03 8.934790303971369212e+03 3.611691970739446672e-02
7.770500000000000000e+03 8.639353543299659577e+03 3.768888008676183482e-02
7.777500000000000000e+03 8.697672131537510722e+03 3.753115082470301345e-02
7.784500000000000000e+03 8.679783743352942111e+03 4.058979001213579296e-02
7.791500000000000000e+03 8.624784501385545809e+03 3.954011928975997847e-02
7.798500000000000000e+03 8.556607091718989977e+03 3.939652056338753539e-02
7.805500000000000000e+03 8.419729027341329129e+03 3.783456517829960480e-02
7.812500000000000000e+03 8.440251710548340270e+03 3.702917618555055801e-02
7.819500000000000000e+03 8.511137994071259527e+03 3.898180988784499812e-02
7.826500000000000000e+03 8.290597756187944469e+03 3.853856845734779379e-02
7.833500000000000000e+03 8.240882634107591002e+03 4.020221677426271539e-02
7.840500000000000000e+03 8.387050354571179923e+03 3.921214466923951536e-02
7.847500000000000000e+03 8.253240041620367265e+03 3.674626543635876180e-02
7.854500000000000000e+03 8.180169898845536409e+03 3.765201979756332973e-02
7.861500000000000000e+03 8.077301621169443024e+03 3.898269746492524779e-02
7.868500000000000000e+03 7.963861154910769073e+03 4.182943916210287577e-02
7.875500000000000000e+03 7.803545793936301379e+03 4.480053324810064769e-02
7.882500000000000000e+03 7.591634825509353504e+03 4.735216324500624019e-02
7.889500000000000000e+03 7.553796109972256090e+03 4.687438481045423655e-02
7.896500000000000000e+03 7.399248159327537905e+03 4.525224329202166829e-02
7.903500000000000000e+03 7.333523439620342288e+03 4.927401673815517968e-02
7.910500000000000000e+03 7.451967632226311252e+03 4.795961087830025865e-02
7.917500000000000000e+03 7.384450455871648046e+03 4.680681148894834387e-02
7.924500000000000000e+03 7.475154840985504052e+03 4.486044623187237373e-02
7.931500000000000000e+03 7.388399870781016034e+03 4.445876709754249811e-02
7.938500000000000000e+03 7.505109116452267699e+03 4.394973413840803228e-02
7.945500000000000000e+03 7.441183351518991003e+03 4.459342503078086301e-02
7.952500000000000000e+03 7.274182227707708989e+03 4.480304756128181826e-02
7.959500000000000000e+03 7.079995290597651547e+03 4.460629220439538828e-02
7.966500000000000000e+03 7.119582037943289833e+03 4.479562236702719358e-02
7.973500000000000000e+03 7.109198743544386161e+03 4.801757244212185444e-02
7.980500000000000000e+03 7.112524013068231397e+03 4.299330470630363665e-02
7.987500000000000000e+03 6.990930510252003842e+03 4.516451833761831597e-02
7.994500000000000000e+03 6.985709489770968503e+03 4.500741877703130778e-02
8.001500000000000000e+03 6.949699366411377923e+03 4.725233934094302812e-02
8.008500000000000000e+03 6.749779384322710030e+03 4.801242035057165514e-02
8.015500000000000000e+03 6.684280878240990205e+03 4.806978843678014202e-02
8.022500000000000000e+03 6.665795340189289163e+03 4.809765378842057598e-02
8.029500000000000000e+03 6.699650091722925936e+03 4.634410907389648754e-02
8.036500000000000000e+03 6.872837129109998386e+03 4.449887540060390445e-02
8.043500000000000000e+03 6.827242991812307991e+03 4.392308483137374181e-02
8.050500000000000000e+03 6.774633585009116359e+03 4.341915881352627349e-02
8.057500000000000000e+03 6.822083513359475546e+03 4.126366501152761712e-02
8.064500000000000000e+03 6.790931417843966301e+03 3.921567611863818748e-02
8.071500000000000000e+03 6.751893505028806430e+03 4.014289881007825772e-02
8.078500000000000000e+03 6.739383462058121040e+03 4.101765376804288044e-02
8.085500000000000000e+03 6.644029355762824707e+03 3.979238357005906307e-02
8.092500000000000000e+03 6.555358477842994034e+03 4.211102219454938150e-02
8.099500000000000000e+03 6.311664726443674226e+03 4.675599191746183242e-02
8.106500000000000000e+03 6.251574934949302587e+03 4.993747449763522028e-02
8.113500000000000000e+03 6.079302452040096796e+03 5.440053036009197956e-02
8.120500000000000000e+03 5.726970994554843855e+03 6.316926104334667780e-02
8.127500000000000000e+03 5.562702993424075430e+03 6.984790928579524827e-02
8.134500000000000000e+03 5.245582113514603407e+03 7.785997951868893485e-02
8.141500000000000000e+03 4.838162821549114597e+03 8.844248745821127466e-02
8.148500000000000000e+03 4.589793206136768276e+03 9.555698039286637802e-02
8.155500000000000000e+03 4.503638544001817536e+03 9.713342931002418024e-02
8.162500000000000000e+03 4.373348706652700457e+03 9.623933291328415351e-02
8.169500000000000000e+03 4.341714679363539290e+03 1.024148784284068942e-01
8.176500000000000000e+03 4.399833833812936973e+03 9.826748882046813793e-02
8.183500000000000000e+03 4.543535398395779339e+03 9.188829123920085051e-02
8.190500000000000000e+03 4.694265051399916047e+03 8.144152085656948536e-02
8.197500000000000000e+03 4.893367779860610426e+03 7.476635777600973420e-02
8.204500000000000000e+03 4.817402746866724556e+03 8.250885381884529024e-02
8.211500000000000000e+03 4.715235641559402211e+03 9.032795652312429480e-02
8.218500000000000000e+03 4.635362689249474897e+03 9.167931763123340905e-02
8.225500000000000000e+03 4.590077383427297718e+03 6.889011905448859385e-02
8.232500000000000000e+03 4.547497163653178177e+03 6.747090824787735364e-02
8.239500000000000000e+03 4.541184985414825860e+03 8.920347427225504278e-02
8.246500000000000000e+03 4.819337202559059733e+03 8.224327286358240618e-02
8.253500000000000000e+03 5.184504094972407984e+03 6.574780966294593854e-02
8.260500000000000000e+03 5.146816030321930157e+03 6.436018351365338508e-02
8.267500000000000000e+03 4.948982254301492503e+03 7.178220165661064467e-02
8.274500000000000000e+03 4.915164450155356462e+03 6.702029994217681419e-02
8.281500000000000000e+03 4.824230247211050482e+03 6.689056698320425265e-02
8.288500000000000000e+03 4.722778453325035116e+03 7.228923370176783270e-02
8.295500000000000000e+03 4.805646094143325172e+03 7.063497938526731856e-02
8.302500000000000000e+03 4.843187980148338283e+03 7.283969387571044563e-02
8.309500000000000000e+03 4.837768539408535617e+03 6.982209698663872921e-02
8.316500000000000000e+03 4.890842944361949776e+03 6.214135706735421372e-02
8.323500000000000000e+03 5.005139259289990150e+03 5.961534355405420649e-02
8.330500000000000000e+03 4.972767399346338607e+03 6.122784347491439655e-02
8.337500000000000000e+03 5.151989641839965770e+03 5.580147363705820207e-02
8.344500000000000000e+03 5.139160733755729780e+03 5.467811390595431198e-02
8.351500000000000000e+03 5.205392517796175525e+03 5.244894335796058960e-02
8.358500000000000000e+03 5.391903675093752099e+03 4.559748377106676021e-02
8.365500000000000000e+03 5.259865345798259114e+03 4.730976579781853014e-02
8.372500000000000000e+03 5.294512050260213982e+03 4.550991845863497365e-02
8.379500000000000000e+03 5.409214003510543080e+03 4.284210937834705135e-02
8.386500000000000000e+03 5.653245955385812522e+03 3.883848449044991630e-02
8.393500000000000000e+03 5.563065023842363189e+03 3.944840339656550954e-02
8.400500000000000000e+03 5.539184055180324322e+03 3.905134166671182794e-02
8.407500000000000000e+03 5.540076613071846623e+03 3.512026844266775277e-02
8.414500000000000000e+03 5.636881469646346886e+03 3.503840893302583720e-02
8.421500000000000000e+03 5.463550337339204816e+03 3.750675898209600984e-02
8.428500000000000000e+03 5.464297319828083346e+03 3.383742658008207643e-02
8.435500000000000000e+03 5.454439454094464054e+03 3.332936968372532394e-02
8.442500000000000000e+03 5.394076792608950200e+03 3.369346217437048374e-02
8.449500000000000000e+03 5.513339407726172794e+03 3.071840628293041192e-02
8.456500000000000000e+03 5.695906904377073261e+03 2.802111751022397235e-02
8.463500000000000000e+03 5.340052623770133323e+03 3.242418658615738719e-02
8.470500000000000000e+03 5.426738798425510140e+03 2.965839941141847069e-02
8.477500000000000000e+03 5.439022276850558228e+03 3.125342978331679955e-02
8.484500000000000000e+03 5.388441373621549246e+03 3.263533183689486250e-02
8.491500000000000000e+03 5.272865408197496436e+03 3.205577982772814249e-02
8.498500000000000000e+03 5.225600353646950680e+03 3.154785907320816624e-02
8.505500000000000000e+03 5.358339522460128137e+03 2.877514988794506109e-02
8.512500000000000000e+03 5.433023136283805798e+03 2.572998309638718437e-02
8.519500000000000000e+03 5.216804853193841154e+03 3.065104178827233669e-02
8.526500000000000000e+03 5.341625154837974151e+03 3.391974687453548631e-02
8.533500000000000000e+03 5.177554835847700815e+03 3.501503604045286266e-02
8.540500000000000000e+03 5.348515776040568198e+03 2.598208527267965515e-02
8.547500000000000000e+03 5.386886118086038550e+03 1.969747469409759144e-02
8.554500000000000000e+03 5.272969373851916316e+03 2.273525552310554435e-02
8.561500000000000000e+03 5.303984240738921471e+03 2.991355402797948870e-02
8.568500000000000000e+03 5.156663146093877913e+03 3.533748489991218183e-02
8.575500000000000000e+03 5.132922821116500927e+03 3.503020125980520899e-02
8.582500000000000000e+03 5.114173589525697935e+03 3.104247845774117318e-02
8.589500000000000000e+03 5.077917089433934052e+03 2.438206264042498683e-02
8.596500000000000000e+03 5.091325066259654704e+03 2.464791673187812296e-02
8.603500000000000000e+03 5.135724791213760000e+03 2.128479586734582235e-02
8.610500000000000000e+03 5.265181860481887270e+03 2.018918639330783207e-02
8.617500000000000000e+03 5.183237714794606291e+03 2.627653839697901769e-02
8.624500000000000000e+03 5.127968409907573005e+03 3.114061210575520475e-02
8.631500000000000000e+03 5.056777645544834741e+03 3.608645246134904033e-02
8.638500000000000000e+03 4.956925548800751130e+03 3.532467868603166722e-02
8.645500000000000000e+03 4.999987719932346408e+03 3.307678966658505332e-02
8.652500000000000000e+03 4.985415534492502047e+03 2.727023875961592098e-02
8.659500000000000000e+03 4.975452033777151883e+03 2.079492136150952811e-02
8.666500000000000000e+03 4.987844292410890375e+03 1.266000414807507378e-02
8.673500000000000000e+03 5.004802649852544164e+03 1.284719300860466019e-02
8.680500000000000000e+03 4.988277401500842643e+03 2.100263150662784115e-02
8.687500000000000000e+03 4.944557923679850319e+03 3.186939705366791803e-02
8.694500000000000000e+03 5.065252531881309551e+03 3.071728737715738802e-02
8.701500000000000000e+03 5.065099959198631041e+03 3.207172818444261470e-02
8.708500000000000000e+03 4.990603724936831895e+03 3.230759518614669673e-02
8.715500000000000000e+03 5.101840371743455762e+03 3.181390108748919504e-02
8.722500000000000000e+03 5.065912629674742675e+03 2.818245827568117284e-02
8.729500000000000000e+03 4.758994762372885816e+03 3.245702572622927856e-02
8.736500000000000000e+03 4.706349648584405259e+03 2.626725677609458021e-02
8.743500000000000000e+03 4.777519072264620263e+03 1.445501431641480275e-02
8.750500000000000000e+03 4.932046259974912573e+03 7.412422991945451234e-03
8.757500000000000000e+03 4.696626284461404794e+03 1.608979505597470105e-02
8.764500000000000000e+03 4.670978934945010224e+03 2.421483170297148574e-02
8.771500000000000000e+03 4.795952488308003922e+03 2.870344185884380131e-02
8.778500000000000000e+03 4.844279505522637919e+03 2.746567647889684716e-02
8.785500000000000000e+03 4.972735693512332546e+03 3.141574657191168601e-02
8.792500000000000000e+03 4.966184521871551624e+03 2.880574241075592110e-02
8.799500000000000000e+03 4.948062672829493749e+03 2.824363162298507840e-02
8.806500000000000000e+03 4.891714828991310242e+03 2.826957505380248148e-02
8.813500000000000000e+03 5.030043771719660072e+03 2.675069138637952912e-02
8.820500000000000000e+03 4.987019755205014008e+03 2.706927221901472488e-02
8.827500000000000000e+03 4.779928112725889150e+03 2.952778586615505824e-02
8.834500000000000000e+03 4.678486331693443390e+03 3.074946253283255757e-02
8.841500000000000000e+03 4.603473167300832756e+03 2.886736110444711526e-02
8.848500000000000000e+03 4.521454639564977697e+03 2.857038995105471921e-02
8.855500000000000000e+03 4.453830595320623615e+03 2.358233355273233953e-02
8.862500000000000000e+03 4.426012606647263055e+03 1.802131781708458946e-02
8.869500000000000000e+03 4.478285888622171115e+03 1.120359505221724637e-02
8.876500000000000000e+03 4.438256328718351142e+03 1.550328128297390369e-02
8.883500000000000000e+03 4.382969839871124350e+03 2.919610286210410841e-02
8.890500000000000000e+03 4.435365796101034903e+03 3.585676796979217484e-02
8.897500000000000000e+03 4.548319979973703084e+03 3.499771362550151144e-02
8.904500000000000000e+03 4.643688608778202251e+03 2.971700064310685632e-02
8.911500000000000000e+03 4.614934784090659377e+03 3.391838256242377114e-02
8.918500000000000000e+03 4.581418171902709219e+03 3.546968515576515157e-02
8.925500000000000000e+03 4.432883233897539867e+03 3.899558659463353560e-02
8.932500000000000000e+03 4.370419000822932503e+03 4.548045646500775002e-02
8.939500000000000000e+03 3.902123621509184886e+03 6.046899257718033743e-02
8.946500000000000000e+03 3.766180910013584253e+03 6.606297699920268829e-02
8.953500000000000000e+03 3.496142346955826270e+03 7.769647195516767024e-02
8.960500000000000000e+03 3.288280117296585559e+03 8.392089804255509211e-02
8.967500000000000000e+03 3.098871079189687407e+03 8.846981626481176253e-02
8.974500000000000000e+03 2.874274465609531944e+03 1.068907149727498923e-01
8.981500000000000000e+03 2.662091086744915174e+03 1.158253184749486048e-01
8.988500000000000000e+03 2.613285744823896493e+03 9.972538455395629775e-02
8.995500000000000000e+03 2.460966061531468767e+03 1.117195408135005785e-01
9.002500000000000000e+03 2.467219233945128053e+03 1.057291403066557417e-01
9.009500000000000000e+03 2.604714563370635460e+03 8.921551054008804160e-02
9.016500000000000000e+03 2.611700083736291162e+03 7.803618235549195092e-02
9.023500000000000000e+03 2.864856041997623379e+03 7.193819195536926836e-02
9.030500000000000000e+03 2.914186058895661517e+03 7.660192046871779070e-02
9.037500000000000000e+03 3.199480688077739160e+03 7.484773976497402503e-02
9.044500000000000000e+03 3.307022889520951594e+03 7.410524581454878967e-02
9.051500000000000000e+03 3.263224331181404068e+03 8.156053787025309421e-02
9.058500000000000000e+03 2.976858742031181009e+03 9.180622066363064437e-02
9.065500000000000000e+03 2.900611348237694074e+03 8.678725418507395040e-02
9.072500000000000000e+03 2.782867653927494757e+03 8.815658437383883106e-02
9.079500000000000000e+03 2.662629957280514191e+03 1.043888544713545419e-01
9.086500000000000000e+03 2.511196351028145727e+03 1.122839314540474420e-01
9.093500000000000000e+03 2.608631157898850688e+03 1.135001620964480595e-01
9.100500000000000000e+03 2.597116151747545700e+03 1.063013810715342927e-01
9.107500000000000000e+03 2.630840095097329140e+03 1.071712046752774511e-01
9.114500000000000000e+03 2.515965150885840103e+03 1.178327345016040167e-01
9.121500000000000000e+03 2.459733607801062590e+03 1.219364379053982095e-01
9.128500000000000000e+03 2.407331242140679024e+03 1.109949050981208218e-01
9.135500000000000000e+03 2.443687364058799631e+03 1.083168551682293507e-01
9.142500000000000000e+03 2.267137917842218485e+03 1.404847622815703634e-01
9.149500000000000000e+03 2.393688420171532471e+03 1.200566400232576797e-01
9.156500000000000000e+03 2.385644438627624368e+03 1.087079194822404421e-01
9.163500000000000000e+03 2.339664752816366672e+03 1.324952377455006769e-01
9.170500000000000000e+03 2.374617722108090220e+03 1.160551231983846660e-01
9.177500000000000000e+03 2.546101603235822495e+03 9.762358586638729407e-02
9.184500000000000000e+03 2.630836408583677439e+03 1.001583176573832556e-01
9.191500000000000000e+03 2.769943846210771881e+03 8.942120511246515191e-02
9.198500000000000000e+03 2.915343268938512665e+03 8.113409631085878593e-02
9.205500000000000000e+03 2.828879634580089714e+03 8.141290703601916645e-02
9.212500000000000000e+03 2.884197817935380044e+03 6.888582545779967092e-02
9.219500000000000000e+03 2.776309859892267468e+03 5.983082883900812249e-02
9.226500000000000000e+03 2.705601302182892596e+03 5.754770904883296095e-02
9.233500000000000000e+03 2.706844703512132128e+03 5.619299873976128790e-02
9.240500000000000000e+03 2.569982315177572218e+03 7.034359706112894295e-02
9.247500000000000000e+03 2.554110095396668839e+03 8.116165638723236986e-02
9.254500000000000000e+03 2.550809144189129256e+03 8.907332576011670056e-02
9.261500000000000000e+03 2.569156074408392669e+03 9.741069671824723053e-02
9.268500000000000000e+03 2.338711281594855336e+03 1.127704938439609839e-01
9.275500000000000000e+03 2.168314281530701464e+03 1.219988696977470921e-01
9.282500000000000000e+03 1.932330103213128268e+03 1.389411532412707928e-01
9.289500000000000000e+03 1.604613381846951597e+03 1.754395230548145279e-01
9.296500000000000000e+03 1.395619377057231304e+03 1.942325290022190176e-01
9.303500000000000000e+03 1.131375951903281248e+03 2.184014883620108705e-01
9.310500000000000000e+03 9.228849795808472436e+02 2.482078581681484708e-01
9.317500000000000000e+03 7.232785610962599776e+02 2.704055056629979248e-01
9.324500000000000000e+03 5.582244957408495338e+02 3.212608256528204365e-01
9.331500000000000000e+03 4.362794601358595514e+02 3.644304444719632663e-01
9.338500000000000000e+03 4.300883741060347347e+02 3.326587362331948627e-01
9.345500000000000000e+03 4.079928843444254198e+02 3.540636171163124568e-01
9.352500000000000000e+03 3.944762835310860964e+02 3.796056444327871593e-01
9.359500000000000000e+03 4.097920842706417375e+02 3.686975103009818566e-01
9.366500000000000000e+03 4.322368203348113411e+02 3.597932397275431793e-01
9.373500000000000000e+03 5.577040505819583132e+02 3.025546873249365665e-01
9.380500000000000000e+03 7.350249776440853111e+02 2.462248603119973345e-01
9.387500000000000000e+03 8.561564131866178968e+02 2.607634065062512385e-01
9.394500000000000000e+03 9.707468298276886571e+02 2.644273902528071485e-01
9.401500000000000000e+03 1.103268707394413923e+03 2.268441322665364079e-01
9.408500000000000000e+03 1.070898549313266585e+03 2.177559540694514462e-01
9.415500000000000000e+03 9.737880974944596346e+02 2.437761829881819886e-01
9.422500000000000000e+03 8.768730398310256078e+02 2.485607212673568434e-01
9.429500000000000000e+03 8.123088266775286002e+02 2.447942569077458108e-01
9.436500000000000000e+03 7.562103160598270506e+02 2.454772557185859183e-01
9.443500000000000000e+03 7.333216339001331789e+02 2.528654426605712047e-01
9.450500000000000000e+03 6.370651630171364559e+02 3.027007587673237188e-01
9.457500000000000000e+03 7.140787240436455932e+02 2.667668265815827389e-01
9.464500000000000000e+03 7.453206196505932439e+02 2.670778238293891049e-01
9.471500000000000000e+03 7.327749139978277526e+02 2.738053306097277817e-01
9.478500000000000000e+03 8.195875606763476071e+02 2.410422604420606740e-01
9.485500000000000000e+03 7.585920152628958704e+02 2.740685521282100190e-01
9.492500000000000000e+03 7.812811866991409033e+02 2.457056715675421943e-01
9.499500000000000000e+03 8.912730052646318200e+02 1.942649718828991234e-01
9.506500000000000000e+03 7.156340450212323958e+02 2.834526628333626785e-01
9.513500000000000000e+03 6.956834821480529172e+02 2.890725828388169272e-01
9.520500000000000000e+03 8.110930867405195386e+02 2.184505450194531850e-01
9.527500000000000000e+03 7.613876720652841641e+02 2.490895249842453030e-01
9.534500000000000000e+03 7.100836794810541051e+02 2.685420763802200406e-01
9.541500000000000000e+03 7.705406750725376241e+02 2.268167564258596891e-01
9.548500000000000000e+03 8.209704883436482987e+02 2.022447528377777359e-01
9.555500000000000000e+03 8.026957361823963311e+02 2.057753827300758676e-01
9.562500000000000000e+03 8.562392079714687725e+02 1.974826590966956286e-01
9.569500000000000000e+03 8.735635920787017312e+02 2.214459518940690708e-01
9.576500000000000000e+03 8.549519621903209554e+02 2.446610306566020243e-01
9.583500000000000000e+03 9.334871534030124849e+02 2.110375787148231763e-01
9.590500000000000000e+03 1.046773964651047663e+03 1.765950327797899677e-01
9.597500000000000000e+03 9.544441928274155771e+02 2.039313963372600957e-01
9.604500000000000000e+03 1.042299550025904182e+03 2.104106020506666119e-01
9.611500000000000000e+03 1.119119136813724936e+03 2.002053955639310490e-01
9.618500000000000000e+03 1.251779752201093970e+03 1.682390487338757956e-01
9.625500000000000000e+03 1.252817928007689943e+03 1.653009608964141064e-01
9.632500000000000000e+03 1.255962842946664750e+03 1.720759661666166895e-01
9.639500000000000000e+03 1.375592404356521911e+03 1.425212009959646309e-01
9.646500000000000000e+03 1.351070171409376371e+03 1.483346301265206502e-01
9.653500000000000000e+03 1.305427553965781726e+03 1.655234356500364379e-01
9.660500000000000000e+03 1.525322937013099590e+03 1.295295572580778265e-01
9.667500000000000000e+03 1.633576043620426390e+03 1.120197889217014325e-01
9.674500000000000000e+03 1.788674052628628942e+03 1.088785981258185154e-01
9.681500000000000000e+03 1.968506170386268877e+03 9.123590105542608852e-02
9.688500000000000000e+03 2.066001944015751633e+03 8.323433708313665580e-02
9.695500000000000000e+03 2.106806362421392805e+03 7.556204039845670906e-02
9.702500000000000000e+03 2.125058749078473284e+03 7.099250041501931063e-02
9.709500000000000000e+03 2.057530079169653163e+03 7.393577000384603248e-02
9.716500000000000000e+03 2.098047312730698195e+03 7.684355259471016553e-02
9.723500000000000000e+03 1.927621157717383767e+03 8.405349391337305076e-02
9.730500000000000000e+03 1.790365182549780457e+03 9.415486081328608425e-02
9.737500000000000000e+03 1.779240284806804539e+03 9.067480067245940745e-02
9.744500000000000000e+03 1.667468869556329992e+03 1.019527946858924949e-01
9.751500000000000000e+03 1.707717654007014744e+03 9.660156468130504104e-02
9.758500000000000000e+03 1.806579009119157945e+03 8.742168895442503640e-02
9.765500000000000000e+03 1.751282375152816257e+03 9.198637389060371206e-02
9.772500000000000000e+03 1.794028187440163265e+03 9.577343386683903614e-02
9.779500000000000000e+03 1.875010278635625127e+03 8.071208774946762865e-02
9.786500000000000000e+03 1.897933947440591965e+03 7.574634255652742953e-02
9.793500000000000000e+03 1.912561491815777345e+03 6.843579404032042179e-02
9.800500000000000000e+03 1.946961595095407802e+03 6.482008828616739327e-02
9.807500000000000000e+03 1.980686422691492680e+03 6.814547898183054286e-02
9.814500000000000000e+03 1.972562025682535932e+03 6.428074473792111387e-02
9.821500000000000000e+03 2.035779557712516407e+03 5.589529012568728028e-02
9.828500000000000000e+03 2.121578367685865487e+03 4.971256333293527091e-02
9.835500000000000000e+03 2.044688857976277632e+03 5.482233335488231885e-02
9.842500000000000000e+03 2.112091777678423114e+03 4.860848922743430528e-02
9.849500000000000000e+03 2.216912566084736682e+03 3.945050428012891047e-02
9.856500000000000000e+03 2.178074269787837238e+03 3.818531557757225831e-02
9.863500000000000000e+03 2.198512669659347466e+03 3.786517770678148737e-02
9.870500000000000000e+03 2.193192672467676857e+03 2.975044965515599368e-02
9.877500000000000000e+03 2.257638925501498761e+03 2.914828837999419026e-02
9.884500000000000000e+03 2.220760538104523221e+03 2.865718224060343627e-02
9.891500000000000000e+03 2.201968591814033971e+03 2.740862717918184088e-02
9.898500000000000000e+03 2.197875308397804019e+03 2.338077576989950820e-02
9.905500000000000000e+03 2.170549471737774184e+03 2.250315406840216678e-02
9.912500000000000000e+03 2.172563788407486754e+03 2.320141894544596253e-02
9.919500000000000000e+03 2.127339215444285855e+03 2.439776269292499508e-02
9.926500000000000000e+03 2.175207514973665184e+03 1.922809436916374584e-02
9.933500000000000000e+03 2.094677499967675431e+03 2.335254749515499120e-02
9.940500000000000000e+03 2.139916735399992376e+03 2.055834371575414321e-02
9.947500000000000000e+03 2.053880018154986828e+03 2.197389688948258799e-02
9.954500000000000000e+03 2.013377473227309792e+03 2.202840451499141899e-02
9.961500000000000000e+03 2.047053791738781911e+03 1.996489522539577482e-02
9.968500000000000000e+03 1.988981421951114044e+03 2.093933383981737978e-02
9.975500000000000000e+03 1.951012343729702707e+03 2.093909985681713035e-02
9.982500000000000000e+03 1.904828606286663671e+03 2.030951061521435452e-02
9.989500000000000000e+03 1.995299981126622924e+03 1.345063834020484433e-02
9.996500000000000000e+03 1.897530052001467084e+03 1.383998711236759938e-02
