# wavelength angstroms, flux, ext coeff
3.299300000000000182e+03 1.339299196498246260e+02 8.212086626533215972e-01
3.302800000000000182e+03 1.350043864254145092e+02 8.136977210173093056e-01
3.306300000000000182e+03 1.439079471667657515e+02 8.118267288243609103e-01
3.309800000000000182e+03 1.442673978497361986e+02 8.114270632982693021e-01
3.313300000000000182e+03 1.445685580224445062e+02 8.073870954067516870e-01
3.316800000000000182e+03 1.541116125249856168e+02 7.985895532812060660e-01
3.320300000000000182e+03 1.558873567035342091e+02 7.893612628271997611e-01
3.323800000000000182e+03 1.681698182313836298e+02 7.813129667404619116e-01
3.327300000000000182e+03 1.683394967979565990e+02 7.791854373833361214e-01
3.330800000000000182e+03 1.806583518742348247e+02 7.698627241515800801e-01
3.334300000000000182e+03 1.799199495098780517e+02 7.661285452654187367e-01
3.337800000000000182e+03 1.865571483001423019e+02 7.629598296281900893e-01
3.341300000000000182e+03 1.855739901706811850e+02 7.619926543028451293e-01
3.344800000000000182e+03 1.911702373483698238e+02 7.573492584920025195e-01
3.348300000000000182e+03 1.970210121157762160e+02 7.541036347853478095e-01
3.351800000000000182e+03 2.091269928442546018e+02 7.438075969327316850e-01
3.355300000000000182e+03 2.115846240958533713e+02 7.401340276004424457e-01
3.358800000000000182e+03 2.277097870113011027e+02 7.336316231662896037e-01
3.362300000000000182e+03 2.274167109136389797e+02 7.298220626227548413e-01
3.365800000000000182e+03 2.294442120981846642e+02 7.233222575938135224e-01
3.369300000000000182e+03 2.304100632482148967e+02 7.256656856476918493e-01
3.372800000000000182e+03 2.454670235119421591e+02 7.209521923178207059e-01
3.376300000000000182e+03 2.501801101366930595e+02 7.169132415029756400e-01
3.379800000000000182e+03 2.452667144630191558e+02 7.148614480587234254e-01
3.383300000000000182e+03 2.590197180848040830e+02 7.065123620984007369e-01
3.386800000000000182e+03 2.723314929801995277e+02 7.038844095218107499e-01
3.390300000000000182e+03 2.762176297126305826e+02 6.977142430783055405e-01
3.393800000000000182e+03 2.820012920607476303e+02 6.925654616456374812e-01
3.397300000000000182e+03 2.951340551512117827e+02 6.918169379219430981e-01
3.400800000000000182e+03 2.905715959855145343e+02 6.872453369459775585e-01
3.404300000000000182e+03 3.005261201753665432e+02 6.855322970740745925e-01
3.407800000000000182e+03 3.054942476498301289e+02 6.816851399689053403e-01
3.411300000000000182e+03 3.229322674766841601e+02 6.742938723916345189e-01
3.414800000000000182e+03 3.367907485129452425e+02 6.676882512700629269e-01
3.418300000000000182e+03 3.503823106157612983e+02 6.647958407764807953e-01
3.421800000000000182e+03 3.484598470769181517e+02 6.660555883462463411e-01
3.425300000000000182e+03 3.475499560280262585e+02 6.629309512059734510e-01
3.428800000000000182e+03 3.581137310519197854e+02 6.589721262839702831e-01
3.432300000000000182e+03 3.849297257438613542e+02 6.520028784197843263e-01
3.435800000000000182e+03 3.691699180525806696e+02 6.550595383432563645e-01
3.439300000000000182e+03 3.870459349611596167e+02 6.515630184879004361e-01
3.442800000000000182e+03 3.929461838617290255e+02 6.463603359946022975e-01
3.446300000000000182e+03 3.900451941014626414e+02 6.465537718190743632e-01
3.449800000000000182e+03 4.070253614618483198e+02 6.445919608658385869e-01
3.453300000000000182e+03 4.218190531315490830e+02 6.381604822320913195e-01
3.456800000000000182e+03 4.278200943056241385e+02 6.351285869111652493e-01
3.460300000000000182e+03 4.234206298349735107e+02 6.332490241752356530e-01
3.463800000000000182e+03 4.404944144971037190e+02 6.279394699243280309e-01
3.467300000000000182e+03 4.559679038748710695e+02 6.261084713490475684e-01
3.470800000000000182e+03 4.438445418221880345e+02 6.247764130654689385e-01
3.474300000000000182e+03 4.656090508447606453e+02 6.231280887745113128e-01
3.477800000000000182e+03 4.702015356855483219e+02 6.184449566929466346e-01
3.481300000000000182e+03 4.744007014917715424e+02 6.152005111028925333e-01
3.484800000000000182e+03 5.054981799337244865e+02 6.112034876027770958e-01
3.488300000000000182e+03 5.060806972145335294e+02 6.098982119265904389e-01
3.491800000000000182e+03 5.079117805387679709e+02 6.073610164142735357e-01
3.495300000000000182e+03 5.101622353985634390e+02 6.066798873350078836e-01
3.498800000000000182e+03 5.229779349486113915e+02 6.016449018376331948e-01
3.502300000000000182e+03 5.558643931493018044e+02 5.955407684121643008e-01
3.505800000000000182e+03 5.528285149368687144e+02 5.981166127330207472e-01
3.509300000000000182e+03 5.556312805496786495e+02 5.957580362628722703e-01
3.512800000000000182e+03 5.626901462594353234e+02 5.967247999433511474e-01
3.516300000000000182e+03 5.763965671491544072e+02 5.924384940602227534e-01
3.519800000000000182e+03 5.907900041632314014e+02 5.900447382985257727e-01
3.523300000000000182e+03 6.068477255737135465e+02 5.837869477042142430e-01
3.526800000000000182e+03 6.322832285205503240e+02 5.788375855681217041e-01
3.530300000000000182e+03 6.258995810783397928e+02 5.824791417114154601e-01
3.533800000000000182e+03 6.505865751462063145e+02 5.785762560789320386e-01
3.537300000000000182e+03 6.713894006273013702e+02 5.768031879452885091e-01
3.540800000000000182e+03 6.553244237121042488e+02 5.734800872764530544e-01
3.544300000000000182e+03 6.764589025344027959e+02 5.741470148738342383e-01
3.547800000000000182e+03 6.964611538927684933e+02 5.699825958461269826e-01
3.551300000000000182e+03 6.785727645444092104e+02 5.705720461148611200e-01
3.554800000000000182e+03 6.935613754839564535e+02 5.659552111258628893e-01
3.558300000000000182e+03 7.220080054474669851e+02 5.617473782929407466e-01
3.561800000000000182e+03 7.214366316899054254e+02 5.569445409616489151e-01
3.565300000000000182e+03 7.384969957059964827e+02 5.566658069315409962e-01
3.568800000000000182e+03 7.500989802827409676e+02 5.538556571507721182e-01
3.572300000000000182e+03 7.544957528321212976e+02 5.508961332982208470e-01
3.575800000000000182e+03 7.783977059992993190e+02 5.478797336808695073e-01
3.579300000000000182e+03 7.711447238559663901e+02 5.469832452274291379e-01
3.582800000000000182e+03 8.026670156803525060e+02 5.452462979838632595e-01
3.586300000000000182e+03 7.966728640001738313e+02 5.434499578786960994e-01
3.589800000000000182e+03 7.928885501045383535e+02 5.437773852545257913e-01
3.593300000000000182e+03 8.039441548606533843e+02 5.369225930073129316e-01
3.596800000000000182e+03 8.279898807739784843e+02 5.385955300558032954e-01
3.600300000000000182e+03 8.247093888561428230e+02 5.359033488348237118e-01
3.603800000000000182e+03 8.238347315754438114e+02 5.357201544894008016e-01
3.607300000000000182e+03 8.592267597620607376e+02 5.310886875029249277e-01
3.610800000000000182e+03 8.722960527607052654e+02 5.303377131758200136e-01
3.614300000000000182e+03 8.945152814532542607e+02 5.266654922537605810e-01
3.617800000000000182e+03 9.161789217241690721e+02 5.238828884312140000e-01
3.621300000000000182e+03 9.164820562736516649e+02 5.239493941794516330e-01
3.624800000000000182e+03 9.227933296490385828e+02 5.217395563237416933e-01
3.628300000000000182e+03 9.511772740788487681e+02 5.191459486392981937e-01
3.631800000000000182e+03 9.573197357659869340e+02 5.151858211734716697e-01
3.635300000000000182e+03 9.689483654515081525e+02 5.142684324442975408e-01
3.638800000000000182e+03 9.993546155067457448e+02 5.113951768196590697e-01
3.642300000000000182e+03 9.999556079514757130e+02 5.102608356967003322e-01
3.645800000000000182e+03 1.034435732805579391e+03 5.092499485830688233e-01
3.649300000000000182e+03 1.065899428772489955e+03 5.088154239869868700e-01
3.652800000000000182e+03 1.074741555100152254e+03 5.065049744990044456e-01
3.656300000000000182e+03 1.088149030428213337e+03 5.056790663868717672e-01
3.659800000000000182e+03 1.113572867047316095e+03 5.006110417098620369e-01
3.663300000000000182e+03 1.128773781634107991e+03 4.989476041197793976e-01
3.666800000000000182e+03 1.125644652947868735e+03 4.964368829893276436e-01
3.670300000000000182e+03 1.113800759223575824e+03 4.965328535221650852e-01
3.673800000000000182e+03 1.108031470098214641e+03 4.955532433151088600e-01
3.677300000000000182e+03 1.118913270795965218e+03 4.932851195756529084e-01
3.680800000000000182e+03 1.111175764720275993e+03 4.904322556412258893e-01
3.684300000000000182e+03 1.120093460555136289e+03 4.862066241187154580e-01
3.687800000000000182e+03 1.126199450628047316e+03 4.821889266786502648e-01
3.691300000000000182e+03 1.126720321958094701e+03 4.799745920682900735e-01
3.694800000000000182e+03 1.141154219363070524e+03 4.803989800917716213e-01
3.698300000000000182e+03 1.154515847931662393e+03 4.796529549407928528e-01
3.701800000000000182e+03 1.174072568491661286e+03 4.788741901786651156e-01
3.705300000000000182e+03 1.178353744586429684e+03 4.800785398616080890e-01
3.708800000000000182e+03 1.234954672135331748e+03 4.747565232030526716e-01
3.712300000000000182e+03 1.231007112052009006e+03 4.755760902307837323e-01
3.715800000000000182e+03 1.290436211282719341e+03 4.719389835250580312e-01
3.719300000000000182e+03 1.294067722511163993e+03 4.683442707204579225e-01
3.722800000000000182e+03 1.313769118207273777e+03 4.650548190136813975e-01
3.726300000000000182e+03 1.320283649109149110e+03 4.625726214672106762e-01
3.729800000000000182e+03 1.378283972832480003e+03 4.602070096523812603e-01
3.733300000000000182e+03 1.442446624648863690e+03 4.594845038836943840e-01
3.736800000000000182e+03 1.448748419679609469e+03 4.616617886848688457e-01
3.740300000000000182e+03 1.555771700136951040e+03 4.598705406093493431e-01
3.743800000000000182e+03 1.648725858582515002e+03 4.590810939523908285e-01
3.747300000000000182e+03 1.693526905967697530e+03 4.592039839687024894e-01
3.750800000000000182e+03 1.720768000099612209e+03 4.573653203724770688e-01
3.754300000000000182e+03 1.763932937873612445e+03 4.564509136851544469e-01
3.757800000000000182e+03 1.836422817667731351e+03 4.514919871053755807e-01
3.761300000000000182e+03 1.866975845306772044e+03 4.468569246013727181e-01
3.764800000000000182e+03 1.891489333164820891e+03 4.447605987334558031e-01
3.768300000000000182e+03 1.981562873263149868e+03 4.413524571011360753e-01
3.771800000000000182e+03 1.980224974039018889e+03 4.412511724317370043e-01
3.775300000000000182e+03 2.100659462195008473e+03 4.430905751510153534e-01
3.778800000000000182e+03 2.169464485582025191e+03 4.398007836177173502e-01
3.782300000000000182e+03 2.246648601030006375e+03 4.396377887654565053e-01
3.785800000000000182e+03 2.374034560624574169e+03 4.387015720210294956e-01
3.789300000000000182e+03 2.546105625420284468e+03 4.359319943666714603e-01
3.792800000000000182e+03 2.656371822411503217e+03 4.320562722264962852e-01
3.796300000000000182e+03 2.737832807794485234e+03 4.337159988853451220e-01
3.799800000000000182e+03 2.800125321984079164e+03 4.367406473137983580e-01
3.803300000000000182e+03 3.003532813247861668e+03 4.334116668816497264e-01
3.806800000000000182e+03 2.964671204567692257e+03 4.362908112190191368e-01
3.810300000000000182e+03 2.989454916155727005e+03 4.345413555960744301e-01
3.813800000000000182e+03 2.943484204692885669e+03 4.347303555196684322e-01
3.817300000000000182e+03 2.969450748234322418e+03 4.290715177767308042e-01
3.820800000000000182e+03 2.891128667848698569e+03 4.197438550207947539e-01
3.824300000000000182e+03 2.883612898380138176e+03 4.121281109670449361e-01
3.827800000000000182e+03 2.878564861869258493e+03 4.043617705374422666e-01
3.831300000000000182e+03 2.916851765894431992e+03 4.042626393974185772e-01
3.834800000000000182e+03 2.986999280826335507e+03 4.074371971282124694e-01
3.838300000000000182e+03 3.220108367014787746e+03 4.089514811980518028e-01
3.841800000000000182e+03 3.388251159425828973e+03 4.143944270999620483e-01
3.845300000000000182e+03 3.531548597155796415e+03 4.164993519692636315e-01
3.848800000000000182e+03 3.861610072256989042e+03 4.148262320644796608e-01
3.852300000000000182e+03 4.131448595803234639e+03 4.111435413800531014e-01
3.855800000000000182e+03 4.269276017476661764e+03 4.120906344969352819e-01
3.859300000000000182e+03 4.399929295921942867e+03 4.117033757421542095e-01
3.862800000000000182e+03 4.574342507664814548e+03 4.128447691202746239e-01
3.866300000000000182e+03 4.685021064656697490e+03 4.114545282177513030e-01
3.869800000000000182e+03 4.379672387088441610e+03 4.151809729357285872e-01
3.873300000000000182e+03 4.295708864380545492e+03 4.139238099959847150e-01
3.876800000000000182e+03 4.018423162035188398e+03 4.078004679713952418e-01
3.880300000000000182e+03 3.855103487608404066e+03 3.963598239176619464e-01
3.883800000000000182e+03 3.621096446973216189e+03 3.812758845386816642e-01
3.887300000000000182e+03 3.445154919163858722e+03 3.707265647909943618e-01
3.890800000000000182e+03 3.494382342068838170e+03 3.664717718482908282e-01
3.894300000000000182e+03 3.659442451515894390e+03 3.701061676477120921e-01
3.897800000000000182e+03 3.831511922788813990e+03 3.796685289461689816e-01
3.901300000000000182e+03 4.155377102232264406e+03 3.908396442147196170e-01
3.904800000000000182e+03 4.536799811109774964e+03 3.985210481667936233e-01
3.908300000000000182e+03 4.842135138027415451e+03 4.003459655734364353e-01
3.911800000000000182e+03 5.038286942843066754e+03 3.978248327441344379e-01
3.915300000000000182e+03 5.024528810909434469e+03 3.942241870898529066e-01
3.918800000000000182e+03 4.911566314250077085e+03 3.894925612086965194e-01
3.922300000000000182e+03 4.747003134778715321e+03 3.821406949124847574e-01
3.925800000000000182e+03 4.841840809303444985e+03 3.724302439723770064e-01
3.929300000000000182e+03 4.819069871884090389e+03 3.667819370448676120e-01
3.932800000000000182e+03 4.905415194527079620e+03 3.653907080123028339e-01
3.936300000000000182e+03 4.873229049743810720e+03 3.718143504523560572e-01
3.939800000000000182e+03 5.090013936620543973e+03 3.751587168735334710e-01
3.943300000000000182e+03 5.232824993667825765e+03 3.825390766941536014e-01
3.946800000000000182e+03 5.249267331494873360e+03 3.852962608175433679e-01
3.950300000000000182e+03 5.169720229297115111e+03 3.860448696967855309e-01
3.953800000000000182e+03 4.998868410318616043e+03 3.827438368440456151e-01
3.957300000000000182e+03 4.787130529562151423e+03 3.738873243482020992e-01
3.960800000000000182e+03 4.450620971504103181e+03 3.621460876330735990e-01
3.964300000000000182e+03 4.087328175012828524e+03 3.469917703536755660e-01
3.967800000000000182e+03 3.973251428265599316e+03 3.362962554715167030e-01
3.971300000000000182e+03 4.020799595907978528e+03 3.307565975468964581e-01
3.974800000000000182e+03 4.231363233727843181e+03 3.384240441701852897e-01
3.978300000000000182e+03 4.548872870821985089e+03 3.508937462501248161e-01
3.981800000000000182e+03 4.944625111606463179e+03 3.606562143809839971e-01
3.985300000000000182e+03 5.589506494429021586e+03 3.644832219172487453e-01
3.988800000000000182e+03 6.152003865492860314e+03 3.666865815257941974e-01
3.992300000000000182e+03 6.550415760779677839e+03 3.637685854075656811e-01
3.995800000000000182e+03 7.078886427131656092e+03 3.583779755574479919e-01
3.999300000000000182e+03 7.387756425720423977e+03 3.555286261468977305e-01
4.002800000000000182e+03 7.666494255838740173e+03 3.541391233720116993e-01
4.006300000000000182e+03 7.879452530841213047e+03 3.534509179499445430e-01
4.009800000000000182e+03 8.024935475674091322e+03 3.528343225609554268e-01
4.013300000000000182e+03 8.120497192556709706e+03 3.516517020557039519e-01
4.016800000000000182e+03 8.513397771180872951e+03 3.498189341778503159e-01
4.020300000000000182e+03 8.503123134646657491e+03 3.492055559197648207e-01
4.023800000000000182e+03 8.524885635030401318e+03 3.456837673966370317e-01
4.027300000000000182e+03 8.751038611077230598e+03 3.437071525759970436e-01
4.030800000000000182e+03 8.728488593683061481e+03 3.410569179182876276e-01
4.034300000000000182e+03 8.811882017720135991e+03 3.428076232171501925e-01
4.037800000000000182e+03 8.833924808502850283e+03 3.426402121470484285e-01
4.041300000000000182e+03 8.797419060905947845e+03 3.411133242104365526e-01
4.044800000000000182e+03 8.939432761248559473e+03 3.412155053444828057e-01
4.048300000000000182e+03 8.898444658923806855e+03 3.401636205821119141e-01
4.051800000000000182e+03 9.031206144092786417e+03 3.375263747441837880e-01
4.055300000000000182e+03 8.897001044632954290e+03 3.385782338908085443e-01
4.058800000000000182e+03 9.007919996874110439e+03 3.366523660733914958e-01
4.062300000000000182e+03 8.850792418341312441e+03 3.351266823252460614e-01
4.065800000000000182e+03 8.937151011263424152e+03 3.327606157284018207e-01
4.069300000000000182e+03 8.633525980820189943e+03 3.331795992231901260e-01
4.072800000000000182e+03 8.448658078598869906e+03 3.338646356951725513e-01
4.076300000000000182e+03 8.102212381549742531e+03 3.312757327604404223e-01
4.079800000000000182e+03 8.040710303841708082e+03 3.297117418493203389e-01
4.083300000000000182e+03 7.566832141743559077e+03 3.294307903801365067e-01
4.086800000000000182e+03 7.268250824634023957e+03 3.249427263817038503e-01
4.090300000000000182e+03 6.814731145968275996e+03 3.254127872317467141e-01
4.093800000000000182e+03 6.453760415579087748e+03 3.251361191040501586e-01
4.097300000000000182e+03 6.160026105737269063e+03 3.198402439805926312e-01
4.100800000000000182e+03 6.054356111478904495e+03 3.157813641174517238e-01
4.104300000000000182e+03 6.073473838575906484e+03 3.066921855025138144e-01
4.107800000000000182e+03 6.082147409816509025e+03 3.033642268819746191e-01
4.111300000000000182e+03 6.286130546863147174e+03 3.035992804039067128e-01
4.114800000000000182e+03 6.563529975496301631e+03 3.062514692659654147e-01
4.118300000000000182e+03 7.053115869131055661e+03 3.109734437894845493e-01
4.121800000000000182e+03 7.815841117901168218e+03 3.162043431204833444e-01
4.125300000000000182e+03 8.240630769203538875e+03 3.199397810415265386e-01
4.128800000000000182e+03 8.860764118051632977e+03 3.209698427107003926e-01
4.132300000000000182e+03 9.509557477043450490e+03 3.180398110566072245e-01
4.135800000000000182e+03 9.732983389330891441e+03 3.160528685989797415e-01
4.139300000000000182e+03 1.003888765136467373e+04 3.125368059256156128e-01
4.142800000000000182e+03 1.032023876167064736e+04 3.112166362690099164e-01
4.146300000000000182e+03 1.041973483478390335e+04 3.092969710008044992e-01
4.149800000000000182e+03 1.077099260483974103e+04 3.057605417468625686e-01
4.153300000000000182e+03 1.089646792144649226e+04 3.064131866436617391e-01
4.156800000000000182e+03 1.116128293058740383e+04 3.044454252220572532e-01
4.160300000000000182e+03 1.118270085350352565e+04 3.047178522725577654e-01
4.163800000000000182e+03 1.123125809651618329e+04 3.049631253531114305e-01
4.167300000000000182e+03 1.120923155196402331e+04 3.038187615160041211e-01
4.170800000000000182e+03 1.183817706428771089e+04 3.011369785393623322e-01
4.174300000000000182e+03 1.166578617318464057e+04 2.984817531197012097e-01
4.177800000000000182e+03 1.162625594215341152e+04 2.989390689007094815e-01
4.181300000000000182e+03 1.156320590087781056e+04 2.963732931570578488e-01
4.184800000000000182e+03 1.164401497969056436e+04 2.960700067333813523e-01
4.188300000000000182e+03 1.176226407440613730e+04 2.964153348195592286e-01
4.191800000000000182e+03 1.164070307886562841e+04 2.961143252165258088e-01
4.195300000000000182e+03 1.175599931704173105e+04 2.946893408979027185e-01
4.198800000000000182e+03 1.195475928116871000e+04 2.941063473296104402e-01
4.202300000000000182e+03 1.198716951727540072e+04 2.937865399091836305e-01
4.205800000000000182e+03 1.216509444218103818e+04 2.916288497980392136e-01
4.209300000000000182e+03 1.249562625776852656e+04 2.903780846815834371e-01
4.212800000000000182e+03 1.233839997647414748e+04 2.912700517332205696e-01
4.216300000000000182e+03 1.261679841974160991e+04 2.871984246904791815e-01
4.219800000000000182e+03 1.238881775047682822e+04 2.893414846931908202e-01
4.223300000000000182e+03 1.230405395975380270e+04 2.876936042591701770e-01
4.226800000000000182e+03 1.239943066815808743e+04 2.872997220287393794e-01
4.230300000000000182e+03 1.236937775355668236e+04 2.851467338016311914e-01
4.233800000000000182e+03 1.270293059195700152e+04 2.823806730359122996e-01
4.237300000000000182e+03 1.279885083799095082e+04 2.838577989153004411e-01
4.240800000000000182e+03 1.298857948164187110e+04 2.829204493996975711e-01
4.244300000000000182e+03 1.294890312962862663e+04 2.805139117873049481e-01
4.247800000000000182e+03 1.273224448168445815e+04 2.831134834261805899e-01
4.251300000000000182e+03 1.285587924268223469e+04 2.823349952552463016e-01
4.254800000000000182e+03 1.299136178962876511e+04 2.791575972387604909e-01
4.258300000000000182e+03 1.299003297975011628e+04 2.778559239864797359e-01
4.261800000000000182e+03 1.306330039405807656e+04 2.779337197929992453e-01
4.265300000000000182e+03 1.303956694512150716e+04 2.763695190783745925e-01
4.268800000000000182e+03 1.322057941164250042e+04 2.737078171298928386e-01
4.272300000000000182e+03 1.313970308231759009e+04 2.733488237574114854e-01
4.275800000000000182e+03 1.328117892234423016e+04 2.739057522566920588e-01
4.279300000000000182e+03 1.309557401685532750e+04 2.727243109753895722e-01
4.282800000000000182e+03 1.330366968088912108e+04 2.715055335997211827e-01
4.286300000000000182e+03 1.338389844029036067e+04 2.725042388671741200e-01
4.289800000000000182e+03 1.312520547638210337e+04 2.707102278425283504e-01
4.293300000000000182e+03 1.317112439828920105e+04 2.712300631221936098e-01
4.296800000000000182e+03 1.302970016512808252e+04 2.711770407174431963e-01
4.300300000000000182e+03 1.299404652772557529e+04 2.697724375525016871e-01
4.303800000000000182e+03 1.248358646634255638e+04 2.693979685717877715e-01
4.307300000000000182e+03 1.282273826627277413e+04 2.682853731425217658e-01
4.310800000000000182e+03 1.197938868310402540e+04 2.681656160734221528e-01
4.314300000000000182e+03 1.180847553861997767e+04 2.672505239090392504e-01
4.317800000000000182e+03 1.130218868481259051e+04 2.649978487415020623e-01
4.321300000000000182e+03 1.072259270380840280e+04 2.640727220952152621e-01
4.324800000000000182e+03 1.023998589003557754e+04 2.614931076530577769e-01
4.328300000000000182e+03 9.871481621854707555e+03 2.612101549347340956e-01
4.331800000000000182e+03 9.555174308382485833e+03 2.602666122936629911e-01
4.335300000000000182e+03 9.077435791636447902e+03 2.594012220558699067e-01
4.338800000000000182e+03 8.817420124686052077e+03 2.563234042938692392e-01
4.342300000000000182e+03 8.738747993643943119e+03 2.508480363424444026e-01
4.345800000000000182e+03 8.782094956016600918e+03 2.468852373186311011e-01
4.349300000000000182e+03 9.015393804726632879e+03 2.445609074121862792e-01
4.352800000000000182e+03 9.643332123757161753e+03 2.428133110438560061e-01
4.356300000000000182e+03 1.015229529318023742e+04 2.470126136608190304e-01
4.359800000000000182e+03 1.087827821571453205e+04 2.529011437470161106e-01
4.363300000000000182e+03 1.164182026968459104e+04 2.570560405992327047e-01
4.366800000000000182e+03 1.261475042923583169e+04 2.586441884730401042e-01
4.370300000000000182e+03 1.318580137995271798e+04 2.608188562950367051e-01
4.373800000000000182e+03 1.384819861559585479e+04 2.562580764441066417e-01
4.377300000000000182e+03 1.435790442939999230e+04 2.563038727206516931e-01
4.380800000000000182e+03 1.452265407039484671e+04 2.529954360780689582e-01
4.384300000000000182e+03 1.510810891679486849e+04 2.484225497910565739e-01
4.387800000000000182e+03 1.504417151593848212e+04 2.480883722110772405e-01
4.391300000000000182e+03 1.490741705471878413e+04 2.480654453020720296e-01
4.394800000000000182e+03 1.528699574451808985e+04 2.472826383874092981e-01
4.398300000000000182e+03 1.526772053897490514e+04 2.468509759988272989e-01
4.401800000000000182e+03 1.534051829869594076e+04 2.473100521843407951e-01
4.405300000000000182e+03 1.543525864057760555e+04 2.448637380355573046e-01
4.408800000000000182e+03 1.570990838270202767e+04 2.461078051347040663e-01
4.412300000000000182e+03 1.531274285685947689e+04 2.454772623478880256e-01
4.415800000000000182e+03 1.510665169177379357e+04 2.452546177362883162e-01
4.419300000000000182e+03 1.564097508893788654e+04 2.430156271103023902e-01
4.422800000000000182e+03 1.578453911932786650e+04 2.426034425873033473e-01
4.426300000000000182e+03 1.594350796515911316e+04 2.417556133916899663e-01
4.429800000000000182e+03 1.620109556868487016e+04 2.397508758918522886e-01
4.433300000000000182e+03 1.597228498103760103e+04 2.391820916699132493e-01
4.436800000000000182e+03 1.586291277603130220e+04 2.412051647964708889e-01
4.440300000000000182e+03 1.642596135934160338e+04 2.379705080872547840e-01
4.443800000000000182e+03 1.633720507768285825e+04 2.379347258300573698e-01
4.447300000000000182e+03 1.651668538330308729e+04 2.387359766116893545e-01
4.450800000000000182e+03 1.649054582404203393e+04 2.371026640179239586e-01
4.454300000000000182e+03 1.666615492555858509e+04 2.344114209576250996e-01
4.457800000000000182e+03 1.632900777040784124e+04 2.373682692418363771e-01
4.461300000000000182e+03 1.671277161019343475e+04 2.350806312674754150e-01
4.464800000000000182e+03 1.703441336406512710e+04 2.329923827171806738e-01
4.468300000000000182e+03 1.678180908201888815e+04 2.329601981977381386e-01
4.471800000000000182e+03 1.717202149255146651e+04 2.331204167236605451e-01
4.475300000000000182e+03 1.664365048590626247e+04 2.326880692392042926e-01
4.478800000000000182e+03 1.669027924474273459e+04 2.328289229089769152e-01
4.482300000000000182e+03 1.693315530900168960e+04 2.296882579019740578e-01
4.485800000000000182e+03 1.676706500069630783e+04 2.299971116191511233e-01
4.489300000000000182e+03 1.732592559762255405e+04 2.273762787396716445e-01
4.492800000000000182e+03 1.710230476256534166e+04 2.299801529755977902e-01
4.496300000000000182e+03 1.734684064785329610e+04 2.267627919177689355e-01
4.499800000000000182e+03 1.745127485419252844e+04 2.274751763765061607e-01
4.503300000000000182e+03 1.762524961594101842e+04 2.282756197735606452e-01
4.506800000000000182e+03 1.759488442074986233e+04 2.276111889269476496e-01
4.510300000000000182e+03 1.775583976980040461e+04 2.261802398678841308e-01
4.513800000000000182e+03 1.762916547532169716e+04 2.267133897351885086e-01
4.517300000000000182e+03 1.762090279169947462e+04 2.264315266960002238e-01
4.520800000000000182e+03 1.772691579084584737e+04 2.232663936511125879e-01
4.524300000000000182e+03 1.725562361410500307e+04 2.250157526471476543e-01
4.527800000000000182e+03 1.739399067696562634e+04 2.226628262923631418e-01
4.531300000000000182e+03 1.808629393000186610e+04 2.195188904650087480e-01
4.534800000000000182e+03 1.773322657421464464e+04 2.215299833913801086e-01
4.538300000000000182e+03 1.768829286897615020e+04 2.200203566094297014e-01
4.541800000000000182e+03 1.754331649002312770e+04 2.215242338734250416e-01
4.545300000000000182e+03 1.746402815788649605e+04 2.212621393921792856e-01
4.548800000000000182e+03 1.793693821307396865e+04 2.187252363789399245e-01
4.552300000000000182e+03 1.795313477562338448e+04 2.175021321144044173e-01
4.555800000000000182e+03 1.788207084107374249e+04 2.178212823764356099e-01
4.559300000000000182e+03 1.808603642647164088e+04 2.178154779718606271e-01
4.562800000000000182e+03 1.822769853823746234e+04 2.174911787811353026e-01
4.566300000000000182e+03 1.832447106810101468e+04 2.181233673280860430e-01
4.569800000000000182e+03 1.816697102825618640e+04 2.167438436949161995e-01
4.573300000000000182e+03 1.833088306691723483e+04 2.154197056175230218e-01
4.576800000000000182e+03 1.833076512374381855e+04 2.158682077604603955e-01
4.580300000000000182e+03 1.809013126604360150e+04 2.153375592361289059e-01
4.583800000000000182e+03 1.825563733567023883e+04 2.139349684183968481e-01
4.587300000000000182e+03 1.877347159038257814e+04 2.104354856634364501e-01
4.590800000000000182e+03 1.850377151765400049e+04 2.114829758062325427e-01
4.594300000000000182e+03 1.831161658731802163e+04 2.125330001439252881e-01
4.597800000000000182e+03 1.837564688310191923e+04 2.110066477449248912e-01
4.601300000000000182e+03 1.863498381276046348e+04 2.101697773729114260e-01
4.604800000000000182e+03 1.836779632112898616e+04 2.122480201979549397e-01
4.608300000000000182e+03 1.866985047042173028e+04 2.109175026270137532e-01
4.611800000000000182e+03 1.884898878484349916e+04 2.106676768230844599e-01
4.615300000000000182e+03 1.896038697573734680e+04 2.072486420873421997e-01
4.618800000000000182e+03 1.845770715248772103e+04 2.085395477315913904e-01
4.622300000000000182e+03 1.873200521897255021e+04 2.072575986955714489e-01
4.625800000000000182e+03 1.858502156955596365e+04 2.059809927773098570e-01
4.629300000000000182e+03 1.878998035528550827e+04 2.058978196672944516e-01
4.632800000000000182e+03 1.878952186192685986e+04 2.043114398932789622e-01
4.636300000000000182e+03 1.891110451395528798e+04 2.037918981985685773e-01
4.639800000000000182e+03 1.884616234427224481e+04 2.049055443760704753e-01
4.643300000000000182e+03 1.915599151125458593e+04 2.048211245193525820e-01
4.646800000000000182e+03 1.897445822681404752e+04 2.031864963348242181e-01
4.650300000000000182e+03 1.915020890921965838e+04 2.036279150106667657e-01
4.653800000000000182e+03 1.897078950446913586e+04 2.013902684760940920e-01
4.657300000000000182e+03 1.887079803680448094e+04 2.047032787492341910e-01
4.660800000000000182e+03 1.896340364018594846e+04 2.027751792716911972e-01
4.664300000000000182e+03 1.943074993736973556e+04 2.005121534597416599e-01
4.667800000000000182e+03 1.901214934103125779e+04 2.017332040934097515e-01
4.671300000000000182e+03 1.891561044464571023e+04 2.001108734086508301e-01
4.674800000000000182e+03 1.907144174124444180e+04 1.987157032488674757e-01
4.678300000000000182e+03 1.951482287281597746e+04 1.960318453685734597e-01
4.681800000000000182e+03 1.896686763226092808e+04 1.995351934546515660e-01
4.685300000000000182e+03 1.900099663245334159e+04 1.982544531831641754e-01
4.688800000000000182e+03 1.886250153523245172e+04 1.983200045400516920e-01
4.692300000000000182e+03 1.854207257814300465e+04 1.978930042824326441e-01
4.695800000000000182e+03 1.834364514816626979e+04 1.974005978056460053e-01
4.699300000000000182e+03 1.859205565846190439e+04 1.955850671246699979e-01
4.702800000000000182e+03 1.853719014865854842e+04 1.943864088944038948e-01
4.706300000000000182e+03 1.862548194353790313e+04 1.941294839274692041e-01
4.709800000000000182e+03 1.852145975686382371e+04 1.931010088724754159e-01
4.713300000000000182e+03 1.871291051916087599e+04 1.915107451817379958e-01
4.716800000000000182e+03 1.860186954050729764e+04 1.924389432091078156e-01
4.720300000000000182e+03 1.875708444982290530e+04 1.934904651756674532e-01
4.723800000000000182e+03 1.893246668885265535e+04 1.937002633770323889e-01
4.727300000000000182e+03 1.929660453645103189e+04 1.916530369370872122e-01
4.730800000000000182e+03 1.964800263047441331e+04 1.917229491698476118e-01
4.734300000000000182e+03 1.965148150552814695e+04 1.907179411234878608e-01
4.737800000000000182e+03 1.932864308680924296e+04 1.905209929300751837e-01
4.741300000000000182e+03 1.964736673513252754e+04 1.912054176206887390e-01
4.744800000000000182e+03 1.998030523945065215e+04 1.882513613801520269e-01
4.748300000000000182e+03 1.953406394571286364e+04 1.889574946151031942e-01
4.751800000000000182e+03 1.957366451691931434e+04 1.886003221725303103e-01
4.755300000000000182e+03 1.953371415321817040e+04 1.901077308106211561e-01
4.758800000000000182e+03 1.974083222477948220e+04 1.886623624751464223e-01
4.762300000000000182e+03 1.980287462684975253e+04 1.867921046897900450e-01
4.765800000000000182e+03 1.949683453538483082e+04 1.870975010284944839e-01
4.769300000000000182e+03 1.945867460484031108e+04 1.872097524214286213e-01
4.772800000000000182e+03 1.923762418854862699e+04 1.869293758199417621e-01
4.776300000000000182e+03 1.915454558705814270e+04 1.869328349466873873e-01
4.779800000000000182e+03 1.919972306321577344e+04 1.851379039604128252e-01
4.783300000000000182e+03 1.928328067327152894e+04 1.856100275973041336e-01
4.786800000000000182e+03 1.946802082622687522e+04 1.848977929496949391e-01
4.790300000000000182e+03 1.941712717459346823e+04 1.853347123757475845e-01
4.793800000000000182e+03 1.942853536022986009e+04 1.821141144640771037e-01
4.797300000000000182e+03 1.896366834263159762e+04 1.841581413278876311e-01
4.800800000000000182e+03 1.941848400132704046e+04 1.830167045351514810e-01
4.804300000000000182e+03 1.908037045973283966e+04 1.837718267881629508e-01
4.807800000000000182e+03 1.900557547294523465e+04 1.819784603948531587e-01
4.811300000000000182e+03 1.901991641505204097e+04 1.811393404552681385e-01
4.814800000000000182e+03 1.860061352255220481e+04 1.838598468183938461e-01
4.818300000000000182e+03 1.829009939415237750e+04 1.828475380248843762e-01
4.821800000000000182e+03 1.787570032421812357e+04 1.841270785100336538e-01
4.825300000000000182e+03 1.821331470656698730e+04 1.822151035055956103e-01
4.828800000000000182e+03 1.777899953723435829e+04 1.837374274190375356e-01
4.832300000000000182e+03 1.685306874219087695e+04 1.830132485256363850e-01
4.835800000000000182e+03 1.633485748115590832e+04 1.834498804760067436e-01
4.839300000000000182e+03 1.554333030461447743e+04 1.813135157454101032e-01
4.842800000000000182e+03 1.508845677194316704e+04 1.784929869890826137e-01
4.846300000000000182e+03 1.438945845761373130e+04 1.797195093612903583e-01
4.849800000000000182e+03 1.361591810647974489e+04 1.776743324495201615e-01
4.853300000000000182e+03 1.313534956827229144e+04 1.769056808426049676e-01
4.856800000000000182e+03 1.223542642561654793e+04 1.762640469009792710e-01
4.860300000000000182e+03 1.161312678696276635e+04 1.727422369087367182e-01
4.863800000000000182e+03 1.196504532727453625e+04 1.669820779309280634e-01
4.867300000000000182e+03 1.194519632973848093e+04 1.610440009311775722e-01
4.870800000000000182e+03 1.198363518626461155e+04 1.614278224803630257e-01
4.874300000000000182e+03 1.265360643873524896e+04 1.646507357105640168e-01
4.877800000000000182e+03 1.321311691941455319e+04 1.691944771002713843e-01
4.881300000000000182e+03 1.415160803766614663e+04 1.754769583292305202e-01
4.884800000000000182e+03 1.509191874337365880e+04 1.799823706070307894e-01
4.888300000000000182e+03 1.605441007866893415e+04 1.794139607339265141e-01
4.891800000000000182e+03 1.705025851056823012e+04 1.785010661469983440e-01
4.895300000000000182e+03 1.742725495284384306e+04 1.790786651711075983e-01
4.898800000000000182e+03 1.797362778369059379e+04 1.760344036531284739e-01
4.902300000000000182e+03 1.814936553821714188e+04 1.741350266560919013e-01
4.905800000000000182e+03 1.836622652578647831e+04 1.726158889888575187e-01
4.909300000000000182e+03 1.891016797690853855e+04 1.706628328234840175e-01
4.912800000000000182e+03 1.889135014474443597e+04 1.714666473300102134e-01
4.916300000000000182e+03 1.896405847054635160e+04 1.718309431304921864e-01
4.919800000000000182e+03 1.880409643194298042e+04 1.715738273446355544e-01
4.923300000000000182e+03 1.899481829140869377e+04 1.698246527089573854e-01
4.926800000000000182e+03 1.946994853435158802e+04 1.688011537342299917e-01
4.930300000000000182e+03 1.890874569404560316e+04 1.685927893497945196e-01
4.933800000000000182e+03 1.897692757112858089e+04 1.682135594055637340e-01
4.937300000000000182e+03 1.903903416248382928e+04 1.687280392414333696e-01
4.940800000000000182e+03 1.899028612147370222e+04 1.698780511147789940e-01
4.944300000000000182e+03 1.944182210501518057e+04 1.677647860161266546e-01
4.947800000000000182e+03 1.958550526105999234e+04 1.673452211891697239e-01
4.951300000000000182e+03 1.929577397239654601e+04 1.698362594755289390e-01
4.954800000000000182e+03 1.911048197204154349e+04 1.705390934946864612e-01
4.958300000000000182e+03 1.975567839749350605e+04 1.670874329990943152e-01
4.961800000000000182e+03 1.926083757275513199e+04 1.681860018500268006e-01
4.965300000000000182e+03 1.968105927959603287e+04 1.669205659890895255e-01
4.968800000000000182e+03 1.939967212616456527e+04 1.678260517324264844e-01
4.972300000000000182e+03 1.958878860984389758e+04 1.679772235669514391e-01
4.975800000000000182e+03 1.984261170147465600e+04 1.662212007009682135e-01
4.979300000000000182e+03 1.972183686322165158e+04 1.651559899125008835e-01
4.982800000000000182e+03 1.924332700960187503e+04 1.673120748724169493e-01
4.986300000000000182e+03 1.930375601328030825e+04 1.655112223455465770e-01
4.989800000000000182e+03 1.930015749321038675e+04 1.667833314001113398e-01
4.993300000000000182e+03 1.919047342501006642e+04 1.646712471875901584e-01
4.996800000000000182e+03 1.916062904341610556e+04 1.654694457472201674e-01
5.000300000000000182e+03 1.907851735365434797e+04 1.636035240733332563e-01
5.003800000000000182e+03 1.860566972880785033e+04 1.652185812120931518e-01
5.007300000000000182e+03 1.896188082311438484e+04 1.641492625279919737e-01
5.010800000000000182e+03 1.921600370213944188e+04 1.633221493841265637e-01
5.014300000000000182e+03 1.877231071688226439e+04 1.635427553580399429e-01
5.017800000000000182e+03 1.904382996308444490e+04 1.630930862732820064e-01
5.021300000000000182e+03 1.918496256041023298e+04 1.618914805944930979e-01
5.024800000000000182e+03 1.881710067830288972e+04 1.668355501303249444e-01
5.028300000000000182e+03 1.911887060794790159e+04 1.640558221420547191e-01
5.031800000000000182e+03 1.884676562381607437e+04 1.670911123582441704e-01
5.035300000000000182e+03 1.883223194356170643e+04 1.673225134603401054e-01
5.038800000000000182e+03 1.883357107274073132e+04 1.663664792092305333e-01
5.042300000000000182e+03 1.884870054690340839e+04 1.643913192176159888e-01
5.045800000000000182e+03 1.878701462626330613e+04 1.645349097248972881e-01
5.049300000000000182e+03 1.900006272798259306e+04 1.640056186208464495e-01
5.052800000000000182e+03 1.889441790463987127e+04 1.634799649935687604e-01
5.056300000000000182e+03 1.908383411501671071e+04 1.619294286476662681e-01
5.059800000000000182e+03 1.896493663027658476e+04 1.636560120597321810e-01
5.063300000000000182e+03 1.916701048427489513e+04 1.618853214807366159e-01
5.066800000000000182e+03 1.913553837627682515e+04 1.618771624475201232e-01
5.070300000000000182e+03 1.962822434444783721e+04 1.621973507821468374e-01
5.073800000000000182e+03 1.905870696919516922e+04 1.624939786550159693e-01
5.077300000000000182e+03 1.909133546464753090e+04 1.630333342119237861e-01
5.080800000000000182e+03 1.920661110536280466e+04 1.618362962254613902e-01
5.084300000000000182e+03 1.942962552898036301e+04 1.601774891695541547e-01
5.087800000000000182e+03 1.958999698680289293e+04 1.581626442167551605e-01
5.091300000000000182e+03 1.944298409057842946e+04 1.610283927781115121e-01
5.094800000000000182e+03 1.995799045817014485e+04 1.573377805558630604e-01
5.098300000000000182e+03 1.950449667574298655e+04 1.593671878053209423e-01
5.101800000000000182e+03 1.961763028496823608e+04 1.572266483500583401e-01
5.105300000000000182e+03 1.964536150346099384e+04 1.559951960879022992e-01
5.108800000000000182e+03 1.964061559867789401e+04 1.562163662133592146e-01
5.112300000000000182e+03 1.917915501451344608e+04 1.572154305051143286e-01
5.115800000000000182e+03 1.988062688803511628e+04 1.554496156051957401e-01
5.119300000000000182e+03 1.955593481223694107e+04 1.548854720147421482e-01
5.122800000000000182e+03 1.951079541825200795e+04 1.556172899376010721e-01
5.126300000000000182e+03 1.908223321704557748e+04 1.551888189793985684e-01
5.129800000000000182e+03 1.942929003794229720e+04 1.535358204123583037e-01
5.133300000000000182e+03 1.978940365019294768e+04 1.528611945440073450e-01
5.136800000000000182e+03 1.921065523911527271e+04 1.544883930497538138e-01
5.140300000000000182e+03 1.921631633215424154e+04 1.537831432566426626e-01
5.143800000000000182e+03 1.929322352037978271e+04 1.541894399680083794e-01
5.147300000000000182e+03 1.926111254526981429e+04 1.542999869926696688e-01
5.150800000000000182e+03 1.888720581816169579e+04 1.537442512011165663e-01
5.154300000000000182e+03 1.924784467255282652e+04 1.527446699675660824e-01
5.157800000000000182e+03 1.903908163298344880e+04 1.540666226379494297e-01
5.161300000000000182e+03 1.902315612899857297e+04 1.526282098871612203e-01
5.164800000000000182e+03 1.896978492777425345e+04 1.525396795614009093e-01
5.168300000000000182e+03 1.917044506495095629e+04 1.516085458640328842e-01
5.171800000000000182e+03 1.893687085368894623e+04 1.507921911559629013e-01
5.175300000000000182e+03 1.910922799695900176e+04 1.514440633671496894e-01
5.178800000000000182e+03 1.903272909439869545e+04 1.508204963347492267e-01
5.182300000000000182e+03 1.904838903770121033e+04 1.512034100856301244e-01
5.185800000000000182e+03 1.856190538629423099e+04 1.527276407133717484e-01
5.189300000000000182e+03 1.886781578971411727e+04 1.497948745346691923e-01
5.192800000000000182e+03 1.912734933482182169e+04 1.528396634300850099e-01
5.196300000000000182e+03 1.935081516417850435e+04 1.486985434316207833e-01
5.199800000000000182e+03 1.906903443957853960e+04 1.506313179389971169e-01
5.203300000000000182e+03 1.896692320891784402e+04 1.524901531745217198e-01
5.206800000000000182e+03 1.925506298650020835e+04 1.511079473227953385e-01
5.210300000000000182e+03 1.926166900594331673e+04 1.513472067282243816e-01
5.213800000000000182e+03 1.908520636552487485e+04 1.506041902458135906e-01
5.217300000000000182e+03 1.923970093402674320e+04 1.507959223090708512e-01
5.220800000000000182e+03 1.892268884117221023e+04 1.490524491001688767e-01
5.224300000000000182e+03 1.914703266972116035e+04 1.512723343766395057e-01
5.227800000000000182e+03 1.889232945498847039e+04 1.488753371702577488e-01
5.231300000000000182e+03 1.916748347808538165e+04 1.501072093129897922e-01
5.234800000000000182e+03 1.930081764239758922e+04 1.483054681251623486e-01
5.238300000000000182e+03 1.906512746928622073e+04 1.488744208901546517e-01
5.241800000000000182e+03 1.952809317713729615e+04 1.487329493738145381e-01
5.245300000000000182e+03 1.919155826056710430e+04 1.486925883631042000e-01
5.248800000000000182e+03 1.924077659673477319e+04 1.489892652040346044e-01
5.252300000000000182e+03 1.916080279975261874e+04 1.506585135875272707e-01
5.255800000000000182e+03 1.913025407050392096e+04 1.508574999302765840e-01
5.259300000000000182e+03 1.924178995029617363e+04 1.492060246324357908e-01
5.262800000000000182e+03 1.877781101155327997e+04 1.497524903934593643e-01
5.266300000000000182e+03 1.852873039957689980e+04 1.482344331505346668e-01
5.269800000000000182e+03 1.870382048001000294e+04 1.473601026669216774e-01
5.273300000000000182e+03 1.873024401075478818e+04 1.485412870042453759e-01
5.276800000000000182e+03 1.859270520168786243e+04 1.473586161569231945e-01
5.280300000000000182e+03 1.870338791683021191e+04 1.473246545861374435e-01
5.283800000000000182e+03 1.873713769815224441e+04 1.495258053337116255e-01
5.287300000000000182e+03 1.851341280758998619e+04 1.492719531863466176e-01
5.290800000000000182e+03 1.879318323015165515e+04 1.494627226198804171e-01
5.294300000000000182e+03 1.884169866179286691e+04 1.500773172867725103e-01
5.297800000000000182e+03 1.880316573952906765e+04 1.500264054689697535e-01
5.301300000000000182e+03 1.873387545193478945e+04 1.476032847965632611e-01
5.304800000000000182e+03 1.877801209308486796e+04 1.491242026364947293e-01
5.308300000000000182e+03 1.912810457915929874e+04 1.476526914915340938e-01
5.311800000000000182e+03 1.864526936607469906e+04 1.483054916232791065e-01
5.315300000000000182e+03 1.867230125063116793e+04 1.479961665273727411e-01
5.318800000000000182e+03 1.860840592326466140e+04 1.496144656522317429e-01
5.322300000000000182e+03 1.855304234025259575e+04 1.480224830533690139e-01
5.325800000000000182e+03 1.884319711636088323e+04 1.446530816207930725e-01
5.329300000000000182e+03 1.868118615760029934e+04 1.450482271011914182e-01
5.332800000000000182e+03 1.851084867373633097e+04 1.457151922819575063e-01
5.336300000000000182e+03 1.861591775286537813e+04 1.444107179646320349e-01
5.339800000000000182e+03 1.854338374745277179e+04 1.467781741561870190e-01
5.343300000000000182e+03 1.868243594679645685e+04 1.462517862865800045e-01
5.346800000000000182e+03 1.887864859009822976e+04 1.464927382879645523e-01
5.350300000000000182e+03 1.856782569289396997e+04 1.464870468630669886e-01
5.353800000000000182e+03 1.861435021481589138e+04 1.461873083512691129e-01
5.357300000000000182e+03 1.836600115152789294e+04 1.475933005451158797e-01
5.360800000000000182e+03 1.871355220477205876e+04 1.468137677158690702e-01
5.364300000000000182e+03 1.880582469291585585e+04 1.439169012695540040e-01
5.367800000000000182e+03 1.885840353861228141e+04 1.439261791781412669e-01
5.371300000000000182e+03 1.874722423558924493e+04 1.454148571916698274e-01
5.374800000000000182e+03 1.876212061256118250e+04 1.434942002605507083e-01
5.378300000000000182e+03 1.888299329358187606e+04 1.433878682342164812e-01
5.381800000000000182e+03 1.814704219095191002e+04 1.456569673903294337e-01
5.385300000000000182e+03 1.838841068491814440e+04 1.468366282292785929e-01
5.388800000000000182e+03 1.869078451884505921e+04 1.435392059536136633e-01
5.392300000000000182e+03 1.827127389390218377e+04 1.462014482149821826e-01
5.395800000000000182e+03 1.838393169362585832e+04 1.470192837760934124e-01
5.399300000000000182e+03 1.822671281205411651e+04 1.445965086421193146e-01
5.402800000000000182e+03 1.821482089646863460e+04 1.454147344423990795e-01
5.406300000000000182e+03 1.818529816761334587e+04 1.450075747030416251e-01
5.409800000000000182e+03 1.800566908628747842e+04 1.461544464591529036e-01
5.413300000000000182e+03 1.790283487697643068e+04 1.464144469483075472e-01
5.416800000000000182e+03 1.847508798697763268e+04 1.442807864534719486e-01
5.420300000000000182e+03 1.806104612336708306e+04 1.433380938955690631e-01
5.423800000000000182e+03 1.819479090357806490e+04 1.424885426116483944e-01
5.427300000000000182e+03 1.821377977708258550e+04 1.461239235827196392e-01
5.430800000000000182e+03 1.815594114288141282e+04 1.435419557364985554e-01
5.434300000000000182e+03 1.814954514380767068e+04 1.431958860953885804e-01
5.437800000000000182e+03 1.818894297235116028e+04 1.438093257648141721e-01
5.441300000000000182e+03 1.846823366372649616e+04 1.430116261276324074e-01
5.444800000000000182e+03 1.863363355765013694e+04 1.426270001146564270e-01
5.448300000000000182e+03 1.808349894434753151e+04 1.418732224576562118e-01
5.451800000000000182e+03 1.838053721232730095e+04 1.432073528107770388e-01
5.455300000000000182e+03 1.822370832618745771e+04 1.431526733078760938e-01
5.458800000000000182e+03 1.793648161555684055e+04 1.435758764562738710e-01
5.462300000000000182e+03 1.835368666321014825e+04 1.420651449337065053e-01
5.465800000000000182e+03 1.812843727475754713e+04 1.432977618272877063e-01
5.469300000000000182e+03 1.799737251835937059e+04 1.409375551538705751e-01
5.472800000000000182e+03 1.823544352881962914e+04 1.407336290589915884e-01
5.476300000000000182e+03 1.847119302278293617e+04 1.395313671744892736e-01
5.479800000000000182e+03 1.863380040112995994e+04 1.406098476724199908e-01
5.483300000000000182e+03 1.836567584335702850e+04 1.412985962036386323e-01
5.486800000000000182e+03 1.825117877443561156e+04 1.425211145313934336e-01
5.490300000000000182e+03 1.788459529176623255e+04 1.426188567398718465e-01
5.493800000000000182e+03 1.828203322496376859e+04 1.386433964518020145e-01
5.497300000000000182e+03 1.812580308020068333e+04 1.410908334834155564e-01
5.500800000000000182e+03 1.821192628072372099e+04 1.403337265622970065e-01
5.504300000000000182e+03 1.850335099916108447e+04 1.379825377369902628e-01
5.507800000000000182e+03 1.788427936653033248e+04 1.394439129632302488e-01
5.511300000000000182e+03 1.835333360829219237e+04 1.374846713441434665e-01
5.514800000000000182e+03 1.812371432329978779e+04 1.398137973335226714e-01
5.518300000000000182e+03 1.827821249589081708e+04 1.397379448098807209e-01
5.521800000000000182e+03 1.801496732409600008e+04 1.402549874420571108e-01
5.525300000000000182e+03 1.788579799924684266e+04 1.394406384238377761e-01
5.528800000000000182e+03 1.775969185383663353e+04 1.408445427136068850e-01
5.532300000000000182e+03 1.751131239998053570e+04 1.411671686912099322e-01
5.535800000000000182e+03 1.801922973025384999e+04 1.374578421105331905e-01
5.539300000000000182e+03 1.798159309734268027e+04 1.374383401885584388e-01
5.542800000000000182e+03 1.780222943597045378e+04 1.397805965312499676e-01
5.546300000000000182e+03 1.792589150795911701e+04 1.368826368610879529e-01
5.549800000000000182e+03 1.798146110212491840e+04 1.386190461971327781e-01
5.553300000000000182e+03 1.768397815823081692e+04 1.390834753223403608e-01
5.556800000000000182e+03 1.759694401508140436e+04 1.400693300233882832e-01
5.560300000000000182e+03 1.806569568498455919e+04 1.381026606738542661e-01
5.563800000000000182e+03 1.759265609910400235e+04 1.384425376172153388e-01
5.567300000000000182e+03 1.741331148401833707e+04 1.391942122925268199e-01
5.570800000000000182e+03 1.727956483816571563e+04 1.390333698128910500e-01
5.574300000000000182e+03 1.750816390831886019e+04 1.391675955043635837e-01
5.577800000000000182e+03 1.748435225302967956e+04 1.377609241288308695e-01
5.581300000000000182e+03 1.745653734337742571e+04 1.377993908399416934e-01
5.584800000000000182e+03 1.753414419166827429e+04 1.386260271830675184e-01
5.588300000000000182e+03 1.763703888392575027e+04 1.367019587126520885e-01
5.591800000000000182e+03 1.765622161637834506e+04 1.383828940633151094e-01
5.595300000000000182e+03 1.703947466985855863e+04 1.390477434503898102e-01
5.598800000000000182e+03 1.755706621015370547e+04 1.374548112686278800e-01
5.602300000000000182e+03 1.754712629460437529e+04 1.384724072230311132e-01
5.605800000000000182e+03 1.748853580974772922e+04 1.381597438765091723e-01
5.609300000000000182e+03 1.730997261661565426e+04 1.388997062170058694e-01
5.612800000000000182e+03 1.744748357196394863e+04 1.370443786498614369e-01
5.616300000000000182e+03 1.736147269812481682e+04 1.379371765884762346e-01
5.619800000000000182e+03 1.753380862793417691e+04 1.394898890062864771e-01
5.623300000000000182e+03 1.742416806849186105e+04 1.372761581427359157e-01
5.626800000000000182e+03 1.713910524253248514e+04 1.400023240007184366e-01
5.630300000000000182e+03 1.757425882900697616e+04 1.386474869818390132e-01
5.633800000000000182e+03 1.713683570725373647e+04 1.403652930969248591e-01
5.637300000000000182e+03 1.763895905609973852e+04 1.368343965738618440e-01
5.640800000000000182e+03 1.735669555674960429e+04 1.393149673532345367e-01
5.644300000000000182e+03 1.734078477576620935e+04 1.383061238016357608e-01
5.647800000000000182e+03 1.691555203875217194e+04 1.386274714882209380e-01
5.651300000000000182e+03 1.700076676838297863e+04 1.397386786738560038e-01
5.654800000000000182e+03 1.727399363564388841e+04 1.377136348740542748e-01
5.658300000000000182e+03 1.727839423154866745e+04 1.374203536012363613e-01
5.661800000000000182e+03 1.704564004821417620e+04 1.395767852225378858e-01
5.665300000000000182e+03 1.728093099930886456e+04 1.375557734558928991e-01
5.668800000000000182e+03 1.721756378244435837e+04 1.382545534040513224e-01
5.672300000000000182e+03 1.703199298048840137e+04 1.385116345593703779e-01
5.675800000000000182e+03 1.686190874308188722e+04 1.398832813578098910e-01
5.679300000000000182e+03 1.647550604332918374e+04 1.425745086602254186e-01
5.682800000000000182e+03 1.649993120978439401e+04 1.399991134736483511e-01
5.686300000000000182e+03 1.666824463611399551e+04 1.414771796603104259e-01
5.689800000000000182e+03 1.662023520797003221e+04 1.407869399477570393e-01
5.693300000000000182e+03 1.648878723166421332e+04 1.425760746140100621e-01
5.696800000000000182e+03 1.661024830830899373e+04 1.420522937086639292e-01
