# wavelength angstroms, flux, ext coeff
5.551500000000000000e+03 9.215999303678716387e+03 1.528775697018238122e-01
5.558500000000000000e+03 9.802927786757356444e+03 1.452776605032014834e-01
5.565500000000000000e+03 9.893553596951380314e+03 1.398559444598830859e-01
5.572500000000000000e+03 1.016850370644928262e+04 1.392424248600341585e-01
5.579500000000000000e+03 1.011477491870317135e+04 1.394843456593818365e-01
5.586500000000000000e+03 1.038471577998906469e+04 1.376429878633123882e-01
5.593500000000000000e+03 1.050854597015832587e+04 1.380478702635884181e-01
5.600500000000000000e+03 1.036352137645212861e+04 1.410646596712804568e-01
5.607500000000000000e+03 1.059857124088608725e+04 1.363809767548780916e-01
5.614500000000000000e+03 1.089641463078128800e+04 1.371152087336072189e-01
5.621500000000000000e+03 1.083202075368853184e+04 1.393378791579320819e-01
5.628500000000000000e+03 1.082218027612986407e+04 1.390919851122643380e-01
5.635500000000000000e+03 1.090814977294340315e+04 1.381926836604852604e-01
5.642500000000000000e+03 1.072097937393277607e+04 1.393139408091025322e-01
5.649500000000000000e+03 1.103888634481753252e+04 1.379139118848665413e-01
5.656500000000000000e+03 1.099500568188913894e+04 1.391822392022851185e-01
5.663500000000000000e+03 1.095155298211020090e+04 1.380874910306148229e-01
5.670500000000000000e+03 1.102561432757703551e+04 1.386420887254851408e-01
5.677500000000000000e+03 1.095307008288391808e+04 1.418542263636234646e-01
5.684500000000000000e+03 1.083062313935789462e+04 1.422166865871137553e-01
5.691500000000000000e+03 1.115422920669315863e+04 1.423569376462215097e-01
5.698500000000000000e+03 1.136087571683119313e+04 1.406434712911687479e-01
5.705500000000000000e+03 1.121561261530993579e+04 1.378768195229263249e-01
5.712500000000000000e+03 1.137606037419718996e+04 1.394513241814504811e-01
5.719500000000000000e+03 1.127731521770220752e+04 1.407846046564595610e-01
5.726500000000000000e+03 1.152192880484835223e+04 1.396228772974979770e-01
5.733500000000000000e+03 1.133367725120658906e+04 1.412206671428571092e-01
5.740500000000000000e+03 1.154537824956143595e+04 1.382169475281812554e-01
5.747500000000000000e+03 1.158871692512115260e+04 1.373788612190225134e-01
5.754500000000000000e+03 1.174243630186710834e+04 1.370305107914061571e-01
5.761500000000000000e+03 1.177387549905388369e+04 1.368355923872596192e-01
5.768500000000000000e+03 1.182425702603448372e+04 1.366642184583031217e-01
5.775500000000000000e+03 1.202984777379488696e+04 1.356247580689173005e-01
5.782500000000000000e+03 1.182239330853134197e+04 1.358541303493411567e-01
5.789500000000000000e+03 1.197133012351352772e+04 1.340071344883329574e-01
5.796500000000000000e+03 1.189341561945087960e+04 1.338263756664874737e-01
5.803500000000000000e+03 1.249435892742338547e+04 1.305428632669254352e-01
5.810500000000000000e+03 1.247954168544605272e+04 1.283437562687876343e-01
5.817500000000000000e+03 1.211637749796263779e+04 1.319661352760421180e-01
5.824500000000000000e+03 1.235394873279132298e+04 1.310002500418942228e-01
5.831500000000000000e+03 1.237643006172126115e+04 1.302810855938207057e-01
5.838500000000000000e+03 1.247871045069661341e+04 1.271703149611245476e-01
5.845500000000000000e+03 1.241437665622391251e+04 1.292482123860599075e-01
5.852500000000000000e+03 1.230259847399825594e+04 1.298238436644725269e-01
5.859500000000000000e+03 1.235061072241574220e+04 1.294447239985727083e-01
5.866500000000000000e+03 1.209536478976628678e+04 1.324142829610321093e-01
5.873500000000000000e+03 1.216743507264637265e+04 1.337618251510696576e-01
5.880500000000000000e+03 1.178193033271483000e+04 1.354725107027606457e-01
5.887500000000000000e+03 1.170122102543845176e+04 1.379877699576381178e-01
5.894500000000000000e+03 1.170872195410974564e+04 1.401381087239379208e-01
5.901500000000000000e+03 1.152202730782348590e+04 1.431960605072770676e-01
5.908500000000000000e+03 1.162065791708508550e+04 1.437328201520290671e-01
5.915500000000000000e+03 1.153646358347554815e+04 1.432714076071117115e-01
5.922500000000000000e+03 1.143800339216117027e+04 1.423021016446146259e-01
5.929500000000000000e+03 1.179862863034642032e+04 1.428225563895343386e-01
5.936500000000000000e+03 1.174180160684676048e+04 1.400258593605034629e-01
5.943500000000000000e+03 1.172820684705828899e+04 1.393106682370249816e-01
5.950500000000000000e+03 1.159736522549662004e+04 1.378498023875771306e-01
5.957500000000000000e+03 1.178175472120648737e+04 1.393065706141288773e-01
5.964500000000000000e+03 1.215943216918002327e+04 1.352666777778463170e-01
5.971500000000000000e+03 1.225528738936363152e+04 1.338000643201944784e-01
5.978500000000000000e+03 1.209108242950532258e+04 1.338375686022285627e-01
5.985500000000000000e+03 1.232827601992058590e+04 1.315452430112779292e-01
5.992500000000000000e+03 1.263588973278396952e+04 1.300705790272248530e-01
5.999500000000000000e+03 1.240420963581336218e+04 1.298506722907179778e-01
6.006500000000000000e+03 1.262975442402389490e+04 1.282963116564742601e-01
6.013500000000000000e+03 1.250914011530579774e+04 1.275598159759969430e-01
6.020500000000000000e+03 1.262638190896180095e+04 1.278124747644147075e-01
6.027500000000000000e+03 1.267200255049531006e+04 1.245923948373685725e-01
6.034500000000000000e+03 1.281542640310547540e+04 1.264465127007812217e-01
6.041500000000000000e+03 1.256860047608309287e+04 1.252050332877234218e-01
6.048500000000000000e+03 1.285194684432084432e+04 1.239636117576264074e-01
6.055500000000000000e+03 1.301462026482823421e+04 1.211974480528060505e-01
6.062500000000000000e+03 1.280692362365294503e+04 1.225509433566136785e-01
6.069500000000000000e+03 1.296674848545648274e+04 1.219936605586339345e-01
6.076500000000000000e+03 1.302915685650652631e+04 1.199745295372154769e-01
6.083500000000000000e+03 1.303845572817965694e+04 1.195101528923155770e-01
6.090500000000000000e+03 1.272172346203103007e+04 1.214177533082830135e-01
6.097500000000000000e+03 1.296706858359466423e+04 1.191801980924607346e-01
6.104500000000000000e+03 1.277234018590370033e+04 1.179759098652431309e-01
6.111500000000000000e+03 1.308811232865537568e+04 1.156974522340607631e-01
6.118500000000000000e+03 1.316730035408614822e+04 1.156541377458611131e-01
6.125500000000000000e+03 1.290490841381782957e+04 1.154023133454072647e-01
6.132500000000000000e+03 1.315324041182436122e+04 1.136780308983529053e-01
6.139500000000000000e+03 1.292776389996778380e+04 1.150302227333001304e-01
6.146500000000000000e+03 1.312098571988044205e+04 1.125765421039066211e-01
6.153500000000000000e+03 1.321271320357210243e+04 1.108278318646654659e-01
6.160500000000000000e+03 1.315588636031994429e+04 1.099191528273995300e-01
6.167500000000000000e+03 1.281147501230037778e+04 1.097237762928082450e-01
6.174500000000000000e+03 1.326813993446768472e+04 1.091817645854272767e-01
6.181500000000000000e+03 1.335875571996034705e+04 1.072946085548630440e-01
6.188500000000000000e+03 1.320333705879788067e+04 1.084322324682113342e-01
6.195500000000000000e+03 1.353455766575829875e+04 1.067892808864476933e-01
6.202500000000000000e+03 1.314385546599502595e+04 1.102561974155686630e-01
6.209500000000000000e+03 1.333512041810686787e+04 1.067352483075249547e-01
6.216500000000000000e+03 1.328427788861363115e+04 1.061053772778046966e-01
6.223500000000000000e+03 1.314496534944299856e+04 1.041818613397891002e-01
6.230500000000000000e+03 1.348667760946961425e+04 1.025710395266723890e-01
6.237500000000000000e+03 1.360429315712417338e+04 1.020054322262426288e-01
6.244500000000000000e+03 1.358236331418629743e+04 1.025940408499159268e-01
6.251500000000000000e+03 1.358659524581643745e+04 1.016079027828808018e-01
6.258500000000000000e+03 1.298398411755630332e+04 1.055762873919970507e-01
6.265500000000000000e+03 1.280789776194995284e+04 1.097234163901810861e-01
6.272500000000000000e+03 1.254845081714269872e+04 1.110217859722347489e-01
6.279500000000000000e+03 1.261729867680191819e+04 1.097825657059688237e-01
6.286500000000000000e+03 1.223418143893447086e+04 1.145067656394326006e-01
6.293500000000000000e+03 1.275233044953599347e+04 1.110144942552886704e-01
6.300500000000000000e+03 1.300711901615197712e+04 1.069672425531862509e-01
6.307500000000000000e+03 1.291735250031793294e+04 1.065283191049168771e-01
6.314500000000000000e+03 1.301048200821578394e+04 1.028639965888913793e-01
6.321500000000000000e+03 1.309619367643783335e+04 1.020876176153298620e-01
6.328500000000000000e+03 1.323161640195620384e+04 9.918176840482617607e-02
6.335500000000000000e+03 1.341911188503530684e+04 9.800727551616673916e-02
6.342500000000000000e+03 1.310344850795115963e+04 9.846411552201719819e-02
6.349500000000000000e+03 1.361683501166145834e+04 9.549547591365828425e-02
6.356500000000000000e+03 1.350687730003507022e+04 9.451922905748032233e-02
6.363500000000000000e+03 1.343581855725236164e+04 9.587815037194898082e-02
6.370500000000000000e+03 1.345332212654222167e+04 9.207200183806420191e-02
6.377500000000000000e+03 1.383672430905788497e+04 9.187057404384381398e-02
6.384500000000000000e+03 1.389884657250867713e+04 9.120567572639397269e-02
6.391500000000000000e+03 1.371869428690099085e+04 9.261745838140508780e-02
6.398500000000000000e+03 1.357414293100050782e+04 9.328897488650256253e-02
6.405500000000000000e+03 1.339674477064197163e+04 9.193035620673814523e-02
6.412500000000000000e+03 1.360019448258957527e+04 8.970378517071515845e-02
6.419500000000000000e+03 1.347882828843580501e+04 9.136750007214169966e-02
6.426500000000000000e+03 1.347565082275833265e+04 9.084534811356506645e-02
6.433500000000000000e+03 1.351052016164594534e+04 8.949322500981136963e-02
6.440500000000000000e+03 1.355411817603294185e+04 8.964093887548196804e-02
6.447500000000000000e+03 1.367360250908526541e+04 9.041675623103463677e-02
6.454500000000000000e+03 1.330835319344928030e+04 9.048134298185957214e-02
6.461500000000000000e+03 1.330325380278444027e+04 9.322272050966755319e-02
6.468500000000000000e+03 1.305757792541781600e+04 9.626314169263845699e-02
6.475500000000000000e+03 1.304790193918990190e+04 9.660097959923416577e-02
6.482500000000000000e+03 1.265727742048063919e+04 9.759296816796450558e-02
6.489500000000000000e+03 1.266026893099987501e+04 9.596606135822545458e-02
6.496500000000000000e+03 1.297861194510759742e+04 9.438433135302383425e-02
6.503500000000000000e+03 1.268273927971659396e+04 9.591216014621556374e-02
6.510500000000000000e+03 1.282141096836182987e+04 9.354636508665721550e-02
6.517500000000000000e+03 1.290403367089598942e+04 9.288955803969596581e-02
6.524500000000000000e+03 1.228213812924635931e+04 9.620330850326742900e-02
6.531500000000000000e+03 1.206877931289669687e+04 9.574164660829476148e-02
6.538500000000000000e+03 1.139190711863876095e+04 9.519959722134635483e-02
6.545500000000000000e+03 1.112966839061901737e+04 9.053093860527725023e-02
6.552500000000000000e+03 1.053758531368090917e+04 8.573689216038486716e-02
6.559500000000000000e+03 1.023901800630611251e+04 7.377439851845253582e-02
6.566500000000000000e+03 1.047614138380787153e+04 5.820138571163011032e-02
6.573500000000000000e+03 1.057757895624328194e+04 6.157671308061059279e-02
6.580500000000000000e+03 1.096453458092945220e+04 7.678326246512814923e-02
6.587500000000000000e+03 1.115765661376832395e+04 9.185424084319862570e-02
6.594500000000000000e+03 1.212816960540346918e+04 9.075014326625778505e-02
6.601500000000000000e+03 1.286458732816580959e+04 8.292506889019357619e-02
6.608500000000000000e+03 1.305298469323479912e+04 8.326741022257114211e-02
6.615500000000000000e+03 1.353063621454490567e+04 7.871330781454458081e-02
6.622500000000000000e+03 1.363583891477242469e+04 7.709869187876022822e-02
6.629500000000000000e+03 1.391437386703149605e+04 7.621191670823677933e-02
6.636500000000000000e+03 1.372489157486095246e+04 7.587811199833162379e-02
6.643500000000000000e+03 1.388503480925090662e+04 7.496032663646626237e-02
6.650500000000000000e+03 1.384359951722166443e+04 7.628324677226290540e-02
6.657500000000000000e+03 1.405967157346673230e+04 7.414647310368850663e-02
6.664500000000000000e+03 1.401590065390830205e+04 7.343969839438292679e-02
6.671500000000000000e+03 1.418602178561425899e+04 7.083420021136148381e-02
6.678500000000000000e+03 1.406078348230382289e+04 7.246595844453232460e-02
6.685500000000000000e+03 1.379296980135787089e+04 7.120408812217340899e-02
6.692500000000000000e+03 1.404025984197680373e+04 7.116882043774941380e-02
6.699500000000000000e+03 1.422196762378523454e+04 6.837341961446335992e-02
6.706500000000000000e+03 1.405018332523473691e+04 7.023436830255590235e-02
6.713500000000000000e+03 1.380846216435884162e+04 6.922483394070391705e-02
6.720500000000000000e+03 1.412143044542269490e+04 6.913060444752835987e-02
6.727500000000000000e+03 1.384481141233685594e+04 7.232622053731073419e-02
6.734500000000000000e+03 1.385869102415956149e+04 6.791227980810708720e-02
6.741500000000000000e+03 1.395989822443527555e+04 6.905637961090151100e-02
6.748500000000000000e+03 1.385152543930199863e+04 6.901546347979105323e-02
6.755500000000000000e+03 1.356414718654081662e+04 6.970044408959914783e-02
6.762500000000000000e+03 1.389112916622256489e+04 6.752801446464400115e-02
6.769500000000000000e+03 1.379952908608954931e+04 6.879552014564391249e-02
6.776500000000000000e+03 1.381694968296704064e+04 6.669613394039974885e-02
6.783500000000000000e+03 1.408280240930396758e+04 6.718726225352016079e-02
6.790500000000000000e+03 1.364632059318762731e+04 6.758557317877381121e-02
6.797500000000000000e+03 1.381463811055259066e+04 6.688882635260588738e-02
6.804500000000000000e+03 1.388841574283902446e+04 6.470325994059436536e-02
6.811500000000000000e+03 1.391501771171498331e+04 6.488211321996673053e-02
6.818500000000000000e+03 1.373879370946582094e+04 6.519504705071428596e-02
6.825500000000000000e+03 1.376402640070912275e+04 6.495294837372765639e-02
6.832500000000000000e+03 1.371178915807339035e+04 6.420372440820938664e-02
6.839500000000000000e+03 1.348202220192113782e+04 6.578340468159139809e-02
6.846500000000000000e+03 1.320513789398975314e+04 7.266175991457711481e-02
6.853500000000000000e+03 1.198007877147333602e+04 9.415091197776472021e-02
6.860500000000000000e+03 1.083761249648568082e+04 1.093303848469788231e-01
6.867500000000000000e+03 1.060878137009060629e+04 8.353439136142275234e-02
6.874500000000000000e+03 9.736578469247617249e+03 9.446359111525810814e-02
6.881500000000000000e+03 8.917150227102669305e+03 1.356909991088873224e-01
6.888500000000000000e+03 9.280852066500525325e+03 1.283638044357810759e-01
6.895500000000000000e+03 9.857472509880977668e+03 1.093116906495939511e-01
6.902500000000000000e+03 1.017135662237026008e+04 1.050779048545108646e-01
6.909500000000000000e+03 1.055130019235739746e+04 1.022172956736383670e-01
6.916500000000000000e+03 1.108163259237488091e+04 9.759968021258030868e-02
6.923500000000000000e+03 1.114685137882598974e+04 9.353644771863493801e-02
6.930500000000000000e+03 1.128609482557666524e+04 9.205135586425365612e-02
6.937500000000000000e+03 1.131187305504256619e+04 9.093009997438808445e-02
6.944500000000000000e+03 1.131119676366703607e+04 8.854356471171932752e-02
6.951500000000000000e+03 1.154869797262140492e+04 8.539831978880201013e-02
6.958500000000000000e+03 1.202347943476782348e+04 7.877789567677427607e-02
6.965500000000000000e+03 1.238868441835531485e+04 7.465159886418325230e-02
6.972500000000000000e+03 1.235933423808717089e+04 7.395511351689199042e-02
6.979500000000000000e+03 1.237853345091529445e+04 7.267681190432097316e-02
6.986500000000000000e+03 1.226211086331166734e+04 7.317795370887608675e-02
6.993500000000000000e+03 1.208674022953963868e+04 7.339808478878794007e-02
7.000500000000000000e+03 1.195435034514109611e+04 7.820555733211477512e-02
7.007500000000000000e+03 1.185212220956521014e+04 7.789589167275516590e-02
7.014500000000000000e+03 1.209970265144555742e+04 7.526932920186102383e-02
7.021500000000000000e+03 1.195781686787783110e+04 7.559508259561188714e-02
7.028500000000000000e+03 1.224621730708734503e+04 7.241882600220414523e-02
7.035500000000000000e+03 1.221120058606305429e+04 6.975173919918180310e-02
7.042500000000000000e+03 1.226199186061221189e+04 7.033992873142465296e-02
7.049500000000000000e+03 1.223270055466991107e+04 6.917289388337884148e-02
7.056500000000000000e+03 1.218874158252946836e+04 6.841172976442773390e-02
7.063500000000000000e+03 1.234706758267837176e+04 6.613777129842450531e-02
7.070500000000000000e+03 1.233713179139528984e+04 6.447328745400436600e-02
7.077500000000000000e+03 1.276453497610239720e+04 6.299975222588349855e-02
7.084500000000000000e+03 1.263272988088434431e+04 6.175080327110250150e-02
7.091500000000000000e+03 1.276802992189865290e+04 6.081291475615745873e-02
7.098500000000000000e+03 1.256338598496852865e+04 6.212425372704521997e-02
7.105500000000000000e+03 1.248968616362736248e+04 5.722511490674856566e-02
7.112500000000000000e+03 1.278869848463550261e+04 5.858265739200085864e-02
7.119500000000000000e+03 1.244178898894219310e+04 5.974465028315983223e-02
7.126500000000000000e+03 1.230326365434079344e+04 6.066709084252636802e-02
7.133500000000000000e+03 1.248578263949579559e+04 6.035174002255044856e-02
7.140500000000000000e+03 1.230084901323219310e+04 6.164945026576706955e-02
7.147500000000000000e+03 1.193471625338540616e+04 6.845209432987324483e-02
7.154500000000000000e+03 1.138902975447504832e+04 7.621185988652094678e-02
7.161500000000000000e+03 1.037805971929515363e+04 9.197062922325639767e-02
7.168500000000000000e+03 9.564032731818639149e+03 9.904293169072306280e-02
7.175500000000000000e+03 8.837453226764686406e+03 1.110974080447972717e-01
7.182500000000000000e+03 8.209765528502537563e+03 1.194374046670425571e-01
7.189500000000000000e+03 8.089998709422996399e+03 1.207101974426869617e-01
7.196500000000000000e+03 8.310652615462415270e+03 1.170720547922137478e-01
7.203500000000000000e+03 8.948319112598068386e+03 1.046480525030457631e-01
7.210500000000000000e+03 9.178758288655721117e+03 1.051625305291035706e-01
7.217500000000000000e+03 9.439785928541294197e+03 1.055508088680132406e-01
7.224500000000000000e+03 9.659692760649078991e+03 9.712554451655516785e-02
7.231500000000000000e+03 9.437279518413812184e+03 9.297647573899306406e-02
7.238500000000000000e+03 8.948085323576038718e+03 9.635469481928071733e-02
7.245500000000000000e+03 8.692396302918858055e+03 1.074126706050028968e-01
7.252500000000000000e+03 8.659692231820932648e+03 1.104545228225057157e-01
7.259500000000000000e+03 8.717433749374184117e+03 1.120578138113898781e-01
7.266500000000000000e+03 8.775410867511118340e+03 1.101218589534756487e-01
7.273500000000000000e+03 8.720337773582965383e+03 1.038750710705036578e-01
7.280500000000000000e+03 8.897633040837059525e+03 1.010257383450274965e-01
7.287500000000000000e+03 9.095329725927966138e+03 1.035697889210587808e-01
7.294500000000000000e+03 9.106612442987330724e+03 1.003836430007634256e-01
7.301500000000000000e+03 8.891482502903339991e+03 9.943467187697417609e-02
7.308500000000000000e+03 9.159773014666372546e+03 9.359364439549011649e-02
7.315500000000000000e+03 9.667245520142103487e+03 8.467524880578297664e-02
7.322500000000000000e+03 1.005645805235056469e+04 8.450581423380806867e-02
7.329500000000000000e+03 1.027966943451695988e+04 7.619970330573921924e-02
7.336500000000000000e+03 1.056372192657292362e+04 6.896142903565295745e-02
7.343500000000000000e+03 1.096335422159971495e+04 6.554087104024111654e-02
7.350500000000000000e+03 1.089479133853845451e+04 6.570514167768812253e-02
7.357500000000000000e+03 1.086084362271256941e+04 6.545730955380624216e-02
7.364500000000000000e+03 1.099981155240802036e+04 6.048702329468841343e-02
7.371500000000000000e+03 1.098769936118138867e+04 6.027234050010613076e-02
7.378500000000000000e+03 1.089427834617003464e+04 6.037723308042080433e-02
7.385500000000000000e+03 1.089014315535362402e+04 5.787914256253256368e-02
7.392500000000000000e+03 1.099417418450025252e+04 5.609951145168894093e-02
7.399500000000000000e+03 1.120099721916350791e+04 5.293570899006133645e-02
7.406500000000000000e+03 1.124123312260711282e+04 5.159060591369129395e-02
7.413500000000000000e+03 1.149343059003843518e+04 4.831204937103406732e-02
7.420500000000000000e+03 1.120869770600502125e+04 4.932673524684461075e-02
7.427500000000000000e+03 1.146565852416684356e+04 4.686901445993738730e-02
7.434500000000000000e+03 1.128667923159013480e+04 4.735651882702514998e-02
7.441500000000000000e+03 1.134356472139034304e+04 4.609662148343367238e-02
7.448500000000000000e+03 1.138401554234559080e+04 4.505252631051503975e-02
7.455500000000000000e+03 1.131522183078601120e+04 4.352972106262088803e-02
7.462500000000000000e+03 1.140306180198450420e+04 4.329711474069057597e-02
7.469500000000000000e+03 1.131914117090411855e+04 4.502603190641851078e-02
7.476500000000000000e+03 1.141371428347749134e+04 4.387839808111758388e-02
7.483500000000000000e+03 1.116604046981909232e+04 4.568081031133988668e-02
7.490500000000000000e+03 1.123376839149192347e+04 4.320368451978558871e-02
7.497500000000000000e+03 1.089306365767410171e+04 4.405670590165525202e-02
7.504500000000000000e+03 1.132516241107238056e+04 4.359927152392892996e-02
7.511500000000000000e+03 1.082602275645713235e+04 4.333661092343789323e-02
7.518500000000000000e+03 1.094718648863446106e+04 4.184899363547629064e-02
7.525500000000000000e+03 1.110215703705326632e+04 4.255622912837819793e-02
7.532500000000000000e+03 1.087433874403389200e+04 4.222234666850416263e-02
7.539500000000000000e+03 1.079891023374432734e+04 4.158319563575418876e-02
7.546500000000000000e+03 1.102180835367803047e+04 4.083066507182446514e-02
7.553500000000000000e+03 1.080643326350122697e+04 4.073456811990752019e-02
7.560500000000000000e+03 1.061097032776870401e+04 4.235197781214166540e-02
7.567500000000000000e+03 1.031988270352324616e+04 4.825797810461690540e-02
7.574500000000000000e+03 9.685515659958795368e+03 6.582300009583752498e-02
7.581500000000000000e+03 7.527327154134545708e+03 1.154765460524067866e-01
7.588500000000000000e+03 5.411299794632073827e+03 1.681234807001004694e-01
7.595500000000000000e+03 4.305666372938841960e+03 1.238485276350734243e-01
7.602500000000000000e+03 3.451166301923170977e+03 6.233363544643159837e-02
7.609500000000000000e+03 1.877029472963311491e+03 2.426327994926695542e-01
7.616500000000000000e+03 1.400896305956099013e+03 3.971307390769721057e-01
7.623500000000000000e+03 1.672889759579353495e+03 3.576309274216208367e-01
7.630500000000000000e+03 2.184294960065763462e+03 2.698509177866577069e-01
7.637500000000000000e+03 2.524612935337050658e+03 2.431276156312435488e-01
7.644500000000000000e+03 3.003280957196742293e+03 2.262519019087289307e-01
7.651500000000000000e+03 3.937557165799377799e+03 1.912619657534868067e-01
7.658500000000000000e+03 4.893599588287438564e+03 1.582628561121123545e-01
7.665500000000000000e+03 6.012249181261872764e+03 1.249184398193423917e-01
7.672500000000000000e+03 6.927251383768317282e+03 9.957857273578889223e-02
7.679500000000000000e+03 7.956996901667443126e+03 8.084828740240036782e-02
7.686500000000000000e+03 8.357871324219468079e+03 6.750927441423705544e-02
7.693500000000000000e+03 8.796209195755298424e+03 5.978899775094483754e-02
7.700500000000000000e+03 9.150705308502439948e+03 5.562235317182592093e-02
7.707500000000000000e+03 9.180808842800222919e+03 5.170359767587479061e-02
7.714500000000000000e+03 9.432019426092663707e+03 4.733709188615122659e-02
7.721500000000000000e+03 9.523057546211490262e+03 4.237046225042487985e-02
7.728500000000000000e+03 9.382898606312683114e+03 4.335889188948212347e-02
7.735500000000000000e+03 9.578551956365672595e+03 4.194255616300417155e-02
7.742500000000000000e+03 9.602506340400019326e+03 4.018261660057767526e-02
7.749500000000000000e+03 9.480739753888894484e+03 4.131284608200008757e-02
7.756500000000000000e+03 9.590759608190728613e+03 3.689833459084337908e-02
7.763500000000000000e+03 9.333628780782080867e+03 3.611691970739446672e-02
7.770500000000000000e+03 9.231352510632097619e+03 3.768888008676183482e-02
7.777500000000000000e+03 9.217932876804592524e+03 3.753115082470301345e-02
7.784500000000000000e+03 9.130089752559097178e+03 4.058979001213579296e-02
7.791500000000000000e+03 9.088667435783301698e+03 3.954011928975997847e-02
7.798500000000000000e+03 9.270392315431849056e+03 3.939652056338753539e-02
7.805500000000000000e+03 9.057922791030681765e+03 3.783456517829960480e-02
7.812500000000000000e+03 9.052344085207694661e+03 3.702917618555055801e-02
7.819500000000000000e+03 8.994887787016017683e+03 3.898180988784499812e-02
7.826500000000000000e+03 9.135869413916991107e+03 3.853856845734779379e-02
7.833500000000000000e+03 8.911117301044843771e+03 4.020221677426271539e-02
7.840500000000000000e+03 8.837815817926153613e+03 3.921214466923951536e-02
7.847500000000000000e+03 9.094896046328396551e+03 3.674626543635876180e-02
7.854500000000000000e+03 8.900144945686384744e+03 3.765201979756332973e-02
7.861500000000000000e+03 8.721849561059416374e+03 3.898269746492524779e-02
7.868500000000000000e+03 8.629242326768040584e+03 4.182943916210287577e-02
7.875500000000000000e+03 8.214940225103226112e+03 4.480053324810064769e-02
7.882500000000000000e+03 8.236720374415441256e+03 4.735216324500624019e-02
7.889500000000000000e+03 7.922274152120119652e+03 4.687438481045423655e-02
7.896500000000000000e+03 8.012930798972043704e+03 4.525224329202166829e-02
7.903500000000000000e+03 7.990757938922877656e+03 4.927401673815517968e-02
7.910500000000000000e+03 8.084380295021012898e+03 4.795961087830025865e-02
7.917500000000000000e+03 7.795232488317717980e+03 4.680681148894834387e-02
7.924500000000000000e+03 8.023015851656803534e+03 4.486044623187237373e-02
7.931500000000000000e+03 8.006741423780921650e+03 4.445876709754249811e-02
7.938500000000000000e+03 8.096876447957556593e+03 4.394973413840803228e-02
7.945500000000000000e+03 7.747908797810549913e+03 4.459342503078086301e-02
7.952500000000000000e+03 7.814117078499270974e+03 4.480304756128181826e-02
7.959500000000000000e+03 7.848424894775396751e+03 4.460629220439538828e-02
7.966500000000000000e+03 7.861979366237597787e+03 4.479562236702719358e-02
7.973500000000000000e+03 7.627315882284242434e+03 4.801757244212185444e-02
7.980500000000000000e+03 7.824256435859386329e+03 4.299330470630363665e-02
7.987500000000000000e+03 7.468619092771188662e+03 4.516451833761831597e-02
7.994500000000000000e+03 7.450109036707426640e+03 4.500741877703130778e-02
8.001500000000000000e+03 7.352646042796777692e+03 4.725233934094302812e-02
8.008500000000000000e+03 7.400149733944796935e+03 4.801242035057165514e-02
8.015500000000000000e+03 7.289021915523902862e+03 4.806978843678014202e-02
8.022500000000000000e+03 7.369262572957066368e+03 4.809765378842057598e-02
8.029500000000000000e+03 7.371085724737436067e+03 4.634410907389648754e-02
8.036500000000000000e+03 7.359185812835959950e+03 4.449887540060390445e-02
8.043500000000000000e+03 7.329225705253405067e+03 4.392308483137374181e-02
8.050500000000000000e+03 7.495961675513955015e+03 4.341915881352627349e-02
8.057500000000000000e+03 7.476101867504938127e+03 4.126366501152761712e-02
8.064500000000000000e+03 7.460652349360622793e+03 3.921567611863818748e-02
8.071500000000000000e+03 7.322811312314942370e+03 4.014289881007825772e-02
8.078500000000000000e+03 7.200006694793267343e+03 4.101765376804288044e-02
8.085500000000000000e+03 7.333628782295748351e+03 3.979238357005906307e-02
8.092500000000000000e+03 7.182581199556966567e+03 4.211102219454938150e-02
8.099500000000000000e+03 6.874939428961380145e+03 4.675599191746183242e-02
8.106500000000000000e+03 6.805392007095770168e+03 4.993747449763522028e-02
8.113500000000000000e+03 6.682389149541495499e+03 5.440053036009197956e-02
8.120500000000000000e+03 6.312916313854660984e+03 6.316926104334667780e-02
8.127500000000000000e+03 5.906343158979475447e+03 6.984790928579524827e-02
8.134500000000000000e+03 5.441262725556377518e+03 7.785997951868893485e-02
8.141500000000000000e+03 5.288720529536793947e+03 8.844248745821127466e-02
8.148500000000000000e+03 5.044698027673660363e+03 9.555698039286637802e-02
8.155500000000000000e+03 4.859415465142522407e+03 9.713342931002418024e-02
8.162500000000000000e+03 4.741678831118524613e+03 9.623933291328415351e-02
8.169500000000000000e+03 4.599803431909891515e+03 1.024148784284068942e-01
8.176500000000000000e+03 4.744749131618411411e+03 9.826748882046813793e-02
8.183500000000000000e+03 4.973691360049691866e+03 9.188829123920085051e-02
8.190500000000000000e+03 5.150455151170424870e+03 8.144152085656948536e-02
8.197500000000000000e+03 5.391247905754318708e+03 7.476635777600973420e-02
8.204500000000000000e+03 5.375532345727511711e+03 8.250885381884529024e-02
8.211500000000000000e+03 5.192380400439954428e+03 9.032795652312429480e-02
8.218500000000000000e+03 5.015926371432374253e+03 9.167931763123340905e-02
8.225500000000000000e+03 5.146067248535430736e+03 6.889011905448859385e-02
8.232500000000000000e+03 5.092768333742314098e+03 6.747090824787735364e-02
8.239500000000000000e+03 4.941170637312121471e+03 8.920347427225504278e-02
8.246500000000000000e+03 5.344077507058254923e+03 8.224327286358240618e-02
8.253500000000000000e+03 5.635525944062768758e+03 6.574780966294593854e-02
8.260500000000000000e+03 5.642204509200750181e+03 6.436018351365338508e-02
8.267500000000000000e+03 5.440633493164631545e+03 7.178220165661064467e-02
8.274500000000000000e+03 5.437460015372241287e+03 6.702029994217681419e-02
8.281500000000000000e+03 5.267918431586343104e+03 6.689056698320425265e-02
8.288500000000000000e+03 5.236261207415259378e+03 7.228923370176783270e-02
8.295500000000000000e+03 5.321989000764403499e+03 7.063497938526731856e-02
8.302500000000000000e+03 5.254780798246994891e+03 7.283969387571044563e-02
8.309500000000000000e+03 5.382837507161930262e+03 6.982209698663872921e-02
8.316500000000000000e+03 5.470086742013991170e+03 6.214135706735421372e-02
8.323500000000000000e+03 5.611591565342397189e+03 5.961534355405420649e-02
8.330500000000000000e+03 5.448093065989480237e+03 6.122784347491439655e-02
8.337500000000000000e+03 5.731829212403450583e+03 5.580147363705820207e-02
8.344500000000000000e+03 5.758542853757871853e+03 5.467811390595431198e-02
8.351500000000000000e+03 5.787671200824634980e+03 5.244894335796058960e-02
8.358500000000000000e+03 5.984221709558784823e+03 4.559748377106676021e-02
8.365500000000000000e+03 5.778465134076130198e+03 4.730976579781853014e-02
8.372500000000000000e+03 6.134030533023656972e+03 4.550991845863497365e-02
8.379500000000000000e+03 5.894729461999001614e+03 4.284210937834705135e-02
8.386500000000000000e+03 6.100796507645102793e+03 3.883848449044991630e-02
8.393500000000000000e+03 6.070632602311402479e+03 3.944840339656550954e-02
8.400500000000000000e+03 5.932708666039184209e+03 3.905134166671182794e-02
8.407500000000000000e+03 6.060692314232400349e+03 3.512026844266775277e-02
8.414500000000000000e+03 6.082626315428961789e+03 3.503840893302583720e-02
8.421500000000000000e+03 5.943645817092570724e+03 3.750675898209600984e-02
8.428500000000000000e+03 5.899613502523623538e+03 3.383742658008207643e-02
8.435500000000000000e+03 6.018366689481682442e+03 3.332936968372532394e-02
8.442500000000000000e+03 5.926538188432936295e+03 3.369346217437048374e-02
8.449500000000000000e+03 5.985225943377207841e+03 3.071840628293041192e-02
8.456500000000000000e+03 5.928974491942766690e+03 2.802111751022397235e-02
8.463500000000000000e+03 5.783026448245311258e+03 3.242418658615738719e-02
8.470500000000000000e+03 5.879082201723424987e+03 2.965839941141847069e-02
8.477500000000000000e+03 5.903234567360711480e+03 3.125342978331679955e-02
8.484500000000000000e+03 5.857634476006207478e+03 3.263533183689486250e-02
8.491500000000000000e+03 5.806580785042378920e+03 3.205577982772814249e-02
8.498500000000000000e+03 5.702401123426457161e+03 3.154785907320816624e-02
8.505500000000000000e+03 5.762916909748719263e+03 2.877514988794506109e-02
8.512500000000000000e+03 5.747782785100537694e+03 2.572998309638718437e-02
8.519500000000000000e+03 5.839233322617937120e+03 3.065104178827233669e-02
8.526500000000000000e+03 5.641350011656384595e+03 3.391974687453548631e-02
8.533500000000000000e+03 5.570540867188242373e+03 3.501503604045286266e-02
8.540500000000000000e+03 5.806653351306172226e+03 2.598208527267965515e-02
8.547500000000000000e+03 5.721786017642780280e+03 1.969747469409759144e-02
8.554500000000000000e+03 5.518945585945271887e+03 2.273525552310554435e-02
8.561500000000000000e+03 5.604039970510734747e+03 2.991355402797948870e-02
8.568500000000000000e+03 5.614257481270676180e+03 3.533748489991218183e-02
8.575500000000000000e+03 5.607965294909904514e+03 3.503020125980520899e-02
8.582500000000000000e+03 5.566157128737863786e+03 3.104247845774117318e-02
8.589500000000000000e+03 5.626695083467629956e+03 2.438206264042498683e-02
8.596500000000000000e+03 5.558436927503199513e+03 2.464791673187812296e-02
8.603500000000000000e+03 5.549632587654761664e+03 2.128479586734582235e-02
8.610500000000000000e+03 5.590698019599650252e+03 2.018918639330783207e-02
8.617500000000000000e+03 5.757150820811869380e+03 2.627653839697901769e-02
8.624500000000000000e+03 5.741703766666194497e+03 3.114061210575520475e-02
8.631500000000000000e+03 5.641563251320185373e+03 3.608645246134904033e-02
8.638500000000000000e+03 5.712682387378210478e+03 3.532467868603166722e-02
8.645500000000000000e+03 5.588489797504046692e+03 3.307678966658505332e-02
8.652500000000000000e+03 5.513892995934694227e+03 2.727023875961592098e-02
8.659500000000000000e+03 5.473919077261351049e+03 2.079492136150952811e-02
8.666500000000000000e+03 5.399326247540286204e+03 1.266000414807507378e-02
8.673500000000000000e+03 5.304453989273139996e+03 1.284719300860466019e-02
8.680500000000000000e+03 5.416110793061162440e+03 2.100263150662784115e-02
8.687500000000000000e+03 5.496455586889541337e+03 3.186939705366791803e-02
8.694500000000000000e+03 5.757574228409202988e+03 3.071728737715738802e-02
8.701500000000000000e+03 5.810941657051762377e+03 3.207172818444261470e-02
8.708500000000000000e+03 5.863595560096938243e+03 3.230759518614669673e-02
8.715500000000000000e+03 5.864024020585009566e+03 3.181390108748919504e-02
8.722500000000000000e+03 5.786929027646930990e+03 2.818245827568117284e-02
8.729500000000000000e+03 5.597568923054129300e+03 3.245702572622927856e-02
8.736500000000000000e+03 5.340414670026536442e+03 2.626725677609458021e-02
8.743500000000000000e+03 5.228445550167534748e+03 1.445501431641480275e-02
8.750500000000000000e+03 5.049499898702343671e+03 7.412422991945451234e-03
8.757500000000000000e+03 5.025958395634999761e+03 1.608979505597470105e-02
8.764500000000000000e+03 5.165458767139665724e+03 2.421483170297148574e-02
8.771500000000000000e+03 5.350001101985678361e+03 2.870344185884380131e-02
8.778500000000000000e+03 5.729688249739643652e+03 2.746567647889684716e-02
8.785500000000000000e+03 5.656216791899295458e+03 3.141574657191168601e-02
8.792500000000000000e+03 5.875101036111565918e+03 2.880574241075592110e-02
8.799500000000000000e+03 5.987006468850047895e+03 2.824363162298507840e-02
8.806500000000000000e+03 6.052476439006795772e+03 2.826957505380248148e-02
8.813500000000000000e+03 5.995419747430764801e+03 2.675069138637952912e-02
8.820500000000000000e+03 5.913319479981952099e+03 2.706927221901472488e-02
8.827500000000000000e+03 5.670739020180623811e+03 2.952778586615505824e-02
8.834500000000000000e+03 5.389161498631293398e+03 3.074946253283255757e-02
8.841500000000000000e+03 5.277641545363863770e+03 2.886736110444711526e-02
8.848500000000000000e+03 5.080563172082471283e+03 2.857038995105471921e-02
8.855500000000000000e+03 4.862913345479125383e+03 2.358233355273233953e-02
8.862500000000000000e+03 4.744446166077122143e+03 1.802131781708458946e-02
8.869500000000000000e+03 4.714721566613129653e+03 1.120359505221724637e-02
8.876500000000000000e+03 4.886448714847747397e+03 1.550328128297390369e-02
8.883500000000000000e+03 4.914328414403745228e+03 2.919610286210410841e-02
8.890500000000000000e+03 5.060815491447881868e+03 3.585676796979217484e-02
8.897500000000000000e+03 5.306856287531379166e+03 3.499771362550151144e-02
8.904500000000000000e+03 5.616058248571952390e+03 2.971700064310685632e-02
8.911500000000000000e+03 5.453612445068485613e+03 3.391838256242377114e-02
8.918500000000000000e+03 5.461546978131975266e+03 3.546968515576515157e-02
8.925500000000000000e+03 5.383662985958032550e+03 3.899558659463353560e-02
8.932500000000000000e+03 5.151805838259957454e+03 4.548045646500775002e-02
8.939500000000000000e+03 4.832979352227237541e+03 6.046899257718033743e-02
8.946500000000000000e+03 4.500333953309440403e+03 6.606297699920268829e-02
8.953500000000000000e+03 4.257931407534556456e+03 7.769647195516767024e-02
8.960500000000000000e+03 3.975121994869092305e+03 8.392089804255509211e-02
8.967500000000000000e+03 3.724178597455176259e+03 8.846981626481176253e-02
8.974500000000000000e+03 3.425942613762671044e+03 1.068907149727498923e-01
8.981500000000000000e+03 3.078148638655946343e+03 1.158253184749486048e-01
8.988500000000000000e+03 3.071671414091222687e+03 9.972538455395629775e-02
8.995500000000000000e+03 2.757739003273728940e+03 1.117195408135005785e-01
9.002500000000000000e+03 2.666620762927855139e+03 1.057291403066557417e-01
9.009500000000000000e+03 2.735550682913671608e+03 8.921551054008804160e-02
9.016500000000000000e+03 2.829858311080949534e+03 7.803618235549195092e-02
9.023500000000000000e+03 3.084540045667760751e+03 7.193819195536926836e-02
9.030500000000000000e+03 3.300946681330564843e+03 7.660192046871779070e-02
9.037500000000000000e+03 3.626518652323617971e+03 7.484773976497402503e-02
9.044500000000000000e+03 3.741306982361595601e+03 7.410524581454878967e-02
9.051500000000000000e+03 3.781964335841100365e+03 8.156053787025309421e-02
9.058500000000000000e+03 3.541850738789960815e+03 9.180622066363064437e-02
9.065500000000000000e+03 3.560053834851304146e+03 8.678725418507395040e-02
9.072500000000000000e+03 3.426214257042406189e+03 8.815658437383883106e-02
9.079500000000000000e+03 3.245593484856905889e+03 1.043888544713545419e-01
9.086500000000000000e+03 3.127199933690770195e+03 1.122839314540474420e-01
9.093500000000000000e+03 3.140442690874861000e+03 1.135001620964480595e-01
9.100500000000000000e+03 3.181249331732424707e+03 1.063013810715342927e-01
9.107500000000000000e+03 3.263383197040984669e+03 1.071712046752774511e-01
9.114500000000000000e+03 3.124941439317915410e+03 1.178327345016040167e-01
9.121500000000000000e+03 3.060967917615789702e+03 1.219364379053982095e-01
9.128500000000000000e+03 3.023748918473245794e+03 1.109949050981208218e-01
9.135500000000000000e+03 3.058733534950005378e+03 1.083168551682293507e-01
9.142500000000000000e+03 2.849384038686852819e+03 1.404847622815703634e-01
9.149500000000000000e+03 2.903282958811951630e+03 1.200566400232576797e-01
9.156500000000000000e+03 3.033484549708347913e+03 1.087079194822404421e-01
9.163500000000000000e+03 2.861687159221420188e+03 1.324952377455006769e-01
9.170500000000000000e+03 2.942709874073840638e+03 1.160551231983846660e-01
9.177500000000000000e+03 3.132363629226647390e+03 9.762358586638729407e-02
9.184500000000000000e+03 3.148316761008441517e+03 1.001583176573832556e-01
9.191500000000000000e+03 3.282061333152098996e+03 8.942120511246515191e-02
9.198500000000000000e+03 3.389504586972621837e+03 8.113409631085878593e-02
9.205500000000000000e+03 3.260195501191622952e+03 8.141290703601916645e-02
9.212500000000000000e+03 3.191706610825535790e+03 6.888582545779967092e-02
9.219500000000000000e+03 3.090242402459327423e+03 5.983082883900812249e-02
9.226500000000000000e+03 2.935210622275790683e+03 5.754770904883296095e-02
9.233500000000000000e+03 2.909615140084570612e+03 5.619299873976128790e-02
9.240500000000000000e+03 2.841216859679593654e+03 7.034359706112894295e-02
9.247500000000000000e+03 2.898125727584011656e+03 8.116165638723236986e-02
9.254500000000000000e+03 3.016730815478329532e+03 8.907332576011670056e-02
9.261500000000000000e+03 2.965289375083047162e+03 9.741069671824723053e-02
9.268500000000000000e+03 2.798190046414706558e+03 1.127704938439609839e-01
9.275500000000000000e+03 2.596717448362445339e+03 1.219988696977470921e-01
9.282500000000000000e+03 2.354831572356381002e+03 1.389411532412707928e-01
9.289500000000000000e+03 1.978660221574066782e+03 1.754395230548145279e-01
9.296500000000000000e+03 1.684456089769126720e+03 1.942325290022190176e-01
9.303500000000000000e+03 1.404673145200979206e+03 2.184014883620108705e-01
9.310500000000000000e+03 1.136250183763941095e+03 2.482078581681484708e-01
9.317500000000000000e+03 9.127409048340122126e+02 2.704055056629979248e-01
9.324500000000000000e+03 6.837256967027880137e+02 3.212608256528204365e-01
9.331500000000000000e+03 5.403397301774688231e+02 3.644304444719632663e-01
9.338500000000000000e+03 5.282631088651081654e+02 3.326587362331948627e-01
9.345500000000000000e+03 5.038373450296792839e+02 3.540636171163124568e-01
9.352500000000000000e+03 4.838076792206042569e+02 3.796056444327871593e-01
9.359500000000000000e+03 5.157776082521305625e+02 3.686975103009818566e-01
9.366500000000000000e+03 5.366503371666963176e+02 3.597932397275431793e-01
9.373500000000000000e+03 6.744298615369491472e+02 3.025546873249365665e-01
9.380500000000000000e+03 9.225861801535331779e+02 2.462248603119973345e-01
9.387500000000000000e+03 1.080161602785367222e+03 2.607634065062512385e-01
9.394500000000000000e+03 1.190270043266130187e+03 2.644273902528071485e-01
9.401500000000000000e+03 1.361663272292747024e+03 2.268441322665364079e-01
9.408500000000000000e+03 1.311124201602862286e+03 2.177559540694514462e-01
9.415500000000000000e+03 1.156916097239695546e+03 2.437761829881819886e-01
9.422500000000000000e+03 1.049328500934604108e+03 2.485607212673568434e-01
9.429500000000000000e+03 9.914121065193713775e+02 2.447942569077458108e-01
9.436500000000000000e+03 9.429495600902662318e+02 2.454772557185859183e-01
9.443500000000000000e+03 9.036095295003045749e+02 2.528654426605712047e-01
9.450500000000000000e+03 7.639386614663371802e+02 3.027007587673237188e-01
9.457500000000000000e+03 8.834962687438955982e+02 2.667668265815827389e-01
9.464500000000000000e+03 9.086119201617840417e+02 2.670778238293891049e-01
9.471500000000000000e+03 9.317058387161043811e+02 2.738053306097277817e-01
9.478500000000000000e+03 1.030599305459285006e+03 2.410422604420606740e-01
9.485500000000000000e+03 9.398846825677060224e+02 2.740685521282100190e-01
9.492500000000000000e+03 9.553125739236774052e+02 2.457056715675421943e-01
9.499500000000000000e+03 1.121489620765634982e+03 1.942649718828991234e-01
9.506500000000000000e+03 8.823054874280874174e+02 2.834526628333626785e-01
9.513500000000000000e+03 8.155198753517672685e+02 2.890725828388169272e-01
9.520500000000000000e+03 9.926595547687564931e+02 2.184505450194531850e-01
9.527500000000000000e+03 8.317725725312313898e+02 2.490895249842453030e-01
9.534500000000000000e+03 8.004383818632124985e+02 2.685420763802200406e-01
9.541500000000000000e+03 8.522079635504653652e+02 2.268167564258596891e-01
9.548500000000000000e+03 8.704644977868458682e+02 2.022447528377777359e-01
9.555500000000000000e+03 8.724500487901603947e+02 2.057753827300758676e-01
9.562500000000000000e+03 9.966663163544510553e+02 1.974826590966956286e-01
9.569500000000000000e+03 9.962778735308630758e+02 2.214459518940690708e-01
9.576500000000000000e+03 1.022106669372873512e+03 2.446610306566020243e-01
9.583500000000000000e+03 1.113990944102653202e+03 2.110375787148231763e-01
9.590500000000000000e+03 1.253459623918378611e+03 1.765950327797899677e-01
9.597500000000000000e+03 1.193634658702628258e+03 2.039313963372600957e-01
9.604500000000000000e+03 1.269023963499118508e+03 2.104106020506666119e-01
9.611500000000000000e+03 1.363156233869841117e+03 2.002053955639310490e-01
9.618500000000000000e+03 1.520387673250903390e+03 1.682390487338757956e-01
9.625500000000000000e+03 1.574510278816078426e+03 1.653009608964141064e-01
9.632500000000000000e+03 1.516491210026249064e+03 1.720759661666166895e-01
9.639500000000000000e+03 1.687648030460383779e+03 1.425212009959646309e-01
9.646500000000000000e+03 1.720282198280758166e+03 1.483346301265206502e-01
9.653500000000000000e+03 1.676962199283841983e+03 1.655234356500364379e-01
9.660500000000000000e+03 1.872890926521245774e+03 1.295295572580778265e-01
9.667500000000000000e+03 2.137284289596206690e+03 1.120197889217014325e-01
9.674500000000000000e+03 2.285902620695358564e+03 1.088785981258185154e-01
9.681500000000000000e+03 2.491964348689282815e+03 9.123590105542608852e-02
9.688500000000000000e+03 2.622078280613835886e+03 8.323433708313665580e-02
9.695500000000000000e+03 2.727278682282176305e+03 7.556204039845670906e-02
9.702500000000000000e+03 2.677153975081396766e+03 7.099250041501931063e-02
9.709500000000000000e+03 2.698361059920286152e+03 7.393577000384603248e-02
9.716500000000000000e+03 2.644766618117612779e+03 7.684355259471016553e-02
9.723500000000000000e+03 2.554255499635512024e+03 8.405349391337305076e-02
9.730500000000000000e+03 2.321991371726132456e+03 9.415486081328608425e-02
9.737500000000000000e+03 2.260324932899912255e+03 9.067480067245940745e-02
9.744500000000000000e+03 2.153339929232410668e+03 1.019527946858924949e-01
9.751500000000000000e+03 2.185387046167295466e+03 9.660156468130504104e-02
9.758500000000000000e+03 2.217780412002236517e+03 8.742168895442503640e-02
9.765500000000000000e+03 2.305074474527447364e+03 9.198637389060371206e-02
9.772500000000000000e+03 2.297513353776799249e+03 9.577343386683903614e-02
9.779500000000000000e+03 2.377279695184560296e+03 8.071208774946762865e-02
9.786500000000000000e+03 2.403244904130755458e+03 7.574634255652742953e-02
9.793500000000000000e+03 2.465619519666417091e+03 6.843579404032042179e-02
9.800500000000000000e+03 2.586120662903460016e+03 6.482008828616739327e-02
9.807500000000000000e+03 2.534079814198607437e+03 6.814547898183054286e-02
9.814500000000000000e+03 2.638859826777493709e+03 6.428074473792111387e-02
9.821500000000000000e+03 2.639431002066321980e+03 5.589529012568728028e-02
9.828500000000000000e+03 2.678528939600406375e+03 4.971256333293527091e-02
9.835500000000000000e+03 2.699613272535993019e+03 5.482233335488231885e-02
9.842500000000000000e+03 2.688618611397280802e+03 4.860848922743430528e-02
9.849500000000000000e+03 2.789541503776035825e+03 3.945050428012891047e-02
9.856500000000000000e+03 2.824084597043312897e+03 3.818531557757225831e-02
9.863500000000000000e+03 2.816282698142415029e+03 3.786517770678148737e-02
9.870500000000000000e+03 2.790443841428422274e+03 2.975044965515599368e-02
9.877500000000000000e+03 2.799463176626729819e+03 2.914828837999419026e-02
9.884500000000000000e+03 2.892928673540603995e+03 2.865718224060343627e-02
9.891500000000000000e+03 2.827448436179334749e+03 2.740862717918184088e-02
9.898500000000000000e+03 2.808512364158102628e+03 2.338077576989950820e-02
9.905500000000000000e+03 2.845867819155480447e+03 2.250315406840216678e-02
9.912500000000000000e+03 2.749288610633147073e+03 2.320141894544596253e-02
9.919500000000000000e+03 2.761544598892533941e+03 2.439776269292499508e-02
9.926500000000000000e+03 2.745422682187691862e+03 1.922809436916374584e-02
9.933500000000000000e+03 2.692937906989591283e+03 2.335254749515499120e-02
9.940500000000000000e+03 2.723679913931223837e+03 2.055834371575414321e-02
9.947500000000000000e+03 2.713664177429941901e+03 2.197389688948258799e-02
9.954500000000000000e+03 2.592276232906236601e+03 2.202840451499141899e-02
9.961500000000000000e+03 2.585751629360987408e+03 1.996489522539577482e-02
9.968500000000000000e+03 2.531530120332184651e+03 2.093933383981737978e-02
9.975500000000000000e+03 2.508467329946983682e+03 2.093909985681713035e-02
9.982500000000000000e+03 2.511973599033649862e+03 2.030951061521435452e-02
9.989500000000000000e+03 2.483537944198184050e+03 1.345063834020484433e-02
9.996500000000000000e+03 2.521787449501769970e+03 1.383998711236759938e-02
