# wavelength angstroms, flux, ext coeff
3.299300000000000182e+03 1.106644992758226351e+02 8.212086626533215972e-01
3.302800000000000182e+03 1.151985302882092554e+02 8.136977210173093056e-01
3.306300000000000182e+03 1.155084199802518015e+02 8.118267288243609103e-01
3.309800000000000182e+03 1.110407871503887804e+02 8.114270632982693021e-01
3.313300000000000182e+03 1.205278071923208074e+02 8.073870954067516870e-01
3.316800000000000182e+03 1.256849252533013725e+02 7.985895532812060660e-01
3.320300000000000182e+03 1.293172811979927701e+02 7.893612628271997611e-01
3.323800000000000182e+03 1.399293788665833915e+02 7.813129667404619116e-01
3.327300000000000182e+03 1.385887296393831036e+02 7.791854373833361214e-01
3.330800000000000182e+03 1.456781058810179843e+02 7.698627241515800801e-01
3.334300000000000182e+03 1.475352323498156863e+02 7.661285452654187367e-01
3.337800000000000182e+03 1.463648684886592832e+02 7.629598296281900893e-01
3.341300000000000182e+03 1.541374096481187337e+02 7.619926543028451293e-01
3.344800000000000182e+03 1.604305826123996610e+02 7.573492584920025195e-01
3.348300000000000182e+03 1.650195902673345358e+02 7.541036347853478095e-01
3.351800000000000182e+03 1.729581340323169059e+02 7.438075969327316850e-01
3.355300000000000182e+03 1.693200061557885192e+02 7.401340276004424457e-01
3.358800000000000182e+03 1.772586075251835211e+02 7.336316231662896037e-01
3.362300000000000182e+03 1.801670313066019560e+02 7.298220626227548413e-01
3.365800000000000182e+03 1.889334349391532726e+02 7.233222575938135224e-01
3.369300000000000182e+03 1.844072256665609473e+02 7.256656856476918493e-01
3.372800000000000182e+03 1.976283563820292102e+02 7.209521923178207059e-01
3.376300000000000182e+03 2.032943859891576324e+02 7.169132415029756400e-01
3.379800000000000182e+03 2.029387532832658394e+02 7.148614480587234254e-01
3.383300000000000182e+03 2.086562799242341839e+02 7.065123620984007369e-01
3.386800000000000182e+03 2.142229452439281943e+02 7.038844095218107499e-01
3.390300000000000182e+03 2.215677476928692897e+02 6.977142430783055405e-01
3.393800000000000182e+03 2.319624033992703005e+02 6.925654616456374812e-01
3.397300000000000182e+03 2.277167059594876264e+02 6.918169379219430981e-01
3.400800000000000182e+03 2.461684242153701518e+02 6.872453369459775585e-01
3.404300000000000182e+03 2.470264949383910391e+02 6.855322970740745925e-01
3.407800000000000182e+03 2.526068909028778933e+02 6.816851399689053403e-01
3.411300000000000182e+03 2.575909206956973776e+02 6.742938723916345189e-01
3.414800000000000182e+03 2.772352376882082581e+02 6.676882512700629269e-01
3.418300000000000182e+03 2.838504918000573412e+02 6.647958407764807953e-01
3.421800000000000182e+03 2.820025218480770377e+02 6.660555883462463411e-01
3.425300000000000182e+03 2.836637710599290472e+02 6.629309512059734510e-01
3.428800000000000182e+03 2.825139869238115580e+02 6.589721262839702831e-01
3.432300000000000182e+03 2.953119334975119159e+02 6.520028784197843263e-01
3.435800000000000182e+03 2.943590735414634878e+02 6.550595383432563645e-01
3.439300000000000182e+03 3.001887856682125175e+02 6.515630184879004361e-01
3.442800000000000182e+03 3.083853644947882913e+02 6.463603359946022975e-01
3.446300000000000182e+03 3.152654635364055480e+02 6.465537718190743632e-01
3.449800000000000182e+03 3.283849087450880688e+02 6.445919608658385869e-01
3.453300000000000182e+03 3.273994376745972090e+02 6.381604822320913195e-01
3.456800000000000182e+03 3.412394552515039550e+02 6.351285869111652493e-01
3.460300000000000182e+03 3.454492985871085580e+02 6.332490241752356530e-01
3.463800000000000182e+03 3.577394163539919418e+02 6.279394699243280309e-01
3.467300000000000182e+03 3.500638701393220913e+02 6.261084713490475684e-01
3.470800000000000182e+03 3.527026308268266348e+02 6.247764130654689385e-01
3.474300000000000182e+03 3.687511704069011671e+02 6.231280887745113128e-01
3.477800000000000182e+03 3.681450485280042813e+02 6.184449566929466346e-01
3.481300000000000182e+03 3.825828926265176051e+02 6.152005111028925333e-01
3.484800000000000182e+03 4.009899812215688257e+02 6.112034876027770958e-01
3.488300000000000182e+03 3.933001226163136721e+02 6.098982119265904389e-01
3.491800000000000182e+03 4.059050687832244648e+02 6.073610164142735357e-01
3.495300000000000182e+03 4.017634860070419336e+02 6.066798873350078836e-01
3.498800000000000182e+03 4.248563400369056353e+02 6.016449018376331948e-01
3.502300000000000182e+03 4.341999554061258095e+02 5.955407684121643008e-01
3.505800000000000182e+03 4.322336505679999163e+02 5.981166127330207472e-01
3.509300000000000182e+03 4.420412951550150638e+02 5.957580362628722703e-01
3.512800000000000182e+03 4.414363099057920294e+02 5.967247999433511474e-01
3.516300000000000182e+03 4.591632694926250338e+02 5.924384940602227534e-01
3.519800000000000182e+03 4.559590226039678100e+02 5.900447382985257727e-01
3.523300000000000182e+03 4.814469160244945556e+02 5.837869477042142430e-01
3.526800000000000182e+03 4.911655276315302672e+02 5.788375855681217041e-01
3.530300000000000182e+03 4.854746088189253896e+02 5.824791417114154601e-01
3.533800000000000182e+03 5.029244882028738743e+02 5.785762560789320386e-01
3.537300000000000182e+03 5.074566329876715258e+02 5.768031879452885091e-01
3.540800000000000182e+03 5.271918320957230435e+02 5.734800872764530544e-01
3.544300000000000182e+03 5.188246467649604483e+02 5.741470148738342383e-01
3.547800000000000182e+03 5.353693022051305661e+02 5.699825958461269826e-01
3.551300000000000182e+03 5.390819629434581657e+02 5.705720461148611200e-01
3.554800000000000182e+03 5.576266046384232595e+02 5.659552111258628893e-01
3.558300000000000182e+03 5.641883177430972864e+02 5.617473782929407466e-01
3.561800000000000182e+03 5.800023602472344919e+02 5.569445409616489151e-01
3.565300000000000182e+03 5.812511855944336503e+02 5.566658069315409962e-01
3.568800000000000182e+03 5.720819059071038737e+02 5.538556571507721182e-01
3.572300000000000182e+03 5.962471408459822442e+02 5.508961332982208470e-01
3.575800000000000182e+03 6.114416583975564663e+02 5.478797336808695073e-01
3.579300000000000182e+03 6.128599759365279169e+02 5.469832452274291379e-01
3.582800000000000182e+03 6.052173284561441733e+02 5.452462979838632595e-01
3.586300000000000182e+03 6.339957573623925100e+02 5.434499578786960994e-01
3.589800000000000182e+03 6.304117754300497154e+02 5.437773852545257913e-01
3.593300000000000182e+03 6.394507452885897010e+02 5.369225930073129316e-01
3.596800000000000182e+03 6.526177618487264454e+02 5.385955300558032954e-01
3.600300000000000182e+03 6.569008916079860683e+02 5.359033488348237118e-01
3.603800000000000182e+03 6.468029461625359318e+02 5.357201544894008016e-01
3.607300000000000182e+03 6.782062384739093659e+02 5.310886875029249277e-01
3.610800000000000182e+03 6.836845197826874028e+02 5.303377131758200136e-01
3.614300000000000182e+03 6.937902540758021814e+02 5.266654922537605810e-01
3.617800000000000182e+03 7.263738668829770404e+02 5.238828884312140000e-01
3.621300000000000182e+03 7.045881364566300817e+02 5.239493941794516330e-01
3.624800000000000182e+03 7.267188934326080698e+02 5.217395563237416933e-01
3.628300000000000182e+03 7.392728446655893322e+02 5.191459486392981937e-01
3.631800000000000182e+03 7.575376411472628888e+02 5.151858211734716697e-01
3.635300000000000182e+03 7.558532515070825184e+02 5.142684324442975408e-01
3.638800000000000182e+03 7.726187445734262838e+02 5.113951768196590697e-01
3.642300000000000182e+03 7.806397094026464174e+02 5.102608356967003322e-01
3.645800000000000182e+03 7.847109776234251513e+02 5.092499485830688233e-01
3.649300000000000182e+03 8.086959214645337397e+02 5.088154239869868700e-01
3.652800000000000182e+03 8.202605361876775305e+02 5.065049744990044456e-01
3.656300000000000182e+03 8.412593977472317874e+02 5.056790663868717672e-01
3.659800000000000182e+03 8.519695985780016372e+02 5.006110417098620369e-01
3.663300000000000182e+03 8.501436485613664900e+02 4.989476041197793976e-01
3.666800000000000182e+03 8.763583361808442760e+02 4.964368829893276436e-01
3.670300000000000182e+03 8.701701204597685546e+02 4.965328535221650852e-01
3.673800000000000182e+03 8.521958564460260277e+02 4.955532433151088600e-01
3.677300000000000182e+03 8.464468973994016778e+02 4.932851195756529084e-01
3.680800000000000182e+03 8.509397675234653207e+02 4.904322556412258893e-01
3.684300000000000182e+03 8.743213514781295999e+02 4.862066241187154580e-01
3.687800000000000182e+03 8.635335939918892336e+02 4.821889266786502648e-01
3.691300000000000182e+03 8.762963684962226125e+02 4.799745920682900735e-01
3.694800000000000182e+03 8.787863373784813348e+02 4.803989800917716213e-01
3.698300000000000182e+03 8.768252446454465598e+02 4.796529549407928528e-01
3.701800000000000182e+03 8.924970141721701111e+02 4.788741901786651156e-01
3.705300000000000182e+03 9.120127480348521658e+02 4.800785398616080890e-01
3.708800000000000182e+03 9.429906974382859062e+02 4.747565232030526716e-01
3.712300000000000182e+03 9.374042062120440733e+02 4.755760902307837323e-01
3.715800000000000182e+03 9.565210696444659106e+02 4.719389835250580312e-01
3.719300000000000182e+03 9.763667180560718180e+02 4.683442707204579225e-01
3.722800000000000182e+03 9.913895885836632260e+02 4.650548190136813975e-01
3.726300000000000182e+03 1.025305683584420194e+03 4.625726214672106762e-01
3.729800000000000182e+03 1.048526160985444449e+03 4.602070096523812603e-01
3.733300000000000182e+03 1.104828707867515277e+03 4.594845038836943840e-01
3.736800000000000182e+03 1.123207424662800804e+03 4.616617886848688457e-01
3.740300000000000182e+03 1.193280753748055986e+03 4.598705406093493431e-01
3.743800000000000182e+03 1.224134202950563576e+03 4.590810939523908285e-01
3.747300000000000182e+03 1.274760870561431830e+03 4.592039839687024894e-01
3.750800000000000182e+03 1.310158198519957523e+03 4.573653203724770688e-01
3.754300000000000182e+03 1.333385646638643266e+03 4.564509136851544469e-01
3.757800000000000182e+03 1.383307673673183899e+03 4.514919871053755807e-01
3.761300000000000182e+03 1.409711158796905693e+03 4.468569246013727181e-01
3.764800000000000182e+03 1.493812767571332188e+03 4.447605987334558031e-01
3.768300000000000182e+03 1.517616922731391696e+03 4.413524571011360753e-01
3.771800000000000182e+03 1.583837097810203886e+03 4.412511724317370043e-01
3.775300000000000182e+03 1.617413462374225901e+03 4.430905751510153534e-01
3.778800000000000182e+03 1.670714206793439416e+03 4.398007836177173502e-01
3.782300000000000182e+03 1.809016370890451753e+03 4.396377887654565053e-01
3.785800000000000182e+03 1.849148731057303394e+03 4.387015720210294956e-01
3.789300000000000182e+03 1.936471871770200551e+03 4.359319943666714603e-01
3.792800000000000182e+03 2.091081322202951014e+03 4.320562722264962852e-01
3.796300000000000182e+03 2.167820124368718098e+03 4.337159988853451220e-01
3.799800000000000182e+03 2.245228283825870221e+03 4.367406473137983580e-01
3.803300000000000182e+03 2.341369560804686898e+03 4.334116668816497264e-01
3.806800000000000182e+03 2.351790957987272122e+03 4.362908112190191368e-01
3.810300000000000182e+03 2.356875046131209729e+03 4.345413555960744301e-01
3.813800000000000182e+03 2.344246555504471416e+03 4.347303555196684322e-01
3.817300000000000182e+03 2.280824339822558613e+03 4.290715177767308042e-01
3.820800000000000182e+03 2.264663889561024007e+03 4.197438550207947539e-01
3.824300000000000182e+03 2.253382663263434097e+03 4.121281109670449361e-01
3.827800000000000182e+03 2.282896027709325153e+03 4.043617705374422666e-01
3.831300000000000182e+03 2.272756163459060645e+03 4.042626393974185772e-01
3.834800000000000182e+03 2.357667875991267010e+03 4.074371971282124694e-01
3.838300000000000182e+03 2.515438584104706024e+03 4.089514811980518028e-01
3.841800000000000182e+03 2.645215360536717071e+03 4.143944270999620483e-01
3.845300000000000182e+03 2.779113085175917149e+03 4.164993519692636315e-01
3.848800000000000182e+03 3.027384009846570734e+03 4.148262320644796608e-01
3.852300000000000182e+03 3.260282112755506660e+03 4.111435413800531014e-01
3.855800000000000182e+03 3.448813229106955532e+03 4.120906344969352819e-01
3.859300000000000182e+03 3.595764275166134212e+03 4.117033757421542095e-01
3.862800000000000182e+03 3.597406641697746636e+03 4.128447691202746239e-01
3.866300000000000182e+03 3.676111032128584156e+03 4.114545282177513030e-01
3.869800000000000182e+03 3.666447149911479300e+03 4.151809729357285872e-01
3.873300000000000182e+03 3.464358922632639860e+03 4.139238099959847150e-01
3.876800000000000182e+03 3.142194034373076192e+03 4.078004679713952418e-01
3.880300000000000182e+03 2.927482612853995306e+03 3.963598239176619464e-01
3.883800000000000182e+03 2.773487151337153136e+03 3.812758845386816642e-01
3.887300000000000182e+03 2.690150308159245014e+03 3.707265647909943618e-01
3.890800000000000182e+03 2.625419366029948833e+03 3.664717718482908282e-01
3.894300000000000182e+03 2.740545307198217870e+03 3.701061676477120921e-01
3.897800000000000182e+03 3.050028346357513328e+03 3.796685289461689816e-01
3.901300000000000182e+03 3.329848770975175285e+03 3.908396442147196170e-01
3.904800000000000182e+03 3.642880457747712626e+03 3.985210481667936233e-01
3.908300000000000182e+03 3.951198498789212863e+03 4.003459655734364353e-01
3.911800000000000182e+03 4.190144503541254380e+03 3.978248327441344379e-01
3.915300000000000182e+03 4.308064437315824762e+03 3.942241870898529066e-01
3.918800000000000182e+03 4.369923223602119833e+03 3.894925612086965194e-01
3.922300000000000182e+03 4.474051826111601258e+03 3.821406949124847574e-01
3.925800000000000182e+03 4.624241131106625289e+03 3.724302439723770064e-01
3.929300000000000182e+03 4.698324652115938989e+03 3.667819370448676120e-01
3.932800000000000182e+03 4.819490143973167505e+03 3.653907080123028339e-01
3.936300000000000182e+03 4.697346610376616809e+03 3.718143504523560572e-01
3.939800000000000182e+03 4.798645211915451910e+03 3.751587168735334710e-01
3.943300000000000182e+03 4.669729695517201435e+03 3.825390766941536014e-01
3.946800000000000182e+03 4.603338894325182082e+03 3.852962608175433679e-01
3.950300000000000182e+03 4.452544824321288615e+03 3.860448696967855309e-01
3.953800000000000182e+03 4.181632406110237753e+03 3.827438368440456151e-01
3.957300000000000182e+03 3.938113309331315577e+03 3.738873243482020992e-01
3.960800000000000182e+03 3.625951606811780493e+03 3.621460876330735990e-01
3.964300000000000182e+03 3.404038460856363599e+03 3.469917703536755660e-01
3.967800000000000182e+03 3.191555550433191456e+03 3.362962554715167030e-01
3.971300000000000182e+03 3.205936530847371614e+03 3.307565975468964581e-01
3.974800000000000182e+03 3.239841806786082998e+03 3.384240441701852897e-01
3.978300000000000182e+03 3.642387688810013060e+03 3.508937462501248161e-01
3.981800000000000182e+03 3.840460786489385555e+03 3.606562143809839971e-01
3.985300000000000182e+03 4.310438039265967745e+03 3.644832219172487453e-01
3.988800000000000182e+03 4.800173254636243655e+03 3.666865815257941974e-01
3.992300000000000182e+03 5.102641390022658925e+03 3.637685854075656811e-01
3.995800000000000182e+03 5.428793130169720826e+03 3.583779755574479919e-01
3.999300000000000182e+03 5.813579829099133349e+03 3.555286261468977305e-01
4.002800000000000182e+03 5.920972872413211917e+03 3.541391233720116993e-01
4.006300000000000182e+03 6.025278081472507438e+03 3.534509179499445430e-01
4.009800000000000182e+03 6.152447888217024229e+03 3.528343225609554268e-01
4.013300000000000182e+03 6.386728944624158430e+03 3.516517020557039519e-01
4.016800000000000182e+03 6.358554358207024961e+03 3.498189341778503159e-01
4.020300000000000182e+03 6.542624762854154142e+03 3.492055559197648207e-01
4.023800000000000182e+03 6.628715299313235846e+03 3.456837673966370317e-01
4.027300000000000182e+03 6.604794560218960214e+03 3.437071525759970436e-01
4.030800000000000182e+03 6.707651848771831283e+03 3.410569179182876276e-01
4.034300000000000182e+03 6.825525992388043960e+03 3.428076232171501925e-01
4.037800000000000182e+03 6.720084998070007714e+03 3.426402121470484285e-01
4.041300000000000182e+03 6.695165326933424694e+03 3.411133242104365526e-01
4.044800000000000182e+03 6.737646966921372950e+03 3.412155053444828057e-01
4.048300000000000182e+03 6.778258638945279927e+03 3.401636205821119141e-01
4.051800000000000182e+03 6.967745419131609196e+03 3.375263747441837880e-01
4.055300000000000182e+03 6.852831734125488765e+03 3.385782338908085443e-01
4.058800000000000182e+03 6.870229663470209744e+03 3.366523660733914958e-01
4.062300000000000182e+03 6.778874521855396779e+03 3.351266823252460614e-01
4.065800000000000182e+03 6.926794452036423536e+03 3.327606157284018207e-01
4.069300000000000182e+03 6.627595056413917519e+03 3.331795992231901260e-01
4.072800000000000182e+03 6.458778925953695762e+03 3.338646356951725513e-01
4.076300000000000182e+03 6.325898476685098103e+03 3.312757327604404223e-01
4.079800000000000182e+03 5.959511696364525960e+03 3.297117418493203389e-01
4.083300000000000182e+03 5.713237681664386400e+03 3.294307903801365067e-01
4.086800000000000182e+03 5.438923723136426815e+03 3.249427263817038503e-01
4.090300000000000182e+03 5.067377471325643455e+03 3.254127872317467141e-01
4.093800000000000182e+03 4.868762358521229544e+03 3.251361191040501586e-01
4.097300000000000182e+03 4.663092882230416762e+03 3.198402439805926312e-01
4.100800000000000182e+03 4.458790854766101802e+03 3.157813641174517238e-01
4.104300000000000182e+03 4.451768250417213494e+03 3.066921855025138144e-01
4.107800000000000182e+03 4.387031690322623035e+03 3.033642268819746191e-01
4.111300000000000182e+03 4.547717075527530142e+03 3.035992804039067128e-01
4.114800000000000182e+03 4.867880068934412520e+03 3.062514692659654147e-01
4.118300000000000182e+03 5.290382262757770150e+03 3.109734437894845493e-01
4.121800000000000182e+03 5.736457831621285550e+03 3.162043431204833444e-01
4.125300000000000182e+03 6.350627985688711306e+03 3.199397810415265386e-01
4.128800000000000182e+03 6.661126332265741439e+03 3.209698427107003926e-01
4.132300000000000182e+03 7.090943925599143768e+03 3.180398110566072245e-01
4.135800000000000182e+03 7.415386040861484616e+03 3.160528685989797415e-01
4.139300000000000182e+03 7.803473279113160970e+03 3.125368059256156128e-01
4.142800000000000182e+03 7.844861562751017118e+03 3.112166362690099164e-01
4.146300000000000182e+03 7.940310286394280411e+03 3.092969710008044992e-01
4.149800000000000182e+03 8.309308810927383092e+03 3.057605417468625686e-01
4.153300000000000182e+03 8.276554571880958974e+03 3.064131866436617391e-01
4.156800000000000182e+03 8.319491824833870851e+03 3.044454252220572532e-01
4.160300000000000182e+03 8.414680121604744272e+03 3.047178522725577654e-01
4.163800000000000182e+03 8.216972364874738560e+03 3.049631253531114305e-01
4.167300000000000182e+03 8.434004349754251962e+03 3.038187615160041211e-01
4.170800000000000182e+03 8.302498055378620847e+03 3.011369785393623322e-01
4.174300000000000182e+03 8.508474758129319525e+03 2.984817531197012097e-01
4.177800000000000182e+03 8.621673584413332719e+03 2.989390689007094815e-01
4.181300000000000182e+03 8.787687958596918179e+03 2.963732931570578488e-01
4.184800000000000182e+03 8.519592983450564134e+03 2.960700067333813523e-01
4.188300000000000182e+03 8.723113947826192089e+03 2.964153348195592286e-01
4.191800000000000182e+03 8.729818765538166190e+03 2.961143252165258088e-01
4.195300000000000182e+03 8.884605047960707452e+03 2.946893408979027185e-01
4.198800000000000182e+03 8.648126988016894757e+03 2.941063473296104402e-01
4.202300000000000182e+03 8.846902553432013519e+03 2.937865399091836305e-01
4.205800000000000182e+03 9.043696999822903308e+03 2.916288497980392136e-01
4.209300000000000182e+03 9.161954443219336099e+03 2.903780846815834371e-01
4.212800000000000182e+03 8.993380153396057722e+03 2.912700517332205696e-01
4.216300000000000182e+03 9.220972662476389814e+03 2.871984246904791815e-01
4.219800000000000182e+03 8.891088994702558921e+03 2.893414846931908202e-01
4.223300000000000182e+03 8.976001891764817628e+03 2.876936042591701770e-01
4.226800000000000182e+03 9.000216714277024948e+03 2.872997220287393794e-01
4.230300000000000182e+03 9.186387337884054432e+03 2.851467338016311914e-01
4.233800000000000182e+03 9.189321064844569264e+03 2.823806730359122996e-01
4.237300000000000182e+03 9.300726525430865877e+03 2.838577989153004411e-01
4.240800000000000182e+03 9.339062592311853223e+03 2.829204493996975711e-01
4.244300000000000182e+03 9.381884411306318725e+03 2.805139117873049481e-01
4.247800000000000182e+03 9.290524191341755795e+03 2.831134834261805899e-01
4.251300000000000182e+03 9.491904342524876483e+03 2.823349952552463016e-01
4.254800000000000182e+03 9.510560479287887574e+03 2.791575972387604909e-01
4.258300000000000182e+03 9.506522073472167904e+03 2.778559239864797359e-01
4.261800000000000182e+03 9.413543191207061682e+03 2.779337197929992453e-01
4.265300000000000182e+03 9.393786194659671310e+03 2.763695190783745925e-01
4.268800000000000182e+03 9.671742145677249937e+03 2.737078171298928386e-01
4.272300000000000182e+03 9.657410055745071077e+03 2.733488237574114854e-01
4.275800000000000182e+03 9.498478640260718748e+03 2.739057522566920588e-01
4.279300000000000182e+03 9.663453069163257169e+03 2.727243109753895722e-01
4.282800000000000182e+03 9.829658561876467502e+03 2.715055335997211827e-01
4.286300000000000182e+03 9.750554550992181248e+03 2.725042388671741200e-01
4.289800000000000182e+03 9.656862839720071861e+03 2.707102278425283504e-01
4.293300000000000182e+03 9.423226953345269067e+03 2.712300631221936098e-01
4.296800000000000182e+03 9.674509643495721321e+03 2.711770407174431963e-01
4.300300000000000182e+03 9.677881640445606536e+03 2.697724375525016871e-01
4.303800000000000182e+03 9.529315497817840878e+03 2.693979685717877715e-01
4.307300000000000182e+03 9.307676031944647548e+03 2.682853731425217658e-01
4.310800000000000182e+03 8.977852283780724974e+03 2.681656160734221528e-01
4.314300000000000182e+03 8.752619459215546158e+03 2.672505239090392504e-01
4.317800000000000182e+03 8.487863891526165389e+03 2.649978487415020623e-01
4.321300000000000182e+03 7.933332350922742080e+03 2.640727220952152621e-01
4.324800000000000182e+03 7.533236020893109526e+03 2.614931076530577769e-01
4.328300000000000182e+03 7.103749488208540242e+03 2.612101549347340956e-01
4.331800000000000182e+03 6.710427951001536712e+03 2.602666122936629911e-01
4.335300000000000182e+03 6.461513578119132035e+03 2.594012220558699067e-01
4.338800000000000182e+03 6.319589171262589844e+03 2.563234042938692392e-01
4.342300000000000182e+03 6.207984552424187314e+03 2.508480363424444026e-01
4.345800000000000182e+03 6.203290198830661211e+03 2.468852373186311011e-01
4.349300000000000182e+03 6.515462985745082733e+03 2.445609074121862792e-01
4.352800000000000182e+03 6.855254752493663545e+03 2.428133110438560061e-01
4.356300000000000182e+03 7.329087994743604213e+03 2.470126136608190304e-01
4.359800000000000182e+03 7.876351437929151871e+03 2.529011437470161106e-01
4.363300000000000182e+03 8.540247636132013213e+03 2.570560405992327047e-01
4.366800000000000182e+03 9.002730550496655269e+03 2.586441884730401042e-01
4.370300000000000182e+03 9.536573072025101283e+03 2.608188562950367051e-01
4.373800000000000182e+03 1.006170615032961905e+04 2.562580764441066417e-01
4.377300000000000182e+03 1.016787646280339141e+04 2.563038727206516931e-01
4.380800000000000182e+03 1.050360958359536016e+04 2.529954360780689582e-01
4.384300000000000182e+03 1.066804712501679023e+04 2.484225497910565739e-01
4.387800000000000182e+03 1.088018723490088996e+04 2.480883722110772405e-01
4.391300000000000182e+03 1.062964219777589460e+04 2.480654453020720296e-01
4.394800000000000182e+03 1.094202873921327955e+04 2.472826383874092981e-01
4.398300000000000182e+03 1.093346104702785851e+04 2.468509759988272989e-01
4.401800000000000182e+03 1.090402237148250424e+04 2.473100521843407951e-01
4.405300000000000182e+03 1.113074602782432339e+04 2.448637380355573046e-01
4.408800000000000182e+03 1.082498362400306542e+04 2.461078051347040663e-01
4.412300000000000182e+03 1.137791549798818232e+04 2.454772623478880256e-01
4.415800000000000182e+03 1.095817441243081339e+04 2.452546177362883162e-01
4.419300000000000182e+03 1.127246761512800003e+04 2.430156271103023902e-01
4.422800000000000182e+03 1.129188551325808658e+04 2.426034425873033473e-01
4.426300000000000182e+03 1.115095366015953550e+04 2.417556133916899663e-01
4.429800000000000182e+03 1.139513003700181616e+04 2.397508758918522886e-01
4.433300000000000182e+03 1.152542600400184165e+04 2.391820916699132493e-01
4.436800000000000182e+03 1.138136485882537454e+04 2.412051647964708889e-01
4.440300000000000182e+03 1.139857544089384282e+04 2.379705080872547840e-01
4.443800000000000182e+03 1.167284257776931554e+04 2.379347258300573698e-01
4.447300000000000182e+03 1.159256863561902173e+04 2.387359766116893545e-01
4.450800000000000182e+03 1.173412852028545785e+04 2.371026640179239586e-01
4.454300000000000182e+03 1.171278829573374060e+04 2.344114209576250996e-01
4.457800000000000182e+03 1.153938869361344041e+04 2.373682692418363771e-01
4.461300000000000182e+03 1.173752924373529277e+04 2.350806312674754150e-01
4.464800000000000182e+03 1.191876213015906069e+04 2.329923827171806738e-01
4.468300000000000182e+03 1.191992898423459519e+04 2.329601981977381386e-01
4.471800000000000182e+03 1.186913026717632420e+04 2.331204167236605451e-01
4.475300000000000182e+03 1.175442694455967649e+04 2.326880692392042926e-01
4.478800000000000182e+03 1.182734068863816719e+04 2.328289229089769152e-01
4.482300000000000182e+03 1.181843584532706518e+04 2.296882579019740578e-01
4.485800000000000182e+03 1.206531481497101595e+04 2.299971116191511233e-01
4.489300000000000182e+03 1.189710166391974781e+04 2.273762787396716445e-01
4.492800000000000182e+03 1.182164714215861932e+04 2.299801529755977902e-01
4.496300000000000182e+03 1.226721197890985968e+04 2.267627919177689355e-01
4.499800000000000182e+03 1.204801576571617807e+04 2.274751763765061607e-01
4.503300000000000182e+03 1.172990398952659962e+04 2.282756197735606452e-01
4.506800000000000182e+03 1.197057499444620407e+04 2.276111889269476496e-01
4.510300000000000182e+03 1.207624598929003514e+04 2.261802398678841308e-01
4.513800000000000182e+03 1.205678439297232399e+04 2.267133897351885086e-01
4.517300000000000182e+03 1.202325931338721421e+04 2.264315266960002238e-01
4.520800000000000182e+03 1.224164282446815196e+04 2.232663936511125879e-01
4.524300000000000182e+03 1.220551133052655496e+04 2.250157526471476543e-01
4.527800000000000182e+03 1.219263434088521353e+04 2.226628262923631418e-01
4.531300000000000182e+03 1.221161810811093528e+04 2.195188904650087480e-01
4.534800000000000182e+03 1.237534361119121786e+04 2.215299833913801086e-01
4.538300000000000182e+03 1.228423297571449802e+04 2.200203566094297014e-01
4.541800000000000182e+03 1.205388176387702697e+04 2.215242338734250416e-01
4.545300000000000182e+03 1.221340857548278291e+04 2.212621393921792856e-01
4.548800000000000182e+03 1.224667677498715784e+04 2.187252363789399245e-01
4.552300000000000182e+03 1.237797131424931467e+04 2.175021321144044173e-01
4.555800000000000182e+03 1.253803302285792415e+04 2.178212823764356099e-01
4.559300000000000182e+03 1.245746005905479251e+04 2.178154779718606271e-01
4.562800000000000182e+03 1.228777239980641389e+04 2.174911787811353026e-01
4.566300000000000182e+03 1.241426815071298370e+04 2.181233673280860430e-01
4.569800000000000182e+03 1.248891731698104923e+04 2.167438436949161995e-01
4.573300000000000182e+03 1.260156817155460703e+04 2.154197056175230218e-01
4.576800000000000182e+03 1.246270434984743770e+04 2.158682077604603955e-01
4.580300000000000182e+03 1.247855212142869641e+04 2.153375592361289059e-01
4.583800000000000182e+03 1.257305847941666980e+04 2.139349684183968481e-01
4.587300000000000182e+03 1.268739978657141182e+04 2.104354856634364501e-01
4.590800000000000182e+03 1.283868970834136417e+04 2.114829758062325427e-01
4.594300000000000182e+03 1.268320177921911636e+04 2.125330001439252881e-01
4.597800000000000182e+03 1.270900512321642964e+04 2.110066477449248912e-01
4.601300000000000182e+03 1.247701214554916442e+04 2.101697773729114260e-01
4.604800000000000182e+03 1.253552293576975171e+04 2.122480201979549397e-01
4.608300000000000182e+03 1.274087549232473430e+04 2.109175026270137532e-01
4.611800000000000182e+03 1.277409971259197846e+04 2.106676768230844599e-01
4.615300000000000182e+03 1.313023896346727997e+04 2.072486420873421997e-01
4.618800000000000182e+03 1.268398934813746746e+04 2.085395477315913904e-01
4.622300000000000182e+03 1.279711689108540850e+04 2.072575986955714489e-01
4.625800000000000182e+03 1.288019605631206468e+04 2.059809927773098570e-01
4.629300000000000182e+03 1.296417376483714179e+04 2.058978196672944516e-01
4.632800000000000182e+03 1.293509877731698361e+04 2.043114398932789622e-01
4.636300000000000182e+03 1.297503832073749436e+04 2.037918981985685773e-01
4.639800000000000182e+03 1.282393874537530064e+04 2.049055443760704753e-01
4.643300000000000182e+03 1.269722102355701645e+04 2.048211245193525820e-01
4.646800000000000182e+03 1.295950788828396435e+04 2.031864963348242181e-01
4.650300000000000182e+03 1.308467308659451010e+04 2.036279150106667657e-01
4.653800000000000182e+03 1.309585335326626227e+04 2.013902684760940920e-01
4.657300000000000182e+03 1.294419016181426377e+04 2.047032787492341910e-01
4.660800000000000182e+03 1.281639613715729138e+04 2.027751792716911972e-01
4.664300000000000182e+03 1.308199150716089571e+04 2.005121534597416599e-01
4.667800000000000182e+03 1.294409444163413718e+04 2.017332040934097515e-01
4.671300000000000182e+03 1.293415517592304423e+04 2.001108734086508301e-01
4.674800000000000182e+03 1.301837139052868952e+04 1.987157032488674757e-01
4.678300000000000182e+03 1.328052220364232380e+04 1.960318453685734597e-01
4.681800000000000182e+03 1.280601055495390574e+04 1.995351934546515660e-01
4.685300000000000182e+03 1.286959057872010999e+04 1.982544531831641754e-01
4.688800000000000182e+03 1.287376917412706280e+04 1.983200045400516920e-01
4.692300000000000182e+03 1.275099370143334636e+04 1.978930042824326441e-01
4.695800000000000182e+03 1.275444790647393347e+04 1.974005978056460053e-01
4.699300000000000182e+03 1.258255668554732438e+04 1.955850671246699979e-01
4.702800000000000182e+03 1.281492405607118235e+04 1.943864088944038948e-01
4.706300000000000182e+03 1.277434211162634347e+04 1.941294839274692041e-01
4.709800000000000182e+03 1.275287536979139622e+04 1.931010088724754159e-01
4.713300000000000182e+03 1.296947978580844392e+04 1.915107451817379958e-01
4.716800000000000182e+03 1.272884283819734082e+04 1.924389432091078156e-01
4.720300000000000182e+03 1.296873466653665673e+04 1.934904651756674532e-01
4.723800000000000182e+03 1.286871695594674384e+04 1.937002633770323889e-01
4.727300000000000182e+03 1.297792390830298973e+04 1.916530369370872122e-01
4.730800000000000182e+03 1.309605028319343364e+04 1.917229491698476118e-01
4.734300000000000182e+03 1.308481229662559781e+04 1.907179411234878608e-01
4.737800000000000182e+03 1.324366442992521115e+04 1.905209929300751837e-01
4.741300000000000182e+03 1.318139146715046991e+04 1.912054176206887390e-01
4.744800000000000182e+03 1.335275248384240149e+04 1.882513613801520269e-01
4.748300000000000182e+03 1.303377962441086856e+04 1.889574946151031942e-01
4.751800000000000182e+03 1.314434895497198886e+04 1.886003221725303103e-01
4.755300000000000182e+03 1.285694022959741960e+04 1.901077308106211561e-01
4.758800000000000182e+03 1.321478016689256037e+04 1.886623624751464223e-01
4.762300000000000182e+03 1.327659181878229538e+04 1.867921046897900450e-01
4.765800000000000182e+03 1.329546527129195238e+04 1.870975010284944839e-01
4.769300000000000182e+03 1.311070355129046766e+04 1.872097524214286213e-01
4.772800000000000182e+03 1.313053221279732861e+04 1.869293758199417621e-01
4.776300000000000182e+03 1.297549686322374691e+04 1.869328349466873873e-01
4.779800000000000182e+03 1.320536712191021616e+04 1.851379039604128252e-01
4.783300000000000182e+03 1.300355471118701098e+04 1.856100275973041336e-01
4.786800000000000182e+03 1.308816031569416555e+04 1.848977929496949391e-01
4.790300000000000182e+03 1.291257390034874697e+04 1.853347123757475845e-01
4.793800000000000182e+03 1.319866320804742463e+04 1.821141144640771037e-01
4.797300000000000182e+03 1.324660556391984210e+04 1.841581413278876311e-01
4.800800000000000182e+03 1.290339805748517210e+04 1.830167045351514810e-01
4.804300000000000182e+03 1.298085293324261875e+04 1.837718267881629508e-01
4.807800000000000182e+03 1.301139729763727701e+04 1.819784603948531587e-01
4.811300000000000182e+03 1.281711762558572082e+04 1.811393404552681385e-01
4.814800000000000182e+03 1.271036013821543929e+04 1.838598468183938461e-01
4.818300000000000182e+03 1.254438196915712979e+04 1.828475380248843762e-01
4.821800000000000182e+03 1.228650430950357440e+04 1.841270785100336538e-01
4.825300000000000182e+03 1.224437430180448064e+04 1.822151035055956103e-01
4.828800000000000182e+03 1.184431207151166745e+04 1.837374274190375356e-01
4.832300000000000182e+03 1.151784900750230918e+04 1.830132485256363850e-01
4.835800000000000182e+03 1.111839343067008485e+04 1.834498804760067436e-01
4.839300000000000182e+03 1.060339535704587433e+04 1.813135157454101032e-01
4.842800000000000182e+03 1.019692426769484882e+04 1.784929869890826137e-01
4.846300000000000182e+03 9.591510637277579008e+03 1.797195093612903583e-01
4.849800000000000182e+03 9.152738778434388223e+03 1.776743324495201615e-01
4.853300000000000182e+03 8.788439632220288331e+03 1.769056808426049676e-01
4.856800000000000182e+03 8.233892124026668171e+03 1.762640469009792710e-01
4.860300000000000182e+03 7.924027468018916807e+03 1.727422369087367182e-01
4.863800000000000182e+03 7.818793720087125621e+03 1.669820779309280634e-01
4.867300000000000182e+03 8.042125118099079373e+03 1.610440009311775722e-01
4.870800000000000182e+03 8.283568269054992925e+03 1.614278224803630257e-01
4.874300000000000182e+03 8.551797125965633313e+03 1.646507357105640168e-01
4.877800000000000182e+03 9.034043669558312104e+03 1.691944771002713843e-01
4.881300000000000182e+03 9.618782390065862273e+03 1.754769583292305202e-01
4.884800000000000182e+03 1.021755270810174079e+04 1.799823706070307894e-01
4.888300000000000182e+03 1.095793138479003574e+04 1.794139607339265141e-01
4.891800000000000182e+03 1.165960338911967847e+04 1.785010661469983440e-01
4.895300000000000182e+03 1.182850755340198702e+04 1.790786651711075983e-01
4.898800000000000182e+03 1.220372955384714078e+04 1.760344036531284739e-01
4.902300000000000182e+03 1.234718851582605748e+04 1.741350266560919013e-01
4.905800000000000182e+03 1.263870994905120278e+04 1.726158889888575187e-01
4.909300000000000182e+03 1.278508323692946578e+04 1.706628328234840175e-01
4.912800000000000182e+03 1.278982389952452286e+04 1.714666473300102134e-01
4.916300000000000182e+03 1.274741331677992821e+04 1.718309431304921864e-01
4.919800000000000182e+03 1.279860222099836938e+04 1.715738273446355544e-01
4.923300000000000182e+03 1.273074321036318906e+04 1.698246527089573854e-01
4.926800000000000182e+03 1.285670952136632332e+04 1.688011537342299917e-01
4.930300000000000182e+03 1.265327917384117245e+04 1.685927893497945196e-01
4.933800000000000182e+03 1.273252293031461886e+04 1.682135594055637340e-01
4.937300000000000182e+03 1.265508957461240425e+04 1.687280392414333696e-01
4.940800000000000182e+03 1.275027829353861671e+04 1.698780511147789940e-01
4.944300000000000182e+03 1.295612658397499763e+04 1.677647860161266546e-01
4.947800000000000182e+03 1.300290773614695718e+04 1.673452211891697239e-01
4.951300000000000182e+03 1.258845147440746223e+04 1.698362594755289390e-01
4.954800000000000182e+03 1.287219753997376210e+04 1.705390934946864612e-01
4.958300000000000182e+03 1.302132670925480124e+04 1.670874329990943152e-01
4.961800000000000182e+03 1.305829806818205179e+04 1.681860018500268006e-01
4.965300000000000182e+03 1.301415612062238142e+04 1.669205659890895255e-01
4.968800000000000182e+03 1.295434341940489503e+04 1.678260517324264844e-01
4.972300000000000182e+03 1.271325571463140841e+04 1.679772235669514391e-01
4.975800000000000182e+03 1.319014315842419273e+04 1.662212007009682135e-01
4.979300000000000182e+03 1.320528493815629008e+04 1.651559899125008835e-01
4.982800000000000182e+03 1.276513866274776592e+04 1.673120748724169493e-01
4.986300000000000182e+03 1.327260837667492524e+04 1.655112223455465770e-01
4.989800000000000182e+03 1.266772978793739458e+04 1.667833314001113398e-01
4.993300000000000182e+03 1.298317996690951622e+04 1.646712471875901584e-01
4.996800000000000182e+03 1.283168743123042441e+04 1.654694457472201674e-01
5.000300000000000182e+03 1.276713169114746779e+04 1.636035240733332563e-01
5.003800000000000182e+03 1.264881372710619689e+04 1.652185812120931518e-01
5.007300000000000182e+03 1.295853758268836100e+04 1.641492625279919737e-01
5.010800000000000182e+03 1.269934842396833665e+04 1.633221493841265637e-01
5.014300000000000182e+03 1.288360614901041481e+04 1.635427553580399429e-01
5.017800000000000182e+03 1.276586280942244593e+04 1.630930862732820064e-01
5.021300000000000182e+03 1.298502948048424150e+04 1.618914805944930979e-01
5.024800000000000182e+03 1.260947159788272074e+04 1.668355501303249444e-01
5.028300000000000182e+03 1.273301418209576332e+04 1.640558221420547191e-01
5.031800000000000182e+03 1.250062721575167598e+04 1.670911123582441704e-01
5.035300000000000182e+03 1.243204435255818134e+04 1.673225134603401054e-01
5.038800000000000182e+03 1.254525418887194792e+04 1.663664792092305333e-01
5.042300000000000182e+03 1.233038607706436960e+04 1.643913192176159888e-01
5.045800000000000182e+03 1.248733875684692794e+04 1.645349097248972881e-01
5.049300000000000182e+03 1.265026234109085453e+04 1.640056186208464495e-01
5.052800000000000182e+03 1.261534221329712818e+04 1.634799649935687604e-01
5.056300000000000182e+03 1.250080736073882508e+04 1.619294286476662681e-01
5.059800000000000182e+03 1.273551688025952535e+04 1.636560120597321810e-01
5.063300000000000182e+03 1.274242610334381789e+04 1.618853214807366159e-01
5.066800000000000182e+03 1.263729654506944826e+04 1.618771624475201232e-01
5.070300000000000182e+03 1.264429595263308511e+04 1.621973507821468374e-01
5.073800000000000182e+03 1.271171572924450084e+04 1.624939786550159693e-01
5.077300000000000182e+03 1.238368439068896623e+04 1.630333342119237861e-01
5.080800000000000182e+03 1.262597056319428702e+04 1.618362962254613902e-01
5.084300000000000182e+03 1.275518133394684446e+04 1.601774891695541547e-01
5.087800000000000182e+03 1.300597451409434507e+04 1.581626442167551605e-01
5.091300000000000182e+03 1.264381694092471844e+04 1.610283927781115121e-01
5.094800000000000182e+03 1.273470555234006315e+04 1.573377805558630604e-01
5.098300000000000182e+03 1.265482506829942031e+04 1.593671878053209423e-01
5.101800000000000182e+03 1.277614432733424110e+04 1.572266483500583401e-01
5.105300000000000182e+03 1.265033048120446438e+04 1.559951960879022992e-01
5.108800000000000182e+03 1.292224701912004093e+04 1.562163662133592146e-01
5.112300000000000182e+03 1.277978384396743422e+04 1.572154305051143286e-01
5.115800000000000182e+03 1.274868283440828964e+04 1.554496156051957401e-01
5.119300000000000182e+03 1.278419772131618083e+04 1.548854720147421482e-01
5.122800000000000182e+03 1.280361192879191003e+04 1.556172899376010721e-01
5.126300000000000182e+03 1.304815973894270974e+04 1.551888189793985684e-01
5.129800000000000182e+03 1.282023542042744339e+04 1.535358204123583037e-01
5.133300000000000182e+03 1.303235552853741501e+04 1.528611945440073450e-01
5.136800000000000182e+03 1.274773968727200918e+04 1.544883930497538138e-01
5.140300000000000182e+03 1.273193474314192827e+04 1.537831432566426626e-01
5.143800000000000182e+03 1.286053945335169010e+04 1.541894399680083794e-01
5.147300000000000182e+03 1.260000200338675859e+04 1.542999869926696688e-01
5.150800000000000182e+03 1.266721810508464660e+04 1.537442512011165663e-01
5.154300000000000182e+03 1.270944131112138712e+04 1.527446699675660824e-01
5.157800000000000182e+03 1.258918389558823401e+04 1.540666226379494297e-01
5.161300000000000182e+03 1.235308369203085749e+04 1.526282098871612203e-01
5.164800000000000182e+03 1.238211647518151221e+04 1.525396795614009093e-01
5.168300000000000182e+03 1.272610255884667822e+04 1.516085458640328842e-01
5.171800000000000182e+03 1.255380673586703415e+04 1.507921911559629013e-01
5.175300000000000182e+03 1.243711169976191377e+04 1.514440633671496894e-01
5.178800000000000182e+03 1.262353553248800199e+04 1.508204963347492267e-01
5.182300000000000182e+03 1.238279165817148714e+04 1.512034100856301244e-01
5.185800000000000182e+03 1.249478565288263053e+04 1.527276407133717484e-01
5.189300000000000182e+03 1.251507218977792581e+04 1.497948745346691923e-01
5.192800000000000182e+03 1.243204340622318523e+04 1.528396634300850099e-01
5.196300000000000182e+03 1.269598421714051256e+04 1.486985434316207833e-01
5.199800000000000182e+03 1.273615840686038064e+04 1.506313179389971169e-01
5.203300000000000182e+03 1.237758074009117627e+04 1.524901531745217198e-01
5.206800000000000182e+03 1.247557936659066945e+04 1.511079473227953385e-01
5.210300000000000182e+03 1.242475427594169378e+04 1.513472067282243816e-01
5.213800000000000182e+03 1.248827568357177915e+04 1.506041902458135906e-01
5.217300000000000182e+03 1.259398582749974230e+04 1.507959223090708512e-01
5.220800000000000182e+03 1.248721301644117921e+04 1.490524491001688767e-01
5.224300000000000182e+03 1.263786890957413925e+04 1.512723343766395057e-01
5.227800000000000182e+03 1.257621078512926761e+04 1.488753371702577488e-01
5.231300000000000182e+03 1.251326602921882841e+04 1.501072093129897922e-01
5.234800000000000182e+03 1.252841631905025861e+04 1.483054681251623486e-01
5.238300000000000182e+03 1.252437404138978309e+04 1.488744208901546517e-01
5.241800000000000182e+03 1.248625403733171333e+04 1.487329493738145381e-01
5.245300000000000182e+03 1.259396393408208314e+04 1.486925883631042000e-01
5.248800000000000182e+03 1.231861957108918614e+04 1.489892652040346044e-01
5.252300000000000182e+03 1.237597434424453968e+04 1.506585135875272707e-01
5.255800000000000182e+03 1.229809151634834416e+04 1.508574999302765840e-01
5.259300000000000182e+03 1.258519762861507661e+04 1.492060246324357908e-01
5.262800000000000182e+03 1.230125927489211972e+04 1.497524903934593643e-01
5.266300000000000182e+03 1.244584385572379506e+04 1.482344331505346668e-01
5.269800000000000182e+03 1.229363643247741129e+04 1.473601026669216774e-01
5.273300000000000182e+03 1.206969107107848140e+04 1.485412870042453759e-01
5.276800000000000182e+03 1.249082796106520254e+04 1.473586161569231945e-01
5.280300000000000182e+03 1.218713371669286971e+04 1.473246545861374435e-01
5.283800000000000182e+03 1.227842030749665355e+04 1.495258053337116255e-01
5.287300000000000182e+03 1.238462202299930323e+04 1.492719531863466176e-01
5.290800000000000182e+03 1.239849105321736351e+04 1.494627226198804171e-01
5.294300000000000182e+03 1.233077758139588877e+04 1.500773172867725103e-01
5.297800000000000182e+03 1.232171534023113600e+04 1.500264054689697535e-01
5.301300000000000182e+03 1.243810471134588806e+04 1.476032847965632611e-01
5.304800000000000182e+03 1.213689239198105497e+04 1.491242026364947293e-01
5.308300000000000182e+03 1.225287836705361406e+04 1.476526914915340938e-01
5.311800000000000182e+03 1.195568584408557217e+04 1.483054916232791065e-01
5.315300000000000182e+03 1.225568048731736417e+04 1.479961665273727411e-01
5.318800000000000182e+03 1.214313035031934669e+04 1.496144656522317429e-01
5.322300000000000182e+03 1.179958391168632443e+04 1.480224830533690139e-01
5.325800000000000182e+03 1.214755078924704139e+04 1.446530816207930725e-01
5.329300000000000182e+03 1.214929104557642313e+04 1.450482271011914182e-01
5.332800000000000182e+03 1.211622162325181307e+04 1.457151922819575063e-01
5.336300000000000182e+03 1.249185724942830348e+04 1.444107179646320349e-01
5.339800000000000182e+03 1.190988952242370760e+04 1.467781741561870190e-01
5.343300000000000182e+03 1.213144547646436695e+04 1.462517862865800045e-01
5.346800000000000182e+03 1.199158350544855602e+04 1.464927382879645523e-01
5.350300000000000182e+03 1.229956926563068191e+04 1.464870468630669886e-01
5.353800000000000182e+03 1.208794363226523637e+04 1.461873083512691129e-01
5.357300000000000182e+03 1.197837162531753529e+04 1.475933005451158797e-01
5.360800000000000182e+03 1.193265858858260435e+04 1.468137677158690702e-01
5.364300000000000182e+03 1.230824194299140436e+04 1.439169012695540040e-01
5.367800000000000182e+03 1.213772589014343248e+04 1.439261791781412669e-01
5.371300000000000182e+03 1.206456411534895415e+04 1.454148571916698274e-01
5.374800000000000182e+03 1.204019677018438233e+04 1.434942002605507083e-01
5.378300000000000182e+03 1.211224545346117520e+04 1.433878682342164812e-01
5.381800000000000182e+03 1.192743810520920488e+04 1.456569673903294337e-01
5.385300000000000182e+03 1.185725676743142139e+04 1.468366282292785929e-01
5.388800000000000182e+03 1.196069340350466337e+04 1.435392059536136633e-01
5.392300000000000182e+03 1.178153042478152565e+04 1.462014482149821826e-01
5.395800000000000182e+03 1.177272177922921765e+04 1.470192837760934124e-01
5.399300000000000182e+03 1.207519812190400262e+04 1.445965086421193146e-01
5.402800000000000182e+03 1.192092768450730182e+04 1.454147344423990795e-01
5.406300000000000182e+03 1.180871375662195169e+04 1.450075747030416251e-01
5.409800000000000182e+03 1.178915349303011135e+04 1.461544464591529036e-01
5.413300000000000182e+03 1.169489510419769613e+04 1.464144469483075472e-01
5.416800000000000182e+03 1.189422570950177396e+04 1.442807864534719486e-01
5.420300000000000182e+03 1.180573009273743810e+04 1.433380938955690631e-01
5.423800000000000182e+03 1.191689113256925339e+04 1.424885426116483944e-01
5.427300000000000182e+03 1.162632959056363870e+04 1.461239235827196392e-01
5.430800000000000182e+03 1.202734746403394638e+04 1.435419557364985554e-01
5.434300000000000182e+03 1.174173359366396835e+04 1.431958860953885804e-01
5.437800000000000182e+03 1.164930497623317569e+04 1.438093257648141721e-01
5.441300000000000182e+03 1.169774100942688347e+04 1.430116261276324074e-01
5.444800000000000182e+03 1.182445140493788313e+04 1.426270001146564270e-01
5.448300000000000182e+03 1.170680957927435338e+04 1.418732224576562118e-01
5.451800000000000182e+03 1.152930132390412655e+04 1.432073528107770388e-01
5.455300000000000182e+03 1.155479030932681235e+04 1.431526733078760938e-01
5.458800000000000182e+03 1.182146931795715682e+04 1.435758764562738710e-01
5.462300000000000182e+03 1.159867155629112676e+04 1.420651449337065053e-01
5.465800000000000182e+03 1.163314073310909407e+04 1.432977618272877063e-01
5.469300000000000182e+03 1.177375646981940918e+04 1.409375551538705751e-01
5.472800000000000182e+03 1.173763474666096590e+04 1.407336290589915884e-01
5.476300000000000182e+03 1.161137894845470146e+04 1.395313671744892736e-01
5.479800000000000182e+03 1.165520993695249854e+04 1.406098476724199908e-01
5.483300000000000182e+03 1.166866291994342100e+04 1.412985962036386323e-01
5.486800000000000182e+03 1.157557517080798971e+04 1.425211145313934336e-01
5.490300000000000182e+03 1.144379756744343649e+04 1.426188567398718465e-01
5.493800000000000182e+03 1.166688717009665743e+04 1.386433964518020145e-01
5.497300000000000182e+03 1.155703311036191008e+04 1.410908334834155564e-01
5.500800000000000182e+03 1.169691960856493097e+04 1.403337265622970065e-01
5.504300000000000182e+03 1.182812290365377703e+04 1.379825377369902628e-01
5.507800000000000182e+03 1.176213620914931198e+04 1.394439129632302488e-01
5.511300000000000182e+03 1.140820768626708741e+04 1.374846713441434665e-01
5.514800000000000182e+03 1.137803888388547239e+04 1.398137973335226714e-01
5.518300000000000182e+03 1.155579844222946667e+04 1.397379448098807209e-01
5.521800000000000182e+03 1.127327174635474148e+04 1.402549874420571108e-01
5.525300000000000182e+03 1.133063307943690415e+04 1.394406384238377761e-01
5.528800000000000182e+03 1.114582050894709027e+04 1.408445427136068850e-01
5.532300000000000182e+03 1.145707756691460781e+04 1.411671686912099322e-01
5.535800000000000182e+03 1.134077451303440466e+04 1.374578421105331905e-01
5.539300000000000182e+03 1.155800242947188963e+04 1.374383401885584388e-01
5.542800000000000182e+03 1.128189912975185689e+04 1.397805965312499676e-01
5.546300000000000182e+03 1.141662307614271595e+04 1.368826368610879529e-01
5.549800000000000182e+03 1.133766825879155294e+04 1.386190461971327781e-01
5.553300000000000182e+03 1.117795810817675374e+04 1.390834753223403608e-01
5.556800000000000182e+03 1.122121455805127152e+04 1.400693300233882832e-01
5.560300000000000182e+03 1.128365708574478958e+04 1.381026606738542661e-01
5.563800000000000182e+03 1.126266492710656894e+04 1.384425376172153388e-01
5.567300000000000182e+03 1.121017502416015304e+04 1.391942122925268199e-01
5.570800000000000182e+03 1.102251133026747993e+04 1.390333698128910500e-01
5.574300000000000182e+03 1.120871721994547079e+04 1.391675955043635837e-01
5.577800000000000182e+03 1.121885144088084417e+04 1.377609241288308695e-01
5.581300000000000182e+03 1.130083067600741742e+04 1.377993908399416934e-01
5.584800000000000182e+03 1.107773954812174816e+04 1.386260271830675184e-01
5.588300000000000182e+03 1.114745541325706654e+04 1.367019587126520885e-01
5.591800000000000182e+03 1.103976003621902964e+04 1.383828940633151094e-01
5.595300000000000182e+03 1.108057418918212534e+04 1.390477434503898102e-01
5.598800000000000182e+03 1.119269784242042260e+04 1.374548112686278800e-01
5.602300000000000182e+03 1.121588470782868353e+04 1.384724072230311132e-01
5.605800000000000182e+03 1.102147523513781744e+04 1.381597438765091723e-01
5.609300000000000182e+03 1.116094623788600620e+04 1.388997062170058694e-01
5.612800000000000182e+03 1.137302775370985182e+04 1.370443786498614369e-01
5.616300000000000182e+03 1.099536861162299465e+04 1.379371765884762346e-01
5.619800000000000182e+03 1.084167438190500434e+04 1.394898890062864771e-01
5.623300000000000182e+03 1.115189237944939850e+04 1.372761581427359157e-01
5.626800000000000182e+03 1.084561028692692889e+04 1.400023240007184366e-01
5.630300000000000182e+03 1.081095288703567894e+04 1.386474869818390132e-01
5.633800000000000182e+03 1.069595880453788959e+04 1.403652930969248591e-01
5.637300000000000182e+03 1.116630262332019447e+04 1.368343965738618440e-01
5.640800000000000182e+03 1.083521762886857687e+04 1.393149673532345367e-01
5.644300000000000182e+03 1.090574092033559646e+04 1.383061238016357608e-01
5.647800000000000182e+03 1.081621837405359474e+04 1.386274714882209380e-01
5.651300000000000182e+03 1.075587235975481599e+04 1.397386786738560038e-01
5.654800000000000182e+03 1.087777854245972594e+04 1.377136348740542748e-01
5.658300000000000182e+03 1.091238132871861853e+04 1.374203536012363613e-01
5.661800000000000182e+03 1.084018209471643604e+04 1.395767852225378858e-01
5.665300000000000182e+03 1.086727521036307553e+04 1.375557734558928991e-01
5.668800000000000182e+03 1.060650014405150796e+04 1.382545534040513224e-01
5.672300000000000182e+03 1.067317717370725586e+04 1.385116345593703779e-01
5.675800000000000182e+03 1.096800583423871649e+04 1.398832813578098910e-01
5.679300000000000182e+03 1.060079979264835674e+04 1.425745086602254186e-01
5.682800000000000182e+03 1.059345611421221838e+04 1.399991134736483511e-01
5.686300000000000182e+03 1.051013768759507548e+04 1.414771796603104259e-01
5.689800000000000182e+03 1.031004926979342963e+04 1.407869399477570393e-01
5.693300000000000182e+03 1.053703572811000959e+04 1.425760746140100621e-01
5.696800000000000182e+03 1.051503479220518238e+04 1.420522937086639292e-01
