# wavelength angstroms, flux, ext coeff
3.299300000000000182e+03 1.816800510658755911e+03 8.212086626533215972e-01
3.302800000000000182e+03 1.855869323308227195e+03 8.136977210173093056e-01
3.306300000000000182e+03 1.862869608617489803e+03 8.118267288243609103e-01
3.309800000000000182e+03 1.898517121786444250e+03 8.114270632982693021e-01
3.313300000000000182e+03 1.924574484827832975e+03 8.073870954067516870e-01
3.316800000000000182e+03 1.976778879474775295e+03 7.985895532812060660e-01
3.320300000000000182e+03 2.007975775682880794e+03 7.893612628271997611e-01
3.323800000000000182e+03 2.062109882865244344e+03 7.813129667404619116e-01
3.327300000000000182e+03 2.066057348716416527e+03 7.791854373833361214e-01
3.330800000000000182e+03 2.129138259839353395e+03 7.698627241515800801e-01
3.334300000000000182e+03 2.115061836841649892e+03 7.661285452654187367e-01
3.337800000000000182e+03 2.140277289984383970e+03 7.629598296281900893e-01
3.341300000000000182e+03 2.192814678298720537e+03 7.619926543028451293e-01
3.344800000000000182e+03 2.191175049901522470e+03 7.573492584920025195e-01
3.348300000000000182e+03 2.233101409234223411e+03 7.541036347853478095e-01
3.351800000000000182e+03 2.262774253794949345e+03 7.438075969327316850e-01
3.355300000000000182e+03 2.282139596818009522e+03 7.401340276004424457e-01
3.358800000000000182e+03 2.279476947960667530e+03 7.336316231662896037e-01
3.362300000000000182e+03 2.296781608181144293e+03 7.298220626227548413e-01
3.365800000000000182e+03 2.275456605477928861e+03 7.233222575938135224e-01
3.369300000000000182e+03 2.301025967976313041e+03 7.256656856476918493e-01
3.372800000000000182e+03 2.327307817309673283e+03 7.209521923178207059e-01
3.376300000000000182e+03 2.355552016487265519e+03 7.169132415029756400e-01
3.379800000000000182e+03 2.374837344846162068e+03 7.148614480587234254e-01
3.383300000000000182e+03 2.466302613056235259e+03 7.065123620984007369e-01
3.386800000000000182e+03 2.542423439191668876e+03 7.038844095218107499e-01
3.390300000000000182e+03 2.574207865666586258e+03 6.977142430783055405e-01
3.393800000000000182e+03 2.590713167411340692e+03 6.925654616456374812e-01
3.397300000000000182e+03 2.642253530068562213e+03 6.918169379219430981e-01
3.400800000000000182e+03 2.655908167665827023e+03 6.872453369459775585e-01
3.404300000000000182e+03 2.709499605061826969e+03 6.855322970740745925e-01
3.407800000000000182e+03 2.690855350834005094e+03 6.816851399689053403e-01
3.411300000000000182e+03 2.738533523309986322e+03 6.742938723916345189e-01
3.414800000000000182e+03 2.811938313716252651e+03 6.676882512700629269e-01
3.418300000000000182e+03 2.837624585060736536e+03 6.647958407764807953e-01
3.421800000000000182e+03 2.833701685452503170e+03 6.660555883462463411e-01
3.425300000000000182e+03 2.893111065625884748e+03 6.629309512059734510e-01
3.428800000000000182e+03 2.913390569654211504e+03 6.589721262839702831e-01
3.432300000000000182e+03 2.961231166081681295e+03 6.520028784197843263e-01
3.435800000000000182e+03 2.992835794513541259e+03 6.550595383432563645e-01
3.439300000000000182e+03 3.022824967042030949e+03 6.515630184879004361e-01
3.442800000000000182e+03 3.079120910835130417e+03 6.463603359946022975e-01
3.446300000000000182e+03 3.110752583714252069e+03 6.465537718190743632e-01
3.449800000000000182e+03 3.180847146641409836e+03 6.445919608658385869e-01
3.453300000000000182e+03 3.222744115950458763e+03 6.381604822320913195e-01
3.456800000000000182e+03 3.248653921109676048e+03 6.351285869111652493e-01
3.460300000000000182e+03 3.267356120546885904e+03 6.332490241752356530e-01
3.463800000000000182e+03 3.306475759327047854e+03 6.279394699243280309e-01
3.467300000000000182e+03 3.323260941872958483e+03 6.261084713490475684e-01
3.470800000000000182e+03 3.388043856238811259e+03 6.247764130654689385e-01
3.474300000000000182e+03 3.433482238549652720e+03 6.231280887745113128e-01
3.477800000000000182e+03 3.502258682298127951e+03 6.184449566929466346e-01
3.481300000000000182e+03 3.530044875211844555e+03 6.152005111028925333e-01
3.484800000000000182e+03 3.603699332094764941e+03 6.112034876027770958e-01
3.488300000000000182e+03 3.655859501595346046e+03 6.098982119265904389e-01
3.491800000000000182e+03 3.719316651951324275e+03 6.073610164142735357e-01
3.495300000000000182e+03 3.750262714897013666e+03 6.066798873350078836e-01
3.498800000000000182e+03 3.818023531437576821e+03 6.016449018376331948e-01
3.502300000000000182e+03 3.895210930082479081e+03 5.955407684121643008e-01
3.505800000000000182e+03 3.906069440815681901e+03 5.981166127330207472e-01
3.509300000000000182e+03 3.920445190728788475e+03 5.957580362628722703e-01
3.512800000000000182e+03 3.936963411354987329e+03 5.967247999433511474e-01
3.516300000000000182e+03 3.998252119210927049e+03 5.924384940602227534e-01
3.519800000000000182e+03 3.944094697245313455e+03 5.900447382985257727e-01
3.523300000000000182e+03 3.995198368826041587e+03 5.837869477042142430e-01
3.526800000000000182e+03 4.047523694037301539e+03 5.788375855681217041e-01
3.530300000000000182e+03 4.043892111886715156e+03 5.824791417114154601e-01
3.533800000000000182e+03 4.131700347132064962e+03 5.785762560789320386e-01
3.537300000000000182e+03 4.264663382839068618e+03 5.768031879452885091e-01
3.540800000000000182e+03 4.369895027965856571e+03 5.734800872764530544e-01
3.544300000000000182e+03 4.433715426685964303e+03 5.741470148738342383e-01
3.547800000000000182e+03 4.578339916982949035e+03 5.699825958461269826e-01
3.551300000000000182e+03 4.567815309956154124e+03 5.705720461148611200e-01
3.554800000000000182e+03 4.616740610895453756e+03 5.659552111258628893e-01
3.558300000000000182e+03 4.538822079939801370e+03 5.617473782929407466e-01
3.561800000000000182e+03 4.506915186853502746e+03 5.569445409616489151e-01
3.565300000000000182e+03 4.412344469852363545e+03 5.566658069315409962e-01
3.568800000000000182e+03 4.352201847440928759e+03 5.538556571507721182e-01
3.572300000000000182e+03 4.361078442677259773e+03 5.508961332982208470e-01
3.575800000000000182e+03 4.340296982828322143e+03 5.478797336808695073e-01
3.579300000000000182e+03 4.337102413060435538e+03 5.469832452274291379e-01
3.582800000000000182e+03 4.362751824772011787e+03 5.452462979838632595e-01
3.586300000000000182e+03 4.386159724920397821e+03 5.434499578786960994e-01
3.589800000000000182e+03 4.468788685670429004e+03 5.437773852545257913e-01
3.593300000000000182e+03 4.469768686023551709e+03 5.369225930073129316e-01
3.596800000000000182e+03 4.565222998019071383e+03 5.385955300558032954e-01
3.600300000000000182e+03 4.603501506838960267e+03 5.359033488348237118e-01
3.603800000000000182e+03 4.694620732377315107e+03 5.357201544894008016e-01
3.607300000000000182e+03 4.767742176028992617e+03 5.310886875029249277e-01
3.610800000000000182e+03 4.785739410691786361e+03 5.303377131758200136e-01
3.614300000000000182e+03 4.855192693022189815e+03 5.266654922537605810e-01
3.617800000000000182e+03 4.914333793662131029e+03 5.238828884312140000e-01
3.621300000000000182e+03 4.932888916054468609e+03 5.239493941794516330e-01
3.624800000000000182e+03 4.993272785269208725e+03 5.217395563237416933e-01
3.628300000000000182e+03 5.099081524631621505e+03 5.191459486392981937e-01
3.631800000000000182e+03 5.072322663947355068e+03 5.151858211734716697e-01
3.635300000000000182e+03 5.108557289628062790e+03 5.142684324442975408e-01
3.638800000000000182e+03 5.209082413909246497e+03 5.113951768196590697e-01
3.642300000000000182e+03 5.316523352459148555e+03 5.102608356967003322e-01
3.645800000000000182e+03 5.571712482267919768e+03 5.092499485830688233e-01
3.649300000000000182e+03 5.764846493938705862e+03 5.088154239869868700e-01
3.652800000000000182e+03 5.822715154165685817e+03 5.065049744990044456e-01
3.656300000000000182e+03 5.839478369390094485e+03 5.056790663868717672e-01
3.659800000000000182e+03 5.916731827753485049e+03 5.006110417098620369e-01
3.663300000000000182e+03 5.839231380554227144e+03 4.989476041197793976e-01
3.666800000000000182e+03 5.880199448657612265e+03 4.964368829893276436e-01
3.670300000000000182e+03 5.849636526937068083e+03 4.965328535221650852e-01
3.673800000000000182e+03 5.809363909282928034e+03 4.955532433151088600e-01
3.677300000000000182e+03 5.749454282787282864e+03 4.932851195756529084e-01
3.680800000000000182e+03 5.673538952571047957e+03 4.904322556412258893e-01
3.684300000000000182e+03 5.666846962589508621e+03 4.862066241187154580e-01
3.687800000000000182e+03 5.668329703427394634e+03 4.821889266786502648e-01
3.691300000000000182e+03 5.724349871600164988e+03 4.799745920682900735e-01
3.694800000000000182e+03 5.729470382584456274e+03 4.803989800917716213e-01
3.698300000000000182e+03 5.835141665327439114e+03 4.796529549407928528e-01
3.701800000000000182e+03 5.960848838082001748e+03 4.788741901786651156e-01
3.705300000000000182e+03 6.043996130868818909e+03 4.800785398616080890e-01
3.708800000000000182e+03 6.176373466099463258e+03 4.747565232030526716e-01
3.712300000000000182e+03 6.246557061513936787e+03 4.755760902307837323e-01
3.715800000000000182e+03 6.222326454209661279e+03 4.719389835250580312e-01
3.719300000000000182e+03 6.189507071183316839e+03 4.683442707204579225e-01
3.722800000000000182e+03 6.124413615904351900e+03 4.650548190136813975e-01
3.726300000000000182e+03 6.175870375671152033e+03 4.625726214672106762e-01
3.729800000000000182e+03 6.161521314361380064e+03 4.602070096523812603e-01
3.733300000000000182e+03 6.323842910797235163e+03 4.594845038836943840e-01
3.736800000000000182e+03 6.495737530605540087e+03 4.616617886848688457e-01
3.740300000000000182e+03 6.682907475975357556e+03 4.598705406093493431e-01
3.743800000000000182e+03 6.937027551545814276e+03 4.590810939523908285e-01
3.747300000000000182e+03 7.113287445692827532e+03 4.592039839687024894e-01
3.750800000000000182e+03 7.315933295140849623e+03 4.573653203724770688e-01
3.754300000000000182e+03 7.440848619083086305e+03 4.564509136851544469e-01
3.757800000000000182e+03 7.637113517895681071e+03 4.514919871053755807e-01
3.761300000000000182e+03 7.794432876880864569e+03 4.468569246013727181e-01
3.764800000000000182e+03 7.952712693370006491e+03 4.447605987334558031e-01
3.768300000000000182e+03 8.097703975518537845e+03 4.413524571011360753e-01
3.771800000000000182e+03 8.309720562913267713e+03 4.412511724317370043e-01
3.775300000000000182e+03 8.483008846091181113e+03 4.430905751510153534e-01
3.778800000000000182e+03 8.656196644980052952e+03 4.398007836177173502e-01
3.782300000000000182e+03 8.951805711757053359e+03 4.396377887654565053e-01
3.785800000000000182e+03 9.175527563121280764e+03 4.387015720210294956e-01
3.789300000000000182e+03 9.456042706296075266e+03 4.359319943666714603e-01
3.792800000000000182e+03 9.751325236590981149e+03 4.320562722264962852e-01
3.796300000000000182e+03 1.007593016853607696e+04 4.337159988853451220e-01
3.799800000000000182e+03 1.032636193945524974e+04 4.367406473137983580e-01
3.803300000000000182e+03 1.060987171683007000e+04 4.334116668816497264e-01
3.806800000000000182e+03 1.069287239863218565e+04 4.362908112190191368e-01
3.810300000000000182e+03 1.068918498878720129e+04 4.345413555960744301e-01
3.813800000000000182e+03 1.049818878825167667e+04 4.347303555196684322e-01
3.817300000000000182e+03 1.006237666296645693e+04 4.290715177767308042e-01
3.820800000000000182e+03 9.642173408902744995e+03 4.197438550207947539e-01
3.824300000000000182e+03 9.200220048375742408e+03 4.121281109670449361e-01
3.827800000000000182e+03 8.990700761626434542e+03 4.043617705374422666e-01
3.831300000000000182e+03 9.011107409697859111e+03 4.042626393974185772e-01
3.834800000000000182e+03 9.416434474302126546e+03 4.074371971282124694e-01
3.838300000000000182e+03 1.007652535937104221e+04 4.089514811980518028e-01
3.841800000000000182e+03 1.066658330955283236e+04 4.143944270999620483e-01
3.845300000000000182e+03 1.139205968813737127e+04 4.164993519692636315e-01
3.848800000000000182e+03 1.208036329951995685e+04 4.148262320644796608e-01
3.852300000000000182e+03 1.259027533338863941e+04 4.111435413800531014e-01
3.855800000000000182e+03 1.294386444029961058e+04 4.120906344969352819e-01
3.859300000000000182e+03 1.318101393037118214e+04 4.117033757421542095e-01
3.862800000000000182e+03 1.328996306972630919e+04 4.128447691202746239e-01
3.866300000000000182e+03 1.342323003118942506e+04 4.114545282177513030e-01
3.869800000000000182e+03 1.327841616060322485e+04 4.151809729357285872e-01
3.873300000000000182e+03 1.300443303263048256e+04 4.139238099959847150e-01
3.876800000000000182e+03 1.242146875146143611e+04 4.078004679713952418e-01
3.880300000000000182e+03 1.181859231717260991e+04 3.963598239176619464e-01
3.883800000000000182e+03 1.133395276790271964e+04 3.812758845386816642e-01
3.887300000000000182e+03 1.102935263025527456e+04 3.707265647909943618e-01
3.890800000000000182e+03 1.103395811214121386e+04 3.664717718482908282e-01
3.894300000000000182e+03 1.126921643549120199e+04 3.701061676477120921e-01
3.897800000000000182e+03 1.191886486001083358e+04 3.796685289461689816e-01
3.901300000000000182e+03 1.264796494995340981e+04 3.908396442147196170e-01
3.904800000000000182e+03 1.325040912641113209e+04 3.985210481667936233e-01
3.908300000000000182e+03 1.355106452742363581e+04 4.003459655734364353e-01
3.911800000000000182e+03 1.340200685925908147e+04 3.978248327441344379e-01
3.915300000000000182e+03 1.274171563980794963e+04 3.942241870898529066e-01
3.918800000000000182e+03 1.168697086051538463e+04 3.894925612086965194e-01
3.922300000000000182e+03 1.052932294123277097e+04 3.821406949124847574e-01
3.925800000000000182e+03 9.508187608118245407e+03 3.724302439723770064e-01
3.929300000000000182e+03 9.017513024134592342e+03 3.667819370448676120e-01
3.932800000000000182e+03 9.042453440785058774e+03 3.653907080123028339e-01
3.936300000000000182e+03 9.641056904232451416e+03 3.718143504523560572e-01
3.939800000000000182e+03 1.061663391393953862e+04 3.751587168735334710e-01
3.943300000000000182e+03 1.147321440588006772e+04 3.825390766941536014e-01
3.946800000000000182e+03 1.223761525727927256e+04 3.852962608175433679e-01
3.950300000000000182e+03 1.246782944146062982e+04 3.860448696967855309e-01
3.953800000000000182e+03 1.230702374697950290e+04 3.827438368440456151e-01
3.957300000000000182e+03 1.145988282838852501e+04 3.738873243482020992e-01
3.960800000000000182e+03 1.065214930460289543e+04 3.621460876330735990e-01
3.964300000000000182e+03 9.847413982869120446e+03 3.469917703536755660e-01
3.967800000000000182e+03 9.445306176207514000e+03 3.362962554715167030e-01
3.971300000000000182e+03 9.576251549450042148e+03 3.307565975468964581e-01
3.974800000000000182e+03 1.035363294346425391e+04 3.384240441701852897e-01
3.978300000000000182e+03 1.162137250709748514e+04 3.508937462501248161e-01
3.981800000000000182e+03 1.312385722716504461e+04 3.606562143809839971e-01
3.985300000000000182e+03 1.455674889460449594e+04 3.644832219172487453e-01
3.988800000000000182e+03 1.561135342080259215e+04 3.666865815257941974e-01
3.992300000000000182e+03 1.655357033404374306e+04 3.637685854075656811e-01
3.995800000000000182e+03 1.710731518852067165e+04 3.583779755574479919e-01
3.999300000000000182e+03 1.749553324997991513e+04 3.555286261468977305e-01
4.002800000000000182e+03 1.768704767865786926e+04 3.541391233720116993e-01
4.006300000000000182e+03 1.800825393222996354e+04 3.534509179499445430e-01
4.009800000000000182e+03 1.806163764320230985e+04 3.528343225609554268e-01
4.013300000000000182e+03 1.831870060435179403e+04 3.516517020557039519e-01
4.016800000000000182e+03 1.849544444540267432e+04 3.498189341778503159e-01
4.020300000000000182e+03 1.872196245065335825e+04 3.492055559197648207e-01
4.023800000000000182e+03 1.876629932480564457e+04 3.456837673966370317e-01
4.027300000000000182e+03 1.888101628833618452e+04 3.437071525759970436e-01
4.030800000000000182e+03 1.898019590680900365e+04 3.410569179182876276e-01
4.034300000000000182e+03 1.889890226735117540e+04 3.428076232171501925e-01
4.037800000000000182e+03 1.881910065067315008e+04 3.426402121470484285e-01
4.041300000000000182e+03 1.898957064420201641e+04 3.411133242104365526e-01
4.044800000000000182e+03 1.896277902930210257e+04 3.412155053444828057e-01
4.048300000000000182e+03 1.895785847411223585e+04 3.401636205821119141e-01
4.051800000000000182e+03 1.899327440641667636e+04 3.375263747441837880e-01
4.055300000000000182e+03 1.911270669049434582e+04 3.385782338908085443e-01
4.058800000000000182e+03 1.910469077650915278e+04 3.366523660733914958e-01
4.062300000000000182e+03 1.908332412673830913e+04 3.351266823252460614e-01
4.065800000000000182e+03 1.910922679961818721e+04 3.327606157284018207e-01
4.069300000000000182e+03 1.904276799431710970e+04 3.331795992231901260e-01
4.072800000000000182e+03 1.906177053745353260e+04 3.338646356951725513e-01
4.076300000000000182e+03 1.896391702764874935e+04 3.312757327604404223e-01
4.079800000000000182e+03 1.885607985123629624e+04 3.297117418493203389e-01
4.083300000000000182e+03 1.871391480918871457e+04 3.294307903801365067e-01
4.086800000000000182e+03 1.863417634369649022e+04 3.249427263817038503e-01
4.090300000000000182e+03 1.827699121670890236e+04 3.254127872317467141e-01
4.093800000000000182e+03 1.783579091042070286e+04 3.251361191040501586e-01
4.097300000000000182e+03 1.743131107012420762e+04 3.198402439805926312e-01
4.100800000000000182e+03 1.687911871303528460e+04 3.157813641174517238e-01
4.104300000000000182e+03 1.667650490045623883e+04 3.066921855025138144e-01
4.107800000000000182e+03 1.637849461913720552e+04 3.033642268819746191e-01
4.111300000000000182e+03 1.658054539271491740e+04 3.035992804039067128e-01
4.114800000000000182e+03 1.710942150584002957e+04 3.062514692659654147e-01
4.118300000000000182e+03 1.788990282373189621e+04 3.109734437894845493e-01
4.121800000000000182e+03 1.877176442742898143e+04 3.162043431204833444e-01
4.125300000000000182e+03 1.966423349309161858e+04 3.199397810415265386e-01
4.128800000000000182e+03 2.037497199367438589e+04 3.209698427107003926e-01
4.132300000000000182e+03 2.099996496014272634e+04 3.180398110566072245e-01
4.135800000000000182e+03 2.145273337511755017e+04 3.160528685989797415e-01
4.139300000000000182e+03 2.170807720587824224e+04 3.125368059256156128e-01
4.142800000000000182e+03 2.204600537946974146e+04 3.112166362690099164e-01
4.146300000000000182e+03 2.222216387770803703e+04 3.092969710008044992e-01
4.149800000000000182e+03 2.230665587162259544e+04 3.057605417468625686e-01
4.153300000000000182e+03 2.253697907659558405e+04 3.064131866436617391e-01
4.156800000000000182e+03 2.267455891781167884e+04 3.044454252220572532e-01
4.160300000000000182e+03 2.273508807420415178e+04 3.047178522725577654e-01
4.163800000000000182e+03 2.264854227704746881e+04 3.049631253531114305e-01
4.167300000000000182e+03 2.260141580122587402e+04 3.038187615160041211e-01
4.170800000000000182e+03 2.285559591688593719e+04 3.011369785393623322e-01
4.174300000000000182e+03 2.291280086412928722e+04 2.984817531197012097e-01
4.177800000000000182e+03 2.281449653569871589e+04 2.989390689007094815e-01
4.181300000000000182e+03 2.299671915520617767e+04 2.963732931570578488e-01
4.184800000000000182e+03 2.306689098038295197e+04 2.960700067333813523e-01
4.188300000000000182e+03 2.298008910641881812e+04 2.964153348195592286e-01
4.191800000000000182e+03 2.311619853213851457e+04 2.961143252165258088e-01
4.195300000000000182e+03 2.309671896442371872e+04 2.946893408979027185e-01
4.198800000000000182e+03 2.337155712040127764e+04 2.941063473296104402e-01
4.202300000000000182e+03 2.336579256494385845e+04 2.937865399091836305e-01
4.205800000000000182e+03 2.355637463426656541e+04 2.916288497980392136e-01
4.209300000000000182e+03 2.357733290485421458e+04 2.903780846815834371e-01
4.212800000000000182e+03 2.361279464015571648e+04 2.912700517332205696e-01
4.216300000000000182e+03 2.360537144946654371e+04 2.871984246904791815e-01
4.219800000000000182e+03 2.334339276615580457e+04 2.893414846931908202e-01
4.223300000000000182e+03 2.328373280644463011e+04 2.876936042591701770e-01
4.226800000000000182e+03 2.333685962632243900e+04 2.872997220287393794e-01
4.230300000000000182e+03 2.342811746264608882e+04 2.851467338016311914e-01
4.233800000000000182e+03 2.361479324559815723e+04 2.823806730359122996e-01
4.237300000000000182e+03 2.374090014852331660e+04 2.838577989153004411e-01
4.240800000000000182e+03 2.383000751347078767e+04 2.829204493996975711e-01
4.244300000000000182e+03 2.399973924439209804e+04 2.805139117873049481e-01
4.247800000000000182e+03 2.416938326810321814e+04 2.831134834261805899e-01
4.251300000000000182e+03 2.414121958616568008e+04 2.823349952552463016e-01
4.254800000000000182e+03 2.434286032165902725e+04 2.791575972387604909e-01
4.258300000000000182e+03 2.418403065992686970e+04 2.778559239864797359e-01
4.261800000000000182e+03 2.410281930459454088e+04 2.779337197929992453e-01
4.265300000000000182e+03 2.409341830822063275e+04 2.763695190783745925e-01
4.268800000000000182e+03 2.419997087176983769e+04 2.737078171298928386e-01
4.272300000000000182e+03 2.413797563626645206e+04 2.733488237574114854e-01
4.275800000000000182e+03 2.415959791439326364e+04 2.739057522566920588e-01
4.279300000000000182e+03 2.427776727655103605e+04 2.727243109753895722e-01
4.282800000000000182e+03 2.419751724039806140e+04 2.715055335997211827e-01
4.286300000000000182e+03 2.428400324424617793e+04 2.725042388671741200e-01
4.289800000000000182e+03 2.404780876413141596e+04 2.707102278425283504e-01
4.293300000000000182e+03 2.384815950611439985e+04 2.712300631221936098e-01
4.296800000000000182e+03 2.365468699661548089e+04 2.711770407174431963e-01
4.300300000000000182e+03 2.327792000358502992e+04 2.697724375525016871e-01
4.303800000000000182e+03 2.307828484862621917e+04 2.693979685717877715e-01
4.307300000000000182e+03 2.280365444985809518e+04 2.682853731425217658e-01
4.310800000000000182e+03 2.260999061809786144e+04 2.681656160734221528e-01
4.314300000000000182e+03 2.245067224801121120e+04 2.672505239090392504e-01
4.317800000000000182e+03 2.258048777346546194e+04 2.649978487415020623e-01
4.321300000000000182e+03 2.250445599490270979e+04 2.640727220952152621e-01
4.324800000000000182e+03 2.260691897992059239e+04 2.614931076530577769e-01
4.328300000000000182e+03 2.246400544601332149e+04 2.612101549347340956e-01
4.331800000000000182e+03 2.236999689948575906e+04 2.602666122936629911e-01
4.335300000000000182e+03 2.183861072787056764e+04 2.594012220558699067e-01
4.338800000000000182e+03 2.144399651742390051e+04 2.563234042938692392e-01
4.342300000000000182e+03 2.085856229521482965e+04 2.508480363424444026e-01
4.345800000000000182e+03 2.079759757429383535e+04 2.468852373186311011e-01
4.349300000000000182e+03 2.083180487988076857e+04 2.445609074121862792e-01
4.352800000000000182e+03 2.149377504142315229e+04 2.428133110438560061e-01
4.356300000000000182e+03 2.250272789599990938e+04 2.470126136608190304e-01
4.359800000000000182e+03 2.363964765695670212e+04 2.529011437470161106e-01
4.363300000000000182e+03 2.482606016932143029e+04 2.570560405992327047e-01
4.366800000000000182e+03 2.593274196468778609e+04 2.586441884730401042e-01
4.370300000000000182e+03 2.680955667237082889e+04 2.608188562950367051e-01
4.373800000000000182e+03 2.727998836281721015e+04 2.562580764441066417e-01
4.377300000000000182e+03 2.730955966825745054e+04 2.563038727206516931e-01
4.380800000000000182e+03 2.735180270273449423e+04 2.529954360780689582e-01
4.384300000000000182e+03 2.739923613565532287e+04 2.484225497910565739e-01
4.387800000000000182e+03 2.729621843412248927e+04 2.480883722110772405e-01
4.391300000000000182e+03 2.703501754330186304e+04 2.480654453020720296e-01
4.394800000000000182e+03 2.733077775240660412e+04 2.472826383874092981e-01
4.398300000000000182e+03 2.717455479068403656e+04 2.468509759988272989e-01
4.401800000000000182e+03 2.732928764465054337e+04 2.473100521843407951e-01
4.405300000000000182e+03 2.747530015789196113e+04 2.448637380355573046e-01
4.408800000000000182e+03 2.744181482422458430e+04 2.461078051347040663e-01
4.412300000000000182e+03 2.764274729856384874e+04 2.454772623478880256e-01
4.415800000000000182e+03 2.763194748964944301e+04 2.452546177362883162e-01
4.419300000000000182e+03 2.774573271597679923e+04 2.430156271103023902e-01
4.422800000000000182e+03 2.757508147753052981e+04 2.426034425873033473e-01
4.426300000000000182e+03 2.781545444765580032e+04 2.417556133916899663e-01
4.429800000000000182e+03 2.777058589197290348e+04 2.397508758918522886e-01
4.433300000000000182e+03 2.799419218827414079e+04 2.391820916699132493e-01
4.436800000000000182e+03 2.789246748482678231e+04 2.412051647964708889e-01
4.440300000000000182e+03 2.818961502260214183e+04 2.379705080872547840e-01
4.443800000000000182e+03 2.812775490778451058e+04 2.379347258300573698e-01
4.447300000000000182e+03 2.827033190900621048e+04 2.387359766116893545e-01
4.450800000000000182e+03 2.828923912268180720e+04 2.371026640179239586e-01
4.454300000000000182e+03 2.853969708685339720e+04 2.344114209576250996e-01
4.457800000000000182e+03 2.860832137824203164e+04 2.373682692418363771e-01
4.461300000000000182e+03 2.878173165339911066e+04 2.350806312674754150e-01
4.464800000000000182e+03 2.906304895922197466e+04 2.329923827171806738e-01
4.468300000000000182e+03 2.905274084960175605e+04 2.329601981977381386e-01
4.471800000000000182e+03 2.910840207646626732e+04 2.331204167236605451e-01
4.475300000000000182e+03 2.904933676966769417e+04 2.326880692392042926e-01
4.478800000000000182e+03 2.912566893819896359e+04 2.328289229089769152e-01
4.482300000000000182e+03 2.939116302434788668e+04 2.296882579019740578e-01
4.485800000000000182e+03 2.898769986513656477e+04 2.299971116191511233e-01
4.489300000000000182e+03 2.944281234233382202e+04 2.273762787396716445e-01
4.492800000000000182e+03 2.959481795843920190e+04 2.299801529755977902e-01
4.496300000000000182e+03 2.995192020426954696e+04 2.267627919177689355e-01
4.499800000000000182e+03 3.020832492505161281e+04 2.274751763765061607e-01
4.503300000000000182e+03 3.067981678974946408e+04 2.282756197735606452e-01
4.506800000000000182e+03 3.105572718382296443e+04 2.276111889269476496e-01
4.510300000000000182e+03 3.113984579767593095e+04 2.261802398678841308e-01
4.513800000000000182e+03 3.098238435114270396e+04 2.267133897351885086e-01
4.517300000000000182e+03 3.063548405497920612e+04 2.264315266960002238e-01
4.520800000000000182e+03 3.041921995147480629e+04 2.232663936511125879e-01
4.524300000000000182e+03 3.020135435803195287e+04 2.250157526471476543e-01
4.527800000000000182e+03 2.985471199221520510e+04 2.226628262923631418e-01
4.531300000000000182e+03 2.970606120294454013e+04 2.195188904650087480e-01
4.534800000000000182e+03 2.964009879127083695e+04 2.215299833913801086e-01
4.538300000000000182e+03 2.985144447701376703e+04 2.200203566094297014e-01
4.541800000000000182e+03 2.982327359308089217e+04 2.215242338734250416e-01
4.545300000000000182e+03 2.986933393767531743e+04 2.212621393921792856e-01
4.548800000000000182e+03 3.010659233100486745e+04 2.187252363789399245e-01
4.552300000000000182e+03 3.042729318065753978e+04 2.175021321144044173e-01
4.555800000000000182e+03 3.083101751263087863e+04 2.178212823764356099e-01
4.559300000000000182e+03 3.096378671084832240e+04 2.178154779718606271e-01
4.562800000000000182e+03 3.137836087559573207e+04 2.174911787811353026e-01
4.566300000000000182e+03 3.151623857184462759e+04 2.181233673280860430e-01
4.569800000000000182e+03 3.173694802937724671e+04 2.167438436949161995e-01
4.573300000000000182e+03 3.157085655919089913e+04 2.154197056175230218e-01
4.576800000000000182e+03 3.159766571162399123e+04 2.158682077604603955e-01
4.580300000000000182e+03 3.117364058161928915e+04 2.153375592361289059e-01
4.583800000000000182e+03 3.090361233788956815e+04 2.139349684183968481e-01
4.587300000000000182e+03 3.078116881313403428e+04 2.104354856634364501e-01
4.590800000000000182e+03 3.053783123692119625e+04 2.114829758062325427e-01
4.594300000000000182e+03 3.068801959184640509e+04 2.125330001439252881e-01
4.597800000000000182e+03 3.077139026251563337e+04 2.110066477449248912e-01
4.601300000000000182e+03 3.110022139787618289e+04 2.101697773729114260e-01
4.604800000000000182e+03 3.131474333677641334e+04 2.122480201979549397e-01
4.608300000000000182e+03 3.134297811855771215e+04 2.109175026270137532e-01
4.611800000000000182e+03 3.127730238525880850e+04 2.106676768230844599e-01
4.615300000000000182e+03 3.127136748288784656e+04 2.072486420873421997e-01
4.618800000000000182e+03 3.124248395383308525e+04 2.085395477315913904e-01
4.622300000000000182e+03 3.106386741286973847e+04 2.072575986955714489e-01
4.625800000000000182e+03 3.098954533523296777e+04 2.059809927773098570e-01
4.629300000000000182e+03 3.084710946655736916e+04 2.058978196672944516e-01
4.632800000000000182e+03 3.094674649764869173e+04 2.043114398932789622e-01
4.636300000000000182e+03 3.107102909456825364e+04 2.037918981985685773e-01
4.639800000000000182e+03 3.110289371618673249e+04 2.049055443760704753e-01
4.643300000000000182e+03 3.120867844711733051e+04 2.048211245193525820e-01
4.646800000000000182e+03 3.126375940712610100e+04 2.031864963348242181e-01
4.650300000000000182e+03 3.146127269869245356e+04 2.036279150106667657e-01
4.653800000000000182e+03 3.163835569599765586e+04 2.013902684760940920e-01
4.657300000000000182e+03 3.165037687205276961e+04 2.047032787492341910e-01
4.660800000000000182e+03 3.182390382849650632e+04 2.027751792716911972e-01
4.664300000000000182e+03 3.197195055897239581e+04 2.005121534597416599e-01
4.667800000000000182e+03 3.181429040302491558e+04 2.017332040934097515e-01
4.671300000000000182e+03 3.194737509502825560e+04 2.001108734086508301e-01
4.674800000000000182e+03 3.201599184385693661e+04 1.987157032488674757e-01
4.678300000000000182e+03 3.194745613346572645e+04 1.960318453685734597e-01
4.681800000000000182e+03 3.166488807082260973e+04 1.995351934546515660e-01
4.685300000000000182e+03 3.150138655111371190e+04 1.982544531831641754e-01
4.688800000000000182e+03 3.132965309157211959e+04 1.983200045400516920e-01
4.692300000000000182e+03 3.111122554890388346e+04 1.978930042824326441e-01
4.695800000000000182e+03 3.083352340538336284e+04 1.974005978056460053e-01
4.699300000000000182e+03 3.070024922745192453e+04 1.955850671246699979e-01
4.702800000000000182e+03 3.040481584054750419e+04 1.943864088944038948e-01
4.706300000000000182e+03 3.033997405987193270e+04 1.941294839274692041e-01
4.709800000000000182e+03 3.036753474910281875e+04 1.931010088724754159e-01
4.713300000000000182e+03 3.059095919657768900e+04 1.915107451817379958e-01
4.716800000000000182e+03 3.062409794105835681e+04 1.924389432091078156e-01
4.720300000000000182e+03 3.095851478000094357e+04 1.934904651756674532e-01
4.723800000000000182e+03 3.124886075718977736e+04 1.937002633770323889e-01
4.727300000000000182e+03 3.157681952821557570e+04 1.916530369370872122e-01
4.730800000000000182e+03 3.174919218210484541e+04 1.917229491698476118e-01
4.734300000000000182e+03 3.200482328724689069e+04 1.907179411234878608e-01
4.737800000000000182e+03 3.194867305426230087e+04 1.905209929300751837e-01
4.741300000000000182e+03 3.198939415102914427e+04 1.912054176206887390e-01
4.744800000000000182e+03 3.209056290811419967e+04 1.882513613801520269e-01
4.748300000000000182e+03 3.204839800502395883e+04 1.889574946151031942e-01
4.751800000000000182e+03 3.201820107285418999e+04 1.886003221725303103e-01
4.755300000000000182e+03 3.198164324472411681e+04 1.901077308106211561e-01
4.758800000000000182e+03 3.186429124531819616e+04 1.886623624751464223e-01
4.762300000000000182e+03 3.216072913578423322e+04 1.867921046897900450e-01
4.765800000000000182e+03 3.208333907311320218e+04 1.870975010284944839e-01
4.769300000000000182e+03 3.193180160169549345e+04 1.872097524214286213e-01
4.772800000000000182e+03 3.180402927017357069e+04 1.869293758199417621e-01
4.776300000000000182e+03 3.174751921733119889e+04 1.869328349466873873e-01
4.779800000000000182e+03 3.184640477575147088e+04 1.851379039604128252e-01
4.783300000000000182e+03 3.179738671843561315e+04 1.856100275973041336e-01
4.786800000000000182e+03 3.172126711803169746e+04 1.848977929496949391e-01
4.790300000000000182e+03 3.174927161366794826e+04 1.853347123757475845e-01
4.793800000000000182e+03 3.176660859705680923e+04 1.821141144640771037e-01
4.797300000000000182e+03 3.172197525609392324e+04 1.841581413278876311e-01
4.800800000000000182e+03 3.143565448916414243e+04 1.830167045351514810e-01
4.804300000000000182e+03 3.160671022343491859e+04 1.837718267881629508e-01
4.807800000000000182e+03 3.146715011789446726e+04 1.819784603948531587e-01
4.811300000000000182e+03 3.142187857750140029e+04 1.811393404552681385e-01
4.814800000000000182e+03 3.132977076447246509e+04 1.838598468183938461e-01
4.818300000000000182e+03 3.146287527829742248e+04 1.828475380248843762e-01
4.821800000000000182e+03 3.130142787305360980e+04 1.841270785100336538e-01
4.825300000000000182e+03 3.117257278659402800e+04 1.822151035055956103e-01
4.828800000000000182e+03 3.099694275531168023e+04 1.837374274190375356e-01
4.832300000000000182e+03 3.066517714219143090e+04 1.830132485256363850e-01
4.835800000000000182e+03 2.980257527671003481e+04 1.834498804760067436e-01
4.839300000000000182e+03 2.927628258347195879e+04 1.813135157454101032e-01
4.842800000000000182e+03 2.857583279005993245e+04 1.784929869890826137e-01
4.846300000000000182e+03 2.766036510616419400e+04 1.797195093612903583e-01
4.849800000000000182e+03 2.691685510582447387e+04 1.776743324495201615e-01
4.853300000000000182e+03 2.589036914033360881e+04 1.769056808426049676e-01
4.856800000000000182e+03 2.503475746163251097e+04 1.762640469009792710e-01
4.860300000000000182e+03 2.430567434856560067e+04 1.727422369087367182e-01
4.863800000000000182e+03 2.340458537151486598e+04 1.669820779309280634e-01
4.867300000000000182e+03 2.305100525230689527e+04 1.610440009311775722e-01
4.870800000000000182e+03 2.330065852574522069e+04 1.614278224803630257e-01
4.874300000000000182e+03 2.394007399235510456e+04 1.646507357105640168e-01
4.877800000000000182e+03 2.494481478659546701e+04 1.691944771002713843e-01
4.881300000000000182e+03 2.631417642381436963e+04 1.754769583292305202e-01
4.884800000000000182e+03 2.760306742549914634e+04 1.799823706070307894e-01
4.888300000000000182e+03 2.885860155946310260e+04 1.794139607339265141e-01
4.891800000000000182e+03 2.974954257147493263e+04 1.785010661469983440e-01
4.895300000000000182e+03 3.017425947751515923e+04 1.790786651711075983e-01
4.898800000000000182e+03 3.043377033919647874e+04 1.760344036531284739e-01
4.902300000000000182e+03 3.034393198446722454e+04 1.741350266560919013e-01
4.905800000000000182e+03 3.034966493435294979e+04 1.726158889888575187e-01
4.909300000000000182e+03 3.043723645942618896e+04 1.706628328234840175e-01
4.912800000000000182e+03 3.023224482202620493e+04 1.714666473300102134e-01
4.916300000000000182e+03 3.022042106271272860e+04 1.718309431304921864e-01
4.919800000000000182e+03 3.017547935712893013e+04 1.715738273446355544e-01
4.923300000000000182e+03 3.037604554515603377e+04 1.698246527089573854e-01
4.926800000000000182e+03 3.024737983845745111e+04 1.688011537342299917e-01
4.930300000000000182e+03 3.015890358128224761e+04 1.685927893497945196e-01
4.933800000000000182e+03 3.038913809238663816e+04 1.682135594055637340e-01
4.937300000000000182e+03 3.050398370094888014e+04 1.687280392414333696e-01
4.940800000000000182e+03 3.064512043662147698e+04 1.698780511147789940e-01
4.944300000000000182e+03 3.088245672429439583e+04 1.677647860161266546e-01
4.947800000000000182e+03 3.093227210338438090e+04 1.673452211891697239e-01
4.951300000000000182e+03 3.092336726088425348e+04 1.698362594755289390e-01
4.954800000000000182e+03 3.100541379397132187e+04 1.705390934946864612e-01
4.958300000000000182e+03 3.143582843410306668e+04 1.670874329990943152e-01
4.961800000000000182e+03 3.122617958926758365e+04 1.681860018500268006e-01
4.965300000000000182e+03 3.126081348067258295e+04 1.669205659890895255e-01
4.968800000000000182e+03 3.113305612583761467e+04 1.678260517324264844e-01
4.972300000000000182e+03 3.128892693640104335e+04 1.679772235669514391e-01
4.975800000000000182e+03 3.095578420739444118e+04 1.662212007009682135e-01
4.979300000000000182e+03 3.083758691153093241e+04 1.651559899125008835e-01
4.982800000000000182e+03 3.027122621524141505e+04 1.673120748724169493e-01
4.986300000000000182e+03 3.000815451620581007e+04 1.655112223455465770e-01
4.989800000000000182e+03 2.968900341848467724e+04 1.667833314001113398e-01
4.993300000000000182e+03 2.955391317217207688e+04 1.646712471875901584e-01
4.996800000000000182e+03 2.919518468030383883e+04 1.654694457472201674e-01
5.000300000000000182e+03 2.918015717129249606e+04 1.636035240733332563e-01
5.003800000000000182e+03 2.919585263079708238e+04 1.652185812120931518e-01
5.007300000000000182e+03 2.905073318962654594e+04 1.641492625279919737e-01
5.010800000000000182e+03 2.898525774582672602e+04 1.633221493841265637e-01
5.014300000000000182e+03 2.904729399605023355e+04 1.635427553580399429e-01
5.017800000000000182e+03 2.942211910451175208e+04 1.630930862732820064e-01
5.021300000000000182e+03 2.976451380199554478e+04 1.618914805944930979e-01
5.024800000000000182e+03 2.989617114151596252e+04 1.668355501303249444e-01
5.028300000000000182e+03 3.007220667885200601e+04 1.640558221420547191e-01
5.031800000000000182e+03 2.994110837775082473e+04 1.670911123582441704e-01
5.035300000000000182e+03 2.989114454645585283e+04 1.673225134603401054e-01
5.038800000000000182e+03 2.976551194201489488e+04 1.663664792092305333e-01
5.042300000000000182e+03 2.993921969445025752e+04 1.643913192176159888e-01
5.045800000000000182e+03 2.987112647115472646e+04 1.645349097248972881e-01
5.049300000000000182e+03 3.002694643089185774e+04 1.640056186208464495e-01
5.052800000000000182e+03 2.997646733861194298e+04 1.634799649935687604e-01
5.056300000000000182e+03 3.018868367593309085e+04 1.619294286476662681e-01
5.059800000000000182e+03 3.044586958913852868e+04 1.636560120597321810e-01
5.063300000000000182e+03 3.053116014416037433e+04 1.618853214807366159e-01
5.066800000000000182e+03 3.071111531656447551e+04 1.618771624475201232e-01
5.070300000000000182e+03 3.067524344923362514e+04 1.621973507821468374e-01
5.073800000000000182e+03 3.074989982048120146e+04 1.624939786550159693e-01
5.077300000000000182e+03 3.062703588421006134e+04 1.630333342119237861e-01
5.080800000000000182e+03 3.046301226148473506e+04 1.618362962254613902e-01
5.084300000000000182e+03 3.041566649149423392e+04 1.601774891695541547e-01
5.087800000000000182e+03 3.043666676837500927e+04 1.581626442167551605e-01
5.091300000000000182e+03 3.018644484316443777e+04 1.610283927781115121e-01
5.094800000000000182e+03 3.043994951530084654e+04 1.573377805558630604e-01
5.098300000000000182e+03 3.047830911276968254e+04 1.593671878053209423e-01
5.101800000000000182e+03 3.068781614500208889e+04 1.572266483500583401e-01
5.105300000000000182e+03 3.089965613393953026e+04 1.559951960879022992e-01
5.108800000000000182e+03 3.071903053809982885e+04 1.562163662133592146e-01
5.112300000000000182e+03 3.074563264318493748e+04 1.572154305051143286e-01
5.115800000000000182e+03 3.065964955871564598e+04 1.554496156051957401e-01
5.119300000000000182e+03 3.038630061066895360e+04 1.548854720147421482e-01
5.122800000000000182e+03 3.063050258606509306e+04 1.556172899376010721e-01
5.126300000000000182e+03 3.008096771089837785e+04 1.551888189793985684e-01
5.129800000000000182e+03 3.041918300869068844e+04 1.535358204123583037e-01
5.133300000000000182e+03 3.018433622949984783e+04 1.528611945440073450e-01
5.136800000000000182e+03 2.993875276133808075e+04 1.544883930497538138e-01
5.140300000000000182e+03 2.981703265182353061e+04 1.537831432566426626e-01
5.143800000000000182e+03 2.982578448932373067e+04 1.541894399680083794e-01
5.147300000000000182e+03 2.964311137194933690e+04 1.542999869926696688e-01
5.150800000000000182e+03 2.965301687812093587e+04 1.537442512011165663e-01
5.154300000000000182e+03 2.924990572859534950e+04 1.527446699675660824e-01
5.157800000000000182e+03 2.922414898460460972e+04 1.540666226379494297e-01
5.161300000000000182e+03 2.917440443552883517e+04 1.526282098871612203e-01
5.164800000000000182e+03 2.891240790218885013e+04 1.525396795614009093e-01
5.168300000000000182e+03 2.891475672411399501e+04 1.516085458640328842e-01
5.171800000000000182e+03 2.871129728287064790e+04 1.507921911559629013e-01
5.175300000000000182e+03 2.853898220736588701e+04 1.514440633671496894e-01
5.178800000000000182e+03 2.871477726284895834e+04 1.508204963347492267e-01
5.182300000000000182e+03 2.858070568996095972e+04 1.512034100856301244e-01
5.185800000000000182e+03 2.846702207236081813e+04 1.527276407133717484e-01
5.189300000000000182e+03 2.870886812374662622e+04 1.497948745346691923e-01
5.192800000000000182e+03 2.885635969612850386e+04 1.528396634300850099e-01
5.196300000000000182e+03 2.900572477601449282e+04 1.486985434316207833e-01
5.199800000000000182e+03 2.902851725809669369e+04 1.506313179389971169e-01
5.203300000000000182e+03 2.896356253186050162e+04 1.524901531745217198e-01
5.206800000000000182e+03 2.938039794309107674e+04 1.511079473227953385e-01
5.210300000000000182e+03 2.959356386687185295e+04 1.513472067282243816e-01
5.213800000000000182e+03 2.967331630521959596e+04 1.506041902458135906e-01
5.217300000000000182e+03 2.955975584881239774e+04 1.507959223090708512e-01
5.220800000000000182e+03 2.952973007549543763e+04 1.490524491001688767e-01
5.224300000000000182e+03 2.959526401586061911e+04 1.512723343766395057e-01
5.227800000000000182e+03 2.964165189385039048e+04 1.488753371702577488e-01
5.231300000000000182e+03 2.970317616103071850e+04 1.501072093129897922e-01
5.234800000000000182e+03 2.969127567342210750e+04 1.483054681251623486e-01
5.238300000000000182e+03 2.996189602287419984e+04 1.488744208901546517e-01
5.241800000000000182e+03 3.000709182635077377e+04 1.487329493738145381e-01
5.245300000000000182e+03 3.010936844341833057e+04 1.486925883631042000e-01
5.248800000000000182e+03 3.004275250329331539e+04 1.489892652040346044e-01
5.252300000000000182e+03 2.990864870089249598e+04 1.506585135875272707e-01
5.255800000000000182e+03 2.955769684111337847e+04 1.508574999302765840e-01
5.259300000000000182e+03 2.905531623200124159e+04 1.492060246324357908e-01
5.262800000000000182e+03 2.881679583839255429e+04 1.497524903934593643e-01
5.266300000000000182e+03 2.840518158218192184e+04 1.482344331505346668e-01
5.269800000000000182e+03 2.819050845581572503e+04 1.473601026669216774e-01
5.273300000000000182e+03 2.831492027589312784e+04 1.485412870042453759e-01
5.276800000000000182e+03 2.845619604347818677e+04 1.473586161569231945e-01
5.280300000000000182e+03 2.878840419166374704e+04 1.473246545861374435e-01
5.283800000000000182e+03 2.920635578656610960e+04 1.495258053337116255e-01
5.287300000000000182e+03 2.943006904394189405e+04 1.492719531863466176e-01
5.290800000000000182e+03 2.974174932053174052e+04 1.494627226198804171e-01
5.294300000000000182e+03 2.985070878443728725e+04 1.500773172867725103e-01
5.297800000000000182e+03 3.008587837266942370e+04 1.500264054689697535e-01
5.301300000000000182e+03 3.024734659402867692e+04 1.476032847965632611e-01
5.304800000000000182e+03 3.007599132076256501e+04 1.491242026364947293e-01
5.308300000000000182e+03 2.998703104872141193e+04 1.476526914915340938e-01
5.311800000000000182e+03 2.987353023370929077e+04 1.483054916232791065e-01
5.315300000000000182e+03 2.959075256118981270e+04 1.479961665273727411e-01
5.318800000000000182e+03 2.906090184267062796e+04 1.496144656522317429e-01
5.322300000000000182e+03 2.891610509061382618e+04 1.480224830533690139e-01
5.325800000000000182e+03 2.868746620669234471e+04 1.446530816207930725e-01
5.329300000000000182e+03 2.863132792587815857e+04 1.450482271011914182e-01
5.332800000000000182e+03 2.872810451795084737e+04 1.457151922819575063e-01
5.336300000000000182e+03 2.864795839212109786e+04 1.444107179646320349e-01
5.339800000000000182e+03 2.886835933504648347e+04 1.467781741561870190e-01
5.343300000000000182e+03 2.919381784187472658e+04 1.462517862865800045e-01
5.346800000000000182e+03 2.934572170589745292e+04 1.464927382879645523e-01
5.350300000000000182e+03 2.962134610915934536e+04 1.464870468630669886e-01
5.353800000000000182e+03 2.953830476453380834e+04 1.461873083512691129e-01
5.357300000000000182e+03 2.935159497238205222e+04 1.475933005451158797e-01
5.360800000000000182e+03 2.945184190699426472e+04 1.468137677158690702e-01
5.364300000000000182e+03 2.953695071472580821e+04 1.439169012695540040e-01
5.367800000000000182e+03 2.931936144491479354e+04 1.439261791781412669e-01
5.371300000000000182e+03 2.947706439180432062e+04 1.454148571916698274e-01
5.374800000000000182e+03 2.937450235015734506e+04 1.434942002605507083e-01
5.378300000000000182e+03 2.913270416853919960e+04 1.433878682342164812e-01
5.381800000000000182e+03 2.930238128207893897e+04 1.456569673903294337e-01
5.385300000000000182e+03 2.928035627284782458e+04 1.468366282292785929e-01
5.388800000000000182e+03 2.914582166930898529e+04 1.435392059536136633e-01
5.392300000000000182e+03 2.892891515278893348e+04 1.462014482149821826e-01
5.395800000000000182e+03 2.895504022258105761e+04 1.470192837760934124e-01
5.399300000000000182e+03 2.873699792289601464e+04 1.445965086421193146e-01
5.402800000000000182e+03 2.872317529838697374e+04 1.454147344423990795e-01
5.406300000000000182e+03 2.848756513074794202e+04 1.450075747030416251e-01
5.409800000000000182e+03 2.838913981714540205e+04 1.461544464591529036e-01
5.413300000000000182e+03 2.834808148868481658e+04 1.464144469483075472e-01
5.416800000000000182e+03 2.855758330770145403e+04 1.442807864534719486e-01
5.420300000000000182e+03 2.870714183515986588e+04 1.433380938955690631e-01
5.423800000000000182e+03 2.879247033834578542e+04 1.424885426116483944e-01
5.427300000000000182e+03 2.878424224923246584e+04 1.461239235827196392e-01
5.430800000000000182e+03 2.903594836746827423e+04 1.435419557364985554e-01
5.434300000000000182e+03 2.903311788372861702e+04 1.431958860953885804e-01
5.437800000000000182e+03 2.898430876881322911e+04 1.438093257648141721e-01
5.441300000000000182e+03 2.906691229933403156e+04 1.430116261276324074e-01
5.444800000000000182e+03 2.920887808147097894e+04 1.426270001146564270e-01
5.448300000000000182e+03 2.932536769821779671e+04 1.418732224576562118e-01
5.451800000000000182e+03 2.906000503961867798e+04 1.432073528107770388e-01
5.455300000000000182e+03 2.902852355154522593e+04 1.431526733078760938e-01
5.458800000000000182e+03 2.895600160741952277e+04 1.435758764562738710e-01
5.462300000000000182e+03 2.893536064149887534e+04 1.420651449337065053e-01
5.465800000000000182e+03 2.877365560381602700e+04 1.432977618272877063e-01
5.469300000000000182e+03 2.878730783117670217e+04 1.409375551538705751e-01
5.472800000000000182e+03 2.892982301310769253e+04 1.407336290589915884e-01
5.476300000000000182e+03 2.890818150714831063e+04 1.395313671744892736e-01
5.479800000000000182e+03 2.873891460354175797e+04 1.406098476724199908e-01
5.483300000000000182e+03 2.904317016979592154e+04 1.412985962036386323e-01
5.486800000000000182e+03 2.888230128650861661e+04 1.425211145313934336e-01
5.490300000000000182e+03 2.876961187369895197e+04 1.426188567398718465e-01
5.493800000000000182e+03 2.893505133830103296e+04 1.386433964518020145e-01
5.497300000000000182e+03 2.874656194952668011e+04 1.410908334834155564e-01
5.500800000000000182e+03 2.880137958087505831e+04 1.403337265622970065e-01
5.504300000000000182e+03 2.885634114892379148e+04 1.379825377369902628e-01
5.507800000000000182e+03 2.872603069280197451e+04 1.394439129632302488e-01
5.511300000000000182e+03 2.869679700407559721e+04 1.374846713441434665e-01
5.514800000000000182e+03 2.858519730679863278e+04 1.398137973335226714e-01
5.518300000000000182e+03 2.848830440835164700e+04 1.397379448098807209e-01
5.521800000000000182e+03 2.853475186637778097e+04 1.402549874420571108e-01
5.525300000000000182e+03 2.850630924230824166e+04 1.394406384238377761e-01
5.528800000000000182e+03 2.825337080731618698e+04 1.408445427136068850e-01
5.532300000000000182e+03 2.849937381999766876e+04 1.411671686912099322e-01
5.535800000000000182e+03 2.844095224098214749e+04 1.374578421105331905e-01
5.539300000000000182e+03 2.847106303274752281e+04 1.374383401885584388e-01
5.542800000000000182e+03 2.869581717791628398e+04 1.397805965312499676e-01
5.546300000000000182e+03 2.857911050761141814e+04 1.368826368610879529e-01
5.549800000000000182e+03 2.857048906160749902e+04 1.386190461971327781e-01
5.553300000000000182e+03 2.856302326295354942e+04 1.390834753223403608e-01
5.556800000000000182e+03 2.814933537542660633e+04 1.400693300233882832e-01
5.560300000000000182e+03 2.825326704265728040e+04 1.381026606738542661e-01
5.563800000000000182e+03 2.819348618714824261e+04 1.384425376172153388e-01
5.567300000000000182e+03 2.798979289159248583e+04 1.391942122925268199e-01
5.570800000000000182e+03 2.777490025841091847e+04 1.390333698128910500e-01
5.574300000000000182e+03 2.786462044670565956e+04 1.391675955043635837e-01
5.577800000000000182e+03 2.787940263397427771e+04 1.377609241288308695e-01
5.581300000000000182e+03 2.781534641760060913e+04 1.377993908399416934e-01
5.584800000000000182e+03 2.781850654850561841e+04 1.386260271830675184e-01
5.588300000000000182e+03 2.769330428729492996e+04 1.367019587126520885e-01
5.591800000000000182e+03 2.764919797199975073e+04 1.383828940633151094e-01
5.595300000000000182e+03 2.776669829049520195e+04 1.390477434503898102e-01
5.598800000000000182e+03 2.769545919830881758e+04 1.374548112686278800e-01
5.602300000000000182e+03 2.777409302862931872e+04 1.384724072230311132e-01
5.605800000000000182e+03 2.789228755065687437e+04 1.381597438765091723e-01
5.609300000000000182e+03 2.781972240669695748e+04 1.388997062170058694e-01
5.612800000000000182e+03 2.787734349330508849e+04 1.370443786498614369e-01
5.616300000000000182e+03 2.796320695408874963e+04 1.379371765884762346e-01
5.619800000000000182e+03 2.808412372817307551e+04 1.394898890062864771e-01
5.623300000000000182e+03 2.793691404077630432e+04 1.372761581427359157e-01
5.626800000000000182e+03 2.796846054378819827e+04 1.400023240007184366e-01
5.630300000000000182e+03 2.801972458628240565e+04 1.386474869818390132e-01
5.633800000000000182e+03 2.792493950994446277e+04 1.403652930969248591e-01
5.637300000000000182e+03 2.809982201614011501e+04 1.368343965738618440e-01
5.640800000000000182e+03 2.786353643775299861e+04 1.393149673532345367e-01
5.644300000000000182e+03 2.801536922103509642e+04 1.383061238016357608e-01
5.647800000000000182e+03 2.770663646846278789e+04 1.386274714882209380e-01
5.651300000000000182e+03 2.790143989713085830e+04 1.397386786738560038e-01
5.654800000000000182e+03 2.775625790683317973e+04 1.377136348740542748e-01
5.658300000000000182e+03 2.769243172826087175e+04 1.374203536012363613e-01
5.661800000000000182e+03 2.757323484475741134e+04 1.395767852225378858e-01
5.665300000000000182e+03 2.745882598969011451e+04 1.375557734558928991e-01
5.668800000000000182e+03 2.726762713335798981e+04 1.382545534040513224e-01
5.672300000000000182e+03 2.729485765718510083e+04 1.385116345593703779e-01
5.675800000000000182e+03 2.754389545382364304e+04 1.398832813578098910e-01
5.679300000000000182e+03 2.738073250826312869e+04 1.425745086602254186e-01
5.682800000000000182e+03 2.738458699338628503e+04 1.399991134736483511e-01
5.686300000000000182e+03 2.731442775309087665e+04 1.414771796603104259e-01
5.689800000000000182e+03 2.725599795073729547e+04 1.407869399477570393e-01
5.693300000000000182e+03 2.715786443585908273e+04 1.425760746140100621e-01
5.696800000000000182e+03 2.744200467074986591e+04 1.420522937086639292e-01
