# wavelength angstroms, flux, ext coeff
5.551500000000000000e+03 3.505350814439218539e+03 1.528775697018238122e-01
5.558500000000000000e+03 3.593636455720909453e+03 1.452776605032014834e-01
5.565500000000000000e+03 3.644395886758787128e+03 1.398559444598830859e-01
5.572500000000000000e+03 3.695529778275541503e+03 1.392424248600341585e-01
5.579500000000000000e+03 3.724242619848344475e+03 1.394843456593818365e-01
5.586500000000000000e+03 3.734447829939103940e+03 1.376429878633123882e-01
5.593500000000000000e+03 3.792580858596305006e+03 1.380478702635884181e-01
5.600500000000000000e+03 3.821820654306325196e+03 1.410646596712804568e-01
5.607500000000000000e+03 3.881490189580934839e+03 1.363809767548780916e-01
5.614500000000000000e+03 3.950109288550254405e+03 1.371152087336072189e-01
5.621500000000000000e+03 3.988903438581237879e+03 1.393378791579320819e-01
5.628500000000000000e+03 3.986218399054256679e+03 1.390919851122643380e-01
5.635500000000000000e+03 4.040991241257311231e+03 1.381926836604852604e-01
5.642500000000000000e+03 4.067580088021646134e+03 1.393139408091025322e-01
5.649500000000000000e+03 4.105014178987766172e+03 1.379139118848665413e-01
5.656500000000000000e+03 4.114044954239476283e+03 1.391822392022851185e-01
5.663500000000000000e+03 4.106320077908157145e+03 1.380874910306148229e-01
5.670500000000000000e+03 4.132409518906690209e+03 1.386420887254851408e-01
5.677500000000000000e+03 4.146776920419290036e+03 1.418542263636234646e-01
5.684500000000000000e+03 4.169370506862007460e+03 1.422166865871137553e-01
5.691500000000000000e+03 4.201303405519768603e+03 1.423569376462215097e-01
5.698500000000000000e+03 4.201958677256916417e+03 1.406434712911687479e-01
5.705500000000000000e+03 4.301139473765550065e+03 1.378768195229263249e-01
5.712500000000000000e+03 4.292324279824546466e+03 1.394513241814504811e-01
5.719500000000000000e+03 4.314910445769439320e+03 1.407846046564595610e-01
5.726500000000000000e+03 4.395522786241428548e+03 1.396228772974979770e-01
5.733500000000000000e+03 4.431488988239465471e+03 1.412206671428571092e-01
5.740500000000000000e+03 4.442871217449864162e+03 1.382169475281812554e-01
5.747500000000000000e+03 4.454297976168597415e+03 1.373788612190225134e-01
5.754500000000000000e+03 4.490543335924594430e+03 1.370305107914061571e-01
5.761500000000000000e+03 4.509879486516106226e+03 1.368355923872596192e-01
5.768500000000000000e+03 4.541333438240526448e+03 1.366642184583031217e-01
5.775500000000000000e+03 4.602268552291816377e+03 1.356247580689173005e-01
5.782500000000000000e+03 4.558509802600554394e+03 1.358541303493411567e-01
5.789500000000000000e+03 4.619140477376846320e+03 1.340071344883329574e-01
5.796500000000000000e+03 4.642150788709598601e+03 1.338263756664874737e-01
5.803500000000000000e+03 4.658906139990875090e+03 1.305428632669254352e-01
5.810500000000000000e+03 4.724468340049340441e+03 1.283437562687876343e-01
5.817500000000000000e+03 4.710423074079891194e+03 1.319661352760421180e-01
5.824500000000000000e+03 4.777442730785372987e+03 1.310002500418942228e-01
5.831500000000000000e+03 4.710954691168244608e+03 1.302810855938207057e-01
5.838500000000000000e+03 4.775209051229852776e+03 1.271703149611245476e-01
5.845500000000000000e+03 4.765863549177495770e+03 1.292482123860599075e-01
5.852500000000000000e+03 4.795952129926410635e+03 1.298238436644725269e-01
5.859500000000000000e+03 4.760202904171333103e+03 1.294447239985727083e-01
5.866500000000000000e+03 4.738231196833984541e+03 1.324142829610321093e-01
5.873500000000000000e+03 4.721991600569279399e+03 1.337618251510696576e-01
5.880500000000000000e+03 4.653535940582354669e+03 1.354725107027606457e-01
5.887500000000000000e+03 4.597329794071190008e+03 1.379877699576381178e-01
5.894500000000000000e+03 4.594403134803475041e+03 1.401381087239379208e-01
5.901500000000000000e+03 4.587621122264855330e+03 1.431960605072770676e-01
5.908500000000000000e+03 4.655792749167910188e+03 1.437328201520290671e-01
5.915500000000000000e+03 4.673779872703655201e+03 1.432714076071117115e-01
5.922500000000000000e+03 4.712889430440064643e+03 1.423021016446146259e-01
5.929500000000000000e+03 4.711385996134572451e+03 1.428225563895343386e-01
5.936500000000000000e+03 4.749609469584842373e+03 1.400258593605034629e-01
5.943500000000000000e+03 4.703971391383016453e+03 1.393106682370249816e-01
5.950500000000000000e+03 4.774342731144958634e+03 1.378498023875771306e-01
5.957500000000000000e+03 4.816186429703794602e+03 1.393065706141288773e-01
5.964500000000000000e+03 4.815315244072179667e+03 1.352666777778463170e-01
5.971500000000000000e+03 4.856631928511624210e+03 1.338000643201944784e-01
5.978500000000000000e+03 4.827026699972042479e+03 1.338375686022285627e-01
5.985500000000000000e+03 4.901540679655445274e+03 1.315452430112779292e-01
5.992500000000000000e+03 4.863040976542157296e+03 1.300705790272248530e-01
5.999500000000000000e+03 4.889196634542658103e+03 1.298506722907179778e-01
6.006500000000000000e+03 4.902848957598448578e+03 1.282963116564742601e-01
6.013500000000000000e+03 4.881327199680813465e+03 1.275598159759969430e-01
6.020500000000000000e+03 4.953161125958300545e+03 1.278124747644147075e-01
6.027500000000000000e+03 4.930347170136593377e+03 1.245923948373685725e-01
6.034500000000000000e+03 4.951004908913354484e+03 1.264465127007812217e-01
6.041500000000000000e+03 4.987198385515016525e+03 1.252050332877234218e-01
6.048500000000000000e+03 5.037840548817787749e+03 1.239636117576264074e-01
6.055500000000000000e+03 5.044230264032084960e+03 1.211974480528060505e-01
6.062500000000000000e+03 5.081932599787362960e+03 1.225509433566136785e-01
6.069500000000000000e+03 5.068854752468705556e+03 1.219936605586339345e-01
6.076500000000000000e+03 5.072954069393339523e+03 1.199745295372154769e-01
6.083500000000000000e+03 5.054310051985135942e+03 1.195101528923155770e-01
6.090500000000000000e+03 5.051886007528885784e+03 1.214177533082830135e-01
6.097500000000000000e+03 5.061693501548389577e+03 1.191801980924607346e-01
6.104500000000000000e+03 5.083957378173661709e+03 1.179759098652431309e-01
6.111500000000000000e+03 5.063795906732206277e+03 1.156974522340607631e-01
6.118500000000000000e+03 5.022107802874029403e+03 1.156541377458611131e-01
6.125500000000000000e+03 5.040283975507016294e+03 1.154023133454072647e-01
6.132500000000000000e+03 5.000456367896944357e+03 1.136780308983529053e-01
6.139500000000000000e+03 4.990432871149606399e+03 1.150302227333001304e-01
6.146500000000000000e+03 4.982848378545599189e+03 1.125765421039066211e-01
6.153500000000000000e+03 5.043218797365289902e+03 1.108278318646654659e-01
6.160500000000000000e+03 5.022328552781048529e+03 1.099191528273995300e-01
6.167500000000000000e+03 5.065014914664176104e+03 1.097237762928082450e-01
6.174500000000000000e+03 5.053702323383675321e+03 1.091817645854272767e-01
6.181500000000000000e+03 5.095568541615831236e+03 1.072946085548630440e-01
6.188500000000000000e+03 5.186370316166236989e+03 1.084322324682113342e-01
6.195500000000000000e+03 5.199582834724391432e+03 1.067892808864476933e-01
6.202500000000000000e+03 5.132999661597186787e+03 1.102561974155686630e-01
6.209500000000000000e+03 5.192454291570090390e+03 1.067352483075249547e-01
6.216500000000000000e+03 5.173044817419083302e+03 1.061053772778046966e-01
6.223500000000000000e+03 5.163099529287555924e+03 1.041818613397891002e-01
6.230500000000000000e+03 5.149947286059395992e+03 1.025710395266723890e-01
6.237500000000000000e+03 5.091513729824509028e+03 1.020054322262426288e-01
6.244500000000000000e+03 5.088707099622892201e+03 1.025940408499159268e-01
6.251500000000000000e+03 5.068629858568637246e+03 1.016079027828808018e-01
6.258500000000000000e+03 5.076727185506636488e+03 1.055762873919970507e-01
6.265500000000000000e+03 5.081442602777829961e+03 1.097234163901810861e-01
6.272500000000000000e+03 5.068392456250366195e+03 1.110217859722347489e-01
6.279500000000000000e+03 5.054233407395835457e+03 1.097825657059688237e-01
6.286500000000000000e+03 5.007379762879194459e+03 1.145067656394326006e-01
6.293500000000000000e+03 5.028428217793260956e+03 1.110144942552886704e-01
6.300500000000000000e+03 5.063992415221923693e+03 1.069672425531862509e-01
6.307500000000000000e+03 5.082228320142525263e+03 1.065283191049168771e-01
6.314500000000000000e+03 5.121903666582593360e+03 1.028639965888913793e-01
6.321500000000000000e+03 5.164028890800536828e+03 1.020876176153298620e-01
6.328500000000000000e+03 5.206943384994653570e+03 9.918176840482617607e-02
6.335500000000000000e+03 5.194287843840465939e+03 9.800727551616673916e-02
6.342500000000000000e+03 5.248274752878767686e+03 9.846411552201719819e-02
6.349500000000000000e+03 5.228074905321665028e+03 9.549547591365828425e-02
6.356500000000000000e+03 5.239420733703585938e+03 9.451922905748032233e-02
6.363500000000000000e+03 5.232916842331117550e+03 9.587815037194898082e-02
6.370500000000000000e+03 5.275918335655063856e+03 9.207200183806420191e-02
6.377500000000000000e+03 5.305265179764867753e+03 9.187057404384381398e-02
6.384500000000000000e+03 5.285552990718703768e+03 9.120567572639397269e-02
6.391500000000000000e+03 5.239819836184718952e+03 9.261745838140508780e-02
6.398500000000000000e+03 5.256897158789318382e+03 9.328897488650256253e-02
6.405500000000000000e+03 5.254098209117667466e+03 9.193035620673814523e-02
6.412500000000000000e+03 5.238652168733342478e+03 8.970378517071515845e-02
6.419500000000000000e+03 5.237798001900728195e+03 9.136750007214169966e-02
6.426500000000000000e+03 5.242468376321216965e+03 9.084534811356506645e-02
6.433500000000000000e+03 5.235194544578317618e+03 8.949322500981136963e-02
6.440500000000000000e+03 5.251911151059330223e+03 8.964093887548196804e-02
6.447500000000000000e+03 5.251489876184560671e+03 9.041675623103463677e-02
6.454500000000000000e+03 5.238772541482518136e+03 9.048134298185957214e-02
6.461500000000000000e+03 5.216886232498106438e+03 9.322272050966755319e-02
6.468500000000000000e+03 5.181041053498101064e+03 9.626314169263845699e-02
6.475500000000000000e+03 5.132690934578026827e+03 9.660097959923416577e-02
6.482500000000000000e+03 5.083892256893396734e+03 9.759296816796450558e-02
6.489500000000000000e+03 5.066966895864096841e+03 9.596606135822545458e-02
6.496500000000000000e+03 5.160641310977377543e+03 9.438433135302383425e-02
6.503500000000000000e+03 5.176766335980726581e+03 9.591216014621556374e-02
6.510500000000000000e+03 5.135567985440835400e+03 9.354636508665721550e-02
6.517500000000000000e+03 5.116406799573673197e+03 9.288955803969596581e-02
6.524500000000000000e+03 5.084877178094594456e+03 9.620330850326742900e-02
6.531500000000000000e+03 5.010772462494400315e+03 9.574164660829476148e-02
6.538500000000000000e+03 4.840470020749315154e+03 9.519959722134635483e-02
6.545500000000000000e+03 4.679346928913701049e+03 9.053093860527725023e-02
6.552500000000000000e+03 4.421466674222976508e+03 8.573689216038486716e-02
6.559500000000000000e+03 4.253493866757696196e+03 7.377439851845253582e-02
6.566500000000000000e+03 4.142347791543542371e+03 5.820138571163011032e-02
6.573500000000000000e+03 4.210714666998263056e+03 6.157671308061059279e-02
6.580500000000000000e+03 4.450256810625929575e+03 7.678326246512814923e-02
6.587500000000000000e+03 4.750229823496521931e+03 9.185424084319862570e-02
6.594500000000000000e+03 5.051816465543829509e+03 9.075014326625778505e-02
6.601500000000000000e+03 5.208908423277500333e+03 8.292506889019357619e-02
6.608500000000000000e+03 5.287203923392706201e+03 8.326741022257114211e-02
6.615500000000000000e+03 5.317973245617224165e+03 7.871330781454458081e-02
6.622500000000000000e+03 5.362556681936148379e+03 7.709869187876022822e-02
6.629500000000000000e+03 5.403478164144623406e+03 7.621191670823677933e-02
6.636500000000000000e+03 5.361808556669421705e+03 7.587811199833162379e-02
6.643500000000000000e+03 5.430580368544963676e+03 7.496032663646626237e-02
6.650500000000000000e+03 5.374598382735088308e+03 7.628324677226290540e-02
6.657500000000000000e+03 5.386349073247753950e+03 7.414647310368850663e-02
6.664500000000000000e+03 5.397874897885420069e+03 7.343969839438292679e-02
6.671500000000000000e+03 5.419414149031358647e+03 7.083420021136148381e-02
6.678500000000000000e+03 5.440904076933012220e+03 7.246595844453232460e-02
6.685500000000000000e+03 5.429607686345952970e+03 7.120408812217340899e-02
6.692500000000000000e+03 5.444474352990426269e+03 7.116882043774941380e-02
6.699500000000000000e+03 5.447532611466045637e+03 6.837341961446335992e-02
6.706500000000000000e+03 5.442488206066113889e+03 7.023436830255590235e-02
6.713500000000000000e+03 5.433928896588317002e+03 6.922483394070391705e-02
6.720500000000000000e+03 5.438064798741705090e+03 6.913060444752835987e-02
6.727500000000000000e+03 5.434961969092338222e+03 7.232622053731073419e-02
6.734500000000000000e+03 5.429945375182792304e+03 6.791227980810708720e-02
6.741500000000000000e+03 5.439771658159650542e+03 6.905637961090151100e-02
6.748500000000000000e+03 5.421926729855876147e+03 6.901546347979105323e-02
6.755500000000000000e+03 5.403460770568913176e+03 6.970044408959914783e-02
6.762500000000000000e+03 5.439900752263780305e+03 6.752801446464400115e-02
6.769500000000000000e+03 5.378737158269194879e+03 6.879552014564391249e-02
6.776500000000000000e+03 5.416587024854488845e+03 6.669613394039974885e-02
6.783500000000000000e+03 5.413215541246860994e+03 6.718726225352016079e-02
6.790500000000000000e+03 5.456697286545163479e+03 6.758557317877381121e-02
6.797500000000000000e+03 5.386423900273116487e+03 6.688882635260588738e-02
6.804500000000000000e+03 5.415323484742745677e+03 6.470325994059436536e-02
6.811500000000000000e+03 5.383715446992444413e+03 6.488211321996673053e-02
6.818500000000000000e+03 5.405036083316968870e+03 6.519504705071428596e-02
6.825500000000000000e+03 5.396686362286032818e+03 6.495294837372765639e-02
6.832500000000000000e+03 5.391227806178043465e+03 6.420372440820938664e-02
6.839500000000000000e+03 5.336968102194946368e+03 6.578340468159139809e-02
6.846500000000000000e+03 5.291723829702534204e+03 7.266175991457711481e-02
6.853500000000000000e+03 5.094759376993918522e+03 9.415091197776472021e-02
6.860500000000000000e+03 4.648798618327575241e+03 1.093303848469788231e-01
6.867500000000000000e+03 4.304811903300947051e+03 8.353439136142275234e-02
6.874500000000000000e+03 4.115790528723422540e+03 9.446359111525810814e-02
6.881500000000000000e+03 4.126128796412800511e+03 1.356909991088873224e-01
6.888500000000000000e+03 4.316871732047839942e+03 1.283638044357810759e-01
6.895500000000000000e+03 4.427631411178539565e+03 1.093116906495939511e-01
6.902500000000000000e+03 4.522473729750913662e+03 1.050779048545108646e-01
6.909500000000000000e+03 4.633620650568640485e+03 1.022172956736383670e-01
6.916500000000000000e+03 4.750467025799766816e+03 9.759968021258030868e-02
6.923500000000000000e+03 4.799474599245349964e+03 9.353644771863493801e-02
6.930500000000000000e+03 4.834569275883605769e+03 9.205135586425365612e-02
6.937500000000000000e+03 4.803055382290203852e+03 9.093009997438808445e-02
6.944500000000000000e+03 4.801504662814696530e+03 8.854356471171932752e-02
6.951500000000000000e+03 4.894292830186962419e+03 8.539831978880201013e-02
6.958500000000000000e+03 4.977016518030559382e+03 7.877789567677427607e-02
6.965500000000000000e+03 5.041288653503350361e+03 7.465159886418325230e-02
6.972500000000000000e+03 5.088631911515485626e+03 7.395511351689199042e-02
6.979500000000000000e+03 5.085265516485642365e+03 7.267681190432097316e-02
6.986500000000000000e+03 5.015327047589328686e+03 7.317795370887608675e-02
6.993500000000000000e+03 4.974742435038212534e+03 7.339808478878794007e-02
7.000500000000000000e+03 4.932881517811673802e+03 7.820555733211477512e-02
7.007500000000000000e+03 4.914710802087242882e+03 7.789589167275516590e-02
7.014500000000000000e+03 4.920262440354595128e+03 7.526932920186102383e-02
7.021500000000000000e+03 4.904328661401179488e+03 7.559508259561188714e-02
7.028500000000000000e+03 4.957452878162409434e+03 7.241882600220414523e-02
7.035500000000000000e+03 5.019395082508352971e+03 6.975173919918180310e-02
7.042500000000000000e+03 5.019689877887215516e+03 7.033992873142465296e-02
7.049500000000000000e+03 4.993891444701725050e+03 6.917289388337884148e-02
7.056500000000000000e+03 5.020015793361026226e+03 6.841172976442773390e-02
7.063500000000000000e+03 5.028628842721906040e+03 6.613777129842450531e-02
7.070500000000000000e+03 5.054302728236863913e+03 6.447328745400436600e-02
7.077500000000000000e+03 5.070950662479192943e+03 6.299975222588349855e-02
7.084500000000000000e+03 5.075140027513572932e+03 6.175080327110250150e-02
7.091500000000000000e+03 5.025168287039077768e+03 6.081291475615745873e-02
7.098500000000000000e+03 5.026915012419579398e+03 6.212425372704521997e-02
7.105500000000000000e+03 5.022064545210314463e+03 5.722511490674856566e-02
7.112500000000000000e+03 4.985789915790734995e+03 5.858265739200085864e-02
7.119500000000000000e+03 5.021810456608971435e+03 5.974465028315983223e-02
7.126500000000000000e+03 4.997348449065784735e+03 6.066709084252636802e-02
7.133500000000000000e+03 4.999555940468760127e+03 6.035174002255044856e-02
7.140500000000000000e+03 4.956179281023777548e+03 6.164945026576706955e-02
7.147500000000000000e+03 4.890572059358416482e+03 6.845209432987324483e-02
7.154500000000000000e+03 4.789439246933113282e+03 7.621185988652094678e-02
7.161500000000000000e+03 4.557940752940448874e+03 9.197062922325639767e-02
7.168500000000000000e+03 4.296606140939098623e+03 9.904293169072306280e-02
7.175500000000000000e+03 4.037010931834329767e+03 1.110974080447972717e-01
7.182500000000000000e+03 3.885868023490574160e+03 1.194374046670425571e-01
7.189500000000000000e+03 3.824518097593378570e+03 1.207101974426869617e-01
7.196500000000000000e+03 3.880065627578883323e+03 1.170720547922137478e-01
7.203500000000000000e+03 4.025840828603389127e+03 1.046480525030457631e-01
7.210500000000000000e+03 4.254615853350797806e+03 1.051625305291035706e-01
7.217500000000000000e+03 4.380941127169585343e+03 1.055508088680132406e-01
7.224500000000000000e+03 4.382878781930322475e+03 9.712554451655516785e-02
7.231500000000000000e+03 4.249335132347217950e+03 9.297647573899306406e-02
7.238500000000000000e+03 4.067680139996702565e+03 9.635469481928071733e-02
7.245500000000000000e+03 4.024904449705081333e+03 1.074126706050028968e-01
7.252500000000000000e+03 4.061235642323571483e+03 1.104545228225057157e-01
7.259500000000000000e+03 4.067767853175012533e+03 1.120578138113898781e-01
7.266500000000000000e+03 4.052646994817248924e+03 1.101218589534756487e-01
7.273500000000000000e+03 4.092984902448194134e+03 1.038750710705036578e-01
7.280500000000000000e+03 4.112698629785567391e+03 1.010257383450274965e-01
7.287500000000000000e+03 4.092320712869031922e+03 1.035697889210587808e-01
7.294500000000000000e+03 4.113880254806345874e+03 1.003836430007634256e-01
7.301500000000000000e+03 4.105796120398176754e+03 9.943467187697417609e-02
7.308500000000000000e+03 4.187520207984254739e+03 9.359364439549011649e-02
7.315500000000000000e+03 4.283189004498138274e+03 8.467524880578297664e-02
7.322500000000000000e+03 4.368787768744505229e+03 8.450581423380806867e-02
7.329500000000000000e+03 4.456763898586143114e+03 7.619970330573921924e-02
7.336500000000000000e+03 4.580976182118546603e+03 6.896142903565295745e-02
7.343500000000000000e+03 4.595137139585600380e+03 6.554087104024111654e-02
7.350500000000000000e+03 4.571387369494737868e+03 6.570514167768812253e-02
7.357500000000000000e+03 4.548426023461801378e+03 6.545730955380624216e-02
7.364500000000000000e+03 4.582648181590276181e+03 6.048702329468841343e-02
7.371500000000000000e+03 4.539358324349634131e+03 6.027234050010613076e-02
7.378500000000000000e+03 4.574816461762857216e+03 6.037723308042080433e-02
7.385500000000000000e+03 4.572950740745063740e+03 5.787914256253256368e-02
7.392500000000000000e+03 4.515169476508252956e+03 5.609951145168894093e-02
7.399500000000000000e+03 4.538381464570959906e+03 5.293570899006133645e-02
7.406500000000000000e+03 4.566031607627933226e+03 5.159060591369129395e-02
7.413500000000000000e+03 4.558740663340322499e+03 4.831204937103406732e-02
7.420500000000000000e+03 4.554139815098269537e+03 4.932673524684461075e-02
7.427500000000000000e+03 4.551649403566244473e+03 4.686901445993738730e-02
7.434500000000000000e+03 4.575923438473761962e+03 4.735651882702514998e-02
7.441500000000000000e+03 4.591597457507801664e+03 4.609662148343367238e-02
7.448500000000000000e+03 4.574272061637268052e+03 4.505252631051503975e-02
7.455500000000000000e+03 4.575276569419210318e+03 4.352972106262088803e-02
7.462500000000000000e+03 4.527679200538280384e+03 4.329711474069057597e-02
7.469500000000000000e+03 4.529616854065137886e+03 4.502603190641851078e-02
7.476500000000000000e+03 4.529166208193460989e+03 4.387839808111758388e-02
7.483500000000000000e+03 4.522415705281338887e+03 4.568081031133988668e-02
7.490500000000000000e+03 4.533740321971989943e+03 4.320368451978558871e-02
7.497500000000000000e+03 4.511264796557059526e+03 4.405670590165525202e-02
7.504500000000000000e+03 4.487260992156416251e+03 4.359927152392892996e-02
7.511500000000000000e+03 4.477247612960908555e+03 4.333661092343789323e-02
7.518500000000000000e+03 4.479824732046726240e+03 4.184899363547629064e-02
7.525500000000000000e+03 4.464339283243654791e+03 4.255622912837819793e-02
7.532500000000000000e+03 4.458173635844632372e+03 4.222234666850416263e-02
7.539500000000000000e+03 4.461416384952797671e+03 4.158319563575418876e-02
7.546500000000000000e+03 4.420441760563741809e+03 4.083066507182446514e-02
7.553500000000000000e+03 4.412632241355878250e+03 4.073456811990752019e-02
7.560500000000000000e+03 4.376745738077165697e+03 4.235197781214166540e-02
7.567500000000000000e+03 4.336000711121547283e+03 4.825797810461690540e-02
7.574500000000000000e+03 4.204914319951970356e+03 6.582300009583752498e-02
7.581500000000000000e+03 3.780874165771286698e+03 1.154765460524067866e-01
7.588500000000000000e+03 2.975411869282767839e+03 1.681234807001004694e-01
7.595500000000000000e+03 2.072085893004000354e+03 1.238485276350734243e-01
7.602500000000000000e+03 1.413657479514049101e+03 6.233363544643159837e-02
7.609500000000000000e+03 1.216064322192902637e+03 2.426327994926695542e-01
7.616500000000000000e+03 1.353721702169261789e+03 3.971307390769721057e-01
7.623500000000000000e+03 1.542944915104390475e+03 3.576309274216208367e-01
7.630500000000000000e+03 1.640552701256420960e+03 2.698509177866577069e-01
7.637500000000000000e+03 1.740320813979100876e+03 2.431276156312435488e-01
7.644500000000000000e+03 1.968145942409641066e+03 2.262519019087289307e-01
7.651500000000000000e+03 2.320930102570772306e+03 1.912619657534868067e-01
7.658500000000000000e+03 2.708817901859789799e+03 1.582628561121123545e-01
7.665500000000000000e+03 3.059647844137779430e+03 1.249184398193423917e-01
7.672500000000000000e+03 3.317231437596162323e+03 9.957857273578889223e-02
7.679500000000000000e+03 3.564863009643324403e+03 8.084828740240036782e-02
7.686500000000000000e+03 3.668712355032689629e+03 6.750927441423705544e-02
7.693500000000000000e+03 3.808300996831179873e+03 5.978899775094483754e-02
7.700500000000000000e+03 3.864111443802114991e+03 5.562235317182592093e-02
7.707500000000000000e+03 3.930963116542405714e+03 5.170359767587479061e-02
7.714500000000000000e+03 3.930614792258914349e+03 4.733709188615122659e-02
7.721500000000000000e+03 3.967171588412933033e+03 4.237046225042487985e-02
7.728500000000000000e+03 3.953408147292548165e+03 4.335889188948212347e-02
7.735500000000000000e+03 3.950426692923829251e+03 4.194255616300417155e-02
7.742500000000000000e+03 3.945952067122503195e+03 4.018261660057767526e-02
7.749500000000000000e+03 3.926974496837266997e+03 4.131284608200008757e-02
7.756500000000000000e+03 3.920679357990596600e+03 3.689833459084337908e-02
7.763500000000000000e+03 3.863467002137149393e+03 3.611691970739446672e-02
7.770500000000000000e+03 3.851411540755888382e+03 3.768888008676183482e-02
7.777500000000000000e+03 3.827783274076511134e+03 3.753115082470301345e-02
7.784500000000000000e+03 3.843389388875332315e+03 4.058979001213579296e-02
7.791500000000000000e+03 3.865541995802466317e+03 3.954011928975997847e-02
7.798500000000000000e+03 3.839622673247025887e+03 3.939652056338753539e-02
7.805500000000000000e+03 3.803813757217330931e+03 3.783456517829960480e-02
7.812500000000000000e+03 3.772887802879819901e+03 3.702917618555055801e-02
7.819500000000000000e+03 3.782410146099226495e+03 3.898180988784499812e-02
7.826500000000000000e+03 3.729334995999603052e+03 3.853856845734779379e-02
7.833500000000000000e+03 3.700315688896608663e+03 4.020221677426271539e-02
7.840500000000000000e+03 3.678393050153452805e+03 3.921214466923951536e-02
7.847500000000000000e+03 3.690924855480854603e+03 3.674626543635876180e-02
7.854500000000000000e+03 3.653319025780775519e+03 3.765201979756332973e-02
7.861500000000000000e+03 3.640824590958743556e+03 3.898269746492524779e-02
7.868500000000000000e+03 3.625762880979129477e+03 4.182943916210287577e-02
7.875500000000000000e+03 3.589028610948087589e+03 4.480053324810064769e-02
7.882500000000000000e+03 3.537791750210590180e+03 4.735216324500624019e-02
7.889500000000000000e+03 3.491959332092407294e+03 4.687438481045423655e-02
7.896500000000000000e+03 3.487850317337904471e+03 4.525224329202166829e-02
7.903500000000000000e+03 3.455770013125678815e+03 4.927401673815517968e-02
7.910500000000000000e+03 3.426995503059637485e+03 4.795961087830025865e-02
7.917500000000000000e+03 3.419397854353164803e+03 4.680681148894834387e-02
7.924500000000000000e+03 3.407567136365925307e+03 4.486044623187237373e-02
7.931500000000000000e+03 3.401378753167202376e+03 4.445876709754249811e-02
7.938500000000000000e+03 3.419699619476809858e+03 4.394973413840803228e-02
7.945500000000000000e+03 3.379066852092063982e+03 4.459342503078086301e-02
7.952500000000000000e+03 3.354766178459154162e+03 4.480304756128181826e-02
7.959500000000000000e+03 3.344269875505218806e+03 4.460629220439538828e-02
7.966500000000000000e+03 3.328159494181711125e+03 4.479562236702719358e-02
7.973500000000000000e+03 3.348154079875020670e+03 4.801757244212185444e-02
7.980500000000000000e+03 3.329285095361527056e+03 4.299330470630363665e-02
7.987500000000000000e+03 3.325847399005609077e+03 4.516451833761831597e-02
7.994500000000000000e+03 3.312750899739280612e+03 4.500741877703130778e-02
8.001500000000000000e+03 3.230159247201011567e+03 4.725233934094302812e-02
8.008500000000000000e+03 3.207347487446292234e+03 4.801242035057165514e-02
8.015500000000000000e+03 3.218350920107113780e+03 4.806978843678014202e-02
8.022500000000000000e+03 3.180971252891666609e+03 4.809765378842057598e-02
8.029500000000000000e+03 3.173142116181237270e+03 4.634410907389648754e-02
8.036500000000000000e+03 3.212234278603914390e+03 4.449887540060390445e-02
8.043500000000000000e+03 3.177033229868543003e+03 4.392308483137374181e-02
8.050500000000000000e+03 3.184337210773000606e+03 4.341915881352627349e-02
8.057500000000000000e+03 3.195301984505341807e+03 4.126366501152761712e-02
8.064500000000000000e+03 3.177311848625211042e+03 3.921567611863818748e-02
8.071500000000000000e+03 3.174471597751168702e+03 4.014289881007825772e-02
8.078500000000000000e+03 3.136438632166241860e+03 4.101765376804288044e-02
8.085500000000000000e+03 3.116961144003200843e+03 3.979238357005906307e-02
8.092500000000000000e+03 3.092878933339006835e+03 4.211102219454938150e-02
8.099500000000000000e+03 3.067469919467992895e+03 4.675599191746183242e-02
8.106500000000000000e+03 3.026709768590626936e+03 4.993747449763522028e-02
8.113500000000000000e+03 2.979219792653258082e+03 5.440053036009197956e-02
8.120500000000000000e+03 2.922628329131940973e+03 6.316926104334667780e-02
8.127500000000000000e+03 2.829524071313186141e+03 6.984790928579524827e-02
8.134500000000000000e+03 2.724512148868058830e+03 7.785997951868893485e-02
8.141500000000000000e+03 2.619903824794026605e+03 8.844248745821127466e-02
8.148500000000000000e+03 2.529492879020459441e+03 9.555698039286637802e-02
8.155500000000000000e+03 2.457852243882332459e+03 9.713342931002418024e-02
8.162500000000000000e+03 2.410965576831403723e+03 9.623933291328415351e-02
8.169500000000000000e+03 2.377827064492626050e+03 1.024148784284068942e-01
8.176500000000000000e+03 2.386775598068430554e+03 9.826748882046813793e-02
8.183500000000000000e+03 2.425414993886122829e+03 9.188829123920085051e-02
8.190500000000000000e+03 2.492689333046568663e+03 8.144152085656948536e-02
8.197500000000000000e+03 2.543450197145229595e+03 7.476635777600973420e-02
8.204500000000000000e+03 2.586388888325570861e+03 8.250885381884529024e-02
8.211500000000000000e+03 2.573604665812726580e+03 9.032795652312429480e-02
8.218500000000000000e+03 2.455502508426198347e+03 9.167931763123340905e-02
8.225500000000000000e+03 2.365806099781657394e+03 6.889011905448859385e-02
8.232500000000000000e+03 2.341315667562043018e+03 6.747090824787735364e-02
8.239500000000000000e+03 2.424987867040939364e+03 8.920347427225504278e-02
8.246500000000000000e+03 2.563711524126427776e+03 8.224327286358240618e-02
8.253500000000000000e+03 2.642280970772784713e+03 6.574780966294593854e-02
8.260500000000000000e+03 2.637211445875515892e+03 6.436018351365338508e-02
8.267500000000000000e+03 2.580488345027926698e+03 7.178220165661064467e-02
8.274500000000000000e+03 2.538909550051359020e+03 6.702029994217681419e-02
8.281500000000000000e+03 2.497950042328336167e+03 6.689056698320425265e-02
8.288500000000000000e+03 2.486352743497209303e+03 7.228923370176783270e-02
8.295500000000000000e+03 2.522902515656857759e+03 7.063497938526731856e-02
8.302500000000000000e+03 2.519924647934564291e+03 7.283969387571044563e-02
8.309500000000000000e+03 2.527906613900809589e+03 6.982209698663872921e-02
8.316500000000000000e+03 2.525923066363525777e+03 6.214135706735421372e-02
8.323500000000000000e+03 2.538438439934848702e+03 5.961534355405420649e-02
8.330500000000000000e+03 2.551617336302322656e+03 6.122784347491439655e-02
8.337500000000000000e+03 2.577988782609925693e+03 5.580147363705820207e-02
8.344500000000000000e+03 2.645700805355234934e+03 5.467811390595431198e-02
8.351500000000000000e+03 2.635083200317673800e+03 5.244894335796058960e-02
8.358500000000000000e+03 2.690380466206715482e+03 4.559748377106676021e-02
8.365500000000000000e+03 2.650936642673623737e+03 4.730976579781853014e-02
8.372500000000000000e+03 2.680828075953931602e+03 4.550991845863497365e-02
8.379500000000000000e+03 2.651701226213321206e+03 4.284210937834705135e-02
8.386500000000000000e+03 2.661959156653228547e+03 3.883848449044991630e-02
8.393500000000000000e+03 2.677434654501447767e+03 3.944840339656550954e-02
8.400500000000000000e+03 2.692350733910085637e+03 3.905134166671182794e-02
8.407500000000000000e+03 2.673842752804514930e+03 3.512026844266775277e-02
8.414500000000000000e+03 2.681308397119668825e+03 3.503840893302583720e-02
8.421500000000000000e+03 2.671198802540896395e+03 3.750675898209600984e-02
8.428500000000000000e+03 2.653024262067670406e+03 3.383742658008207643e-02
8.435500000000000000e+03 2.660938927310091913e+03 3.332936968372532394e-02
8.442500000000000000e+03 2.656370573730096567e+03 3.369346217437048374e-02
8.449500000000000000e+03 2.626856572775314362e+03 3.071840628293041192e-02
8.456500000000000000e+03 2.654466154731799634e+03 2.802111751022397235e-02
8.463500000000000000e+03 2.631404947144073958e+03 3.242418658615738719e-02
8.470500000000000000e+03 2.633792535332346688e+03 2.965839941141847069e-02
8.477500000000000000e+03 2.628129855143227360e+03 3.125342978331679955e-02
8.484500000000000000e+03 2.597598369818064839e+03 3.263533183689486250e-02
8.491500000000000000e+03 2.583741743051031335e+03 3.205577982772814249e-02
8.498500000000000000e+03 2.563363514637940170e+03 3.154785907320816624e-02
8.505500000000000000e+03 2.551916320887526126e+03 2.877514988794506109e-02
8.512500000000000000e+03 2.528569254618794275e+03 2.572998309638718437e-02
8.519500000000000000e+03 2.537195602604631404e+03 3.065104178827233669e-02
8.526500000000000000e+03 2.548968800840942095e+03 3.391974687453548631e-02
8.533500000000000000e+03 2.544626580302020102e+03 3.501503604045286266e-02
8.540500000000000000e+03 2.519306048658473628e+03 2.598208527267965515e-02
8.547500000000000000e+03 2.510920939902671307e+03 1.969747469409759144e-02
8.554500000000000000e+03 2.479497418465672126e+03 2.273525552310554435e-02
8.561500000000000000e+03 2.538463819749751110e+03 2.991355402797948870e-02
8.568500000000000000e+03 2.530730842013542315e+03 3.533748489991218183e-02
8.575500000000000000e+03 2.536483883597350996e+03 3.503020125980520899e-02
8.582500000000000000e+03 2.548636678134257636e+03 3.104247845774117318e-02
8.589500000000000000e+03 2.506538334873649092e+03 2.438206264042498683e-02
8.596500000000000000e+03 2.494926788989431316e+03 2.464791673187812296e-02
8.603500000000000000e+03 2.483945242581015464e+03 2.128479586734582235e-02
8.610500000000000000e+03 2.522981538527506927e+03 2.018918639330783207e-02
8.617500000000000000e+03 2.502859479274387468e+03 2.627653839697901769e-02
8.624500000000000000e+03 2.520315632162311431e+03 3.114061210575520475e-02
8.631500000000000000e+03 2.526285558424938699e+03 3.608645246134904033e-02
8.638500000000000000e+03 2.521071907179941718e+03 3.532467868603166722e-02
8.645500000000000000e+03 2.477263670101483967e+03 3.307678966658505332e-02
8.652500000000000000e+03 2.467316729977448176e+03 2.727023875961592098e-02
8.659500000000000000e+03 2.376217574587668423e+03 2.079492136150952811e-02
8.666500000000000000e+03 2.385240417890357094e+03 1.266000414807507378e-02
8.673500000000000000e+03 2.358014770249493267e+03 1.284719300860466019e-02
8.680500000000000000e+03 2.358196140098930755e+03 2.100263150662784115e-02
8.687500000000000000e+03 2.398852879249595844e+03 3.186939705366791803e-02
8.694500000000000000e+03 2.435325171152013809e+03 3.071728737715738802e-02
8.701500000000000000e+03 2.467577205841580053e+03 3.207172818444261470e-02
8.708500000000000000e+03 2.482957586956756131e+03 3.230759518614669673e-02
8.715500000000000000e+03 2.488454324755486596e+03 3.181390108748919504e-02
8.722500000000000000e+03 2.472255373470031373e+03 2.818245827568117284e-02
8.729500000000000000e+03 2.405976220484898477e+03 3.245702572622927856e-02
8.736500000000000000e+03 2.382404905128689279e+03 2.626725677609458021e-02
8.743500000000000000e+03 2.350328960088989788e+03 1.445501431641480275e-02
8.750500000000000000e+03 2.340489769308931500e+03 7.412422991945451234e-03
8.757500000000000000e+03 2.321436785401484485e+03 1.608979505597470105e-02
8.764500000000000000e+03 2.359050227873118274e+03 2.421483170297148574e-02
8.771500000000000000e+03 2.362325195322699983e+03 2.870344185884380131e-02
8.778500000000000000e+03 2.415571281862757587e+03 2.746567647889684716e-02
8.785500000000000000e+03 2.431521568248235781e+03 3.141574657191168601e-02
8.792500000000000000e+03 2.416363124340957256e+03 2.880574241075592110e-02
8.799500000000000000e+03 2.419292705114351065e+03 2.824363162298507840e-02
8.806500000000000000e+03 2.420324630939194776e+03 2.826957505380248148e-02
8.813500000000000000e+03 2.413351674290566280e+03 2.675069138637952912e-02
8.820500000000000000e+03 2.390481047502486035e+03 2.706927221901472488e-02
8.827500000000000000e+03 2.388295390983051675e+03 2.952778586615505824e-02
8.834500000000000000e+03 2.349467980899258237e+03 3.074946253283255757e-02
8.841500000000000000e+03 2.307831313740516634e+03 2.886736110444711526e-02
8.848500000000000000e+03 2.277162287016786649e+03 2.857038995105471921e-02
8.855500000000000000e+03 2.222290081516789542e+03 2.358233355273233953e-02
8.862500000000000000e+03 2.183504206869313293e+03 1.802131781708458946e-02
8.869500000000000000e+03 2.158794581925298189e+03 1.120359505221724637e-02
8.876500000000000000e+03 2.209549111556306798e+03 1.550328128297390369e-02
8.883500000000000000e+03 2.229912268369416779e+03 2.919610286210410841e-02
8.890500000000000000e+03 2.266410080903628568e+03 3.585676796979217484e-02
8.897500000000000000e+03 2.317629909328954000e+03 3.499771362550151144e-02
8.904500000000000000e+03 2.317117900660418400e+03 2.971700064310685632e-02
8.911500000000000000e+03 2.295955720605018541e+03 3.391838256242377114e-02
8.918500000000000000e+03 2.291438407115115297e+03 3.546968515576515157e-02
8.925500000000000000e+03 2.217095110268272947e+03 3.899558659463353560e-02
8.932500000000000000e+03 2.197007698188205268e+03 4.548045646500775002e-02
8.939500000000000000e+03 2.118228848963144173e+03 6.046899257718033743e-02
8.946500000000000000e+03 2.045749571473158312e+03 6.606297699920268829e-02
8.953500000000000000e+03 1.955427452057956089e+03 7.769647195516767024e-02
8.960500000000000000e+03 1.861561218730661949e+03 8.392089804255509211e-02
8.967500000000000000e+03 1.794014421219799033e+03 8.846981626481176253e-02
8.974500000000000000e+03 1.745923948932975009e+03 1.068907149727498923e-01
8.981500000000000000e+03 1.653779980291812080e+03 1.158253184749486048e-01
8.988500000000000000e+03 1.578821644461140068e+03 9.972538455395629775e-02
8.995500000000000000e+03 1.539418746230244551e+03 1.117195408135005785e-01
9.002500000000000000e+03 1.519720563886030050e+03 1.057291403066557417e-01
9.009500000000000000e+03 1.510337364035507107e+03 8.921551054008804160e-02
9.016500000000000000e+03 1.542168993205563993e+03 7.803618235549195092e-02
9.023500000000000000e+03 1.647560108287983212e+03 7.193819195536926836e-02
9.030500000000000000e+03 1.753418873871487222e+03 7.660192046871779070e-02
9.037500000000000000e+03 1.852382796606593274e+03 7.484773976497402503e-02
9.044500000000000000e+03 1.903272834166938310e+03 7.410524581454878967e-02
9.051500000000000000e+03 1.883367422733909507e+03 8.156053787025309421e-02
9.058500000000000000e+03 1.800178081442242046e+03 9.180622066363064437e-02
9.065500000000000000e+03 1.707406512068449729e+03 8.678725418507395040e-02
9.072500000000000000e+03 1.623808215643664653e+03 8.815658437383883106e-02
9.079500000000000000e+03 1.576786699375168155e+03 1.043888544713545419e-01
9.086500000000000000e+03 1.545640820516754275e+03 1.122839314540474420e-01
9.093500000000000000e+03 1.554515462934578181e+03 1.135001620964480595e-01
9.100500000000000000e+03 1.574681160982190931e+03 1.063013810715342927e-01
9.107500000000000000e+03 1.588101724082596775e+03 1.071712046752774511e-01
9.114500000000000000e+03 1.621813586440556264e+03 1.178327345016040167e-01
9.121500000000000000e+03 1.569919177350137033e+03 1.219364379053982095e-01
9.128500000000000000e+03 1.523847097689040311e+03 1.109949050981208218e-01
9.135500000000000000e+03 1.534550602505396682e+03 1.083168551682293507e-01
9.142500000000000000e+03 1.505024500937414132e+03 1.404847622815703634e-01
9.149500000000000000e+03 1.529199285617956775e+03 1.200566400232576797e-01
9.156500000000000000e+03 1.529627604579978424e+03 1.087079194822404421e-01
9.163500000000000000e+03 1.514104097069635145e+03 1.324952377455006769e-01
9.170500000000000000e+03 1.527280495863455144e+03 1.160551231983846660e-01
9.177500000000000000e+03 1.552001216799106714e+03 9.762358586638729407e-02
9.184500000000000000e+03 1.602311028579157437e+03 1.001583176573832556e-01
9.191500000000000000e+03 1.687739280918476879e+03 8.942120511246515191e-02
9.198500000000000000e+03 1.719272575339905416e+03 8.113409631085878593e-02
9.205500000000000000e+03 1.688619742525847641e+03 8.141290703601916645e-02
9.212500000000000000e+03 1.640847020838664093e+03 6.888582545779967092e-02
9.219500000000000000e+03 1.594638212131291084e+03 5.983082883900812249e-02
9.226500000000000000e+03 1.539470233534088038e+03 5.754770904883296095e-02
9.233500000000000000e+03 1.533888984552956572e+03 5.619299873976128790e-02
9.240500000000000000e+03 1.511888270062879201e+03 7.034359706112894295e-02
9.247500000000000000e+03 1.559626956416339681e+03 8.116165638723236986e-02
9.254500000000000000e+03 1.588644040688622454e+03 8.907332576011670056e-02
9.261500000000000000e+03 1.588270963447987242e+03 9.741069671824723053e-02
9.268500000000000000e+03 1.541342750339714257e+03 1.127704938439609839e-01
9.275500000000000000e+03 1.439956449848159764e+03 1.219988696977470921e-01
9.282500000000000000e+03 1.320873976765214820e+03 1.389411532412707928e-01
9.289500000000000000e+03 1.185620347549360076e+03 1.754395230548145279e-01
9.296500000000000000e+03 1.078756856091854843e+03 1.942325290022190176e-01
9.303500000000000000e+03 9.586345437655346586e+02 2.184014883620108705e-01
9.310500000000000000e+03 8.393339366030892279e+02 2.482078581681484708e-01
9.317500000000000000e+03 7.202186005684746988e+02 2.704055056629979248e-01
9.324500000000000000e+03 6.052107017195659182e+02 3.212608256528204365e-01
9.331500000000000000e+03 5.137835657095213264e+02 3.644304444719632663e-01
9.338500000000000000e+03 4.773267421464898348e+02 3.326587362331948627e-01
9.345500000000000000e+03 4.909815254295655791e+02 3.540636171163124568e-01
9.352500000000000000e+03 5.047958169458659086e+02 3.796056444327871593e-01
9.359500000000000000e+03 5.133952015505024065e+02 3.686975103009818566e-01
9.366500000000000000e+03 5.214495656896913260e+02 3.597932397275431793e-01
9.373500000000000000e+03 5.507794180781462501e+02 3.025546873249365665e-01
9.380500000000000000e+03 6.720376658532969714e+02 2.462248603119973345e-01
9.387500000000000000e+03 8.228443998891613091e+02 2.607634065062512385e-01
9.394500000000000000e+03 9.324991767900713739e+02 2.644273902528071485e-01
9.401500000000000000e+03 9.663523198148925530e+02 2.268441322665364079e-01
9.408500000000000000e+03 9.077341251988857493e+02 2.177559540694514462e-01
9.415500000000000000e+03 8.447362963111987710e+02 2.437761829881819886e-01
9.422500000000000000e+03 7.882041429874207097e+02 2.485607212673568434e-01
9.429500000000000000e+03 7.209319960139550858e+02 2.447942569077458108e-01
9.436500000000000000e+03 6.759817705160244259e+02 2.454772557185859183e-01
9.443500000000000000e+03 6.646888569962857218e+02 2.528654426605712047e-01
9.450500000000000000e+03 6.582704733095797565e+02 3.027007587673237188e-01
9.457500000000000000e+03 6.874361741221878219e+02 2.667668265815827389e-01
9.464500000000000000e+03 7.049433888184133821e+02 2.670778238293891049e-01
9.471500000000000000e+03 7.346831398919449612e+02 2.738053306097277817e-01
9.478500000000000000e+03 7.801534117722728752e+02 2.410422604420606740e-01
9.485500000000000000e+03 7.652429469754498541e+02 2.740685521282100190e-01
9.492500000000000000e+03 7.412928723876157164e+02 2.457056715675421943e-01
9.499500000000000000e+03 7.444233386006210367e+02 1.942649718828991234e-01
9.506500000000000000e+03 7.306469818499174380e+02 2.834526628333626785e-01
9.513500000000000000e+03 7.227275514628420297e+02 2.890725828388169272e-01
9.520500000000000000e+03 7.277797736093846197e+02 2.184505450194531850e-01
9.527500000000000000e+03 7.197237371723674642e+02 2.490895249842453030e-01
9.534500000000000000e+03 7.198927514243915766e+02 2.685420763802200406e-01
9.541500000000000000e+03 7.051475680619712421e+02 2.268167564258596891e-01
9.548500000000000000e+03 6.961538641475498252e+02 2.022447528377777359e-01
9.555500000000000000e+03 6.859633927089456620e+02 2.057753827300758676e-01
9.562500000000000000e+03 7.360258066504770795e+02 1.974826590966956286e-01
9.569500000000000000e+03 7.907714959809636639e+02 2.214459518940690708e-01
9.576500000000000000e+03 8.077630278524729874e+02 2.446610306566020243e-01
9.583500000000000000e+03 8.064249649463373544e+02 2.110375787148231763e-01
9.590500000000000000e+03 7.874774383593060065e+02 1.765950327797899677e-01
9.597500000000000000e+03 8.144063552595738429e+02 2.039313963372600957e-01
9.604500000000000000e+03 8.843311597944405094e+02 2.104106020506666119e-01
9.611500000000000000e+03 9.196274097822636122e+02 2.002053955639310490e-01
9.618500000000000000e+03 9.510315060186545679e+02 1.682390487338757956e-01
9.625500000000000000e+03 9.507613536508356447e+02 1.653009608964141064e-01
9.632500000000000000e+03 9.496990680651524599e+02 1.720759661666166895e-01
9.639500000000000000e+03 9.619087417742360913e+02 1.425212009959646309e-01
9.646500000000000000e+03 9.813315719830101216e+02 1.483346301265206502e-01
9.653500000000000000e+03 1.000824469732152011e+03 1.655234356500364379e-01
9.660500000000000000e+03 1.048422151391841453e+03 1.295295572580778265e-01
9.667500000000000000e+03 1.094851239283831774e+03 1.120197889217014325e-01
9.674500000000000000e+03 1.188094826901493207e+03 1.088785981258185154e-01
9.681500000000000000e+03 1.253902413320702180e+03 9.123590105542608852e-02
9.688500000000000000e+03 1.296495592980903666e+03 8.323433708313665580e-02
9.695500000000000000e+03 1.315771143320849205e+03 7.556204039845670906e-02
9.702500000000000000e+03 1.315739441366787105e+03 7.099250041501931063e-02
9.709500000000000000e+03 1.304858055130283674e+03 7.393577000384603248e-02
9.716500000000000000e+03 1.297763580232533286e+03 7.684355259471016553e-02
9.723500000000000000e+03 1.233067490321718196e+03 8.405349391337305076e-02
9.730500000000000000e+03 1.172659016817534848e+03 9.415486081328608425e-02
9.737500000000000000e+03 1.148413418777393190e+03 9.067480067245940745e-02
9.744500000000000000e+03 1.110100816191227523e+03 1.019527946858924949e-01
9.751500000000000000e+03 1.111115731192567409e+03 9.660156468130504104e-02
9.758500000000000000e+03 1.124816794119617271e+03 8.742168895442503640e-02
9.765500000000000000e+03 1.142222778066202409e+03 9.198637389060371206e-02
9.772500000000000000e+03 1.169234664002362479e+03 9.577343386683903614e-02
9.779500000000000000e+03 1.176742914558388520e+03 8.071208774946762865e-02
9.786500000000000000e+03 1.167399891673036564e+03 7.574634255652742953e-02
9.793500000000000000e+03 1.165304080666446680e+03 6.843579404032042179e-02
9.800500000000000000e+03 1.188426023342697363e+03 6.482008828616739327e-02
9.807500000000000000e+03 1.211922342395019768e+03 6.814547898183054286e-02
9.814500000000000000e+03 1.232578549663393005e+03 6.428074473792111387e-02
9.821500000000000000e+03 1.219847641849664797e+03 5.589529012568728028e-02
9.828500000000000000e+03 1.221948662070245064e+03 4.971256333293527091e-02
9.835500000000000000e+03 1.224835657063012604e+03 5.482233335488231885e-02
9.842500000000000000e+03 1.236623306835884478e+03 4.860848922743430528e-02
9.849500000000000000e+03 1.244546362322143978e+03 3.945050428012891047e-02
9.856500000000000000e+03 1.246676730348551018e+03 3.818531557757225831e-02
9.863500000000000000e+03 1.257406621087458007e+03 3.786517770678148737e-02
9.870500000000000000e+03 1.253150714433215626e+03 2.975044965515599368e-02
9.877500000000000000e+03 1.242302772681230408e+03 2.914828837999419026e-02
9.884500000000000000e+03 1.233664278976473042e+03 2.865718224060343627e-02
9.891500000000000000e+03 1.220904146952998417e+03 2.740862717918184088e-02
9.898500000000000000e+03 1.210153898520851953e+03 2.338077576989950820e-02
9.905500000000000000e+03 1.206753462493507868e+03 2.250315406840216678e-02
9.912500000000000000e+03 1.200671105732285014e+03 2.320141894544596253e-02
9.919500000000000000e+03 1.184890238178045820e+03 2.439776269292499508e-02
9.926500000000000000e+03 1.174951155468416118e+03 1.922809436916374584e-02
9.933500000000000000e+03 1.158831112305477291e+03 2.335254749515499120e-02
9.940500000000000000e+03 1.157267783410348557e+03 2.055834371575414321e-02
9.947500000000000000e+03 1.142022940814656977e+03 2.197389688948258799e-02
9.954500000000000000e+03 1.127242940784489520e+03 2.202840451499141899e-02
9.961500000000000000e+03 1.124425072725461177e+03 1.996489522539577482e-02
9.968500000000000000e+03 1.108590025983738087e+03 2.093933383981737978e-02
9.975500000000000000e+03 1.090870568001946140e+03 2.093909985681713035e-02
9.982500000000000000e+03 1.080216639704847694e+03 2.030951061521435452e-02
9.989500000000000000e+03 1.069286283631863625e+03 1.345063834020484433e-02
9.996500000000000000e+03 1.047121300969721460e+03 1.383998711236759938e-02
