# wavelength angstroms, flux, ext coeff
3.299300000000000182e+03 1.508856779763758027e+01 8.212086626533215972e-01
3.302800000000000182e+03 1.375950743125121889e+01 8.136977210173093056e-01
3.306300000000000182e+03 1.412986960490490063e+01 8.118267288243609103e-01
3.309800000000000182e+03 1.562054790639010271e+01 8.114270632982693021e-01
3.313300000000000182e+03 1.508184884242021440e+01 8.073870954067516870e-01
3.316800000000000182e+03 1.651275780937682924e+01 7.985895532812060660e-01
3.320300000000000182e+03 1.794761498187381932e+01 7.893612628271997611e-01
3.323800000000000182e+03 1.893876595943369168e+01 7.813129667404619116e-01
3.327300000000000182e+03 2.123151045864886299e+01 7.791854373833361214e-01
3.330800000000000182e+03 1.913570556576596005e+01 7.698627241515800801e-01
3.334300000000000182e+03 2.080859892666904187e+01 7.661285452654187367e-01
3.337800000000000182e+03 2.070154551872358439e+01 7.629598296281900893e-01
3.341300000000000182e+03 2.075438036103415129e+01 7.619926543028451293e-01
3.344800000000000182e+03 2.241873648502610195e+01 7.573492584920025195e-01
3.348300000000000182e+03 2.210159496540616786e+01 7.541036347853478095e-01
3.351800000000000182e+03 2.090545410811133564e+01 7.438075969327316850e-01
3.355300000000000182e+03 2.164879678441596056e+01 7.401340276004424457e-01
3.358800000000000182e+03 2.139915551549912109e+01 7.336316231662896037e-01
3.362300000000000182e+03 2.003050755470109578e+01 7.298220626227548413e-01
3.365800000000000182e+03 1.793101868370477447e+01 7.233222575938135224e-01
3.369300000000000182e+03 1.885959541542254669e+01 7.256656856476918493e-01
3.372800000000000182e+03 1.922583859648746341e+01 7.209521923178207059e-01
3.376300000000000182e+03 1.923185210654359878e+01 7.169132415029756400e-01
3.379800000000000182e+03 2.218837828915660992e+01 7.148614480587234254e-01
3.383300000000000182e+03 2.456572444625287588e+01 7.065123620984007369e-01
3.386800000000000182e+03 2.698856678985227830e+01 7.038844095218107499e-01
3.390300000000000182e+03 2.809091731604323527e+01 6.977142430783055405e-01
3.393800000000000182e+03 2.925960415799114500e+01 6.925654616456374812e-01
3.397300000000000182e+03 3.007158723298840641e+01 6.918169379219430981e-01
3.400800000000000182e+03 2.925270024144881020e+01 6.872453369459775585e-01
3.404300000000000182e+03 3.170732209112162181e+01 6.855322970740745925e-01
3.407800000000000182e+03 3.168608964019837870e+01 6.816851399689053403e-01
3.411300000000000182e+03 3.336182648403894291e+01 6.742938723916345189e-01
3.414800000000000182e+03 3.366686972444982473e+01 6.676882512700629269e-01
3.418300000000000182e+03 3.578078576725810933e+01 6.647958407764807953e-01
3.421800000000000182e+03 3.332684974403262146e+01 6.660555883462463411e-01
3.425300000000000182e+03 3.548445761010532351e+01 6.629309512059734510e-01
3.428800000000000182e+03 3.885628498556754806e+01 6.589721262839702831e-01
3.432300000000000182e+03 3.955562080429773886e+01 6.520028784197843263e-01
3.435800000000000182e+03 3.557596847322640343e+01 6.550595383432563645e-01
3.439300000000000182e+03 3.555949628284773212e+01 6.515630184879004361e-01
3.442800000000000182e+03 3.567475369454913192e+01 6.463603359946022975e-01
3.446300000000000182e+03 3.452458799702495185e+01 6.465537718190743632e-01
3.449800000000000182e+03 3.422981242374526545e+01 6.445919608658385869e-01
3.453300000000000182e+03 3.155819320331795907e+01 6.381604822320913195e-01
3.456800000000000182e+03 3.247203732663605535e+01 6.351285869111652493e-01
3.460300000000000182e+03 3.504771787492619950e+01 6.332490241752356530e-01
3.463800000000000182e+03 3.472668122364195398e+01 6.279394699243280309e-01
3.467300000000000182e+03 4.030861169086750095e+01 6.261084713490475684e-01
3.470800000000000182e+03 3.684971391803239271e+01 6.247764130654689385e-01
3.474300000000000182e+03 3.559347536157254410e+01 6.231280887745113128e-01
3.477800000000000182e+03 4.154493336642031664e+01 6.184449566929466346e-01
3.481300000000000182e+03 4.401163906135524684e+01 6.152005111028925333e-01
3.484800000000000182e+03 4.556857892596512016e+01 6.112034876027770958e-01
3.488300000000000182e+03 4.951510835030401125e+01 6.098982119265904389e-01
3.491800000000000182e+03 5.178328043896415522e+01 6.073610164142735357e-01
3.495300000000000182e+03 5.496474883799563571e+01 6.066798873350078836e-01
3.498800000000000182e+03 6.327810262869498814e+01 6.016449018376331948e-01
3.502300000000000182e+03 6.405232383570998422e+01 5.955407684121643008e-01
3.505800000000000182e+03 6.851754059122747265e+01 5.981166127330207472e-01
3.509300000000000182e+03 7.031582270769530396e+01 5.957580362628722703e-01
3.512800000000000182e+03 7.106013743629527823e+01 5.967247999433511474e-01
3.516300000000000182e+03 7.558805348989167783e+01 5.924384940602227534e-01
3.519800000000000182e+03 7.463382259128127316e+01 5.900447382985257727e-01
3.523300000000000182e+03 7.863140244160977943e+01 5.837869477042142430e-01
3.526800000000000182e+03 7.948901565610387365e+01 5.788375855681217041e-01
3.530300000000000182e+03 7.919887565980620536e+01 5.824791417114154601e-01
3.533800000000000182e+03 8.777728059454815934e+01 5.785762560789320386e-01
3.537300000000000182e+03 9.712765634937532866e+01 5.768031879452885091e-01
3.540800000000000182e+03 1.054001593375723758e+02 5.734800872764530544e-01
3.544300000000000182e+03 1.133504159102441946e+02 5.741470148738342383e-01
3.547800000000000182e+03 1.199264088308820106e+02 5.699825958461269826e-01
3.551300000000000182e+03 1.156289677109316756e+02 5.705720461148611200e-01
3.554800000000000182e+03 1.121531628203289443e+02 5.659552111258628893e-01
3.558300000000000182e+03 1.014555639292353675e+02 5.617473782929407466e-01
3.561800000000000182e+03 8.957272171148350992e+01 5.569445409616489151e-01
3.565300000000000182e+03 8.041580478508873853e+01 5.566658069315409962e-01
3.568800000000000182e+03 7.211662041594554751e+01 5.538556571507721182e-01
3.572300000000000182e+03 6.272866371132003138e+01 5.508961332982208470e-01
3.575800000000000182e+03 5.774107168227804010e+01 5.478797336808695073e-01
3.579300000000000182e+03 5.583716810112297679e+01 5.469832452274291379e-01
3.582800000000000182e+03 5.549374380596879774e+01 5.452462979838632595e-01
3.586300000000000182e+03 5.805848410671967486e+01 5.434499578786960994e-01
3.589800000000000182e+03 6.022672876883078885e+01 5.437773852545257913e-01
3.593300000000000182e+03 6.379237312073971822e+01 5.369225930073129316e-01
3.596800000000000182e+03 6.837281036599189576e+01 5.385955300558032954e-01
3.600300000000000182e+03 7.460683058863133965e+01 5.359033488348237118e-01
3.603800000000000182e+03 8.216516837077881519e+01 5.357201544894008016e-01
3.607300000000000182e+03 9.115176762122740683e+01 5.310886875029249277e-01
3.610800000000000182e+03 9.908172941835823622e+01 5.303377131758200136e-01
3.614300000000000182e+03 1.023932031452327749e+02 5.266654922537605810e-01
3.617800000000000182e+03 1.172427830787835177e+02 5.238828884312140000e-01
3.621300000000000182e+03 1.163128061564120372e+02 5.239493941794516330e-01
3.624800000000000182e+03 1.267030656825239276e+02 5.217395563237416933e-01
3.628300000000000182e+03 1.308610622112562680e+02 5.191459486392981937e-01
3.631800000000000182e+03 1.398590608167881726e+02 5.151858211734716697e-01
3.635300000000000182e+03 1.464620507674747785e+02 5.142684324442975408e-01
3.638800000000000182e+03 1.526936807227704662e+02 5.113951768196590697e-01
3.642300000000000182e+03 1.643630326947173330e+02 5.102608356967003322e-01
3.645800000000000182e+03 1.726650839761907150e+02 5.092499485830688233e-01
3.649300000000000182e+03 1.858273071832190340e+02 5.088154239869868700e-01
3.652800000000000182e+03 1.913034396186544939e+02 5.065049744990044456e-01
3.656300000000000182e+03 2.017837134401901835e+02 5.056790663868717672e-01
3.659800000000000182e+03 2.232876506872197524e+02 5.006110417098620369e-01
3.663300000000000182e+03 2.404429368706325363e+02 4.989476041197793976e-01
3.666800000000000182e+03 2.483959862433273997e+02 4.964368829893276436e-01
3.670300000000000182e+03 2.470326166959981151e+02 4.965328535221650852e-01
3.673800000000000182e+03 2.478613879420143746e+02 4.955532433151088600e-01
3.677300000000000182e+03 2.409317680602146652e+02 4.932851195756529084e-01
3.680800000000000182e+03 2.373698388191436663e+02 4.904322556412258893e-01
3.684300000000000182e+03 2.241348062267057912e+02 4.862066241187154580e-01
3.687800000000000182e+03 2.162798100185455041e+02 4.821889266786502648e-01
3.691300000000000182e+03 2.053692662689088593e+02 4.799745920682900735e-01
3.694800000000000182e+03 1.978072077814541103e+02 4.803989800917716213e-01
3.698300000000000182e+03 1.953767666955942843e+02 4.796529549407928528e-01
3.701800000000000182e+03 1.846129373753344964e+02 4.788741901786651156e-01
3.705300000000000182e+03 1.778916437483773620e+02 4.800785398616080890e-01
3.708800000000000182e+03 1.663795835974180477e+02 4.747565232030526716e-01
3.712300000000000182e+03 1.597264922787744013e+02 4.755760902307837323e-01
3.715800000000000182e+03 1.432210584645334563e+02 4.719389835250580312e-01
3.719300000000000182e+03 1.239840990044039160e+02 4.683442707204579225e-01
3.722800000000000182e+03 1.152193515280116003e+02 4.650548190136813975e-01
3.726300000000000182e+03 1.008747953607822012e+02 4.625726214672106762e-01
3.729800000000000182e+03 8.906664745145072004e+01 4.602070096523812603e-01
3.733300000000000182e+03 9.240155140174447013e+01 4.594845038836943840e-01
3.736800000000000182e+03 9.070084103606122028e+01 4.616617886848688457e-01
3.740300000000000182e+03 9.272736741762076917e+01 4.598705406093493431e-01
3.743800000000000182e+03 1.009179422288567878e+02 4.590810939523908285e-01
3.747300000000000182e+03 1.118945772225806792e+02 4.592039839687024894e-01
3.750800000000000182e+03 1.307440815260573004e+02 4.573653203724770688e-01
3.754300000000000182e+03 1.561001670780772201e+02 4.564509136851544469e-01
3.757800000000000182e+03 1.873471882069010235e+02 4.514919871053755807e-01
3.761300000000000182e+03 2.237545890001050566e+02 4.468569246013727181e-01
3.764800000000000182e+03 2.538381459702495988e+02 4.447605987334558031e-01
3.768300000000000182e+03 2.818778838755908396e+02 4.413524571011360753e-01
3.771800000000000182e+03 3.022175820781433799e+02 4.412511724317370043e-01
3.775300000000000182e+03 3.099135341300951723e+02 4.430905751510153534e-01
3.778800000000000182e+03 3.247051209809632155e+02 4.398007836177173502e-01
3.782300000000000182e+03 3.361305063044933945e+02 4.396377887654565053e-01
3.785800000000000182e+03 3.293515099139235645e+02 4.387015720210294956e-01
3.789300000000000182e+03 3.302977679969379210e+02 4.359319943666714603e-01
3.792800000000000182e+03 3.351019157338989203e+02 4.320562722264962852e-01
3.796300000000000182e+03 3.479816933373346615e+02 4.337159988853451220e-01
3.799800000000000182e+03 3.508640833547984244e+02 4.367406473137983580e-01
3.803300000000000182e+03 3.458882060792610105e+02 4.334116668816497264e-01
3.806800000000000182e+03 3.394958751889028576e+02 4.362908112190191368e-01
3.810300000000000182e+03 3.276681197022284664e+02 4.345413555960744301e-01
3.813800000000000182e+03 2.985287205352282740e+02 4.347303555196684322e-01
3.817300000000000182e+03 2.688158881470156985e+02 4.290715177767308042e-01
3.820800000000000182e+03 2.398381131078841122e+02 4.197438550207947539e-01
3.824300000000000182e+03 2.072081537929061597e+02 4.121281109670449361e-01
3.827800000000000182e+03 1.931406311138474337e+02 4.043617705374422666e-01
3.831300000000000182e+03 1.826591320624242201e+02 4.042626393974185772e-01
3.834800000000000182e+03 1.912292910546414078e+02 4.074371971282124694e-01
3.838300000000000182e+03 2.118616066115597221e+02 4.089514811980518028e-01
3.841800000000000182e+03 2.351150365109426161e+02 4.143944270999620483e-01
3.845300000000000182e+03 2.562319350309823562e+02 4.164993519692636315e-01
3.848800000000000182e+03 2.825062705615315508e+02 4.148262320644796608e-01
3.852300000000000182e+03 2.851314471951467340e+02 4.111435413800531014e-01
3.855800000000000182e+03 2.867811149728565283e+02 4.120906344969352819e-01
3.859300000000000182e+03 2.737857273364659818e+02 4.117033757421542095e-01
3.862800000000000182e+03 2.846818463478545027e+02 4.128447691202746239e-01
3.866300000000000182e+03 2.712513556440933371e+02 4.114545282177513030e-01
3.869800000000000182e+03 2.754803428439226991e+02 4.151809729357285872e-01
3.873300000000000182e+03 2.633319102891141483e+02 4.139238099959847150e-01
3.876800000000000182e+03 2.758803062101450223e+02 4.078004679713952418e-01
3.880300000000000182e+03 2.768562956943355289e+02 3.963598239176619464e-01
3.883800000000000182e+03 2.838850946918008162e+02 3.812758845386816642e-01
3.887300000000000182e+03 3.156493829030742972e+02 3.707265647909943618e-01
3.890800000000000182e+03 3.330690779905753516e+02 3.664717718482908282e-01
3.894300000000000182e+03 3.493968110006146617e+02 3.701061676477120921e-01
3.897800000000000182e+03 3.866304863153366114e+02 3.796685289461689816e-01
3.901300000000000182e+03 4.093333982170470904e+02 3.908396442147196170e-01
3.904800000000000182e+03 4.297797841911046248e+02 3.985210481667936233e-01
3.908300000000000182e+03 4.536296557219208125e+02 4.003459655734364353e-01
3.911800000000000182e+03 4.496253208520239468e+02 3.978248327441344379e-01
3.915300000000000182e+03 4.061906030599957376e+02 3.942241870898529066e-01
3.918800000000000182e+03 3.587125389109672255e+02 3.894925612086965194e-01
3.922300000000000182e+03 3.212233797907741746e+02 3.821406949124847574e-01
3.925800000000000182e+03 2.803469702327119535e+02 3.724302439723770064e-01
3.929300000000000182e+03 2.625686014518605020e+02 3.667819370448676120e-01
3.932800000000000182e+03 2.755224576239695580e+02 3.653907080123028339e-01
3.936300000000000182e+03 2.948199131534726689e+02 3.718143504523560572e-01
3.939800000000000182e+03 3.484863030009747149e+02 3.751587168735334710e-01
3.943300000000000182e+03 4.112816254307346640e+02 3.825390766941536014e-01
3.946800000000000182e+03 4.339533365174671644e+02 3.852962608175433679e-01
3.950300000000000182e+03 4.374454583310464386e+02 3.860448696967855309e-01
3.953800000000000182e+03 4.570641743203773331e+02 3.827438368440456151e-01
3.957300000000000182e+03 4.338746434053794587e+02 3.738873243482020992e-01
3.960800000000000182e+03 4.045940531304198089e+02 3.621460876330735990e-01
3.964300000000000182e+03 4.141701880566082536e+02 3.469917703536755660e-01
3.967800000000000182e+03 4.186555457601135117e+02 3.362962554715167030e-01
3.971300000000000182e+03 4.471386917571560957e+02 3.307565975468964581e-01
3.974800000000000182e+03 5.215008247329255937e+02 3.384240441701852897e-01
3.978300000000000182e+03 5.971206751469347864e+02 3.508937462501248161e-01
3.981800000000000182e+03 7.208831301536505407e+02 3.606562143809839971e-01
3.985300000000000182e+03 8.157439704956674404e+02 3.644832219172487453e-01
3.988800000000000182e+03 9.010909638273387827e+02 3.666865815257941974e-01
3.992300000000000182e+03 1.013615937958152244e+03 3.637685854075656811e-01
3.995800000000000182e+03 1.069118724925095194e+03 3.583779755574479919e-01
3.999300000000000182e+03 1.147869479880675271e+03 3.555286261468977305e-01
4.002800000000000182e+03 1.201834387673547099e+03 3.541391233720116993e-01
4.006300000000000182e+03 1.224204456788908828e+03 3.534509179499445430e-01
4.009800000000000182e+03 1.248997419398282318e+03 3.528343225609554268e-01
4.013300000000000182e+03 1.194719462381474386e+03 3.516517020557039519e-01
4.016800000000000182e+03 1.159371696831568897e+03 3.498189341778503159e-01
4.020300000000000182e+03 1.116128217769465891e+03 3.492055559197648207e-01
4.023800000000000182e+03 1.077769227657640840e+03 3.456837673966370317e-01
4.027300000000000182e+03 1.038997158236767291e+03 3.437071525759970436e-01
4.030800000000000182e+03 1.029484164992720480e+03 3.410569179182876276e-01
4.034300000000000182e+03 1.031690462757646173e+03 3.428076232171501925e-01
4.037800000000000182e+03 1.021005172423945282e+03 3.426402121470484285e-01
4.041300000000000182e+03 1.118932266196129149e+03 3.411133242104365526e-01
4.044800000000000182e+03 1.137911669365083981e+03 3.412155053444828057e-01
4.048300000000000182e+03 1.182463851405709420e+03 3.401636205821119141e-01
4.051800000000000182e+03 1.173279751228047644e+03 3.375263747441837880e-01
4.055300000000000182e+03 1.170247827799747711e+03 3.385782338908085443e-01
4.058800000000000182e+03 1.153373988103405509e+03 3.366523660733914958e-01
4.062300000000000182e+03 1.148199519201825069e+03 3.351266823252460614e-01
4.065800000000000182e+03 1.135907085594362115e+03 3.327606157284018207e-01
4.069300000000000182e+03 1.160804927075310161e+03 3.331795992231901260e-01
4.072800000000000182e+03 1.191340051091893883e+03 3.338646356951725513e-01
4.076300000000000182e+03 1.312072108432852929e+03 3.312757327604404223e-01
4.079800000000000182e+03 1.429702411938475279e+03 3.297117418493203389e-01
4.083300000000000182e+03 1.514737543490264216e+03 3.294307903801365067e-01
4.086800000000000182e+03 1.616795414284455092e+03 3.249427263817038503e-01
4.090300000000000182e+03 1.628327582844007566e+03 3.254127872317467141e-01
4.093800000000000182e+03 1.642304973970836272e+03 3.251361191040501586e-01
4.097300000000000182e+03 1.586717041280457124e+03 3.198402439805926312e-01
4.100800000000000182e+03 1.547152776946933955e+03 3.157813641174517238e-01
4.104300000000000182e+03 1.526979200024445390e+03 3.066921855025138144e-01
4.107800000000000182e+03 1.459470223466900507e+03 3.033642268819746191e-01
4.111300000000000182e+03 1.440520538585091117e+03 3.035992804039067128e-01
4.114800000000000182e+03 1.413819293158531309e+03 3.062514692659654147e-01
4.118300000000000182e+03 1.444753583467671433e+03 3.109734437894845493e-01
4.121800000000000182e+03 1.480135910672354157e+03 3.162043431204833444e-01
4.125300000000000182e+03 1.487955337728850054e+03 3.199397810415265386e-01
4.128800000000000182e+03 1.515523329495207463e+03 3.209698427107003926e-01
4.132300000000000182e+03 1.583433099856257741e+03 3.180398110566072245e-01
4.135800000000000182e+03 1.553915244928208267e+03 3.160528685989797415e-01
4.139300000000000182e+03 1.565840321372500966e+03 3.125368059256156128e-01
4.142800000000000182e+03 1.564653497378322754e+03 3.112166362690099164e-01
4.146300000000000182e+03 1.556055588535332390e+03 3.092969710008044992e-01
4.149800000000000182e+03 1.555906399524011022e+03 3.057605417468625686e-01
4.153300000000000182e+03 1.573760056871141842e+03 3.064131866436617391e-01
4.156800000000000182e+03 1.607208420829952274e+03 3.044454252220572532e-01
4.160300000000000182e+03 1.605799713173166310e+03 3.047178522725577654e-01
4.163800000000000182e+03 1.651910647411470563e+03 3.049631253531114305e-01
4.167300000000000182e+03 1.646155338794649197e+03 3.038187615160041211e-01
4.170800000000000182e+03 1.680162112892437335e+03 3.011369785393623322e-01
4.174300000000000182e+03 1.727969663719316031e+03 2.984817531197012097e-01
4.177800000000000182e+03 1.727850265739285987e+03 2.989390689007094815e-01
4.181300000000000182e+03 1.701045111195322988e+03 2.963732931570578488e-01
4.184800000000000182e+03 1.705381064765446126e+03 2.960700067333813523e-01
4.188300000000000182e+03 1.641832729004348948e+03 2.964153348195592286e-01
4.191800000000000182e+03 1.612220947038106715e+03 2.961143252165258088e-01
4.195300000000000182e+03 1.500449157959081958e+03 2.946893408979027185e-01
4.198800000000000182e+03 1.409918416187515049e+03 2.941063473296104402e-01
4.202300000000000182e+03 1.297507533062899938e+03 2.937865399091836305e-01
4.205800000000000182e+03 1.207207619870964436e+03 2.916288497980392136e-01
4.209300000000000182e+03 1.078665413704579805e+03 2.903780846815834371e-01
4.212800000000000182e+03 9.885812195824121318e+02 2.912700517332205696e-01
4.216300000000000182e+03 8.560450496559685689e+02 2.871984246904791815e-01
4.219800000000000182e+03 7.538151936845731598e+02 2.893414846931908202e-01
4.223300000000000182e+03 6.311554068345276391e+02 2.876936042591701770e-01
4.226800000000000182e+03 5.634765537200180461e+02 2.872997220287393794e-01
4.230300000000000182e+03 5.616977661107601989e+02 2.851467338016311914e-01
4.233800000000000182e+03 5.952914844238633805e+02 2.823806730359122996e-01
4.237300000000000182e+03 6.798899945860254093e+02 2.838577989153004411e-01
4.240800000000000182e+03 7.996245450342335062e+02 2.829204493996975711e-01
4.244300000000000182e+03 9.285021321166033204e+02 2.805139117873049481e-01
4.247800000000000182e+03 1.049663818337134899e+03 2.831134834261805899e-01
4.251300000000000182e+03 1.152017941260508906e+03 2.823349952552463016e-01
4.254800000000000182e+03 1.257983597905991019e+03 2.791575972387604909e-01
4.258300000000000182e+03 1.346705903071551575e+03 2.778559239864797359e-01
4.261800000000000182e+03 1.400392738842846711e+03 2.779337197929992453e-01
4.265300000000000182e+03 1.480376814061412233e+03 2.763695190783745925e-01
4.268800000000000182e+03 1.569707811421669476e+03 2.737078171298928386e-01
4.272300000000000182e+03 1.566559794828714075e+03 2.733488237574114854e-01
4.275800000000000182e+03 1.596520390749892840e+03 2.739057522566920588e-01
4.279300000000000182e+03 1.609821389629657460e+03 2.727243109753895722e-01
4.282800000000000182e+03 1.625896644689527420e+03 2.715055335997211827e-01
4.286300000000000182e+03 1.662066244280106048e+03 2.725042388671741200e-01
4.289800000000000182e+03 1.636375301779176652e+03 2.707102278425283504e-01
4.293300000000000182e+03 1.682029404810155256e+03 2.712300631221936098e-01
4.296800000000000182e+03 1.685134081510879923e+03 2.711770407174431963e-01
4.300300000000000182e+03 1.717471484892088938e+03 2.697724375525016871e-01
4.303800000000000182e+03 1.770161491555838211e+03 2.693979685717877715e-01
4.307300000000000182e+03 1.836350806613554141e+03 2.682853731425217658e-01
4.310800000000000182e+03 1.930013365449812227e+03 2.681656160734221528e-01
4.314300000000000182e+03 2.052350028927441144e+03 2.672505239090392504e-01
4.317800000000000182e+03 2.198294011249680807e+03 2.649978487415020623e-01
4.321300000000000182e+03 2.373337416997435412e+03 2.640727220952152621e-01
4.324800000000000182e+03 2.549850025173248468e+03 2.614931076530577769e-01
4.328300000000000182e+03 2.734277861572311394e+03 2.612101549347340956e-01
4.331800000000000182e+03 2.768446819323966793e+03 2.602666122936629911e-01
4.335300000000000182e+03 2.924915837267993538e+03 2.594012220558699067e-01
4.338800000000000182e+03 2.982101637653162470e+03 2.563234042938692392e-01
4.342300000000000182e+03 3.117009850994454609e+03 2.508480363424444026e-01
4.345800000000000182e+03 3.114643533041492447e+03 2.468852373186311011e-01
4.349300000000000182e+03 3.221508647917983581e+03 2.445609074121862792e-01
4.352800000000000182e+03 3.262933577632020388e+03 2.428133110438560061e-01
4.356300000000000182e+03 3.292903991885137202e+03 2.470126136608190304e-01
4.359800000000000182e+03 3.347726519876827297e+03 2.529011437470161106e-01
4.363300000000000182e+03 3.341540695366951240e+03 2.570560405992327047e-01
4.366800000000000182e+03 3.377641864853424977e+03 2.586441884730401042e-01
4.370300000000000182e+03 3.354977719756537681e+03 2.608188562950367051e-01
4.373800000000000182e+03 3.321596308352081451e+03 2.562580764441066417e-01
4.377300000000000182e+03 3.233630839748180733e+03 2.563038727206516931e-01
4.380800000000000182e+03 3.193907093240163249e+03 2.529954360780689582e-01
4.384300000000000182e+03 3.119682599473419486e+03 2.484225497910565739e-01
4.387800000000000182e+03 3.057642434965208849e+03 2.480883722110772405e-01
4.391300000000000182e+03 2.948854194455796915e+03 2.480654453020720296e-01
4.394800000000000182e+03 2.961449848085061149e+03 2.472826383874092981e-01
4.398300000000000182e+03 3.011015588443287925e+03 2.468509759988272989e-01
4.401800000000000182e+03 2.987713701979702819e+03 2.473100521843407951e-01
4.405300000000000182e+03 3.055849982404119601e+03 2.448637380355573046e-01
4.408800000000000182e+03 3.055020160600929557e+03 2.461078051347040663e-01
4.412300000000000182e+03 2.996570605213102681e+03 2.454772623478880256e-01
4.415800000000000182e+03 3.073958892896776433e+03 2.452546177362883162e-01
4.419300000000000182e+03 3.008708486046316466e+03 2.430156271103023902e-01
4.422800000000000182e+03 3.008540070874522826e+03 2.426034425873033473e-01
4.426300000000000182e+03 3.035517944374993021e+03 2.417556133916899663e-01
4.429800000000000182e+03 3.010537482606289814e+03 2.397508758918522886e-01
4.433300000000000182e+03 3.068732450454489936e+03 2.391820916699132493e-01
4.436800000000000182e+03 3.129959286864109345e+03 2.412051647964708889e-01
4.440300000000000182e+03 3.171429864771469965e+03 2.379705080872547840e-01
4.443800000000000182e+03 3.253954509112113101e+03 2.379347258300573698e-01
4.447300000000000182e+03 3.305510217967304925e+03 2.387359766116893545e-01
4.450800000000000182e+03 3.436884423879771475e+03 2.371026640179239586e-01
4.454300000000000182e+03 3.503234625231829341e+03 2.344114209576250996e-01
4.457800000000000182e+03 3.565253934029014545e+03 2.373682692418363771e-01
4.461300000000000182e+03 3.728640135659671614e+03 2.350806312674754150e-01
4.464800000000000182e+03 3.781438575425623185e+03 2.329923827171806738e-01
4.468300000000000182e+03 3.848453032455300672e+03 2.329601981977381386e-01
4.471800000000000182e+03 4.006523047690024669e+03 2.331204167236605451e-01
4.475300000000000182e+03 4.024964380815163167e+03 2.326880692392042926e-01
4.478800000000000182e+03 4.068524953128640391e+03 2.328289229089769152e-01
4.482300000000000182e+03 4.086306262837238137e+03 2.296882579019740578e-01
4.485800000000000182e+03 4.220526539940553448e+03 2.299971116191511233e-01
4.489300000000000182e+03 4.305814243021013681e+03 2.273762787396716445e-01
4.492800000000000182e+03 4.326850061498858850e+03 2.299801529755977902e-01
4.496300000000000182e+03 4.471101931716268155e+03 2.267627919177689355e-01
4.499800000000000182e+03 4.597571628756003520e+03 2.274751763765061607e-01
4.503300000000000182e+03 4.656437113004039929e+03 2.282756197735606452e-01
4.506800000000000182e+03 4.820167656012018597e+03 2.276111889269476496e-01
4.510300000000000182e+03 4.723753629740955148e+03 2.261802398678841308e-01
4.513800000000000182e+03 4.802744447146178572e+03 2.267133897351885086e-01
4.517300000000000182e+03 4.563261906687981536e+03 2.264315266960002238e-01
4.520800000000000182e+03 4.500703194913675361e+03 2.232663936511125879e-01
4.524300000000000182e+03 4.267417062381007781e+03 2.250157526471476543e-01
4.527800000000000182e+03 4.226597285857807947e+03 2.226628262923631418e-01
4.531300000000000182e+03 4.145337292012566650e+03 2.195188904650087480e-01
4.534800000000000182e+03 4.187331998238491906e+03 2.215299833913801086e-01
4.538300000000000182e+03 4.195041834395373371e+03 2.200203566094297014e-01
4.541800000000000182e+03 4.328406616708427464e+03 2.215242338734250416e-01
4.545300000000000182e+03 4.426449273125917898e+03 2.212621393921792856e-01
4.548800000000000182e+03 4.564617234451317017e+03 2.187252363789399245e-01
4.552300000000000182e+03 4.738594868362039051e+03 2.175021321144044173e-01
4.555800000000000182e+03 4.894926856384685379e+03 2.178212823764356099e-01
4.559300000000000182e+03 5.024018057649912407e+03 2.178154779718606271e-01
4.562800000000000182e+03 5.149608291802979693e+03 2.174911787811353026e-01
4.566300000000000182e+03 5.123448343384946384e+03 2.181233673280860430e-01
4.569800000000000182e+03 5.217609413632232645e+03 2.167438436949161995e-01
4.573300000000000182e+03 5.145960003978367240e+03 2.154197056175230218e-01
4.576800000000000182e+03 5.045634352642001431e+03 2.158682077604603955e-01
4.580300000000000182e+03 4.904255145821190126e+03 2.153375592361289059e-01
4.583800000000000182e+03 4.838241992793891768e+03 2.139349684183968481e-01
4.587300000000000182e+03 4.706391860058193743e+03 2.104354856634364501e-01
4.590800000000000182e+03 4.630117149653410706e+03 2.114829758062325427e-01
4.594300000000000182e+03 4.657570647651342369e+03 2.125330001439252881e-01
4.597800000000000182e+03 4.802078791359999741e+03 2.110066477449248912e-01
4.601300000000000182e+03 4.940209214874663303e+03 2.101697773729114260e-01
4.604800000000000182e+03 4.977540915875375504e+03 2.122480201979549397e-01
4.608300000000000182e+03 5.033148505320350523e+03 2.109175026270137532e-01
4.611800000000000182e+03 5.068769956861892751e+03 2.106676768230844599e-01
4.615300000000000182e+03 5.070589973447785269e+03 2.072486420873421997e-01
4.618800000000000182e+03 5.030974399475845530e+03 2.085395477315913904e-01
4.622300000000000182e+03 4.979338187129495054e+03 2.072575986955714489e-01
4.625800000000000182e+03 4.853046573995352446e+03 2.059809927773098570e-01
4.629300000000000182e+03 4.901813598519750485e+03 2.058978196672944516e-01
4.632800000000000182e+03 4.844993093699929886e+03 2.043114398932789622e-01
4.636300000000000182e+03 4.769590280790414909e+03 2.037918981985685773e-01
4.639800000000000182e+03 4.814100671950164724e+03 2.049055443760704753e-01
4.643300000000000182e+03 4.770493287327069993e+03 2.048211245193525820e-01
4.646800000000000182e+03 4.784761185657604983e+03 2.031864963348242181e-01
4.650300000000000182e+03 4.847856480868375911e+03 2.036279150106667657e-01
4.653800000000000182e+03 4.908991146133861548e+03 2.013902684760940920e-01
4.657300000000000182e+03 4.929451169749931978e+03 2.047032787492341910e-01
4.660800000000000182e+03 4.999994265124893900e+03 2.027751792716911972e-01
4.664300000000000182e+03 5.085520995745676373e+03 2.005121534597416599e-01
4.667800000000000182e+03 5.108559078724971187e+03 2.017332040934097515e-01
4.671300000000000182e+03 5.140228875362926374e+03 2.001108734086508301e-01
4.674800000000000182e+03 5.163317822035181962e+03 1.987157032488674757e-01
4.678300000000000182e+03 5.261508331161835486e+03 1.960318453685734597e-01
4.681800000000000182e+03 5.159682480803321596e+03 1.995351934546515660e-01
4.685300000000000182e+03 5.158900879196923597e+03 1.982544531831641754e-01
4.688800000000000182e+03 5.199330100696473892e+03 1.983200045400516920e-01
4.692300000000000182e+03 5.121934837165366844e+03 1.978930042824326441e-01
4.695800000000000182e+03 5.156857933515267177e+03 1.974005978056460053e-01
4.699300000000000182e+03 5.124983276799876876e+03 1.955850671246699979e-01
4.702800000000000182e+03 5.183153535106797790e+03 1.943864088944038948e-01
4.706300000000000182e+03 5.092226606484766307e+03 1.941294839274692041e-01
4.709800000000000182e+03 5.120497735826554162e+03 1.931010088724754159e-01
4.713300000000000182e+03 5.153345334747939887e+03 1.915107451817379958e-01
4.716800000000000182e+03 5.095531101960563319e+03 1.924389432091078156e-01
4.720300000000000182e+03 5.027019297593361443e+03 1.934904651756674532e-01
4.723800000000000182e+03 4.980887656400985179e+03 1.937002633770323889e-01
4.727300000000000182e+03 4.978621706969458501e+03 1.916530369370872122e-01
4.730800000000000182e+03 4.928123509968417238e+03 1.917229491698476118e-01
4.734300000000000182e+03 4.969188321033957436e+03 1.907179411234878608e-01
4.737800000000000182e+03 5.017340245791348934e+03 1.905209929300751837e-01
4.741300000000000182e+03 4.990821687586740154e+03 1.912054176206887390e-01
4.744800000000000182e+03 4.987733815365135342e+03 1.882513613801520269e-01
4.748300000000000182e+03 4.825544287806276770e+03 1.889574946151031942e-01
4.751800000000000182e+03 4.725838478639867390e+03 1.886003221725303103e-01
4.755300000000000182e+03 4.515624889479248850e+03 1.901077308106211561e-01
4.758800000000000182e+03 4.257553092714285413e+03 1.886623624751464223e-01
4.762300000000000182e+03 4.022464489640719421e+03 1.867921046897900450e-01
4.765800000000000182e+03 3.719385628076217472e+03 1.870975010284944839e-01
4.769300000000000182e+03 3.678542394716735998e+03 1.872097524214286213e-01
4.772800000000000182e+03 3.575300171562998457e+03 1.869293758199417621e-01
4.776300000000000182e+03 3.579403408797059001e+03 1.869328349466873873e-01
4.779800000000000182e+03 3.745139321273080441e+03 1.851379039604128252e-01
4.783300000000000182e+03 3.807296529704128261e+03 1.856100275973041336e-01
4.786800000000000182e+03 3.976101025023051079e+03 1.848977929496949391e-01
4.790300000000000182e+03 4.029693604590378072e+03 1.853347123757475845e-01
4.793800000000000182e+03 4.143944289863689846e+03 1.821141144640771037e-01
4.797300000000000182e+03 4.248374125464413737e+03 1.841581413278876311e-01
4.800800000000000182e+03 4.260348492948247440e+03 1.830167045351514810e-01
4.804300000000000182e+03 4.292082812210956945e+03 1.837718267881629508e-01
4.807800000000000182e+03 4.448586453595824423e+03 1.819784603948531587e-01
4.811300000000000182e+03 4.447546477017990583e+03 1.811393404552681385e-01
4.814800000000000182e+03 4.440748977008813199e+03 1.838598468183938461e-01
4.818300000000000182e+03 4.579391720939304832e+03 1.828475380248843762e-01
4.821800000000000182e+03 4.662767888180150294e+03 1.841270785100336538e-01
4.825300000000000182e+03 4.731652284820259410e+03 1.822151035055956103e-01
4.828800000000000182e+03 4.811019736725571420e+03 1.837374274190375356e-01
4.832300000000000182e+03 4.908762904005972814e+03 1.830132485256363850e-01
4.835800000000000182e+03 4.954446049565854992e+03 1.834498804760067436e-01
4.839300000000000182e+03 5.036221704425333883e+03 1.813135157454101032e-01
4.842800000000000182e+03 5.214950044103935397e+03 1.784929869890826137e-01
4.846300000000000182e+03 5.317568340596537382e+03 1.797195093612903583e-01
4.849800000000000182e+03 5.389595457282431198e+03 1.776743324495201615e-01
4.853300000000000182e+03 5.463394652079289699e+03 1.769056808426049676e-01
4.856800000000000182e+03 5.558217931001201578e+03 1.762640469009792710e-01
4.860300000000000182e+03 5.600539527250269202e+03 1.727422369087367182e-01
4.863800000000000182e+03 5.789002420350997454e+03 1.669820779309280634e-01
4.867300000000000182e+03 5.951548952278111756e+03 1.610440009311775722e-01
4.870800000000000182e+03 6.037882887629190918e+03 1.614278224803630257e-01
4.874300000000000182e+03 6.043590317783239698e+03 1.646507357105640168e-01
4.877800000000000182e+03 6.087452001451903925e+03 1.691944771002713843e-01
4.881300000000000182e+03 6.138926519598702725e+03 1.754769583292305202e-01
4.884800000000000182e+03 6.189013232048815553e+03 1.799823706070307894e-01
4.888300000000000182e+03 6.336569077898103387e+03 1.794139607339265141e-01
4.891800000000000182e+03 6.343013367402883887e+03 1.785010661469983440e-01
4.895300000000000182e+03 6.440917221642600452e+03 1.790786651711075983e-01
4.898800000000000182e+03 6.503114659926082822e+03 1.760344036531284739e-01
4.902300000000000182e+03 6.627101334061732814e+03 1.741350266560919013e-01
4.905800000000000182e+03 6.610306945644415464e+03 1.726158889888575187e-01
4.909300000000000182e+03 6.655775920942763150e+03 1.706628328234840175e-01
4.912800000000000182e+03 6.718897166308513079e+03 1.714666473300102134e-01
4.916300000000000182e+03 6.766811816737219488e+03 1.718309431304921864e-01
4.919800000000000182e+03 6.761910181723752430e+03 1.715738273446355544e-01
4.923300000000000182e+03 6.752722199971630289e+03 1.698246527089573854e-01
4.926800000000000182e+03 6.704814931215277284e+03 1.688011537342299917e-01
4.930300000000000182e+03 6.629022635390781943e+03 1.685927893497945196e-01
4.933800000000000182e+03 6.464542217948904181e+03 1.682135594055637340e-01
4.937300000000000182e+03 6.265076286751015687e+03 1.687280392414333696e-01
4.940800000000000182e+03 5.954068720044684596e+03 1.698780511147789940e-01
4.944300000000000182e+03 5.799362806733500292e+03 1.677647860161266546e-01
4.947800000000000182e+03 5.531936721392821710e+03 1.673452211891697239e-01
4.951300000000000182e+03 5.274479198153127982e+03 1.698362594755289390e-01
4.954800000000000182e+03 5.059555920194108694e+03 1.705390934946864612e-01
4.958300000000000182e+03 4.877861480294141074e+03 1.670874329990943152e-01
4.961800000000000182e+03 4.702651255763727931e+03 1.681860018500268006e-01
4.965300000000000182e+03 4.522809422231125609e+03 1.669205659890895255e-01
4.968800000000000182e+03 4.384109117142447758e+03 1.678260517324264844e-01
4.972300000000000182e+03 4.396494370307169447e+03 1.679772235669514391e-01
4.975800000000000182e+03 4.326318160752646691e+03 1.662212007009682135e-01
4.979300000000000182e+03 4.381939633329013304e+03 1.651559899125008835e-01
4.982800000000000182e+03 4.381509041106574841e+03 1.673120748724169493e-01
4.986300000000000182e+03 4.477068888339073965e+03 1.655112223455465770e-01
4.989800000000000182e+03 4.491437084676877930e+03 1.667833314001113398e-01
4.993300000000000182e+03 4.447587412081613365e+03 1.646712471875901584e-01
4.996800000000000182e+03 4.297330505774057201e+03 1.654694457472201674e-01
5.000300000000000182e+03 4.288906162878544819e+03 1.636035240733332563e-01
5.003800000000000182e+03 4.229490074564292627e+03 1.652185812120931518e-01
5.007300000000000182e+03 4.102551330802742996e+03 1.641492625279919737e-01
5.010800000000000182e+03 4.085030333739956404e+03 1.633221493841265637e-01
5.014300000000000182e+03 4.161336699447237152e+03 1.635427553580399429e-01
5.017800000000000182e+03 4.267573949847183940e+03 1.630930862732820064e-01
5.021300000000000182e+03 4.368383247548308645e+03 1.618914805944930979e-01
5.024800000000000182e+03 4.464894011610560483e+03 1.668355501303249444e-01
5.028300000000000182e+03 4.553827922959808348e+03 1.640558221420547191e-01
5.031800000000000182e+03 4.536345450188185168e+03 1.670911123582441704e-01
5.035300000000000182e+03 4.595507471168233678e+03 1.673225134603401054e-01
5.038800000000000182e+03 4.622839481469078237e+03 1.663664792092305333e-01
5.042300000000000182e+03 4.558679785212729257e+03 1.643913192176159888e-01
5.045800000000000182e+03 4.571483942061443486e+03 1.645349097248972881e-01
5.049300000000000182e+03 4.587670196811695860e+03 1.640056186208464495e-01
5.052800000000000182e+03 4.572565397205970839e+03 1.634799649935687604e-01
5.056300000000000182e+03 4.509489903529323783e+03 1.619294286476662681e-01
5.059800000000000182e+03 4.594411898915030179e+03 1.636560120597321810e-01
5.063300000000000182e+03 4.608065665923819324e+03 1.618853214807366159e-01
5.066800000000000182e+03 4.642205409277912622e+03 1.618771624475201232e-01
5.070300000000000182e+03 4.572958481417364965e+03 1.621973507821468374e-01
5.073800000000000182e+03 4.641704693746652993e+03 1.624939786550159693e-01
5.077300000000000182e+03 4.623833238479482134e+03 1.630333342119237861e-01
5.080800000000000182e+03 4.630772988198218627e+03 1.618362962254613902e-01
5.084300000000000182e+03 4.679060457940250672e+03 1.601774891695541547e-01
5.087800000000000182e+03 4.767163341865328221e+03 1.581626442167551605e-01
5.091300000000000182e+03 4.722485639686155082e+03 1.610283927781115121e-01
5.094800000000000182e+03 4.699014238284577004e+03 1.573377805558630604e-01
5.098300000000000182e+03 4.738629648914018617e+03 1.593671878053209423e-01
5.101800000000000182e+03 4.894570351111482523e+03 1.572266483500583401e-01
5.105300000000000182e+03 4.947062761971923464e+03 1.559951960879022992e-01
5.108800000000000182e+03 4.884176113842541781e+03 1.562163662133592146e-01
5.112300000000000182e+03 4.840294770827710636e+03 1.572154305051143286e-01
5.115800000000000182e+03 4.961640652440556551e+03 1.554496156051957401e-01
5.119300000000000182e+03 4.906086899785961577e+03 1.548854720147421482e-01
5.122800000000000182e+03 4.945408365799271451e+03 1.556172899376010721e-01
5.126300000000000182e+03 4.891902187957341994e+03 1.551888189793985684e-01
5.129800000000000182e+03 4.870775792551384257e+03 1.535358204123583037e-01
5.133300000000000182e+03 4.875654616856832035e+03 1.528611945440073450e-01
5.136800000000000182e+03 4.820738892737224887e+03 1.544883930497538138e-01
5.140300000000000182e+03 4.756337624084892923e+03 1.537831432566426626e-01
5.143800000000000182e+03 4.657353774752559730e+03 1.541894399680083794e-01
5.147300000000000182e+03 4.649012088122289242e+03 1.542999869926696688e-01
5.150800000000000182e+03 4.526010396197641057e+03 1.537442512011165663e-01
5.154300000000000182e+03 4.354382301345429369e+03 1.527446699675660824e-01
5.157800000000000182e+03 4.256110964114648596e+03 1.540666226379494297e-01
5.161300000000000182e+03 4.162237122917194029e+03 1.526282098871612203e-01
5.164800000000000182e+03 3.998063355171684179e+03 1.525396795614009093e-01
5.168300000000000182e+03 3.883513594212024145e+03 1.516085458640328842e-01
5.171800000000000182e+03 3.891255277602243041e+03 1.507921911559629013e-01
5.175300000000000182e+03 3.909600632673018026e+03 1.514440633671496894e-01
5.178800000000000182e+03 4.003543971344983674e+03 1.508204963347492267e-01
5.182300000000000182e+03 4.141257953503548379e+03 1.512034100856301244e-01
5.185800000000000182e+03 4.209596613065850761e+03 1.527276407133717484e-01
5.189300000000000182e+03 4.439917409664700244e+03 1.497948745346691923e-01
5.192800000000000182e+03 4.578898697335834186e+03 1.528396634300850099e-01
5.196300000000000182e+03 4.614469726675076345e+03 1.486985434316207833e-01
5.199800000000000182e+03 4.689744791498908853e+03 1.506313179389971169e-01
5.203300000000000182e+03 4.805956916340273892e+03 1.524901531745217198e-01
5.206800000000000182e+03 4.982889700022855322e+03 1.511079473227953385e-01
5.210300000000000182e+03 5.289918470947221067e+03 1.513472067282243816e-01
5.213800000000000182e+03 5.758891063258623035e+03 1.506041902458135906e-01
5.217300000000000182e+03 6.156093030614382769e+03 1.507959223090708512e-01
5.220800000000000182e+03 6.763911355474063384e+03 1.490524491001688767e-01
5.224300000000000182e+03 7.150172327951006082e+03 1.512723343766395057e-01
5.227800000000000182e+03 7.735129739458381664e+03 1.488753371702577488e-01
5.231300000000000182e+03 7.998537287352905878e+03 1.501072093129897922e-01
5.234800000000000182e+03 8.370391567654603932e+03 1.483054681251623486e-01
5.238300000000000182e+03 8.655317401511509161e+03 1.488744208901546517e-01
5.241800000000000182e+03 8.745401871366622800e+03 1.487329493738145381e-01
5.245300000000000182e+03 8.684155542650074494e+03 1.486925883631042000e-01
5.248800000000000182e+03 8.694073590018795585e+03 1.489892652040346044e-01
5.252300000000000182e+03 8.630476036223535630e+03 1.506585135875272707e-01
5.255800000000000182e+03 8.446001938296500157e+03 1.508574999302765840e-01
5.259300000000000182e+03 8.058410698690502613e+03 1.492060246324357908e-01
5.262800000000000182e+03 7.837913975749297606e+03 1.497524903934593643e-01
5.266300000000000182e+03 7.675912492335016395e+03 1.482344331505346668e-01
5.269800000000000182e+03 7.731972801992174027e+03 1.473601026669216774e-01
5.273300000000000182e+03 7.894672785739428946e+03 1.485412870042453759e-01
5.276800000000000182e+03 8.245503885112573698e+03 1.473586161569231945e-01
5.280300000000000182e+03 8.634919333416057270e+03 1.473246545861374435e-01
5.283800000000000182e+03 9.077162675412495446e+03 1.495258053337116255e-01
5.287300000000000182e+03 9.564060375910457878e+03 1.492719531863466176e-01
5.290800000000000182e+03 9.912035475019061778e+03 1.494627226198804171e-01
5.294300000000000182e+03 1.008044900319148473e+04 1.500773172867725103e-01
5.297800000000000182e+03 1.031951484608218925e+04 1.500264054689697535e-01
5.301300000000000182e+03 1.034157900212181084e+04 1.476032847965632611e-01
5.304800000000000182e+03 1.048084966956151948e+04 1.491242026364947293e-01
5.308300000000000182e+03 1.043767391754075288e+04 1.476526914915340938e-01
5.311800000000000182e+03 1.039169744411121974e+04 1.483054916232791065e-01
5.315300000000000182e+03 1.018238185386388432e+04 1.479961665273727411e-01
5.318800000000000182e+03 9.911701877171739397e+03 1.496144656522317429e-01
5.322300000000000182e+03 9.652386499325199111e+03 1.480224830533690139e-01
5.325800000000000182e+03 9.609786408714808204e+03 1.446530816207930725e-01
5.329300000000000182e+03 9.506873399650205101e+03 1.450482271011914182e-01
5.332800000000000182e+03 9.574180740479810993e+03 1.457151922819575063e-01
5.336300000000000182e+03 9.553387876823670013e+03 1.444107179646320349e-01
5.339800000000000182e+03 9.766998778146829864e+03 1.467781741561870190e-01
5.343300000000000182e+03 9.831421712923613086e+03 1.462517862865800045e-01
5.346800000000000182e+03 1.001766992287742869e+04 1.464927382879645523e-01
5.350300000000000182e+03 1.016400420220139495e+04 1.464870468630669886e-01
5.353800000000000182e+03 1.007698501654430038e+04 1.461873083512691129e-01
5.357300000000000182e+03 1.010590239510393621e+04 1.475933005451158797e-01
5.360800000000000182e+03 1.012162341621131054e+04 1.468137677158690702e-01
5.364300000000000182e+03 1.015160662304754442e+04 1.439169012695540040e-01
5.367800000000000182e+03 1.012373057872201935e+04 1.439261791781412669e-01
5.371300000000000182e+03 1.008274047949203668e+04 1.454148571916698274e-01
5.374800000000000182e+03 1.015727935801424792e+04 1.434942002605507083e-01
5.378300000000000182e+03 1.025591677001705830e+04 1.433878682342164812e-01
5.381800000000000182e+03 1.024478653498670246e+04 1.456569673903294337e-01
5.385300000000000182e+03 1.028294465311278327e+04 1.468366282292785929e-01
5.388800000000000182e+03 1.040004100893352916e+04 1.435392059536136633e-01
5.392300000000000182e+03 1.029789040014286547e+04 1.462014482149821826e-01
5.395800000000000182e+03 1.041341914561470549e+04 1.470192837760934124e-01
5.399300000000000182e+03 1.052794913298996653e+04 1.445965086421193146e-01
5.402800000000000182e+03 1.050940043262963263e+04 1.454147344423990795e-01
5.406300000000000182e+03 1.050262993457571065e+04 1.450075747030416251e-01
5.409800000000000182e+03 1.044581830896151951e+04 1.461544464591529036e-01
5.413300000000000182e+03 1.056371859411578407e+04 1.464144469483075472e-01
5.416800000000000182e+03 1.054814103825376696e+04 1.442807864534719486e-01
5.420300000000000182e+03 1.066886878445117873e+04 1.433380938955690631e-01
5.423800000000000182e+03 1.064782692185514679e+04 1.424885426116483944e-01
5.427300000000000182e+03 1.039664834841399897e+04 1.461239235827196392e-01
5.430800000000000182e+03 1.030181369607953820e+04 1.435419557364985554e-01
5.434300000000000182e+03 9.903679333422880518e+03 1.431958860953885804e-01
5.437800000000000182e+03 9.426043540717282667e+03 1.438093257648141721e-01
5.441300000000000182e+03 8.984895543631309920e+03 1.430116261276324074e-01
5.444800000000000182e+03 8.464746883203913967e+03 1.426270001146564270e-01
5.448300000000000182e+03 8.183860359204097222e+03 1.418732224576562118e-01
5.451800000000000182e+03 7.912833663751414861e+03 1.432073528107770388e-01
5.455300000000000182e+03 7.837652374812392736e+03 1.431526733078760938e-01
5.458800000000000182e+03 7.897290599867456876e+03 1.435758764562738710e-01
5.462300000000000182e+03 8.200468850491308331e+03 1.420651449337065053e-01
5.465800000000000182e+03 8.260829342625329446e+03 1.432977618272877063e-01
5.469300000000000182e+03 8.433255288716496580e+03 1.409375551538705751e-01
5.472800000000000182e+03 8.667559405028378023e+03 1.407336290589915884e-01
5.476300000000000182e+03 8.672111257214413854e+03 1.395313671744892736e-01
5.479800000000000182e+03 8.867513968549847050e+03 1.406098476724199908e-01
5.483300000000000182e+03 8.899983418359870484e+03 1.412985962036386323e-01
5.486800000000000182e+03 8.963099009883955659e+03 1.425211145313934336e-01
5.490300000000000182e+03 8.970509518401893729e+03 1.426188567398718465e-01
5.493800000000000182e+03 9.037742462402657111e+03 1.386433964518020145e-01
5.497300000000000182e+03 8.878286092979169553e+03 1.410908334834155564e-01
5.500800000000000182e+03 8.831554609974717096e+03 1.403337265622970065e-01
5.504300000000000182e+03 8.886401364441358965e+03 1.379825377369902628e-01
5.507800000000000182e+03 8.746313056260320081e+03 1.394439129632302488e-01
5.511300000000000182e+03 8.922457012405702699e+03 1.374846713441434665e-01
5.514800000000000182e+03 8.907585536985840008e+03 1.398137973335226714e-01
5.518300000000000182e+03 9.376281405337971592e+03 1.397379448098807209e-01
5.521800000000000182e+03 9.665189797357925272e+03 1.402549874420571108e-01
5.525300000000000182e+03 9.889011826391624709e+03 1.394406384238377761e-01
5.528800000000000182e+03 1.025709436515283596e+04 1.408445427136068850e-01
5.532300000000000182e+03 1.036690243843736425e+04 1.411671686912099322e-01
5.535800000000000182e+03 1.050926670153050145e+04 1.374578421105331905e-01
5.539300000000000182e+03 1.069877561840854833e+04 1.374383401885584388e-01
5.542800000000000182e+03 1.071594416960025046e+04 1.397805965312499676e-01
5.546300000000000182e+03 1.076300123441853248e+04 1.368826368610879529e-01
5.549800000000000182e+03 1.078335322312236349e+04 1.386190461971327781e-01
5.553300000000000182e+03 1.097014069789165842e+04 1.390834753223403608e-01
5.556800000000000182e+03 1.094592172091919019e+04 1.400693300233882832e-01
5.560300000000000182e+03 1.126763106703807716e+04 1.381026606738542661e-01
5.563800000000000182e+03 1.134051590100742214e+04 1.384425376172153388e-01
5.567300000000000182e+03 1.134928465308526393e+04 1.391942122925268199e-01
5.570800000000000182e+03 1.139166659543321839e+04 1.390333698128910500e-01
5.574300000000000182e+03 1.153136924048423316e+04 1.391675955043635837e-01
5.577800000000000182e+03 1.152643619736608161e+04 1.377609241288308695e-01
5.581300000000000182e+03 1.129875335719317263e+04 1.377993908399416934e-01
5.584800000000000182e+03 1.124417628268370936e+04 1.386260271830675184e-01
5.588300000000000182e+03 1.105826011636743715e+04 1.367019587126520885e-01
5.591800000000000182e+03 1.080540400867710559e+04 1.383828940633151094e-01
5.595300000000000182e+03 1.046378949344370994e+04 1.390477434503898102e-01
5.598800000000000182e+03 1.014092678075092954e+04 1.374548112686278800e-01
5.602300000000000182e+03 9.771486651586577864e+03 1.384724072230311132e-01
5.605800000000000182e+03 9.569618550391674944e+03 1.381597438765091723e-01
5.609300000000000182e+03 9.324631224306365766e+03 1.388997062170058694e-01
5.612800000000000182e+03 9.376556108827593562e+03 1.370443786498614369e-01
5.616300000000000182e+03 9.497706606489189653e+03 1.379371765884762346e-01
5.619800000000000182e+03 9.722237304927659352e+03 1.394898890062864771e-01
5.623300000000000182e+03 1.004714239831599843e+04 1.372761581427359157e-01
5.626800000000000182e+03 1.023206361952345105e+04 1.400023240007184366e-01
5.630300000000000182e+03 1.043322824316375772e+04 1.386474869818390132e-01
5.633800000000000182e+03 1.075527028481305206e+04 1.403652930969248591e-01
5.637300000000000182e+03 1.099612583485567848e+04 1.368343965738618440e-01
5.640800000000000182e+03 1.115130511943277270e+04 1.393149673532345367e-01
5.644300000000000182e+03 1.130053294285606171e+04 1.383061238016357608e-01
5.647800000000000182e+03 1.145744622464915483e+04 1.386274714882209380e-01
5.651300000000000182e+03 1.164038745048070268e+04 1.397386786738560038e-01
5.654800000000000182e+03 1.172302198641184987e+04 1.377136348740542748e-01
5.658300000000000182e+03 1.175608574634119032e+04 1.374203536012363613e-01
5.661800000000000182e+03 1.178391150739963814e+04 1.395767852225378858e-01
5.665300000000000182e+03 1.160615154250377600e+04 1.375557734558928991e-01
5.668800000000000182e+03 1.171759049606577537e+04 1.382545534040513224e-01
5.672300000000000182e+03 1.189391525601821013e+04 1.385116345593703779e-01
5.675800000000000182e+03 1.187233555223431722e+04 1.398832813578098910e-01
5.679300000000000182e+03 1.217824196907995429e+04 1.425745086602254186e-01
5.682800000000000182e+03 1.228249801355650743e+04 1.399991134736483511e-01
5.686300000000000182e+03 1.246271309667652349e+04 1.414771796603104259e-01
5.689800000000000182e+03 1.270030189658584641e+04 1.407869399477570393e-01
5.693300000000000182e+03 1.261757334986305250e+04 1.425760746140100621e-01
5.696800000000000182e+03 1.273659662817206299e+04 1.420522937086639292e-01
