# wavelength angstroms, flux, ext coeff
5.551500000000000000e+03 2.429077417908796997e+04 1.528775697018238122e-01
5.558500000000000000e+03 2.492445153222218505e+04 1.452776605032014834e-01
5.565500000000000000e+03 2.510942452300344303e+04 1.398559444598830859e-01
5.572500000000000000e+03 2.529525512041715410e+04 1.392424248600341585e-01
5.579500000000000000e+03 2.550549874798845121e+04 1.394843456593818365e-01
5.586500000000000000e+03 2.569643063404660279e+04 1.376429878633123882e-01
5.593500000000000000e+03 2.609148416631060172e+04 1.380478702635884181e-01
5.600500000000000000e+03 2.627135672048936249e+04 1.410646596712804568e-01
5.607500000000000000e+03 2.669335591337587539e+04 1.363809767548780916e-01
5.614500000000000000e+03 2.697102173045241216e+04 1.371152087336072189e-01
5.621500000000000000e+03 2.726327109085068878e+04 1.393378791579320819e-01
5.628500000000000000e+03 2.773986058012514331e+04 1.390919851122643380e-01
5.635500000000000000e+03 2.760878437430601844e+04 1.381926836604852604e-01
5.642500000000000000e+03 2.791787573805062857e+04 1.393139408091025322e-01
5.649500000000000000e+03 2.813583512726658591e+04 1.379139118848665413e-01
5.656500000000000000e+03 2.798223879279860557e+04 1.391822392022851185e-01
5.663500000000000000e+03 2.825776140343706720e+04 1.380874910306148229e-01
5.670500000000000000e+03 2.837911729226176249e+04 1.386420887254851408e-01
5.677500000000000000e+03 2.833760554877825052e+04 1.418542263636234646e-01
5.684500000000000000e+03 2.868650476143329797e+04 1.422166865871137553e-01
5.691500000000000000e+03 2.902143333380117474e+04 1.423569376462215097e-01
5.698500000000000000e+03 2.923620358424924416e+04 1.406434712911687479e-01
5.705500000000000000e+03 2.949957890954917093e+04 1.378768195229263249e-01
5.712500000000000000e+03 2.955025872647144934e+04 1.394513241814504811e-01
5.719500000000000000e+03 2.974525830005589887e+04 1.407846046564595610e-01
5.726500000000000000e+03 3.024690492709782484e+04 1.396228772974979770e-01
5.733500000000000000e+03 3.052693035383111055e+04 1.412206671428571092e-01
5.740500000000000000e+03 3.054727549170420025e+04 1.382169475281812554e-01
5.747500000000000000e+03 3.072457696135979131e+04 1.373788612190225134e-01
5.754500000000000000e+03 3.087091106377442338e+04 1.370305107914061571e-01
5.761500000000000000e+03 3.097112357613064887e+04 1.368355923872596192e-01
5.768500000000000000e+03 3.108738657873505872e+04 1.366642184583031217e-01
5.775500000000000000e+03 3.135747378992224185e+04 1.356247580689173005e-01
5.782500000000000000e+03 3.131219071098592758e+04 1.358541303493411567e-01
5.789500000000000000e+03 3.142186790094201933e+04 1.340071344883329574e-01
5.796500000000000000e+03 3.172874146086192559e+04 1.338263756664874737e-01
5.803500000000000000e+03 3.195759718086081193e+04 1.305428632669254352e-01
5.810500000000000000e+03 3.225251628444152084e+04 1.283437562687876343e-01
5.817500000000000000e+03 3.232805740346638049e+04 1.319661352760421180e-01
5.824500000000000000e+03 3.239711430735050817e+04 1.310002500418942228e-01
5.831500000000000000e+03 3.265979404987548696e+04 1.302810855938207057e-01
5.838500000000000000e+03 3.279182174684395432e+04 1.271703149611245476e-01
5.845500000000000000e+03 3.253711105994984246e+04 1.292482123860599075e-01
5.852500000000000000e+03 3.256723442050798985e+04 1.298238436644725269e-01
5.859500000000000000e+03 3.269216868222393168e+04 1.294447239985727083e-01
5.866500000000000000e+03 3.269529095980531201e+04 1.324142829610321093e-01
5.873500000000000000e+03 3.251786064532267483e+04 1.337618251510696576e-01
5.880500000000000000e+03 3.208357290814653243e+04 1.354725107027606457e-01
5.887500000000000000e+03 3.165694081983466822e+04 1.379877699576381178e-01
5.894500000000000000e+03 3.173786404061412031e+04 1.401381087239379208e-01
5.901500000000000000e+03 3.162971637471127542e+04 1.431960605072770676e-01
5.908500000000000000e+03 3.212191601901620379e+04 1.437328201520290671e-01
5.915500000000000000e+03 3.223198215654816886e+04 1.432714076071117115e-01
5.922500000000000000e+03 3.227345592740821667e+04 1.423021016446146259e-01
5.929500000000000000e+03 3.256536405960707998e+04 1.428225563895343386e-01
5.936500000000000000e+03 3.269611738588670050e+04 1.400258593605034629e-01
5.943500000000000000e+03 3.249414363015234267e+04 1.393106682370249816e-01
5.950500000000000000e+03 3.283751237470962951e+04 1.378498023875771306e-01
5.957500000000000000e+03 3.296785598136826593e+04 1.393065706141288773e-01
5.964500000000000000e+03 3.297548390788963297e+04 1.352666777778463170e-01
5.971500000000000000e+03 3.313736817143701046e+04 1.338000643201944784e-01
5.978500000000000000e+03 3.315111598819017672e+04 1.338375686022285627e-01
5.985500000000000000e+03 3.339116460100931727e+04 1.315452430112779292e-01
5.992500000000000000e+03 3.329887190908985940e+04 1.300705790272248530e-01
5.999500000000000000e+03 3.341311407700573182e+04 1.298506722907179778e-01
6.006500000000000000e+03 3.338387856428783562e+04 1.282963116564742601e-01
6.013500000000000000e+03 3.355922348414774024e+04 1.275598159759969430e-01
6.020500000000000000e+03 3.343558966401342332e+04 1.278124747644147075e-01
6.027500000000000000e+03 3.380899595788136503e+04 1.245923948373685725e-01
6.034500000000000000e+03 3.368253724063219124e+04 1.264465127007812217e-01
6.041500000000000000e+03 3.409919156408998242e+04 1.252050332877234218e-01
6.048500000000000000e+03 3.420125582605018280e+04 1.239636117576264074e-01
6.055500000000000000e+03 3.425617228978324420e+04 1.211974480528060505e-01
6.062500000000000000e+03 3.448496882284096500e+04 1.225509433566136785e-01
6.069500000000000000e+03 3.439660412738670857e+04 1.219936605586339345e-01
6.076500000000000000e+03 3.431845172133707092e+04 1.199745295372154769e-01
6.083500000000000000e+03 3.427936133827931917e+04 1.195101528923155770e-01
6.090500000000000000e+03 3.411841042560953792e+04 1.214177533082830135e-01
6.097500000000000000e+03 3.422343051340336388e+04 1.191801980924607346e-01
6.104500000000000000e+03 3.435116091241755203e+04 1.179759098652431309e-01
6.111500000000000000e+03 3.419859492335356481e+04 1.156974522340607631e-01
6.118500000000000000e+03 3.395739414602766919e+04 1.156541377458611131e-01
6.125500000000000000e+03 3.392785033890113846e+04 1.154023133454072647e-01
6.132500000000000000e+03 3.360883801216618303e+04 1.136780308983529053e-01
6.139500000000000000e+03 3.360488169430785638e+04 1.150302227333001304e-01
6.146500000000000000e+03 3.372668928491834231e+04 1.125765421039066211e-01
6.153500000000000000e+03 3.385260645960105467e+04 1.108278318646654659e-01
6.160500000000000000e+03 3.400664629321260873e+04 1.099191528273995300e-01
6.167500000000000000e+03 3.378822821699461929e+04 1.097237762928082450e-01
6.174500000000000000e+03 3.396730044982199615e+04 1.091817645854272767e-01
6.181500000000000000e+03 3.448616947230953519e+04 1.072946085548630440e-01
6.188500000000000000e+03 3.457614721756929794e+04 1.084322324682113342e-01
6.195500000000000000e+03 3.469428895854669099e+04 1.067892808864476933e-01
6.202500000000000000e+03 3.481405405606490240e+04 1.102561974155686630e-01
6.209500000000000000e+03 3.482787978660461522e+04 1.067352483075249547e-01
6.216500000000000000e+03 3.484853497363298084e+04 1.061053772778046966e-01
6.223500000000000000e+03 3.470801177216236829e+04 1.041818613397891002e-01
6.230500000000000000e+03 3.478166275809123908e+04 1.025710395266723890e-01
6.237500000000000000e+03 3.433785721991675382e+04 1.020054322262426288e-01
6.244500000000000000e+03 3.405705756502768054e+04 1.025940408499159268e-01
6.251500000000000000e+03 3.432973237482913100e+04 1.016079027828808018e-01
6.258500000000000000e+03 3.416252793785544054e+04 1.055762873919970507e-01
6.265500000000000000e+03 3.441237371530597011e+04 1.097234163901810861e-01
6.272500000000000000e+03 3.431262104136373091e+04 1.110217859722347489e-01
6.279500000000000000e+03 3.430081510223372607e+04 1.097825657059688237e-01
6.286500000000000000e+03 3.412381224029933219e+04 1.145067656394326006e-01
6.293500000000000000e+03 3.417056111797846825e+04 1.110144942552886704e-01
6.300500000000000000e+03 3.441204048277156107e+04 1.069672425531862509e-01
6.307500000000000000e+03 3.443182893877742754e+04 1.065283191049168771e-01
6.314500000000000000e+03 3.452926329182687186e+04 1.028639965888913793e-01
6.321500000000000000e+03 3.445332231379702716e+04 1.020876176153298620e-01
6.328500000000000000e+03 3.468928890244050854e+04 9.918176840482617607e-02
6.335500000000000000e+03 3.486479847314523795e+04 9.800727551616673916e-02
6.342500000000000000e+03 3.487311427873267530e+04 9.846411552201719819e-02
6.349500000000000000e+03 3.499257554612464446e+04 9.549547591365828425e-02
6.356500000000000000e+03 3.507887649522769789e+04 9.451922905748032233e-02
6.363500000000000000e+03 3.498529691188449215e+04 9.587815037194898082e-02
6.370500000000000000e+03 3.508689877989800152e+04 9.207200183806420191e-02
6.377500000000000000e+03 3.510344079416028399e+04 9.187057404384381398e-02
6.384500000000000000e+03 3.544949019410601613e+04 9.120567572639397269e-02
6.391500000000000000e+03 3.527049046219854063e+04 9.261745838140508780e-02
6.398500000000000000e+03 3.509341383380411571e+04 9.328897488650256253e-02
6.405500000000000000e+03 3.493287141400553810e+04 9.193035620673814523e-02
6.412500000000000000e+03 3.493613392122417281e+04 8.970378517071515845e-02
6.419500000000000000e+03 3.521528338861735392e+04 9.136750007214169966e-02
6.426500000000000000e+03 3.494378651033532515e+04 9.084534811356506645e-02
6.433500000000000000e+03 3.511239062577045843e+04 8.949322500981136963e-02
6.440500000000000000e+03 3.518436663369079179e+04 8.964093887548196804e-02
6.447500000000000000e+03 3.519036980183301785e+04 9.041675623103463677e-02
6.454500000000000000e+03 3.508745119870499184e+04 9.048134298185957214e-02
6.461500000000000000e+03 3.481326910981690889e+04 9.322272050966755319e-02
6.468500000000000000e+03 3.433181977013040887e+04 9.626314169263845699e-02
6.475500000000000000e+03 3.424299650805028068e+04 9.660097959923416577e-02
6.482500000000000000e+03 3.428094506158975128e+04 9.759296816796450558e-02
6.489500000000000000e+03 3.431810335896550532e+04 9.596606135822545458e-02
6.496500000000000000e+03 3.445025029622086731e+04 9.438433135302383425e-02
6.503500000000000000e+03 3.441322320229849720e+04 9.591216014621556374e-02
6.510500000000000000e+03 3.444104280142046628e+04 9.354636508665721550e-02
6.517500000000000000e+03 3.427968213315658795e+04 9.288955803969596581e-02
6.524500000000000000e+03 3.398206945367714798e+04 9.620330850326742900e-02
6.531500000000000000e+03 3.344859464516248408e+04 9.574164660829476148e-02
6.538500000000000000e+03 3.259507078957750855e+04 9.519959722134635483e-02
6.545500000000000000e+03 3.136887509203143782e+04 9.053093860527725023e-02
6.552500000000000000e+03 2.980612276190048578e+04 8.573689216038486716e-02
6.559500000000000000e+03 2.791387764848617007e+04 7.377439851845253582e-02
6.566500000000000000e+03 2.694735662111498095e+04 5.820138571163011032e-02
6.573500000000000000e+03 2.740531632304845698e+04 6.157671308061059279e-02
6.580500000000000000e+03 2.942328808322781697e+04 7.678326246512814923e-02
6.587500000000000000e+03 3.158410238921903147e+04 9.185424084319862570e-02
6.594500000000000000e+03 3.340436526778826374e+04 9.075014326625778505e-02
6.601500000000000000e+03 3.480601834763189254e+04 8.292506889019357619e-02
6.608500000000000000e+03 3.489748695636931370e+04 8.326741022257114211e-02
6.615500000000000000e+03 3.539667022597704636e+04 7.871330781454458081e-02
6.622500000000000000e+03 3.538104507866143103e+04 7.709869187876022822e-02
6.629500000000000000e+03 3.553017140284046036e+04 7.621191670823677933e-02
6.636500000000000000e+03 3.559520717288598098e+04 7.587811199833162379e-02
6.643500000000000000e+03 3.565025624201448954e+04 7.496032663646626237e-02
6.650500000000000000e+03 3.577727288034021331e+04 7.628324677226290540e-02
6.657500000000000000e+03 3.548888915171007829e+04 7.414647310368850663e-02
6.664500000000000000e+03 3.561553515954141039e+04 7.343969839438292679e-02
6.671500000000000000e+03 3.580464932031906937e+04 7.083420021136148381e-02
6.678500000000000000e+03 3.580249473915339331e+04 7.246595844453232460e-02
6.685500000000000000e+03 3.567085312299532961e+04 7.120408812217340899e-02
6.692500000000000000e+03 3.582035016524029925e+04 7.116882043774941380e-02
6.699500000000000000e+03 3.581800862480038631e+04 6.837341961446335992e-02
6.706500000000000000e+03 3.573571951579797314e+04 7.023436830255590235e-02
6.713500000000000000e+03 3.575146869948560925e+04 6.922483394070391705e-02
6.720500000000000000e+03 3.605908626428546995e+04 6.913060444752835987e-02
6.727500000000000000e+03 3.566944185798334365e+04 7.232622053731073419e-02
6.734500000000000000e+03 3.598406929810725705e+04 6.791227980810708720e-02
6.741500000000000000e+03 3.576697406942318048e+04 6.905637961090151100e-02
6.748500000000000000e+03 3.559045420879421727e+04 6.901546347979105323e-02
6.755500000000000000e+03 3.547321607245395717e+04 6.970044408959914783e-02
6.762500000000000000e+03 3.578026134533797449e+04 6.752801446464400115e-02
6.769500000000000000e+03 3.568411948690353165e+04 6.879552014564391249e-02
6.776500000000000000e+03 3.572496616764652572e+04 6.669613394039974885e-02
6.783500000000000000e+03 3.549080247144174791e+04 6.718726225352016079e-02
6.790500000000000000e+03 3.535907530025375308e+04 6.758557317877381121e-02
6.797500000000000000e+03 3.557236903706858720e+04 6.688882635260588738e-02
6.804500000000000000e+03 3.555084220479844953e+04 6.470325994059436536e-02
6.811500000000000000e+03 3.540728165981066559e+04 6.488211321996673053e-02
6.818500000000000000e+03 3.529773263852777745e+04 6.519504705071428596e-02
6.825500000000000000e+03 3.542171146825504547e+04 6.495294837372765639e-02
6.832500000000000000e+03 3.559654890451863321e+04 6.420372440820938664e-02
6.839500000000000000e+03 3.516454294786174432e+04 6.578340468159139809e-02
6.846500000000000000e+03 3.488928819685181952e+04 7.266175991457711481e-02
6.853500000000000000e+03 3.372822196760129737e+04 9.415091197776472021e-02
6.860500000000000000e+03 3.176874458272523043e+04 1.093303848469788231e-01
6.867500000000000000e+03 2.886119055979586847e+04 8.353439136142275234e-02
6.874500000000000000e+03 2.794456023390444170e+04 9.446359111525810814e-02
6.881500000000000000e+03 2.878344122957517538e+04 1.356909991088873224e-01
6.888500000000000000e+03 2.951968619538457642e+04 1.283638044357810759e-01
6.895500000000000000e+03 2.993456559179261967e+04 1.093116906495939511e-01
6.902500000000000000e+03 3.057875438660648069e+04 1.050779048545108646e-01
6.909500000000000000e+03 3.138412664036258138e+04 1.022172956736383670e-01
6.916500000000000000e+03 3.182045585557040249e+04 9.759968021258030868e-02
6.923500000000000000e+03 3.234153191626335320e+04 9.353644771863493801e-02
6.930500000000000000e+03 3.242920222326785006e+04 9.205135586425365612e-02
6.937500000000000000e+03 3.225829330227476385e+04 9.093009997438808445e-02
6.944500000000000000e+03 3.230567424400251912e+04 8.854356471171932752e-02
6.951500000000000000e+03 3.261301106995091322e+04 8.539831978880201013e-02
6.958500000000000000e+03 3.310516471062604251e+04 7.877789567677427607e-02
6.965500000000000000e+03 3.365971981351725117e+04 7.465159886418325230e-02
6.972500000000000000e+03 3.380801043294472038e+04 7.395511351689199042e-02
6.979500000000000000e+03 3.376292257618870644e+04 7.267681190432097316e-02
6.986500000000000000e+03 3.322091998019942548e+04 7.317795370887608675e-02
6.993500000000000000e+03 3.311262107084305899e+04 7.339808478878794007e-02
7.000500000000000000e+03 3.267313927535345647e+04 7.820555733211477512e-02
7.007500000000000000e+03 3.261735038548377997e+04 7.789589167275516590e-02
7.014500000000000000e+03 3.246972319330738173e+04 7.526932920186102383e-02
7.021500000000000000e+03 3.268276802271294582e+04 7.559508259561188714e-02
7.028500000000000000e+03 3.287964528073254041e+04 7.241882600220414523e-02
7.035500000000000000e+03 3.312210472023122566e+04 6.975173919918180310e-02
7.042500000000000000e+03 3.313037447918919497e+04 7.033992873142465296e-02
7.049500000000000000e+03 3.323678151507644361e+04 6.917289388337884148e-02
7.056500000000000000e+03 3.307631745423571556e+04 6.841172976442773390e-02
7.063500000000000000e+03 3.317208643824405590e+04 6.613777129842450531e-02
7.070500000000000000e+03 3.334931106270835153e+04 6.447328745400436600e-02
7.077500000000000000e+03 3.333852459258193994e+04 6.299975222588349855e-02
7.084500000000000000e+03 3.338026597565587144e+04 6.175080327110250150e-02
7.091500000000000000e+03 3.334526583368366119e+04 6.081291475615745873e-02
7.098500000000000000e+03 3.304152980863201810e+04 6.212425372704521997e-02
7.105500000000000000e+03 3.283315834030113183e+04 5.722511490674856566e-02
7.112500000000000000e+03 3.282396846373613516e+04 5.858265739200085864e-02
7.119500000000000000e+03 3.268634772393518142e+04 5.974465028315983223e-02
7.126500000000000000e+03 3.254839053682384474e+04 6.066709084252636802e-02
7.133500000000000000e+03 3.264798905641442252e+04 6.035174002255044856e-02
7.140500000000000000e+03 3.255737425333026113e+04 6.164945026576706955e-02
7.147500000000000000e+03 3.234475466007499926e+04 6.845209432987324483e-02
7.154500000000000000e+03 3.173095172091259155e+04 7.621185988652094678e-02
7.161500000000000000e+03 3.031129757830423478e+04 9.197062922325639767e-02
7.168500000000000000e+03 2.902748406657647865e+04 9.904293169072306280e-02
7.175500000000000000e+03 2.755667201828103862e+04 1.110974080447972717e-01
7.182500000000000000e+03 2.669917093654930795e+04 1.194374046670425571e-01
7.189500000000000000e+03 2.625438527160952435e+04 1.207101974426869617e-01
7.196500000000000000e+03 2.639379609583904312e+04 1.170720547922137478e-01
7.203500000000000000e+03 2.742819452294338043e+04 1.046480525030457631e-01
7.210500000000000000e+03 2.864867453919649779e+04 1.051625305291035706e-01
7.217500000000000000e+03 2.952623717507716356e+04 1.055508088680132406e-01
7.224500000000000000e+03 2.948767533730818104e+04 9.712554451655516785e-02
7.231500000000000000e+03 2.834140904242297620e+04 9.297647573899306406e-02
7.238500000000000000e+03 2.760318289710692625e+04 9.635469481928071733e-02
7.245500000000000000e+03 2.747306808326479222e+04 1.074126706050028968e-01
7.252500000000000000e+03 2.759646427177283113e+04 1.104545228225057157e-01
7.259500000000000000e+03 2.778593205814894827e+04 1.120578138113898781e-01
7.266500000000000000e+03 2.777261231560308079e+04 1.101218589534756487e-01
7.273500000000000000e+03 2.758094632118858135e+04 1.038750710705036578e-01
7.280500000000000000e+03 2.766547407662414844e+04 1.010257383450274965e-01
7.287500000000000000e+03 2.766457461859594332e+04 1.035697889210587808e-01
7.294500000000000000e+03 2.787933718394060634e+04 1.003836430007634256e-01
7.301500000000000000e+03 2.784537800466621775e+04 9.943467187697417609e-02
7.308500000000000000e+03 2.825348220262063478e+04 9.359364439549011649e-02
7.315500000000000000e+03 2.856573231091219350e+04 8.467524880578297664e-02
7.322500000000000000e+03 2.912550307158293799e+04 8.450581423380806867e-02
7.329500000000000000e+03 2.968031253678375651e+04 7.619970330573921924e-02
7.336500000000000000e+03 2.999734743940094631e+04 6.896142903565295745e-02
7.343500000000000000e+03 3.018162902932044744e+04 6.554087104024111654e-02
7.350500000000000000e+03 3.011938791983900228e+04 6.570514167768812253e-02
7.357500000000000000e+03 3.012364313633373240e+04 6.545730955380624216e-02
7.364500000000000000e+03 3.002194795795194295e+04 6.048702329468841343e-02
7.371500000000000000e+03 3.013356075871487701e+04 6.027234050010613076e-02
7.378500000000000000e+03 3.006457764865890204e+04 6.037723308042080433e-02
7.385500000000000000e+03 2.970034923175894801e+04 5.787914256253256368e-02
7.392500000000000000e+03 2.990191481758552618e+04 5.609951145168894093e-02
7.399500000000000000e+03 2.977391924830022617e+04 5.293570899006133645e-02
7.406500000000000000e+03 2.943500564466893411e+04 5.159060591369129395e-02
7.413500000000000000e+03 2.966395525461374564e+04 4.831204937103406732e-02
7.420500000000000000e+03 2.954400047932978123e+04 4.932673524684461075e-02
7.427500000000000000e+03 2.972471094885861385e+04 4.686901445993738730e-02
7.434500000000000000e+03 2.977095995527557898e+04 4.735651882702514998e-02
7.441500000000000000e+03 2.951745465733327364e+04 4.609662148343367238e-02
7.448500000000000000e+03 2.982989264441205160e+04 4.505252631051503975e-02
7.455500000000000000e+03 2.986268789898819887e+04 4.352972106262088803e-02
7.462500000000000000e+03 2.965521311674691606e+04 4.329711474069057597e-02
7.469500000000000000e+03 2.945675380779162879e+04 4.502603190641851078e-02
7.476500000000000000e+03 2.940836007336747207e+04 4.387839808111758388e-02
7.483500000000000000e+03 2.909445346963763586e+04 4.568081031133988668e-02
7.490500000000000000e+03 2.918239614550548504e+04 4.320368451978558871e-02
7.497500000000000000e+03 2.910328155838044404e+04 4.405670590165525202e-02
7.504500000000000000e+03 2.895135054173152457e+04 4.359927152392892996e-02
7.511500000000000000e+03 2.905568768211709903e+04 4.333661092343789323e-02
7.518500000000000000e+03 2.899051879773730616e+04 4.184899363547629064e-02
7.525500000000000000e+03 2.885156222334246922e+04 4.255622912837819793e-02
7.532500000000000000e+03 2.883823752990126741e+04 4.222234666850416263e-02
7.539500000000000000e+03 2.858387782305980363e+04 4.158319563575418876e-02
7.546500000000000000e+03 2.869844648159428107e+04 4.083066507182446514e-02
7.553500000000000000e+03 2.863373342367765508e+04 4.073456811990752019e-02
7.560500000000000000e+03 2.832650774466382427e+04 4.235197781214166540e-02
7.567500000000000000e+03 2.798243375073164862e+04 4.825797810461690540e-02
7.574500000000000000e+03 2.756575959758950194e+04 6.582300009583752498e-02
7.581500000000000000e+03 2.560522456306754611e+04 1.154765460524067866e-01
7.588500000000000000e+03 2.123843071345564749e+04 1.681234807001004694e-01
7.595500000000000000e+03 1.458409515864459536e+04 1.238485276350734243e-01
7.602500000000000000e+03 9.743816285681943555e+03 6.233363544643159837e-02
7.609500000000000000e+03 9.360508737104190004e+03 2.426327994926695542e-01
7.616500000000000000e+03 1.150681475904496801e+04 3.971307390769721057e-01
7.623500000000000000e+03 1.260520435825225104e+04 3.576309274216208367e-01
7.630500000000000000e+03 1.254035032485315969e+04 2.698509177866577069e-01
7.637500000000000000e+03 1.318972147373368716e+04 2.431276156312435488e-01
7.644500000000000000e+03 1.475262175705440495e+04 2.262519019087289307e-01
7.651500000000000000e+03 1.678528286149829364e+04 1.912619657534868067e-01
7.658500000000000000e+03 1.889993621446147154e+04 1.582628561121123545e-01
7.665500000000000000e+03 2.099253152358769512e+04 1.249184398193423917e-01
7.672500000000000000e+03 2.262933861897695533e+04 9.957857273578889223e-02
7.679500000000000000e+03 2.363714302514673182e+04 8.084828740240036782e-02
7.686500000000000000e+03 2.446218788873622543e+04 6.750927441423705544e-02
7.693500000000000000e+03 2.483446800392298610e+04 5.978899775094483754e-02
7.700500000000000000e+03 2.525590786039784871e+04 5.562235317182592093e-02
7.707500000000000000e+03 2.541830209375525374e+04 5.170359767587479061e-02
7.714500000000000000e+03 2.558519773022022855e+04 4.733709188615122659e-02
7.721500000000000000e+03 2.569905689799333049e+04 4.237046225042487985e-02
7.728500000000000000e+03 2.557681565875277010e+04 4.335889188948212347e-02
7.735500000000000000e+03 2.564621785218834702e+04 4.194255616300417155e-02
7.742500000000000000e+03 2.525260573722331173e+04 4.018261660057767526e-02
7.749500000000000000e+03 2.525004106998362113e+04 4.131284608200008757e-02
7.756500000000000000e+03 2.509885191341713289e+04 3.689833459084337908e-02
7.763500000000000000e+03 2.506788991793645982e+04 3.611691970739446672e-02
7.770500000000000000e+03 2.483003149982279865e+04 3.768888008676183482e-02
7.777500000000000000e+03 2.482750767945405823e+04 3.753115082470301345e-02
7.784500000000000000e+03 2.481007322565962022e+04 4.058979001213579296e-02
7.791500000000000000e+03 2.494632549282861874e+04 3.954011928975997847e-02
7.798500000000000000e+03 2.472330624445224385e+04 3.939652056338753539e-02
7.805500000000000000e+03 2.465004672269138246e+04 3.783456517829960480e-02
7.812500000000000000e+03 2.462866687245255889e+04 3.702917618555055801e-02
7.819500000000000000e+03 2.432542003648423270e+04 3.898180988784499812e-02
7.826500000000000000e+03 2.417204587722695942e+04 3.853856845734779379e-02
7.833500000000000000e+03 2.407867184017615364e+04 4.020221677426271539e-02
7.840500000000000000e+03 2.382187400793553388e+04 3.921214466923951536e-02
7.847500000000000000e+03 2.356918375308144823e+04 3.674626543635876180e-02
7.854500000000000000e+03 2.381144639866369471e+04 3.765201979756332973e-02
7.861500000000000000e+03 2.358283514379541884e+04 3.898269746492524779e-02
7.868500000000000000e+03 2.337294337178490605e+04 4.182943916210287577e-02
7.875500000000000000e+03 2.319807124372766702e+04 4.480053324810064769e-02
7.882500000000000000e+03 2.285318074532575338e+04 4.735216324500624019e-02
7.889500000000000000e+03 2.274587366484504309e+04 4.687438481045423655e-02
7.896500000000000000e+03 2.257805728249165259e+04 4.525224329202166829e-02
7.903500000000000000e+03 2.234379482902222662e+04 4.927401673815517968e-02
7.910500000000000000e+03 2.228665717346569363e+04 4.795961087830025865e-02
7.917500000000000000e+03 2.220165622522498234e+04 4.680681148894834387e-02
7.924500000000000000e+03 2.224843336700763393e+04 4.486044623187237373e-02
7.931500000000000000e+03 2.192919695158555623e+04 4.445876709754249811e-02
7.938500000000000000e+03 2.219802901949707666e+04 4.394973413840803228e-02
7.945500000000000000e+03 2.188676933123861454e+04 4.459342503078086301e-02
7.952500000000000000e+03 2.183911909633947653e+04 4.480304756128181826e-02
7.959500000000000000e+03 2.167912277802808239e+04 4.460629220439538828e-02
7.966500000000000000e+03 2.169985464645444517e+04 4.479562236702719358e-02
7.973500000000000000e+03 2.161455692340602764e+04 4.801757244212185444e-02
7.980500000000000000e+03 2.157793329845216067e+04 4.299330470630363665e-02
7.987500000000000000e+03 2.138827903450345184e+04 4.516451833761831597e-02
7.994500000000000000e+03 2.144817236185243019e+04 4.500741877703130778e-02
8.001500000000000000e+03 2.123257709180155871e+04 4.725233934094302812e-02
8.008500000000000000e+03 2.095813969326095685e+04 4.801242035057165514e-02
8.015500000000000000e+03 2.094128684090300158e+04 4.806978843678014202e-02
8.022500000000000000e+03 2.083837613528799920e+04 4.809765378842057598e-02
8.029500000000000000e+03 2.081692912888019418e+04 4.634410907389648754e-02
8.036500000000000000e+03 2.065297585337414057e+04 4.449887540060390445e-02
8.043500000000000000e+03 2.075201938409584545e+04 4.392308483137374181e-02
8.050500000000000000e+03 2.064202275909954915e+04 4.341915881352627349e-02
8.057500000000000000e+03 2.063306682111834380e+04 4.126366501152761712e-02
8.064500000000000000e+03 2.072703121752576044e+04 3.921567611863818748e-02
8.071500000000000000e+03 2.045125391957534521e+04 4.014289881007825772e-02
8.078500000000000000e+03 2.048045327545966575e+04 4.101765376804288044e-02
8.085500000000000000e+03 2.022999223604870349e+04 3.979238357005906307e-02
8.092500000000000000e+03 2.014380026909773733e+04 4.211102219454938150e-02
8.099500000000000000e+03 1.990611807189938554e+04 4.675599191746183242e-02
8.106500000000000000e+03 1.987775993782103978e+04 4.993747449763522028e-02
8.113500000000000000e+03 1.946609620060393354e+04 5.440053036009197956e-02
8.120500000000000000e+03 1.921080665716296789e+04 6.316926104334667780e-02
8.127500000000000000e+03 1.868437745485408232e+04 6.984790928579524827e-02
8.134500000000000000e+03 1.809481892104677900e+04 7.785997951868893485e-02
8.141500000000000000e+03 1.760413288054276200e+04 8.844248745821127466e-02
8.148500000000000000e+03 1.703731112676015255e+04 9.555698039286637802e-02
8.155500000000000000e+03 1.649939151630737979e+04 9.713342931002418024e-02
8.162500000000000000e+03 1.629268915863278926e+04 9.623933291328415351e-02
8.169500000000000000e+03 1.617820089977573116e+04 1.024148784284068942e-01
8.176500000000000000e+03 1.628796868165607339e+04 9.826748882046813793e-02
8.183500000000000000e+03 1.631467649676451219e+04 9.188829123920085051e-02
8.190500000000000000e+03 1.662823143678570705e+04 8.144152085656948536e-02
8.197500000000000000e+03 1.685343081128707490e+04 7.476635777600973420e-02
8.204500000000000000e+03 1.730287516839188538e+04 8.250885381884529024e-02
8.211500000000000000e+03 1.731393834241361037e+04 9.032795652312429480e-02
8.218500000000000000e+03 1.659159143473181030e+04 9.167931763123340905e-02
8.225500000000000000e+03 1.552809309526720972e+04 6.889011905448859385e-02
8.232500000000000000e+03 1.562427580251714789e+04 6.747090824787735364e-02
8.239500000000000000e+03 1.633751054500381542e+04 8.920347427225504278e-02
8.246500000000000000e+03 1.705522531983647787e+04 8.224327286358240618e-02
8.253500000000000000e+03 1.739224926634641452e+04 6.574780966294593854e-02
8.260500000000000000e+03 1.743036992260373881e+04 6.436018351365338508e-02
8.267500000000000000e+03 1.712479006077782833e+04 7.178220165661064467e-02
8.274500000000000000e+03 1.673767964663909879e+04 6.702029994217681419e-02
8.281500000000000000e+03 1.657939714240272951e+04 6.689056698320425265e-02
8.288500000000000000e+03 1.655016062998433335e+04 7.228923370176783270e-02
8.295500000000000000e+03 1.660595146941835628e+04 7.063497938526731856e-02
8.302500000000000000e+03 1.675351246823578549e+04 7.283969387571044563e-02
8.309500000000000000e+03 1.675186762065548101e+04 6.982209698663872921e-02
8.316500000000000000e+03 1.666696980117990097e+04 6.214135706735421372e-02
8.323500000000000000e+03 1.666387944089747543e+04 5.961534355405420649e-02
8.330500000000000000e+03 1.670762691403894860e+04 6.122784347491439655e-02
8.337500000000000000e+03 1.698142611009970278e+04 5.580147363705820207e-02
8.344500000000000000e+03 1.711907834510401153e+04 5.467811390595431198e-02
8.351500000000000000e+03 1.724358390534718274e+04 5.244894335796058960e-02
8.358500000000000000e+03 1.742464796338824817e+04 4.559748377106676021e-02
8.365500000000000000e+03 1.735079026512015844e+04 4.730976579781853014e-02
8.372500000000000000e+03 1.727317416212837998e+04 4.550991845863497365e-02
8.379500000000000000e+03 1.745410674323363492e+04 4.284210937834705135e-02
8.386500000000000000e+03 1.734554772293433780e+04 3.883848449044991630e-02
8.393500000000000000e+03 1.732572469317847572e+04 3.944840339656550954e-02
8.400500000000000000e+03 1.718191941694859997e+04 3.905134166671182794e-02
8.407500000000000000e+03 1.729530061998553356e+04 3.512026844266775277e-02
8.414500000000000000e+03 1.726180238102392832e+04 3.503840893302583720e-02
8.421500000000000000e+03 1.723159948093607454e+04 3.750675898209600984e-02
8.428500000000000000e+03 1.724497547777449290e+04 3.383742658008207643e-02
8.435500000000000000e+03 1.709234504256358923e+04 3.332936968372532394e-02
8.442500000000000000e+03 1.699855780592277370e+04 3.369346217437048374e-02
8.449500000000000000e+03 1.698227748041141604e+04 3.071840628293041192e-02
8.456500000000000000e+03 1.699605900736853073e+04 2.802111751022397235e-02
8.463500000000000000e+03 1.676840292880831112e+04 3.242418658615738719e-02
8.470500000000000000e+03 1.700095083836543927e+04 2.965839941141847069e-02
8.477500000000000000e+03 1.689735511688140832e+04 3.125342978331679955e-02
8.484500000000000000e+03 1.673908992846265392e+04 3.263533183689486250e-02
8.491500000000000000e+03 1.682808250664114530e+04 3.205577982772814249e-02
8.498500000000000000e+03 1.635133419393051008e+04 3.154785907320816624e-02
8.505500000000000000e+03 1.617167044004085255e+04 2.877514988794506109e-02
8.512500000000000000e+03 1.637549489276246459e+04 2.572998309638718437e-02
8.519500000000000000e+03 1.634260546793744288e+04 3.065104178827233669e-02
8.526500000000000000e+03 1.646126711989392788e+04 3.391974687453548631e-02
8.533500000000000000e+03 1.629641826502570075e+04 3.501503604045286266e-02
8.540500000000000000e+03 1.604247379327909584e+04 2.598208527267965515e-02
8.547500000000000000e+03 1.579762443053781135e+04 1.969747469409759144e-02
8.554500000000000000e+03 1.596020035457823178e+04 2.273525552310554435e-02
8.561500000000000000e+03 1.611474911741593496e+04 2.991355402797948870e-02
8.568500000000000000e+03 1.648034183143343762e+04 3.533748489991218183e-02
8.575500000000000000e+03 1.644833631418667937e+04 3.503020125980520899e-02
8.582500000000000000e+03 1.629441402290836413e+04 3.104247845774117318e-02
8.589500000000000000e+03 1.613492154768024193e+04 2.438206264042498683e-02
8.596500000000000000e+03 1.600987056695280808e+04 2.464791673187812296e-02
8.603500000000000000e+03 1.596659762778039112e+04 2.128479586734582235e-02
8.610500000000000000e+03 1.611353015561985922e+04 2.018918639330783207e-02
8.617500000000000000e+03 1.610058830460250829e+04 2.627653839697901769e-02
8.624500000000000000e+03 1.623645064316310163e+04 3.114061210575520475e-02
8.631500000000000000e+03 1.619764634471373392e+04 3.608645246134904033e-02
8.638500000000000000e+03 1.636543861185704918e+04 3.532467868603166722e-02
8.645500000000000000e+03 1.618632247036539775e+04 3.307678966658505332e-02
8.652500000000000000e+03 1.585315597588708442e+04 2.727023875961592098e-02
8.659500000000000000e+03 1.526634655660864701e+04 2.079492136150952811e-02
8.666500000000000000e+03 1.498853052316407775e+04 1.266000414807507378e-02
8.673500000000000000e+03 1.484033394407941159e+04 1.284719300860466019e-02
8.680500000000000000e+03 1.501705396158012263e+04 2.100263150662784115e-02
8.687500000000000000e+03 1.546040149252933770e+04 3.186939705366791803e-02
8.694500000000000000e+03 1.574392209204915343e+04 3.071728737715738802e-02
8.701500000000000000e+03 1.583687123049888396e+04 3.207172818444261470e-02
8.708500000000000000e+03 1.597926832419166931e+04 3.230759518614669673e-02
8.715500000000000000e+03 1.589768553580419029e+04 3.181390108748919504e-02
8.722500000000000000e+03 1.583429305543128430e+04 2.818245827568117284e-02
8.729500000000000000e+03 1.560361995794914765e+04 3.245702572622927856e-02
8.736500000000000000e+03 1.527570228093114383e+04 2.626725677609458021e-02
8.743500000000000000e+03 1.493405063168996094e+04 1.445501431641480275e-02
8.750500000000000000e+03 1.480740019632658368e+04 7.412422991945451234e-03
8.757500000000000000e+03 1.483800287671128899e+04 1.608979505597470105e-02
8.764500000000000000e+03 1.508079862633244556e+04 2.421483170297148574e-02
8.771500000000000000e+03 1.541807066316872442e+04 2.870344185884380131e-02
8.778500000000000000e+03 1.548938410005082369e+04 2.746567647889684716e-02
8.785500000000000000e+03 1.566437600469155404e+04 3.141574657191168601e-02
8.792500000000000000e+03 1.565267086338102126e+04 2.880574241075592110e-02
8.799500000000000000e+03 1.553440099122069296e+04 2.824363162298507840e-02
8.806500000000000000e+03 1.548681902339459702e+04 2.826957505380248148e-02
8.813500000000000000e+03 1.548298077706168260e+04 2.675069138637952912e-02
8.820500000000000000e+03 1.543218956125544355e+04 2.706927221901472488e-02
8.827500000000000000e+03 1.522568474428406989e+04 2.952778586615505824e-02
8.834500000000000000e+03 1.515908771743364196e+04 3.074946253283255757e-02
8.841500000000000000e+03 1.496713600428850623e+04 2.886736110444711526e-02
8.848500000000000000e+03 1.469871139620635040e+04 2.857038995105471921e-02
8.855500000000000000e+03 1.425989217604631085e+04 2.358233355273233953e-02
8.862500000000000000e+03 1.392181468328465053e+04 1.802131781708458946e-02
8.869500000000000000e+03 1.384810570618716156e+04 1.120359505221724637e-02
8.876500000000000000e+03 1.387562421615361018e+04 1.550328128297390369e-02
8.883500000000000000e+03 1.426450840462884480e+04 2.919610286210410841e-02
8.890500000000000000e+03 1.466045032475789412e+04 3.585676796979217484e-02
8.897500000000000000e+03 1.477932365939662304e+04 3.499771362550151144e-02
8.904500000000000000e+03 1.486242222517820483e+04 2.971700064310685632e-02
8.911500000000000000e+03 1.478820125664932857e+04 3.391838256242377114e-02
8.918500000000000000e+03 1.469685447298733561e+04 3.546968515576515157e-02
8.925500000000000000e+03 1.444943468506637691e+04 3.899558659463353560e-02
8.932500000000000000e+03 1.430386916277832643e+04 4.548045646500775002e-02
8.939500000000000000e+03 1.392988073787089343e+04 6.046899257718033743e-02
8.946500000000000000e+03 1.354920251654516687e+04 6.606297699920268829e-02
8.953500000000000000e+03 1.295164868113077137e+04 7.769647195516767024e-02
8.960500000000000000e+03 1.237357136385952981e+04 8.392089804255509211e-02
8.967500000000000000e+03 1.203766891528327869e+04 8.846981626481176253e-02
8.974500000000000000e+03 1.183294319033545071e+04 1.068907149727498923e-01
8.981500000000000000e+03 1.143996683009289882e+04 1.158253184749486048e-01
8.988500000000000000e+03 1.075590222292028011e+04 9.972538455395629775e-02
8.995500000000000000e+03 1.052079777339743850e+04 1.117195408135005785e-01
9.002500000000000000e+03 1.035924956905412546e+04 1.057291403066557417e-01
9.009500000000000000e+03 1.026073985668097703e+04 8.921551054008804160e-02
9.016500000000000000e+03 1.041004648401705344e+04 7.803618235549195092e-02
9.023500000000000000e+03 1.084185683947510370e+04 7.193819195536926836e-02
9.030500000000000000e+03 1.161293135322316994e+04 7.660192046871779070e-02
9.037500000000000000e+03 1.232851939057526215e+04 7.484773976497402503e-02
9.044500000000000000e+03 1.272594829176370149e+04 7.410524581454878967e-02
9.051500000000000000e+03 1.256659988541898201e+04 8.156053787025309421e-02
9.058500000000000000e+03 1.214432475296669145e+04 9.180622066363064437e-02
9.065500000000000000e+03 1.144397111846526423e+04 8.678725418507395040e-02
9.072500000000000000e+03 1.088085813392366617e+04 8.815658437383883106e-02
9.079500000000000000e+03 1.064249325162885543e+04 1.043888544713545419e-01
9.086500000000000000e+03 1.069936952450319768e+04 1.122839314540474420e-01
9.093500000000000000e+03 1.075823209714674886e+04 1.135001620964480595e-01
9.100500000000000000e+03 1.075500500911055133e+04 1.063013810715342927e-01
9.107500000000000000e+03 1.089130581436373541e+04 1.071712046752774511e-01
9.114500000000000000e+03 1.100297314399648349e+04 1.178327345016040167e-01
9.121500000000000000e+03 1.095045502330571071e+04 1.219364379053982095e-01
9.128500000000000000e+03 1.054478257477071566e+04 1.109949050981208218e-01
9.135500000000000000e+03 1.038107132111157443e+04 1.083168551682293507e-01
9.142500000000000000e+03 1.051220637982306653e+04 1.404847622815703634e-01
9.149500000000000000e+03 1.049863641970997196e+04 1.200566400232576797e-01
9.156500000000000000e+03 1.033881422996038236e+04 1.087079194822404421e-01
9.163500000000000000e+03 1.053937005753891208e+04 1.324952377455006769e-01
9.170500000000000000e+03 1.046081925579524977e+04 1.160551231983846660e-01
9.177500000000000000e+03 1.050202764333350206e+04 9.762358586638729407e-02
9.184500000000000000e+03 1.089874445730997650e+04 1.001583176573832556e-01
9.191500000000000000e+03 1.125322008564608223e+04 8.942120511246515191e-02
9.198500000000000000e+03 1.147869589044417080e+04 8.113409631085878593e-02
9.205500000000000000e+03 1.137707631051860335e+04 8.141290703601916645e-02
9.212500000000000000e+03 1.097621669916089013e+04 6.888582545779967092e-02
9.219500000000000000e+03 1.052721287371156723e+04 5.983082883900812249e-02
9.226500000000000000e+03 1.019659342877282870e+04 5.754770904883296095e-02
9.233500000000000000e+03 1.009244447930387651e+04 5.619299873976128790e-02
9.240500000000000000e+03 1.009576064001972190e+04 7.034359706112894295e-02
9.247500000000000000e+03 1.034896610333838180e+04 8.116165638723236986e-02
9.254500000000000000e+03 1.069353774741689085e+04 8.907332576011670056e-02
9.261500000000000000e+03 1.075871582011770442e+04 9.741069671824723053e-02
9.268500000000000000e+03 1.052869675406647002e+04 1.127704938439609839e-01
9.275500000000000000e+03 9.963516535603694138e+03 1.219988696977470921e-01
9.282500000000000000e+03 9.251540966979573568e+03 1.389411532412707928e-01
9.289500000000000000e+03 8.518753548454780685e+03 1.754395230548145279e-01
9.296500000000000000e+03 7.873779798313198626e+03 1.942325290022190176e-01
9.303500000000000000e+03 7.168557143141205415e+03 2.184014883620108705e-01
9.310500000000000000e+03 6.432272030206148884e+03 2.482078581681484708e-01
9.317500000000000000e+03 5.510045012056968517e+03 2.704055056629979248e-01
9.324500000000000000e+03 4.878073382553863667e+03 3.212608256528204365e-01
9.331500000000000000e+03 4.302206089255789266e+03 3.644304444719632663e-01
9.338500000000000000e+03 3.879904430970986141e+03 3.326587362331948627e-01
9.345500000000000000e+03 3.964039146555062416e+03 3.540636171163124568e-01
9.352500000000000000e+03 4.217779613157033054e+03 3.796056444327871593e-01
9.359500000000000000e+03 4.325751299665927945e+03 3.686975103009818566e-01
9.366500000000000000e+03 4.290348527481819474e+03 3.597932397275431793e-01
9.373500000000000000e+03 4.413816463639176618e+03 3.025546873249365665e-01
9.380500000000000000e+03 5.105320256137135402e+03 2.462248603119973345e-01
9.387500000000000000e+03 6.350285721978584661e+03 2.607634065062512385e-01
9.394500000000000000e+03 7.072109410733502955e+03 2.644273902528071485e-01
9.401500000000000000e+03 7.031505956735541076e+03 2.268441322665364079e-01
9.408500000000000000e+03 6.739771561855077380e+03 2.177559540694514462e-01
9.415500000000000000e+03 6.410995209117378181e+03 2.437761829881819886e-01
9.422500000000000000e+03 5.935873477422246651e+03 2.485607212673568434e-01
9.429500000000000000e+03 5.528011763944732593e+03 2.447942569077458108e-01
9.436500000000000000e+03 5.156113612258336616e+03 2.454772557185859183e-01
9.443500000000000000e+03 5.097404961921256472e+03 2.528654426605712047e-01
9.450500000000000000e+03 5.258046661281317938e+03 3.027007587673237188e-01
9.457500000000000000e+03 5.285081582449602138e+03 2.667668265815827389e-01
9.464500000000000000e+03 5.498016982351871775e+03 2.670778238293891049e-01
9.471500000000000000e+03 5.683459844691026774e+03 2.738053306097277817e-01
9.478500000000000000e+03 5.769276876145729148e+03 2.410422604420606740e-01
9.485500000000000000e+03 5.881521324886507500e+03 2.740685521282100190e-01
9.492500000000000000e+03 5.586535489931785378e+03 2.457056715675421943e-01
9.499500000000000000e+03 5.425831059604380243e+03 1.942649718828991234e-01
9.506500000000000000e+03 5.744463722046943985e+03 2.834526628333626785e-01
9.513500000000000000e+03 5.664092307448365318e+03 2.890725828388169272e-01
9.520500000000000000e+03 5.387344339149990446e+03 2.184505450194531850e-01
9.527500000000000000e+03 5.436648455723099687e+03 2.490895249842453030e-01
9.534500000000000000e+03 5.552387050139502207e+03 2.685420763802200406e-01
9.541500000000000000e+03 5.355824228287471669e+03 2.268167564258596891e-01
9.548500000000000000e+03 5.086528544177571348e+03 2.022447528377777359e-01
9.555500000000000000e+03 5.067365096410385377e+03 2.057753827300758676e-01
9.562500000000000000e+03 5.329550846042522608e+03 1.974826590966956286e-01
9.569500000000000000e+03 5.798235621251681550e+03 2.214459518940690708e-01
9.576500000000000000e+03 6.119519502838608787e+03 2.446610306566020243e-01
9.583500000000000000e+03 5.966673329314496186e+03 2.110375787148231763e-01
9.590500000000000000e+03 5.788400596259452868e+03 1.765950327797899677e-01
9.597500000000000000e+03 5.941498048399885192e+03 2.039313963372600957e-01
9.604500000000000000e+03 6.516846830291559854e+03 2.104106020506666119e-01
9.611500000000000000e+03 6.747132383184294667e+03 2.002053955639310490e-01
9.618500000000000000e+03 6.766497712093952941e+03 1.682390487338757956e-01
9.625500000000000000e+03 6.777096657518915890e+03 1.653009608964141064e-01
9.632500000000000000e+03 6.848709085059876088e+03 1.720759661666166895e-01
9.639500000000000000e+03 6.818824817090348915e+03 1.425212009959646309e-01
9.646500000000000000e+03 7.007317286892230186e+03 1.483346301265206502e-01
9.653500000000000000e+03 7.173282389390157732e+03 1.655234356500364379e-01
9.660500000000000000e+03 7.322311685134835898e+03 1.295295572580778265e-01
9.667500000000000000e+03 7.473165203763035606e+03 1.120197889217014325e-01
9.674500000000000000e+03 8.075875519789985447e+03 1.088785981258185154e-01
9.681500000000000000e+03 8.436571433668888858e+03 9.123590105542608852e-02
9.688500000000000000e+03 8.665581109926362842e+03 8.323433708313665580e-02
9.695500000000000000e+03 8.554317462619810613e+03 7.556204039845670906e-02
9.702500000000000000e+03 8.613785400108577960e+03 7.099250041501931063e-02
9.709500000000000000e+03 8.655640868604663410e+03 7.393577000384603248e-02
9.716500000000000000e+03 8.487257303693993890e+03 7.684355259471016553e-02
9.723500000000000000e+03 8.248729131651767602e+03 8.405349391337305076e-02
9.730500000000000000e+03 7.935255432670211121e+03 9.415486081328608425e-02
9.737500000000000000e+03 7.701646251016486531e+03 9.067480067245940745e-02
9.744500000000000000e+03 7.599673652133454198e+03 1.019527946858924949e-01
9.751500000000000000e+03 7.588674602953411522e+03 9.660156468130504104e-02
9.758500000000000000e+03 7.513272968158536969e+03 8.742168895442503640e-02
9.765500000000000000e+03 7.712477996976034774e+03 9.198637389060371206e-02
9.772500000000000000e+03 7.857431785345010212e+03 9.577343386683903614e-02
9.779500000000000000e+03 7.888300423412788405e+03 8.071208774946762865e-02
9.786500000000000000e+03 7.817882164378461312e+03 7.574634255652742953e-02
9.793500000000000000e+03 7.775593286557018473e+03 6.843579404032042179e-02
9.800500000000000000e+03 7.840090537563697580e+03 6.482008828616739327e-02
9.807500000000000000e+03 8.052764137674126687e+03 6.814547898183054286e-02
9.814500000000000000e+03 8.087971199644032822e+03 6.428074473792111387e-02
9.821500000000000000e+03 8.010123436679420593e+03 5.589529012568728028e-02
9.828500000000000000e+03 7.993542415937389706e+03 4.971256333293527091e-02
9.835500000000000000e+03 8.078853321811797287e+03 5.482233335488231885e-02
9.842500000000000000e+03 8.035893352429762672e+03 4.860848922743430528e-02
9.849500000000000000e+03 8.052202354563929475e+03 3.945050428012891047e-02
9.856500000000000000e+03 8.093156839190579376e+03 3.818531557757225831e-02
9.863500000000000000e+03 8.023145231662351762e+03 3.786517770678148737e-02
9.870500000000000000e+03 8.027246556732229692e+03 2.975044965515599368e-02
9.877500000000000000e+03 7.944626798441400751e+03 2.914828837999419026e-02
9.884500000000000000e+03 7.906531995749583984e+03 2.865718224060343627e-02
9.891500000000000000e+03 7.866445025864029958e+03 2.740862717918184088e-02
9.898500000000000000e+03 7.726408935538605874e+03 2.338077576989950820e-02
9.905500000000000000e+03 7.670202198100875648e+03 2.250315406840216678e-02
9.912500000000000000e+03 7.612042036031592033e+03 2.320141894544596253e-02
9.919500000000000000e+03 7.558921180770206774e+03 2.439776269292499508e-02
9.926500000000000000e+03 7.514471660494324169e+03 1.922809436916374584e-02
9.933500000000000000e+03 7.537542199670821901e+03 2.335254749515499120e-02
9.940500000000000000e+03 7.396066523782452350e+03 2.055834371575414321e-02
9.947500000000000000e+03 7.397260529725819652e+03 2.197389688948258799e-02
9.954500000000000000e+03 7.233645866842497526e+03 2.202840451499141899e-02
9.961500000000000000e+03 7.150884408345590600e+03 1.996489522539577482e-02
9.968500000000000000e+03 7.142156432664638487e+03 2.093933383981737978e-02
9.975500000000000000e+03 6.977740000576477541e+03 2.093909985681713035e-02
9.982500000000000000e+03 6.822202815900245696e+03 2.030951061521435452e-02
9.989500000000000000e+03 6.793613049418188893e+03 1.345063834020484433e-02
9.996500000000000000e+03 6.763670293965565179e+03 1.383998711236759938e-02
