# wavelength angstroms, flux, ext coeff
3.299300000000000182e+03 1.409201275101649117e+03 8.212086626533215972e-01
3.302800000000000182e+03 1.422417610494627525e+03 8.136977210173093056e-01
3.306300000000000182e+03 1.427558004991282360e+03 8.118267288243609103e-01
3.309800000000000182e+03 1.449388323479087376e+03 8.114270632982693021e-01
3.313300000000000182e+03 1.463355524845259879e+03 8.073870954067516870e-01
3.316800000000000182e+03 1.494204270356715824e+03 7.985895532812060660e-01
3.320300000000000182e+03 1.518471657746656547e+03 7.893612628271997611e-01
3.323800000000000182e+03 1.581353050207523893e+03 7.813129667404619116e-01
3.327300000000000182e+03 1.583912740203009662e+03 7.791854373833361214e-01
3.330800000000000182e+03 1.611057829015104062e+03 7.698627241515800801e-01
3.334300000000000182e+03 1.619286955352228233e+03 7.661285452654187367e-01
3.337800000000000182e+03 1.639625046284141263e+03 7.629598296281900893e-01
3.341300000000000182e+03 1.652286380204255693e+03 7.619926543028451293e-01
3.344800000000000182e+03 1.670137583007001467e+03 7.573492584920025195e-01
3.348300000000000182e+03 1.690414238172507794e+03 7.541036347853478095e-01
3.351800000000000182e+03 1.739860622082249392e+03 7.438075969327316850e-01
3.355300000000000182e+03 1.747902780681525201e+03 7.401340276004424457e-01
3.358800000000000182e+03 1.795300253820327271e+03 7.336316231662896037e-01
3.362300000000000182e+03 1.801567149824067201e+03 7.298220626227548413e-01
3.365800000000000182e+03 1.828650441976701131e+03 7.233222575938135224e-01
3.369300000000000182e+03 1.828865033056817992e+03 7.256656856476918493e-01
3.372800000000000182e+03 1.858845294839042253e+03 7.209521923178207059e-01
3.376300000000000182e+03 1.884405938110311808e+03 7.169132415029756400e-01
3.379800000000000182e+03 1.893824552618650387e+03 7.148614480587234254e-01
3.383300000000000182e+03 1.923198330621440164e+03 7.065123620984007369e-01
3.386800000000000182e+03 1.946337912575191922e+03 7.038844095218107499e-01
3.390300000000000182e+03 1.996121819518089751e+03 6.977142430783055405e-01
3.393800000000000182e+03 2.003499124249273109e+03 6.925654616456374812e-01
3.397300000000000182e+03 2.012860741215462667e+03 6.918169379219430981e-01
3.400800000000000182e+03 2.051484272492050877e+03 6.872453369459775585e-01
3.404300000000000182e+03 2.069744591752490123e+03 6.855322970740745925e-01
3.407800000000000182e+03 2.071443213566960367e+03 6.816851399689053403e-01
3.411300000000000182e+03 2.126069852742724834e+03 6.742938723916345189e-01
3.414800000000000182e+03 2.149201175336436791e+03 6.676882512700629269e-01
3.418300000000000182e+03 2.184811763891247210e+03 6.647958407764807953e-01
3.421800000000000182e+03 2.197678399526547764e+03 6.660555883462463411e-01
3.425300000000000182e+03 2.220718791195505673e+03 6.629309512059734510e-01
3.428800000000000182e+03 2.220426068059595764e+03 6.589721262839702831e-01
3.432300000000000182e+03 2.273949629665209613e+03 6.520028784197843263e-01
3.435800000000000182e+03 2.258414175555416477e+03 6.550595383432563645e-01
3.439300000000000182e+03 2.299859608700444824e+03 6.515630184879004361e-01
3.442800000000000182e+03 2.313241340819573907e+03 6.463603359946022975e-01
3.446300000000000182e+03 2.332771748027300873e+03 6.465537718190743632e-01
3.449800000000000182e+03 2.365164340703659036e+03 6.445919608658385869e-01
3.453300000000000182e+03 2.389533658170643776e+03 6.381604822320913195e-01
3.456800000000000182e+03 2.404936848026810367e+03 6.351285869111652493e-01
3.460300000000000182e+03 2.407198335771709935e+03 6.332490241752356530e-01
3.463800000000000182e+03 2.465013464448077684e+03 6.279394699243280309e-01
3.467300000000000182e+03 2.470105253968034958e+03 6.261084713490475684e-01
3.470800000000000182e+03 2.482239769389435878e+03 6.247764130654689385e-01
3.474300000000000182e+03 2.500342611990789464e+03 6.231280887745113128e-01
3.477800000000000182e+03 2.537402048091619690e+03 6.184449566929466346e-01
3.481300000000000182e+03 2.548824007118017562e+03 6.152005111028925333e-01
3.484800000000000182e+03 2.582676797923710183e+03 6.112034876027770958e-01
3.488300000000000182e+03 2.611885352202243212e+03 6.098982119265904389e-01
3.491800000000000182e+03 2.637913635960624106e+03 6.073610164142735357e-01
3.495300000000000182e+03 2.633628358484101227e+03 6.066798873350078836e-01
3.498800000000000182e+03 2.673764480693551377e+03 6.016449018376331948e-01
3.502300000000000182e+03 2.718036400901134584e+03 5.955407684121643008e-01
3.505800000000000182e+03 2.735051774408714664e+03 5.981166127330207472e-01
3.509300000000000182e+03 2.733268460780615897e+03 5.957580362628722703e-01
3.512800000000000182e+03 2.758784622090208359e+03 5.967247999433511474e-01
3.516300000000000182e+03 2.802212332893725034e+03 5.924384940602227534e-01
3.519800000000000182e+03 2.807140225117288537e+03 5.900447382985257727e-01
3.523300000000000182e+03 2.853793436020655008e+03 5.837869477042142430e-01
3.526800000000000182e+03 2.849245921780342996e+03 5.788375855681217041e-01
3.530300000000000182e+03 2.870608067908473004e+03 5.824791417114154601e-01
3.533800000000000182e+03 2.879321042565908101e+03 5.785762560789320386e-01
3.537300000000000182e+03 2.916994165717365377e+03 5.768031879452885091e-01
3.540800000000000182e+03 2.949431009475757492e+03 5.734800872764530544e-01
3.544300000000000182e+03 2.962750839519454075e+03 5.741470148738342383e-01
3.547800000000000182e+03 2.986631632140173224e+03 5.699825958461269826e-01
3.551300000000000182e+03 2.976454956647546169e+03 5.705720461148611200e-01
3.554800000000000182e+03 3.012579993362164714e+03 5.659552111258628893e-01
3.558300000000000182e+03 3.022236484459592702e+03 5.617473782929407466e-01
3.561800000000000182e+03 3.068873285267446136e+03 5.569445409616489151e-01
3.565300000000000182e+03 3.099672765433844233e+03 5.566658069315409962e-01
3.568800000000000182e+03 3.120207045601378923e+03 5.538556571507721182e-01
3.572300000000000182e+03 3.132195897478291499e+03 5.508961332982208470e-01
3.575800000000000182e+03 3.172000212917351746e+03 5.478797336808695073e-01
3.579300000000000182e+03 3.172912769315273636e+03 5.469832452274291379e-01
3.582800000000000182e+03 3.203400863199577998e+03 5.452462979838632595e-01
3.586300000000000182e+03 3.206255202229820952e+03 5.434499578786960994e-01
3.589800000000000182e+03 3.233227095100945007e+03 5.437773852545257913e-01
3.593300000000000182e+03 3.267829133903038382e+03 5.369225930073129316e-01
3.596800000000000182e+03 3.290392927547593899e+03 5.385955300558032954e-01
3.600300000000000182e+03 3.319528894518815832e+03 5.359033488348237118e-01
3.603800000000000182e+03 3.298752707704045406e+03 5.357201544894008016e-01
3.607300000000000182e+03 3.334169053300649466e+03 5.310886875029249277e-01
3.610800000000000182e+03 3.386699895520354858e+03 5.303377131758200136e-01
3.614300000000000182e+03 3.381752470757667652e+03 5.266654922537605810e-01
3.617800000000000182e+03 3.403002049566905953e+03 5.238828884312140000e-01
3.621300000000000182e+03 3.444456449217648697e+03 5.239493941794516330e-01
3.624800000000000182e+03 3.446306544057008978e+03 5.217395563237416933e-01
3.628300000000000182e+03 3.463273731933853014e+03 5.191459486392981937e-01
3.631800000000000182e+03 3.505510575475049791e+03 5.151858211734716697e-01
3.635300000000000182e+03 3.553280475601365197e+03 5.142684324442975408e-01
3.638800000000000182e+03 3.581171039218342230e+03 5.113951768196590697e-01
3.642300000000000182e+03 3.557680792990046484e+03 5.102608356967003322e-01
3.645800000000000182e+03 3.566139758806033115e+03 5.092499485830688233e-01
3.649300000000000182e+03 3.598433967367388959e+03 5.088154239869868700e-01
3.652800000000000182e+03 3.643182019425404178e+03 5.065049744990044456e-01
3.656300000000000182e+03 3.682818899935707122e+03 5.056790663868717672e-01
3.659800000000000182e+03 3.703563055837384582e+03 5.006110417098620369e-01
3.663300000000000182e+03 3.708106230175968449e+03 4.989476041197793976e-01
3.666800000000000182e+03 3.746192047009241833e+03 4.964368829893276436e-01
3.670300000000000182e+03 3.755036636151320636e+03 4.965328535221650852e-01
3.673800000000000182e+03 3.724825883591686306e+03 4.955532433151088600e-01
3.677300000000000182e+03 3.716334689328324657e+03 4.932851195756529084e-01
3.680800000000000182e+03 3.696875112399013688e+03 4.904322556412258893e-01
3.684300000000000182e+03 3.702206389115385718e+03 4.862066241187154580e-01
3.687800000000000182e+03 3.698572633919813143e+03 4.821889266786502648e-01
3.691300000000000182e+03 3.682654856002208362e+03 4.799745920682900735e-01
3.694800000000000182e+03 3.700643796631401528e+03 4.803989800917716213e-01
3.698300000000000182e+03 3.674906112396030494e+03 4.796529549407928528e-01
3.701800000000000182e+03 3.699862534648863402e+03 4.788741901786651156e-01
3.705300000000000182e+03 3.718132361178899828e+03 4.800785398616080890e-01
3.708800000000000182e+03 3.724244993145667195e+03 4.747565232030526716e-01
3.712300000000000182e+03 3.741406507791983586e+03 4.755760902307837323e-01
3.715800000000000182e+03 3.758137819069408579e+03 4.719389835250580312e-01
3.719300000000000182e+03 3.764872518913813110e+03 4.683442707204579225e-01
3.722800000000000182e+03 3.800533297938563010e+03 4.650548190136813975e-01
3.726300000000000182e+03 3.837390502410499721e+03 4.625726214672106762e-01
3.729800000000000182e+03 3.876988806054665019e+03 4.602070096523812603e-01
3.733300000000000182e+03 3.974948069312785719e+03 4.594845038836943840e-01
3.736800000000000182e+03 4.061467385704093431e+03 4.616617886848688457e-01
3.740300000000000182e+03 4.193973220172363654e+03 4.598705406093493431e-01
3.743800000000000182e+03 4.366102467345329387e+03 4.590810939523908285e-01
3.747300000000000182e+03 4.468077833104315687e+03 4.592039839687024894e-01
3.750800000000000182e+03 4.564452337800387795e+03 4.573653203724770688e-01
3.754300000000000182e+03 4.616619297811180331e+03 4.564509136851544469e-01
3.757800000000000182e+03 4.640409849469732762e+03 4.514919871053755807e-01
3.761300000000000182e+03 4.745337305697740703e+03 4.468569246013727181e-01
3.764800000000000182e+03 4.755606934524170356e+03 4.447605987334558031e-01
3.768300000000000182e+03 4.822456800641357404e+03 4.413524571011360753e-01
3.771800000000000182e+03 4.920685349410985509e+03 4.412511724317370043e-01
3.775300000000000182e+03 4.983314353480040154e+03 4.430905751510153534e-01
3.778800000000000182e+03 5.159221284676880714e+03 4.398007836177173502e-01
3.782300000000000182e+03 5.272219948234581352e+03 4.396377887654565053e-01
3.785800000000000182e+03 5.483922315215146227e+03 4.387015720210294956e-01
3.789300000000000182e+03 5.632332619925477957e+03 4.359319943666714603e-01
3.792800000000000182e+03 5.810568589866373259e+03 4.320562722264962852e-01
3.796300000000000182e+03 5.938665793000043777e+03 4.337159988853451220e-01
3.799800000000000182e+03 6.115114349049598786e+03 4.367406473137983580e-01
3.803300000000000182e+03 6.317133935957685026e+03 4.334116668816497264e-01
3.806800000000000182e+03 6.384321825212499789e+03 4.362908112190191368e-01
3.810300000000000182e+03 6.371773559293096696e+03 4.345413555960744301e-01
3.813800000000000182e+03 6.289411131635443780e+03 4.347303555196684322e-01
3.817300000000000182e+03 6.184108000067127250e+03 4.290715177767308042e-01
3.820800000000000182e+03 6.038916103043000476e+03 4.197438550207947539e-01
3.824300000000000182e+03 5.874285386664647376e+03 4.121281109670449361e-01
3.827800000000000182e+03 5.782204157977667819e+03 4.043617705374422666e-01
3.831300000000000182e+03 5.839214827732758749e+03 4.042626393974185772e-01
3.834800000000000182e+03 5.970881042986548891e+03 4.074371971282124694e-01
3.838300000000000182e+03 6.288211778477319058e+03 4.089514811980518028e-01
3.841800000000000182e+03 6.498323524018931494e+03 4.143944270999620483e-01
3.845300000000000182e+03 6.919366565768821602e+03 4.164993519692636315e-01
3.848800000000000182e+03 7.179816395697730513e+03 4.148262320644796608e-01
3.852300000000000182e+03 7.463548408780762657e+03 4.111435413800531014e-01
3.855800000000000182e+03 7.687010877390811402e+03 4.120906344969352819e-01
3.859300000000000182e+03 7.892181364961803411e+03 4.117033757421542095e-01
3.862800000000000182e+03 8.059095420435988672e+03 4.128447691202746239e-01
3.866300000000000182e+03 8.107378507627435283e+03 4.114545282177513030e-01
3.869800000000000182e+03 7.957600737630256845e+03 4.151809729357285872e-01
3.873300000000000182e+03 7.729864514719012732e+03 4.139238099959847150e-01
3.876800000000000182e+03 7.292607506642900262e+03 4.078004679713952418e-01
3.880300000000000182e+03 6.814147964326091824e+03 3.963598239176619464e-01
3.883800000000000182e+03 6.344448564700912357e+03 3.812758845386816642e-01
3.887300000000000182e+03 6.056683953921640750e+03 3.707265647909943618e-01
3.890800000000000182e+03 6.000260442508680171e+03 3.664717718482908282e-01
3.894300000000000182e+03 6.219774650385388668e+03 3.701061676477120921e-01
3.897800000000000182e+03 6.616008690862808180e+03 3.796685289461689816e-01
3.901300000000000182e+03 7.230615953262436051e+03 3.908396442147196170e-01
3.904800000000000182e+03 7.766456444816881231e+03 3.985210481667936233e-01
3.908300000000000182e+03 8.223483550339420617e+03 4.003459655734364353e-01
3.911800000000000182e+03 8.595645024512465170e+03 3.978248327441344379e-01
3.915300000000000182e+03 8.822659351147733105e+03 3.942241870898529066e-01
3.918800000000000182e+03 8.895026115186403331e+03 3.894925612086965194e-01
3.922300000000000182e+03 9.052407352472406274e+03 3.821406949124847574e-01
3.925800000000000182e+03 9.046013563755443101e+03 3.724302439723770064e-01
3.929300000000000182e+03 9.168239702664115612e+03 3.667819370448676120e-01
3.932800000000000182e+03 9.232993279720196369e+03 3.653907080123028339e-01
3.936300000000000182e+03 9.188206587735910944e+03 3.718143504523560572e-01
3.939800000000000182e+03 9.205111788190773950e+03 3.751587168735334710e-01
3.943300000000000182e+03 9.116863672090334148e+03 3.825390766941536014e-01
3.946800000000000182e+03 8.981147590373138883e+03 3.852962608175433679e-01
3.950300000000000182e+03 8.746689730536021671e+03 3.860448696967855309e-01
3.953800000000000182e+03 8.403850699541078939e+03 3.827438368440456151e-01
3.957300000000000182e+03 7.845802921421174688e+03 3.738873243482020992e-01
3.960800000000000182e+03 7.314344471929013707e+03 3.621460876330735990e-01
3.964300000000000182e+03 6.810500317349404213e+03 3.469917703536755660e-01
3.967800000000000182e+03 6.514310694710584357e+03 3.362962554715167030e-01
3.971300000000000182e+03 6.450410296247536280e+03 3.307565975468964581e-01
3.974800000000000182e+03 6.678525714353525473e+03 3.384240441701852897e-01
3.978300000000000182e+03 7.131180980952995924e+03 3.508937462501248161e-01
3.981800000000000182e+03 7.683648470180166441e+03 3.606562143809839971e-01
3.985300000000000182e+03 8.291591075463204106e+03 3.644832219172487453e-01
3.988800000000000182e+03 8.807684998263723173e+03 3.666865815257941974e-01
3.992300000000000182e+03 9.201576366523668185e+03 3.637685854075656811e-01
3.995800000000000182e+03 9.456633309332415593e+03 3.583779755574479919e-01
3.999300000000000182e+03 9.573908371613169948e+03 3.555286261468977305e-01
4.002800000000000182e+03 9.724750927414839680e+03 3.541391233720116993e-01
4.006300000000000182e+03 9.817041139829680105e+03 3.534509179499445430e-01
4.009800000000000182e+03 9.943425683455558101e+03 3.528343225609554268e-01
4.013300000000000182e+03 9.865686060998872563e+03 3.516517020557039519e-01
4.016800000000000182e+03 9.833479385419370374e+03 3.498189341778503159e-01
4.020300000000000182e+03 9.854450626744450346e+03 3.492055559197648207e-01
4.023800000000000182e+03 9.873637823246948756e+03 3.456837673966370317e-01
4.027300000000000182e+03 9.950538253667506069e+03 3.437071525759970436e-01
4.030800000000000182e+03 9.949058945368264176e+03 3.410569179182876276e-01
4.034300000000000182e+03 9.974349740966004902e+03 3.428076232171501925e-01
4.037800000000000182e+03 1.007226278132867628e+04 3.426402121470484285e-01
4.041300000000000182e+03 1.011650798627193581e+04 3.411133242104365526e-01
4.044800000000000182e+03 1.018322388673795103e+04 3.412155053444828057e-01
4.048300000000000182e+03 1.024067119802944762e+04 3.401636205821119141e-01
4.051800000000000182e+03 1.029373757807298171e+04 3.375263747441837880e-01
4.055300000000000182e+03 1.024446583628387816e+04 3.385782338908085443e-01
4.058800000000000182e+03 1.032356139803555016e+04 3.366523660733914958e-01
4.062300000000000182e+03 1.030961255921413249e+04 3.351266823252460614e-01
4.065800000000000182e+03 1.026051585412742315e+04 3.327606157284018207e-01
4.069300000000000182e+03 1.019414803128168751e+04 3.331795992231901260e-01
4.072800000000000182e+03 1.006658814562835323e+04 3.338646356951725513e-01
4.076300000000000182e+03 9.888593807171302615e+03 3.312757327604404223e-01
4.079800000000000182e+03 9.559766969271337075e+03 3.297117418493203389e-01
4.083300000000000182e+03 9.375345389224481551e+03 3.294307903801365067e-01
4.086800000000000182e+03 9.097873794271408769e+03 3.249427263817038503e-01
4.090300000000000182e+03 8.789463545768930999e+03 3.254127872317467141e-01
4.093800000000000182e+03 8.509458882585751780e+03 3.251361191040501586e-01
4.097300000000000182e+03 8.189087869619552293e+03 3.198402439805926312e-01
4.100800000000000182e+03 7.917760773491925647e+03 3.157813641174517238e-01
4.104300000000000182e+03 7.759597379628266026e+03 3.066921855025138144e-01
4.107800000000000182e+03 7.643493810639167350e+03 3.033642268819746191e-01
4.111300000000000182e+03 7.795030336383137183e+03 3.035992804039067128e-01
4.114800000000000182e+03 8.027752423902423288e+03 3.062514692659654147e-01
4.118300000000000182e+03 8.520528462467320423e+03 3.109734437894845493e-01
4.121800000000000182e+03 9.052398625905374502e+03 3.162043431204833444e-01
4.125300000000000182e+03 9.623660911593329729e+03 3.199397810415265386e-01
4.128800000000000182e+03 9.964140094726313691e+03 3.209698427107003926e-01
4.132300000000000182e+03 1.032936348798258405e+04 3.180398110566072245e-01
4.135800000000000182e+03 1.054544167851418388e+04 3.160528685989797415e-01
4.139300000000000182e+03 1.065592567786161271e+04 3.125368059256156128e-01
4.142800000000000182e+03 1.076255823418453656e+04 3.112166362690099164e-01
4.146300000000000182e+03 1.075607338613162392e+04 3.092969710008044992e-01
4.149800000000000182e+03 1.083596575233415933e+04 3.057605417468625686e-01
4.153300000000000182e+03 1.083110194515697549e+04 3.064131866436617391e-01
4.156800000000000182e+03 1.089674548683391367e+04 3.044454252220572532e-01
4.160300000000000182e+03 1.099061746310715353e+04 3.047178522725577654e-01
4.163800000000000182e+03 1.095535040915179889e+04 3.049631253531114305e-01
4.167300000000000182e+03 1.096203681265155319e+04 3.038187615160041211e-01
4.170800000000000182e+03 1.106801167589721445e+04 3.011369785393623322e-01
4.174300000000000182e+03 1.111113059008142227e+04 2.984817531197012097e-01
4.177800000000000182e+03 1.109687559978940953e+04 2.989390689007094815e-01
4.181300000000000182e+03 1.113339140978580690e+04 2.963732931570578488e-01
4.184800000000000182e+03 1.114813973741290829e+04 2.960700067333813523e-01
4.188300000000000182e+03 1.117303765540505265e+04 2.964153348195592286e-01
4.191800000000000182e+03 1.121604107525242216e+04 2.961143252165258088e-01
4.195300000000000182e+03 1.126961245140701976e+04 2.946893408979027185e-01
4.198800000000000182e+03 1.127955718711807094e+04 2.941063473296104402e-01
4.202300000000000182e+03 1.133110296798707896e+04 2.937865399091836305e-01
4.205800000000000182e+03 1.127356518367933131e+04 2.916288497980392136e-01
4.209300000000000182e+03 1.132477050103072361e+04 2.903780846815834371e-01
4.212800000000000182e+03 1.137424572231900311e+04 2.912700517332205696e-01
4.216300000000000182e+03 1.141581551012810633e+04 2.871984246904791815e-01
4.219800000000000182e+03 1.137172251256449272e+04 2.893414846931908202e-01
4.223300000000000182e+03 1.145163254558190602e+04 2.876936042591701770e-01
4.226800000000000182e+03 1.136874835285900735e+04 2.872997220287393794e-01
4.230300000000000182e+03 1.138945447691897243e+04 2.851467338016311914e-01
4.233800000000000182e+03 1.151548475984933066e+04 2.823806730359122996e-01
4.237300000000000182e+03 1.148368861655875844e+04 2.838577989153004411e-01
4.240800000000000182e+03 1.145550154161052160e+04 2.829204493996975711e-01
4.244300000000000182e+03 1.151329837753806714e+04 2.805139117873049481e-01
4.247800000000000182e+03 1.148030279176538897e+04 2.831134834261805899e-01
4.251300000000000182e+03 1.156469085585046378e+04 2.823349952552463016e-01
4.254800000000000182e+03 1.147564923244055171e+04 2.791575972387604909e-01
4.258300000000000182e+03 1.156634063060131484e+04 2.778559239864797359e-01
4.261800000000000182e+03 1.150274870807817206e+04 2.779337197929992453e-01
4.265300000000000182e+03 1.149727942724892091e+04 2.763695190783745925e-01
4.268800000000000182e+03 1.151983593213217137e+04 2.737078171298928386e-01
4.272300000000000182e+03 1.157781408483018276e+04 2.733488237574114854e-01
4.275800000000000182e+03 1.154710054924943688e+04 2.739057522566920588e-01
4.279300000000000182e+03 1.156490219043156503e+04 2.727243109753895722e-01
4.282800000000000182e+03 1.158497440159251528e+04 2.715055335997211827e-01
4.286300000000000182e+03 1.160542354701607110e+04 2.725042388671741200e-01
4.289800000000000182e+03 1.169190430343396110e+04 2.707102278425283504e-01
4.293300000000000182e+03 1.167516641770267597e+04 2.712300631221936098e-01
4.296800000000000182e+03 1.167575236410579782e+04 2.711770407174431963e-01
4.300300000000000182e+03 1.170142479270108015e+04 2.697724375525016871e-01
4.303800000000000182e+03 1.169008214165862046e+04 2.693979685717877715e-01
4.307300000000000182e+03 1.155127393815428513e+04 2.682853731425217658e-01
4.310800000000000182e+03 1.138630419401150903e+04 2.681656160734221528e-01
4.314300000000000182e+03 1.114587255432128222e+04 2.672505239090392504e-01
4.317800000000000182e+03 1.080426677217535871e+04 2.649978487415020623e-01
4.321300000000000182e+03 1.055697754965716922e+04 2.640727220952152621e-01
4.324800000000000182e+03 1.008902363455946579e+04 2.614931076530577769e-01
4.328300000000000182e+03 9.789611589267033196e+03 2.612101549347340956e-01
4.331800000000000182e+03 9.501944083394153495e+03 2.602666122936629911e-01
4.335300000000000182e+03 9.303286357094433697e+03 2.594012220558699067e-01
4.338800000000000182e+03 8.993026790494053785e+03 2.563234042938692392e-01
4.342300000000000182e+03 8.819152562692706852e+03 2.508480363424444026e-01
4.345800000000000182e+03 8.763189688833937907e+03 2.468852373186311011e-01
4.349300000000000182e+03 8.879784825821860068e+03 2.445609074121862792e-01
4.352800000000000182e+03 9.131720436180603429e+03 2.428133110438560061e-01
4.356300000000000182e+03 9.538445434049523101e+03 2.470126136608190304e-01
4.359800000000000182e+03 1.004860412742465269e+04 2.529011437470161106e-01
4.363300000000000182e+03 1.056649608364555024e+04 2.570560405992327047e-01
4.366800000000000182e+03 1.115258953547921556e+04 2.586441884730401042e-01
4.370300000000000182e+03 1.150038787245931780e+04 2.608188562950367051e-01
4.373800000000000182e+03 1.163530862231827996e+04 2.562580764441066417e-01
4.377300000000000182e+03 1.180691464015564998e+04 2.563038727206516931e-01
4.380800000000000182e+03 1.193878940202956983e+04 2.529954360780689582e-01
4.384300000000000182e+03 1.178685993066205265e+04 2.484225497910565739e-01
4.387800000000000182e+03 1.185561762757505494e+04 2.480883722110772405e-01
4.391300000000000182e+03 1.183602818667973588e+04 2.480654453020720296e-01
4.394800000000000182e+03 1.190527347781573008e+04 2.472826383874092981e-01
4.398300000000000182e+03 1.195456584512794689e+04 2.468509759988272989e-01
4.401800000000000182e+03 1.190458705979154183e+04 2.473100521843407951e-01
4.405300000000000182e+03 1.201051992442807386e+04 2.448637380355573046e-01
4.408800000000000182e+03 1.205083051767626785e+04 2.461078051347040663e-01
4.412300000000000182e+03 1.213853627741258424e+04 2.454772623478880256e-01
4.415800000000000182e+03 1.208335902534365596e+04 2.452546177362883162e-01
4.419300000000000182e+03 1.202188319995597885e+04 2.430156271103023902e-01
4.422800000000000182e+03 1.209048131478293544e+04 2.426034425873033473e-01
4.426300000000000182e+03 1.202858351767890599e+04 2.417556133916899663e-01
4.429800000000000182e+03 1.201599725729367492e+04 2.397508758918522886e-01
4.433300000000000182e+03 1.214203284942444225e+04 2.391820916699132493e-01
4.436800000000000182e+03 1.214802868477969241e+04 2.412051647964708889e-01
4.440300000000000182e+03 1.217556421996550671e+04 2.379705080872547840e-01
4.443800000000000182e+03 1.215284450783967259e+04 2.379347258300573698e-01
4.447300000000000182e+03 1.214048869755759915e+04 2.387359766116893545e-01
4.450800000000000182e+03 1.218205088671621706e+04 2.371026640179239586e-01
4.454300000000000182e+03 1.211140514474201700e+04 2.344114209576250996e-01
4.457800000000000182e+03 1.205317528278471946e+04 2.373682692418363771e-01
4.461300000000000182e+03 1.202390552677614141e+04 2.350806312674754150e-01
4.464800000000000182e+03 1.200879698401550559e+04 2.329923827171806738e-01
4.468300000000000182e+03 1.194560465726252187e+04 2.329601981977381386e-01
4.471800000000000182e+03 1.194227079650447376e+04 2.331204167236605451e-01
4.475300000000000182e+03 1.192823139240360251e+04 2.326880692392042926e-01
4.478800000000000182e+03 1.186852709603125368e+04 2.328289229089769152e-01
4.482300000000000182e+03 1.198842840268356122e+04 2.296882579019740578e-01
4.485800000000000182e+03 1.200776945429021725e+04 2.299971116191511233e-01
4.489300000000000182e+03 1.212193104731089261e+04 2.273762787396716445e-01
4.492800000000000182e+03 1.206195846179350156e+04 2.299801529755977902e-01
4.496300000000000182e+03 1.209923590213458192e+04 2.267627919177689355e-01
4.499800000000000182e+03 1.215036376149288299e+04 2.274751763765061607e-01
4.503300000000000182e+03 1.206530320180098897e+04 2.282756197735606452e-01
4.506800000000000182e+03 1.222115741302695278e+04 2.276111889269476496e-01
4.510300000000000182e+03 1.214635082512535337e+04 2.261802398678841308e-01
4.513800000000000182e+03 1.218105473946522397e+04 2.267133897351885086e-01
4.517300000000000182e+03 1.216636926818928805e+04 2.264315266960002238e-01
4.520800000000000182e+03 1.216076914120723814e+04 2.232663936511125879e-01
4.524300000000000182e+03 1.216033090629641083e+04 2.250157526471476543e-01
4.527800000000000182e+03 1.213465600614025243e+04 2.226628262923631418e-01
4.531300000000000182e+03 1.219194907996576330e+04 2.195188904650087480e-01
4.534800000000000182e+03 1.214877543488195988e+04 2.215299833913801086e-01
4.538300000000000182e+03 1.215886987252911058e+04 2.200203566094297014e-01
4.541800000000000182e+03 1.206718052861490469e+04 2.215242338734250416e-01
4.545300000000000182e+03 1.207098722542510950e+04 2.212621393921792856e-01
4.548800000000000182e+03 1.203536995486554224e+04 2.187252363789399245e-01
4.552300000000000182e+03 1.210732636372344859e+04 2.175021321144044173e-01
4.555800000000000182e+03 1.215969781726070323e+04 2.178212823764356099e-01
4.559300000000000182e+03 1.206389680872362078e+04 2.178154779718606271e-01
4.562800000000000182e+03 1.221016232460483116e+04 2.174911787811353026e-01
4.566300000000000182e+03 1.211159450886563536e+04 2.181233673280860430e-01
4.569800000000000182e+03 1.206681157945205996e+04 2.167438436949161995e-01
4.573300000000000182e+03 1.211332180098120989e+04 2.154197056175230218e-01
4.576800000000000182e+03 1.206837666474767502e+04 2.158682077604603955e-01
4.580300000000000182e+03 1.202943908029431987e+04 2.153375592361289059e-01
4.583800000000000182e+03 1.209592665048512572e+04 2.139349684183968481e-01
4.587300000000000182e+03 1.217710423783866281e+04 2.104354856634364501e-01
4.590800000000000182e+03 1.206946496938505697e+04 2.114829758062325427e-01
4.594300000000000182e+03 1.203717072078007004e+04 2.125330001439252881e-01
4.597800000000000182e+03 1.210624612488149069e+04 2.110066477449248912e-01
4.601300000000000182e+03 1.210436934559783003e+04 2.101697773729114260e-01
4.604800000000000182e+03 1.201701779163339779e+04 2.122480201979549397e-01
4.608300000000000182e+03 1.201316884695157023e+04 2.109175026270137532e-01
4.611800000000000182e+03 1.200242623397891839e+04 2.106676768230844599e-01
4.615300000000000182e+03 1.200666691086054925e+04 2.072486420873421997e-01
4.618800000000000182e+03 1.201908489742267375e+04 2.085395477315913904e-01
4.622300000000000182e+03 1.202111695432159286e+04 2.072575986955714489e-01
4.625800000000000182e+03 1.190534069833836111e+04 2.059809927773098570e-01
4.629300000000000182e+03 1.192083835821672437e+04 2.058978196672944516e-01
4.632800000000000182e+03 1.192089031755363249e+04 2.043114398932789622e-01
4.636300000000000182e+03 1.191687684301604713e+04 2.037918981985685773e-01
4.639800000000000182e+03 1.195273898809972343e+04 2.049055443760704753e-01
4.643300000000000182e+03 1.187321863665047204e+04 2.048211245193525820e-01
4.646800000000000182e+03 1.199086795501249253e+04 2.031864963348242181e-01
4.650300000000000182e+03 1.191295495063973613e+04 2.036279150106667657e-01
4.653800000000000182e+03 1.192491548157888428e+04 2.013902684760940920e-01
4.657300000000000182e+03 1.181532601518048796e+04 2.047032787492341910e-01
4.660800000000000182e+03 1.187459727087803549e+04 2.027751792716911972e-01
4.664300000000000182e+03 1.188747173228539759e+04 2.005121534597416599e-01
4.667800000000000182e+03 1.176673776235177866e+04 2.017332040934097515e-01
4.671300000000000182e+03 1.185572820449717801e+04 2.001108734086508301e-01
4.674800000000000182e+03 1.182322263488246972e+04 1.987157032488674757e-01
4.678300000000000182e+03 1.184344698197066100e+04 1.960318453685734597e-01
4.681800000000000182e+03 1.181976699277771149e+04 1.995351934546515660e-01
4.685300000000000182e+03 1.185983721121814960e+04 1.982544531831641754e-01
4.688800000000000182e+03 1.172580017462866272e+04 1.983200045400516920e-01
4.692300000000000182e+03 1.181583716049876421e+04 1.978930042824326441e-01
4.695800000000000182e+03 1.164742387436850368e+04 1.974005978056460053e-01
4.699300000000000182e+03 1.166731727506922289e+04 1.955850671246699979e-01
4.702800000000000182e+03 1.168561731344322652e+04 1.943864088944038948e-01
4.706300000000000182e+03 1.159284893879390802e+04 1.941294839274692041e-01
4.709800000000000182e+03 1.157566953987305897e+04 1.931010088724754159e-01
4.713300000000000182e+03 1.159866711288111037e+04 1.915107451817379958e-01
4.716800000000000182e+03 1.162353953494012785e+04 1.924389432091078156e-01
4.720300000000000182e+03 1.159609671719511243e+04 1.934904651756674532e-01
4.723800000000000182e+03 1.150229360421974707e+04 1.937002633770323889e-01
4.727300000000000182e+03 1.150353343613727884e+04 1.916530369370872122e-01
4.730800000000000182e+03 1.163466898222493546e+04 1.917229491698476118e-01
4.734300000000000182e+03 1.152885696374970212e+04 1.907179411234878608e-01
4.737800000000000182e+03 1.158545622722112967e+04 1.905209929300751837e-01
4.741300000000000182e+03 1.152133076158188669e+04 1.912054176206887390e-01
4.744800000000000182e+03 1.146648514883415919e+04 1.882513613801520269e-01
4.748300000000000182e+03 1.146364707718113277e+04 1.889574946151031942e-01
4.751800000000000182e+03 1.142123635308545272e+04 1.886003221725303103e-01
4.755300000000000182e+03 1.144672677076324908e+04 1.901077308106211561e-01
4.758800000000000182e+03 1.151862006439797915e+04 1.886623624751464223e-01
4.762300000000000182e+03 1.149656453288008561e+04 1.867921046897900450e-01
4.765800000000000182e+03 1.152213483308885225e+04 1.870975010284944839e-01
4.769300000000000182e+03 1.148905081106879334e+04 1.872097524214286213e-01
4.772800000000000182e+03 1.132804643903664692e+04 1.869293758199417621e-01
4.776300000000000182e+03 1.135667818594551136e+04 1.869328349466873873e-01
4.779800000000000182e+03 1.141233972299226662e+04 1.851379039604128252e-01
4.783300000000000182e+03 1.132105360146728708e+04 1.856100275973041336e-01
4.786800000000000182e+03 1.128495560793364166e+04 1.848977929496949391e-01
4.790300000000000182e+03 1.134174442531932436e+04 1.853347123757475845e-01
4.793800000000000182e+03 1.128700398814167420e+04 1.821141144640771037e-01
4.797300000000000182e+03 1.128194990777270323e+04 1.841581413278876311e-01
4.800800000000000182e+03 1.118752300146090784e+04 1.830167045351514810e-01
4.804300000000000182e+03 1.108130070932948729e+04 1.837718267881629508e-01
4.807800000000000182e+03 1.112087369141571253e+04 1.819784603948531587e-01
4.811300000000000182e+03 1.111340520307551378e+04 1.811393404552681385e-01
4.814800000000000182e+03 1.105836514598096255e+04 1.838598468183938461e-01
4.818300000000000182e+03 1.103229042141035279e+04 1.828475380248843762e-01
4.821800000000000182e+03 1.102503860428568441e+04 1.841270785100336538e-01
4.825300000000000182e+03 1.095733964532332539e+04 1.822151035055956103e-01
4.828800000000000182e+03 1.086631835357058117e+04 1.837374274190375356e-01
4.832300000000000182e+03 1.059205547721770381e+04 1.830132485256363850e-01
4.835800000000000182e+03 1.040066164242959167e+04 1.834498804760067436e-01
4.839300000000000182e+03 1.012982497741455336e+04 1.813135157454101032e-01
4.842800000000000182e+03 9.909950760681174870e+03 1.784929869890826137e-01
4.846300000000000182e+03 9.506731622495801275e+03 1.797195093612903583e-01
4.849800000000000182e+03 9.258143772908077153e+03 1.776743324495201615e-01
4.853300000000000182e+03 8.928758262128507340e+03 1.769056808426049676e-01
4.856800000000000182e+03 8.672178016821349956e+03 1.762640469009792710e-01
4.860300000000000182e+03 8.383243013778677778e+03 1.727422369087367182e-01
4.863800000000000182e+03 8.154762892252249912e+03 1.669820779309280634e-01
4.867300000000000182e+03 8.163367833217587759e+03 1.610440009311775722e-01
4.870800000000000182e+03 8.240308114119619859e+03 1.614278224803630257e-01
4.874300000000000182e+03 8.421945524269911402e+03 1.646507357105640168e-01
4.877800000000000182e+03 8.811471236211084033e+03 1.691944771002713843e-01
4.881300000000000182e+03 9.216702359108834571e+03 1.754769583292305202e-01
4.884800000000000182e+03 9.753048764702027256e+03 1.799823706070307894e-01
4.888300000000000182e+03 1.022190390637762175e+04 1.794139607339265141e-01
4.891800000000000182e+03 1.040124396131398498e+04 1.785010661469983440e-01
4.895300000000000182e+03 1.049769268618358547e+04 1.790786651711075983e-01
4.898800000000000182e+03 1.065299236169466894e+04 1.760344036531284739e-01
4.902300000000000182e+03 1.066611609497633435e+04 1.741350266560919013e-01
4.905800000000000182e+03 1.068577949782835458e+04 1.726158889888575187e-01
4.909300000000000182e+03 1.062480953229292754e+04 1.706628328234840175e-01
4.912800000000000182e+03 1.054539786866958639e+04 1.714666473300102134e-01
4.916300000000000182e+03 1.056873997212086579e+04 1.718309431304921864e-01
4.919800000000000182e+03 1.049704073561010955e+04 1.715738273446355544e-01
4.923300000000000182e+03 1.048982199596259125e+04 1.698246527089573854e-01
4.926800000000000182e+03 1.053987783935219522e+04 1.688011537342299917e-01
4.930300000000000182e+03 1.049155275203712154e+04 1.685927893497945196e-01
4.933800000000000182e+03 1.041640926832109653e+04 1.682135594055637340e-01
4.937300000000000182e+03 1.042611574166836544e+04 1.687280392414333696e-01
4.940800000000000182e+03 1.048801085002070613e+04 1.698780511147789940e-01
4.944300000000000182e+03 1.049872420464535207e+04 1.677647860161266546e-01
4.947800000000000182e+03 1.048003542911414115e+04 1.673452211891697239e-01
4.951300000000000182e+03 1.051998720454858085e+04 1.698362594755289390e-01
4.954800000000000182e+03 1.047069560982363146e+04 1.705390934946864612e-01
4.958300000000000182e+03 1.044041681404796509e+04 1.670874329990943152e-01
4.961800000000000182e+03 1.044978312125889533e+04 1.681860018500268006e-01
4.965300000000000182e+03 1.048363212869897143e+04 1.669205659890895255e-01
4.968800000000000182e+03 1.041935049177811379e+04 1.678260517324264844e-01
4.972300000000000182e+03 1.041923146135732532e+04 1.679772235669514391e-01
4.975800000000000182e+03 1.036762364081735177e+04 1.662212007009682135e-01
4.979300000000000182e+03 1.043403464155003894e+04 1.651559899125008835e-01
4.982800000000000182e+03 1.029686277099879953e+04 1.673120748724169493e-01
4.986300000000000182e+03 1.042599105947616954e+04 1.655112223455465770e-01
4.989800000000000182e+03 1.029855959690181044e+04 1.667833314001113398e-01
4.993300000000000182e+03 1.029270799891664501e+04 1.646712471875901584e-01
4.996800000000000182e+03 1.027767112779236959e+04 1.654694457472201674e-01
5.000300000000000182e+03 1.020487751204347660e+04 1.636035240733332563e-01
5.003800000000000182e+03 1.019192336137437815e+04 1.652185812120931518e-01
5.007300000000000182e+03 1.006540778597235840e+04 1.641492625279919737e-01
5.010800000000000182e+03 1.009332135528408253e+04 1.633221493841265637e-01
5.014300000000000182e+03 1.007752024575787618e+04 1.635427553580399429e-01
5.017800000000000182e+03 1.010753191734030770e+04 1.630930862732820064e-01
5.021300000000000182e+03 1.013770740207611743e+04 1.618914805944930979e-01
5.024800000000000182e+03 1.008524321843096186e+04 1.668355501303249444e-01
5.028300000000000182e+03 1.013544442764077940e+04 1.640558221420547191e-01
5.031800000000000182e+03 1.006353389454025455e+04 1.670911123582441704e-01
5.035300000000000182e+03 9.986410095796612950e+03 1.673225134603401054e-01
5.038800000000000182e+03 9.863954006688580193e+03 1.663664792092305333e-01
5.042300000000000182e+03 9.905559304173140845e+03 1.643913192176159888e-01
5.045800000000000182e+03 9.886028271536322791e+03 1.645349097248972881e-01
5.049300000000000182e+03 9.867690406595582317e+03 1.640056186208464495e-01
5.052800000000000182e+03 9.855225096433416184e+03 1.634799649935687604e-01
5.056300000000000182e+03 9.920374336957305786e+03 1.619294286476662681e-01
5.059800000000000182e+03 9.859981900862034308e+03 1.636560120597321810e-01
5.063300000000000182e+03 9.910998620630671212e+03 1.618853214807366159e-01
5.066800000000000182e+03 9.975670375943711406e+03 1.618771624475201232e-01
5.070300000000000182e+03 9.895675366798537652e+03 1.621973507821468374e-01
5.073800000000000182e+03 9.891093937379768249e+03 1.624939786550159693e-01
5.077300000000000182e+03 9.981142199878951942e+03 1.630333342119237861e-01
5.080800000000000182e+03 9.839951111028130981e+03 1.618362962254613902e-01
5.084300000000000182e+03 9.846947616355695573e+03 1.601774891695541547e-01
5.087800000000000182e+03 9.861126566027853187e+03 1.581626442167551605e-01
5.091300000000000182e+03 9.857096632386575948e+03 1.610283927781115121e-01
5.094800000000000182e+03 9.841736522454501028e+03 1.573377805558630604e-01
5.098300000000000182e+03 9.849048361150162236e+03 1.593671878053209423e-01
5.101800000000000182e+03 9.849046813584363917e+03 1.572266483500583401e-01
5.105300000000000182e+03 9.842139941995055779e+03 1.559951960879022992e-01
5.108800000000000182e+03 9.796003206330125977e+03 1.562163662133592146e-01
5.112300000000000182e+03 9.803822433291847119e+03 1.572154305051143286e-01
5.115800000000000182e+03 9.792570610328850307e+03 1.554496156051957401e-01
5.119300000000000182e+03 9.738785491583012117e+03 1.548854720147421482e-01
5.122800000000000182e+03 9.771488296817951777e+03 1.556172899376010721e-01
5.126300000000000182e+03 9.815904385727963017e+03 1.551888189793985684e-01
5.129800000000000182e+03 9.786489784556089944e+03 1.535358204123583037e-01
5.133300000000000182e+03 9.715523449780805095e+03 1.528611945440073450e-01
5.136800000000000182e+03 9.728686627791554201e+03 1.544883930497538138e-01
5.140300000000000182e+03 9.688212823392213977e+03 1.537831432566426626e-01
5.143800000000000182e+03 9.708344134351460525e+03 1.541894399680083794e-01
5.147300000000000182e+03 9.708611623778801004e+03 1.542999869926696688e-01
5.150800000000000182e+03 9.669579919172725567e+03 1.537442512011165663e-01
5.154300000000000182e+03 9.557469589941552840e+03 1.527446699675660824e-01
5.157800000000000182e+03 9.575879828086290217e+03 1.540666226379494297e-01
5.161300000000000182e+03 9.583526683944874094e+03 1.526282098871612203e-01
5.164800000000000182e+03 9.581813101189245572e+03 1.525396795614009093e-01
5.168300000000000182e+03 9.613593081340697609e+03 1.516085458640328842e-01
5.171800000000000182e+03 9.547458726107974144e+03 1.507921911559629013e-01
5.175300000000000182e+03 9.568008397453895668e+03 1.514440633671496894e-01
5.178800000000000182e+03 9.575798115104926183e+03 1.508204963347492267e-01
5.182300000000000182e+03 9.566332364520760166e+03 1.512034100856301244e-01
5.185800000000000182e+03 9.570938522940317853e+03 1.527276407133717484e-01
5.189300000000000182e+03 9.523776612899358952e+03 1.497948745346691923e-01
5.192800000000000182e+03 9.433646157429995583e+03 1.528396634300850099e-01
5.196300000000000182e+03 9.434938792462073252e+03 1.486985434316207833e-01
5.199800000000000182e+03 9.446660815541459669e+03 1.506313179389971169e-01
5.203300000000000182e+03 9.372084031378033615e+03 1.524901531745217198e-01
5.206800000000000182e+03 9.432768024662071184e+03 1.511079473227953385e-01
5.210300000000000182e+03 9.308043450326082166e+03 1.513472067282243816e-01
5.213800000000000182e+03 9.391182955715799835e+03 1.506041902458135906e-01
5.217300000000000182e+03 9.243315797602765088e+03 1.507959223090708512e-01
5.220800000000000182e+03 9.386760250216661007e+03 1.490524491001688767e-01
5.224300000000000182e+03 9.344564207498919131e+03 1.512723343766395057e-01
5.227800000000000182e+03 9.348966307288281314e+03 1.488753371702577488e-01
5.231300000000000182e+03 9.259698863195630111e+03 1.501072093129897922e-01
5.234800000000000182e+03 9.292701106205096949e+03 1.483054681251623486e-01
5.238300000000000182e+03 9.285158248786787226e+03 1.488744208901546517e-01
5.241800000000000182e+03 9.275803852504290262e+03 1.487329493738145381e-01
5.245300000000000182e+03 9.252588460878991100e+03 1.486925883631042000e-01
5.248800000000000182e+03 9.199611289088183185e+03 1.489892652040346044e-01
5.252300000000000182e+03 9.202806625787834491e+03 1.506585135875272707e-01
5.255800000000000182e+03 9.200438963917700676e+03 1.508574999302765840e-01
5.259300000000000182e+03 9.191961277146481734e+03 1.492060246324357908e-01
5.262800000000000182e+03 9.132354367575588185e+03 1.497524903934593643e-01
5.266300000000000182e+03 9.144841290944081265e+03 1.482344331505346668e-01
5.269800000000000182e+03 9.158443213934348023e+03 1.473601026669216774e-01
5.273300000000000182e+03 9.117320130192216311e+03 1.485412870042453759e-01
5.276800000000000182e+03 9.146872687170951394e+03 1.473586161569231945e-01
5.280300000000000182e+03 9.153740091380941521e+03 1.473246545861374435e-01
5.283800000000000182e+03 9.106288877082830368e+03 1.495258053337116255e-01
5.287300000000000182e+03 9.168814279830316082e+03 1.492719531863466176e-01
5.290800000000000182e+03 9.119569246653811206e+03 1.494627226198804171e-01
5.294300000000000182e+03 9.042446810601162724e+03 1.500773172867725103e-01
5.297800000000000182e+03 9.032886002040095264e+03 1.500264054689697535e-01
5.301300000000000182e+03 9.013858483706793777e+03 1.476032847965632611e-01
5.304800000000000182e+03 9.002567217005831480e+03 1.491242026364947293e-01
5.308300000000000182e+03 8.975281599249017745e+03 1.476526914915340938e-01
5.311800000000000182e+03 8.997388232527986474e+03 1.483054916232791065e-01
5.315300000000000182e+03 8.913945071602114695e+03 1.479961665273727411e-01
5.318800000000000182e+03 8.900777639347403237e+03 1.496144656522317429e-01
5.322300000000000182e+03 8.888329184339059793e+03 1.480224830533690139e-01
5.325800000000000182e+03 8.986110309707843044e+03 1.446530816207930725e-01
5.329300000000000182e+03 8.929682750968660912e+03 1.450482271011914182e-01
5.332800000000000182e+03 8.903991570536558356e+03 1.457151922819575063e-01
5.336300000000000182e+03 8.949203916519580162e+03 1.444107179646320349e-01
5.339800000000000182e+03 8.894027506775866641e+03 1.467781741561870190e-01
5.343300000000000182e+03 8.868719113777491657e+03 1.462517862865800045e-01
5.346800000000000182e+03 8.768156907120430333e+03 1.464927382879645523e-01
5.350300000000000182e+03 8.860013144424427082e+03 1.464870468630669886e-01
5.353800000000000182e+03 8.844531349217060779e+03 1.461873083512691129e-01
5.357300000000000182e+03 8.813842505472775883e+03 1.475933005451158797e-01
5.360800000000000182e+03 8.774642081327170672e+03 1.468137677158690702e-01
5.364300000000000182e+03 8.780211702319769756e+03 1.439169012695540040e-01
5.367800000000000182e+03 8.828560917742724996e+03 1.439261791781412669e-01
5.371300000000000182e+03 8.718372595087175796e+03 1.454148571916698274e-01
5.374800000000000182e+03 8.813393132748684366e+03 1.434942002605507083e-01
5.378300000000000182e+03 8.731551209569621278e+03 1.433878682342164812e-01
5.381800000000000182e+03 8.746673961311829771e+03 1.456569673903294337e-01
5.385300000000000182e+03 8.668349909214584841e+03 1.468366282292785929e-01
5.388800000000000182e+03 8.715902564714384425e+03 1.435392059536136633e-01
5.392300000000000182e+03 8.674118150693973803e+03 1.462014482149821826e-01
5.395800000000000182e+03 8.567112481131831373e+03 1.470192837760934124e-01
5.399300000000000182e+03 8.587196980180395258e+03 1.445965086421193146e-01
5.402800000000000182e+03 8.637682624242674137e+03 1.454147344423990795e-01
5.406300000000000182e+03 8.543181780484756018e+03 1.450075747030416251e-01
5.409800000000000182e+03 8.553148282201102120e+03 1.461544464591529036e-01
5.413300000000000182e+03 8.541094291171828445e+03 1.464144469483075472e-01
5.416800000000000182e+03 8.481470467163271678e+03 1.442807864534719486e-01
5.420300000000000182e+03 8.511482970224478777e+03 1.433380938955690631e-01
5.423800000000000182e+03 8.554419016740512234e+03 1.424885426116483944e-01
5.427300000000000182e+03 8.468326533286239282e+03 1.461239235827196392e-01
5.430800000000000182e+03 8.479114809542870717e+03 1.435419557364985554e-01
5.434300000000000182e+03 8.384155813431487331e+03 1.431958860953885804e-01
5.437800000000000182e+03 8.381884614946467991e+03 1.438093257648141721e-01
5.441300000000000182e+03 8.462347735760544310e+03 1.430116261276324074e-01
5.444800000000000182e+03 8.428987189170389684e+03 1.426270001146564270e-01
5.448300000000000182e+03 8.332814274385165845e+03 1.418732224576562118e-01
5.451800000000000182e+03 8.391054241535133770e+03 1.432073528107770388e-01
5.455300000000000182e+03 8.393325441508230142e+03 1.431526733078760938e-01
5.458800000000000182e+03 8.318733566568802416e+03 1.435758764562738710e-01
5.462300000000000182e+03 8.306984234554087379e+03 1.420651449337065053e-01
5.465800000000000182e+03 8.228895510900911177e+03 1.432977618272877063e-01
5.469300000000000182e+03 8.311630999296236041e+03 1.409375551538705751e-01
5.472800000000000182e+03 8.278681609614241097e+03 1.407336290589915884e-01
5.476300000000000182e+03 8.339664520529273432e+03 1.395313671744892736e-01
5.479800000000000182e+03 8.278669910655529748e+03 1.406098476724199908e-01
5.483300000000000182e+03 8.283928159170287472e+03 1.412985962036386323e-01
5.486800000000000182e+03 8.167419412764456865e+03 1.425211145313934336e-01
5.490300000000000182e+03 8.199669836937211585e+03 1.426188567398718465e-01
5.493800000000000182e+03 8.218386436091934229e+03 1.386433964518020145e-01
5.497300000000000182e+03 8.189725692691798031e+03 1.410908334834155564e-01
5.500800000000000182e+03 8.221146341880683394e+03 1.403337265622970065e-01
5.504300000000000182e+03 8.132208512970546508e+03 1.379825377369902628e-01
5.507800000000000182e+03 8.137659674779204579e+03 1.394439129632302488e-01
5.511300000000000182e+03 8.167305225038371645e+03 1.374846713441434665e-01
5.514800000000000182e+03 8.102145152578975285e+03 1.398137973335226714e-01
5.518300000000000182e+03 8.088303147532055846e+03 1.397379448098807209e-01
5.521800000000000182e+03 8.120503101803300524e+03 1.402549874420571108e-01
5.525300000000000182e+03 8.106717713353057661e+03 1.394406384238377761e-01
5.528800000000000182e+03 8.018705547776265121e+03 1.408445427136068850e-01
5.532300000000000182e+03 8.017556414500040773e+03 1.411671686912099322e-01
5.535800000000000182e+03 7.962399998901692015e+03 1.374578421105331905e-01
5.539300000000000182e+03 8.036184317803228623e+03 1.374383401885584388e-01
5.542800000000000182e+03 8.006184353156134421e+03 1.397805965312499676e-01
5.546300000000000182e+03 7.983457899897354764e+03 1.368826368610879529e-01
5.549800000000000182e+03 7.990595449450013803e+03 1.386190461971327781e-01
5.553300000000000182e+03 7.902592140956357980e+03 1.390834753223403608e-01
5.556800000000000182e+03 7.971941221079649949e+03 1.400693300233882832e-01
5.560300000000000182e+03 7.947525215745437890e+03 1.381026606738542661e-01
5.563800000000000182e+03 7.868197661810400859e+03 1.384425376172153388e-01
5.567300000000000182e+03 7.927008863958898473e+03 1.391942122925268199e-01
5.570800000000000182e+03 7.864027700329455911e+03 1.390333698128910500e-01
5.574300000000000182e+03 7.876472224682885098e+03 1.391675955043635837e-01
5.577800000000000182e+03 7.900432361752314137e+03 1.377609241288308695e-01
5.581300000000000182e+03 7.795675242895091287e+03 1.377993908399416934e-01
5.584800000000000182e+03 7.829669360313346260e+03 1.386260271830675184e-01
5.588300000000000182e+03 7.791545633181404810e+03 1.367019587126520885e-01
5.591800000000000182e+03 7.790727474311806873e+03 1.383828940633151094e-01
5.595300000000000182e+03 7.770329846039341646e+03 1.390477434503898102e-01
5.598800000000000182e+03 7.790570790536625282e+03 1.374548112686278800e-01
5.602300000000000182e+03 7.759642626757491598e+03 1.384724072230311132e-01
5.605800000000000182e+03 7.749223483583502457e+03 1.381597438765091723e-01
5.609300000000000182e+03 7.721223265146592894e+03 1.388997062170058694e-01
5.612800000000000182e+03 7.711505320586345988e+03 1.370443786498614369e-01
5.616300000000000182e+03 7.709879247912166647e+03 1.379371765884762346e-01
5.619800000000000182e+03 7.649433514892255516e+03 1.394898890062864771e-01
5.623300000000000182e+03 7.686132952703626870e+03 1.372761581427359157e-01
5.626800000000000182e+03 7.668490979091291592e+03 1.400023240007184366e-01
5.630300000000000182e+03 7.593455547872964416e+03 1.386474869818390132e-01
5.633800000000000182e+03 7.608501201304686219e+03 1.403652930969248591e-01
5.637300000000000182e+03 7.573119250079985250e+03 1.368343965738618440e-01
5.640800000000000182e+03 7.598627805822494338e+03 1.393149673532345367e-01
5.644300000000000182e+03 7.668617137891469611e+03 1.383061238016357608e-01
5.647800000000000182e+03 7.568636601337499087e+03 1.386274714882209380e-01
5.651300000000000182e+03 7.485542534637884273e+03 1.397386786738560038e-01
5.654800000000000182e+03 7.524345450126839751e+03 1.377136348740542748e-01
5.658300000000000182e+03 7.540954138628602777e+03 1.374203536012363613e-01
5.661800000000000182e+03 7.500257295091272681e+03 1.395767852225378858e-01
5.665300000000000182e+03 7.429061799777392480e+03 1.375557734558928991e-01
5.668800000000000182e+03 7.477789334923153547e+03 1.382545534040513224e-01
5.672300000000000182e+03 7.450331319532751877e+03 1.385116345593703779e-01
5.675800000000000182e+03 7.431114650430846268e+03 1.398832813578098910e-01
5.679300000000000182e+03 7.375777848243655171e+03 1.425745086602254186e-01
5.682800000000000182e+03 7.431532890859726649e+03 1.399991134736483511e-01
5.686300000000000182e+03 7.366976247061287722e+03 1.414771796603104259e-01
5.689800000000000182e+03 7.368541689575633427e+03 1.407869399477570393e-01
5.693300000000000182e+03 7.313935238152348575e+03 1.425760746140100621e-01
5.696800000000000182e+03 7.287480874651754675e+03 1.420522937086639292e-01
