# wavelength angstroms, flux, ext coeff
3.299300000000000182e+03 1.294631699264935492e+02 8.212086626533215972e-01
3.302800000000000182e+03 1.351058330195090775e+02 8.136977210173093056e-01
3.306300000000000182e+03 1.360788823005159713e+02 8.118267288243609103e-01
3.309800000000000182e+03 1.412708676233268932e+02 8.114270632982693021e-01
3.313300000000000182e+03 1.392167532768895057e+02 8.073870954067516870e-01
3.316800000000000182e+03 1.458748066528328593e+02 7.985895532812060660e-01
3.320300000000000182e+03 1.503707110996675453e+02 7.893612628271997611e-01
3.323800000000000182e+03 1.584646094676776329e+02 7.813129667404619116e-01
3.327300000000000182e+03 1.566734663800886551e+02 7.791854373833361214e-01
3.330800000000000182e+03 1.733625474235152524e+02 7.698627241515800801e-01
3.334300000000000182e+03 1.678293874995450778e+02 7.661285452654187367e-01
3.337800000000000182e+03 1.755024042908174522e+02 7.629598296281900893e-01
3.341300000000000182e+03 1.746849300532667542e+02 7.619926543028451293e-01
3.344800000000000182e+03 1.785697444804788176e+02 7.573492584920025195e-01
3.348300000000000182e+03 1.825098012059484347e+02 7.541036347853478095e-01
3.351800000000000182e+03 1.910735351690782124e+02 7.438075969327316850e-01
3.355300000000000182e+03 1.949243051887308411e+02 7.401340276004424457e-01
3.358800000000000182e+03 1.993378737958614408e+02 7.336316231662896037e-01
3.362300000000000182e+03 2.057104965714567868e+02 7.298220626227548413e-01
3.365800000000000182e+03 2.130389457282454657e+02 7.233222575938135224e-01
3.369300000000000182e+03 2.069997007796145283e+02 7.256656856476918493e-01
3.372800000000000182e+03 2.143116355320901789e+02 7.209521923178207059e-01
3.376300000000000182e+03 2.157989590464525520e+02 7.169132415029756400e-01
3.379800000000000182e+03 2.198053268931499247e+02 7.148614480587234254e-01
3.383300000000000182e+03 2.331629135770513699e+02 7.065123620984007369e-01
3.386800000000000182e+03 2.323193504291702141e+02 7.038844095218107499e-01
3.390300000000000182e+03 2.456903571716915167e+02 6.977142430783055405e-01
3.393800000000000182e+03 2.499704997890952711e+02 6.925654616456374812e-01
3.397300000000000182e+03 2.573569980082394295e+02 6.918169379219430981e-01
3.400800000000000182e+03 2.601048290533868226e+02 6.872453369459775585e-01
3.404300000000000182e+03 2.585670392468524597e+02 6.855322970740745925e-01
3.407800000000000182e+03 2.712393067858074005e+02 6.816851399689053403e-01
3.411300000000000182e+03 2.768018997601997739e+02 6.742938723916345189e-01
3.414800000000000182e+03 2.863884202595083934e+02 6.676882512700629269e-01
3.418300000000000182e+03 2.884059875706143430e+02 6.647958407764807953e-01
3.421800000000000182e+03 2.944476416603652638e+02 6.660555883462463411e-01
3.425300000000000182e+03 3.022698588782379829e+02 6.629309512059734510e-01
3.428800000000000182e+03 2.999596805268965909e+02 6.589721262839702831e-01
3.432300000000000182e+03 3.093965412377795587e+02 6.520028784197843263e-01
3.435800000000000182e+03 3.040213852556858001e+02 6.550595383432563645e-01
3.439300000000000182e+03 3.130017417167021563e+02 6.515630184879004361e-01
3.442800000000000182e+03 3.231407294035888640e+02 6.463603359946022975e-01
3.446300000000000182e+03 3.297783187707556181e+02 6.465537718190743632e-01
3.449800000000000182e+03 3.358124317028906489e+02 6.445919608658385869e-01
3.453300000000000182e+03 3.490689674493567622e+02 6.381604822320913195e-01
3.456800000000000182e+03 3.531053852384790162e+02 6.351285869111652493e-01
3.460300000000000182e+03 3.511099219333705719e+02 6.332490241752356530e-01
3.463800000000000182e+03 3.665695742558818893e+02 6.279394699243280309e-01
3.467300000000000182e+03 3.526126390451283328e+02 6.261084713490475684e-01
3.470800000000000182e+03 3.695975675958782176e+02 6.247764130654689385e-01
3.474300000000000182e+03 3.805823484126399876e+02 6.231280887745113128e-01
3.477800000000000182e+03 3.763725903376594033e+02 6.184449566929466346e-01
3.481300000000000182e+03 3.884180312661666790e+02 6.152005111028925333e-01
3.484800000000000182e+03 3.945919429749711753e+02 6.112034876027770958e-01
3.488300000000000182e+03 4.070307119338912116e+02 6.098982119265904389e-01
3.491800000000000182e+03 4.011441404163431343e+02 6.073610164142735357e-01
3.495300000000000182e+03 4.063327596868278988e+02 6.066798873350078836e-01
3.498800000000000182e+03 4.168991728470353451e+02 6.016449018376331948e-01
3.502300000000000182e+03 4.335223660625467232e+02 5.955407684121643008e-01
3.505800000000000182e+03 4.405810963901009245e+02 5.981166127330207472e-01
3.509300000000000182e+03 4.454028637713994385e+02 5.957580362628722703e-01
3.512800000000000182e+03 4.465015364327698535e+02 5.967247999433511474e-01
3.516300000000000182e+03 4.525815836471637681e+02 5.924384940602227534e-01
3.519800000000000182e+03 4.573904150172989489e+02 5.900447382985257727e-01
3.523300000000000182e+03 4.656049997802014104e+02 5.837869477042142430e-01
3.526800000000000182e+03 4.866504133607742233e+02 5.788375855681217041e-01
3.530300000000000182e+03 4.816016886830740873e+02 5.824791417114154601e-01
3.533800000000000182e+03 4.875165839142876507e+02 5.785762560789320386e-01
3.537300000000000182e+03 4.936792885035006861e+02 5.768031879452885091e-01
3.540800000000000182e+03 5.023891067189120463e+02 5.734800872764530544e-01
3.544300000000000182e+03 5.119386820899770782e+02 5.741470148738342383e-01
3.547800000000000182e+03 5.101329926446276772e+02 5.699825958461269826e-01
3.551300000000000182e+03 5.333271498109619415e+02 5.705720461148611200e-01
3.554800000000000182e+03 5.177236567165448378e+02 5.659552111258628893e-01
3.558300000000000182e+03 5.354234475449275124e+02 5.617473782929407466e-01
3.561800000000000182e+03 5.417537370980894593e+02 5.569445409616489151e-01
3.565300000000000182e+03 5.574052994088034438e+02 5.566658069315409962e-01
3.568800000000000182e+03 5.630684083032291483e+02 5.538556571507721182e-01
3.572300000000000182e+03 5.787153885119651022e+02 5.508961332982208470e-01
3.575800000000000182e+03 5.705279482865847740e+02 5.478797336808695073e-01
3.579300000000000182e+03 5.811098195376144986e+02 5.469832452274291379e-01
3.582800000000000182e+03 5.902378147080481767e+02 5.452462979838632595e-01
3.586300000000000182e+03 5.899279512010990629e+02 5.434499578786960994e-01
3.589800000000000182e+03 5.890409709405478225e+02 5.437773852545257913e-01
3.593300000000000182e+03 5.994333865403199297e+02 5.369225930073129316e-01
3.596800000000000182e+03 6.077695156111977894e+02 5.385955300558032954e-01
3.600300000000000182e+03 6.027911284733634147e+02 5.359033488348237118e-01
3.603800000000000182e+03 6.335698659718485715e+02 5.357201544894008016e-01
3.607300000000000182e+03 6.445347405081564602e+02 5.310886875029249277e-01
3.610800000000000182e+03 6.326958740017615810e+02 5.303377131758200136e-01
3.614300000000000182e+03 6.698468732719894660e+02 5.266654922537605810e-01
3.617800000000000182e+03 6.700793167873922584e+02 5.238828884312140000e-01
3.621300000000000182e+03 6.698883515371777548e+02 5.239493941794516330e-01
3.624800000000000182e+03 6.820806307592358735e+02 5.217395563237416933e-01
3.628300000000000182e+03 6.836840729533922740e+02 5.191459486392981937e-01
3.631800000000000182e+03 6.981172910970215071e+02 5.151858211734716697e-01
3.635300000000000182e+03 6.901810164768525055e+02 5.142684324442975408e-01
3.638800000000000182e+03 7.302062454420662334e+02 5.113951768196590697e-01
3.642300000000000182e+03 7.121758652524739546e+02 5.102608356967003322e-01
3.645800000000000182e+03 7.387014965343989843e+02 5.092499485830688233e-01
3.649300000000000182e+03 7.468599114186914676e+02 5.088154239869868700e-01
3.652800000000000182e+03 7.567807849537221045e+02 5.065049744990044456e-01
3.656300000000000182e+03 7.455204478398921992e+02 5.056790663868717672e-01
3.659800000000000182e+03 7.797342766514908590e+02 5.006110417098620369e-01
3.663300000000000182e+03 7.747345181274394008e+02 4.989476041197793976e-01
3.666800000000000182e+03 7.693310002087056318e+02 4.964368829893276436e-01
3.670300000000000182e+03 7.837419952813270356e+02 4.965328535221650852e-01
3.673800000000000182e+03 7.706329815335949434e+02 4.955532433151088600e-01
3.677300000000000182e+03 7.865802778322807853e+02 4.932851195756529084e-01
3.680800000000000182e+03 7.741021429779857499e+02 4.904322556412258893e-01
3.684300000000000182e+03 7.734788010835428622e+02 4.862066241187154580e-01
3.687800000000000182e+03 7.956990424921355043e+02 4.821889266786502648e-01
3.691300000000000182e+03 7.990907409547380666e+02 4.799745920682900735e-01
3.694800000000000182e+03 7.930180168364846622e+02 4.803989800917716213e-01
3.698300000000000182e+03 7.853084745710028756e+02 4.796529549407928528e-01
3.701800000000000182e+03 8.213133981506786085e+02 4.788741901786651156e-01
3.705300000000000182e+03 8.319162827658407195e+02 4.800785398616080890e-01
3.708800000000000182e+03 8.500293871715654177e+02 4.747565232030526716e-01
3.712300000000000182e+03 8.350821416640462758e+02 4.755760902307837323e-01
3.715800000000000182e+03 8.626487431369372416e+02 4.719389835250580312e-01
3.719300000000000182e+03 8.701349727954559512e+02 4.683442707204579225e-01
3.722800000000000182e+03 8.717647738465965404e+02 4.650548190136813975e-01
3.726300000000000182e+03 9.121638319724390840e+02 4.625726214672106762e-01
3.729800000000000182e+03 9.468441285636450857e+02 4.602070096523812603e-01
3.733300000000000182e+03 9.608332638827810115e+02 4.594845038836943840e-01
3.736800000000000182e+03 9.848506942362266727e+02 4.616617886848688457e-01
3.740300000000000182e+03 1.050858200719864953e+03 4.598705406093493431e-01
3.743800000000000182e+03 1.098733167874553146e+03 4.590810939523908285e-01
3.747300000000000182e+03 1.133669777965445292e+03 4.592039839687024894e-01
3.750800000000000182e+03 1.131936039779408702e+03 4.573653203724770688e-01
3.754300000000000182e+03 1.179335533354817471e+03 4.564509136851544469e-01
3.757800000000000182e+03 1.218746430293784215e+03 4.514919871053755807e-01
3.761300000000000182e+03 1.240205485305911452e+03 4.468569246013727181e-01
3.764800000000000182e+03 1.251229605305379209e+03 4.447605987334558031e-01
3.768300000000000182e+03 1.277403304379722385e+03 4.413524571011360753e-01
3.771800000000000182e+03 1.363549903270235291e+03 4.412511724317370043e-01
3.775300000000000182e+03 1.400111639876633944e+03 4.430905751510153534e-01
3.778800000000000182e+03 1.444309626965849930e+03 4.398007836177173502e-01
3.782300000000000182e+03 1.504276927217226557e+03 4.396377887654565053e-01
3.785800000000000182e+03 1.564760888001296735e+03 4.387015720210294956e-01
3.789300000000000182e+03 1.672984842271283469e+03 4.359319943666714603e-01
3.792800000000000182e+03 1.772585434463086131e+03 4.320562722264962852e-01
3.796300000000000182e+03 1.870957801608203454e+03 4.337159988853451220e-01
3.799800000000000182e+03 1.872492689540674291e+03 4.367406473137983580e-01
3.803300000000000182e+03 2.030612797771240594e+03 4.334116668816497264e-01
3.806800000000000182e+03 2.050362165544649997e+03 4.362908112190191368e-01
3.810300000000000182e+03 2.062575847482249173e+03 4.345413555960744301e-01
3.813800000000000182e+03 2.018935108729747753e+03 4.347303555196684322e-01
3.817300000000000182e+03 1.972386222064138337e+03 4.290715177767308042e-01
3.820800000000000182e+03 1.918242995636107253e+03 4.197438550207947539e-01
3.824300000000000182e+03 1.858256140954741795e+03 4.121281109670449361e-01
3.827800000000000182e+03 1.913558706609444471e+03 4.043617705374422666e-01
3.831300000000000182e+03 1.921411054423590258e+03 4.042626393974185772e-01
3.834800000000000182e+03 2.005720704155857447e+03 4.074371971282124694e-01
3.838300000000000182e+03 2.110954466247727396e+03 4.089514811980518028e-01
3.841800000000000182e+03 2.213339310176228992e+03 4.143944270999620483e-01
3.845300000000000182e+03 2.391140337656931933e+03 4.164993519692636315e-01
3.848800000000000182e+03 2.540067501491951589e+03 4.148262320644796608e-01
3.852300000000000182e+03 2.784824468021839948e+03 4.111435413800531014e-01
3.855800000000000182e+03 2.840665784900927520e+03 4.120906344969352819e-01
3.859300000000000182e+03 3.013895805490014482e+03 4.117033757421542095e-01
3.862800000000000182e+03 3.112118490651893808e+03 4.128447691202746239e-01
3.866300000000000182e+03 3.130154519239435103e+03 4.114545282177513030e-01
3.869800000000000182e+03 3.013471906194283747e+03 4.151809729357285872e-01
3.873300000000000182e+03 2.848621028339334771e+03 4.139238099959847150e-01
3.876800000000000182e+03 2.718390058457586292e+03 4.078004679713952418e-01
3.880300000000000182e+03 2.520395821988225180e+03 3.963598239176619464e-01
3.883800000000000182e+03 2.295405338127065988e+03 3.812758845386816642e-01
3.887300000000000182e+03 2.165062005403316107e+03 3.707265647909943618e-01
3.890800000000000182e+03 2.122766361600942673e+03 3.664717718482908282e-01
3.894300000000000182e+03 2.289443118190931273e+03 3.701061676477120921e-01
3.897800000000000182e+03 2.474690996739057027e+03 3.796685289461689816e-01
3.901300000000000182e+03 2.754201149168000029e+03 3.908396442147196170e-01
3.904800000000000182e+03 3.010727601575453718e+03 3.985210481667936233e-01
3.908300000000000182e+03 3.320476288228138401e+03 4.003459655734364353e-01
3.911800000000000182e+03 3.478692452456618867e+03 3.978248327441344379e-01
3.915300000000000182e+03 3.550273877764986082e+03 3.942241870898529066e-01
3.918800000000000182e+03 3.623619236216654826e+03 3.894925612086965194e-01
3.922300000000000182e+03 3.587907959866596229e+03 3.821406949124847574e-01
3.925800000000000182e+03 3.702623252527256227e+03 3.724302439723770064e-01
3.929300000000000182e+03 3.748541470638846022e+03 3.667819370448676120e-01
3.932800000000000182e+03 3.702702451727513107e+03 3.653907080123028339e-01
3.936300000000000182e+03 3.670980975523981215e+03 3.718143504523560572e-01
3.939800000000000182e+03 3.775685414725302508e+03 3.751587168735334710e-01
3.943300000000000182e+03 3.791700795932571054e+03 3.825390766941536014e-01
3.946800000000000182e+03 3.749991261732333442e+03 3.852962608175433679e-01
3.950300000000000182e+03 3.623355274119665864e+03 3.860448696967855309e-01
3.953800000000000182e+03 3.536290348074420308e+03 3.827438368440456151e-01
3.957300000000000182e+03 3.193457675377433588e+03 3.738873243482020992e-01
3.960800000000000182e+03 2.904160709582259187e+03 3.621460876330735990e-01
3.964300000000000182e+03 2.670542064222551289e+03 3.469917703536755660e-01
3.967800000000000182e+03 2.505648294042100588e+03 3.362962554715167030e-01
3.971300000000000182e+03 2.479604187112357522e+03 3.307565975468964581e-01
3.974800000000000182e+03 2.587447784510477959e+03 3.384240441701852897e-01
3.978300000000000182e+03 2.913952014433283694e+03 3.508937462501248161e-01
3.981800000000000182e+03 3.116473781647758187e+03 3.606562143809839971e-01
3.985300000000000182e+03 3.602039120667691805e+03 3.644832219172487453e-01
3.988800000000000182e+03 3.870056423850208830e+03 3.666865815257941974e-01
3.992300000000000182e+03 4.206781760933676196e+03 3.637685854075656811e-01
3.995800000000000182e+03 4.491874401687827230e+03 3.583779755574479919e-01
3.999300000000000182e+03 4.780992792207965977e+03 3.555286261468977305e-01
4.002800000000000182e+03 4.936332311730632682e+03 3.541391233720116993e-01
4.006300000000000182e+03 5.058836668350593754e+03 3.534509179499445430e-01
4.009800000000000182e+03 5.197910037475114223e+03 3.528343225609554268e-01
4.013300000000000182e+03 5.192505299266131260e+03 3.516517020557039519e-01
4.016800000000000182e+03 5.345937534417585994e+03 3.498189341778503159e-01
4.020300000000000182e+03 5.365963215798492456e+03 3.492055559197648207e-01
4.023800000000000182e+03 5.514562475640103003e+03 3.456837673966370317e-01
4.027300000000000182e+03 5.471575706749945311e+03 3.437071525759970436e-01
4.030800000000000182e+03 5.603818064472570768e+03 3.410569179182876276e-01
4.034300000000000182e+03 5.524930934721993253e+03 3.428076232171501925e-01
4.037800000000000182e+03 5.526396956852551739e+03 3.426402121470484285e-01
4.041300000000000182e+03 5.597074653110564213e+03 3.411133242104365526e-01
4.044800000000000182e+03 5.618764594220918298e+03 3.412155053444828057e-01
4.048300000000000182e+03 5.571781159753371867e+03 3.401636205821119141e-01
4.051800000000000182e+03 5.650032696379800655e+03 3.375263747441837880e-01
4.055300000000000182e+03 5.634232902600625494e+03 3.385782338908085443e-01
4.058800000000000182e+03 5.605354251658151043e+03 3.366523660733914958e-01
4.062300000000000182e+03 5.605309175468820285e+03 3.351266823252460614e-01
4.065800000000000182e+03 5.590686878195604550e+03 3.327606157284018207e-01
4.069300000000000182e+03 5.398179181519127269e+03 3.331795992231901260e-01
4.072800000000000182e+03 5.179017001566001454e+03 3.338646356951725513e-01
4.076300000000000182e+03 5.055175156794883151e+03 3.312757327604404223e-01
4.079800000000000182e+03 4.836811154766772233e+03 3.297117418493203389e-01
4.083300000000000182e+03 4.551805882081534946e+03 3.294307903801365067e-01
4.086800000000000182e+03 4.337893143204139960e+03 3.249427263817038503e-01
4.090300000000000182e+03 4.028573225832401022e+03 3.254127872317467141e-01
4.093800000000000182e+03 3.870015980682729605e+03 3.251361191040501586e-01
4.097300000000000182e+03 3.597660820683542170e+03 3.198402439805926312e-01
4.100800000000000182e+03 3.458867878595493494e+03 3.157813641174517238e-01
4.104300000000000182e+03 3.407281024851961774e+03 3.066921855025138144e-01
4.107800000000000182e+03 3.438885988474122769e+03 3.033642268819746191e-01
4.111300000000000182e+03 3.515664469919765452e+03 3.035992804039067128e-01
4.114800000000000182e+03 3.817957700692278650e+03 3.062514692659654147e-01
4.118300000000000182e+03 4.219969017203708972e+03 3.109734437894845493e-01
4.121800000000000182e+03 4.676307047111035899e+03 3.162043431204833444e-01
4.125300000000000182e+03 5.021321566523817637e+03 3.199397810415265386e-01
4.128800000000000182e+03 5.399612427409685552e+03 3.209698427107003926e-01
4.132300000000000182e+03 5.866119515546608454e+03 3.180398110566072245e-01
4.135800000000000182e+03 5.975401151216417020e+03 3.160528685989797415e-01
4.139300000000000182e+03 6.153820483737556060e+03 3.125368059256156128e-01
4.142800000000000182e+03 6.246431477151298168e+03 3.112166362690099164e-01
4.146300000000000182e+03 6.483249765579169434e+03 3.092969710008044992e-01
4.149800000000000182e+03 6.513426847632706995e+03 3.057605417468625686e-01
4.153300000000000182e+03 6.625161149026578641e+03 3.064131866436617391e-01
4.156800000000000182e+03 6.646079725005823093e+03 3.044454252220572532e-01
4.160300000000000182e+03 6.610601914980332367e+03 3.047178522725577654e-01
4.163800000000000182e+03 6.681580137772451053e+03 3.049631253531114305e-01
4.167300000000000182e+03 6.748513948050890576e+03 3.038187615160041211e-01
4.170800000000000182e+03 6.713505264575638648e+03 3.011369785393623322e-01
4.174300000000000182e+03 6.907885025296783169e+03 2.984817531197012097e-01
4.177800000000000182e+03 6.864610697183790762e+03 2.989390689007094815e-01
4.181300000000000182e+03 7.022033004372680807e+03 2.963732931570578488e-01
4.184800000000000182e+03 7.016342617695589979e+03 2.960700067333813523e-01
4.188300000000000182e+03 6.946925439640903278e+03 2.964153348195592286e-01
4.191800000000000182e+03 6.876559529585895689e+03 2.961143252165258088e-01
4.195300000000000182e+03 7.007273639196951990e+03 2.946893408979027185e-01
4.198800000000000182e+03 7.068687487936000252e+03 2.941063473296104402e-01
4.202300000000000182e+03 7.183477127411658330e+03 2.937865399091836305e-01
4.205800000000000182e+03 7.119199542187293446e+03 2.916288497980392136e-01
4.209300000000000182e+03 7.174946369010750459e+03 2.903780846815834371e-01
4.212800000000000182e+03 7.138402189401150281e+03 2.912700517332205696e-01
4.216300000000000182e+03 7.115344003345504461e+03 2.871984246904791815e-01
4.219800000000000182e+03 7.197669183535909724e+03 2.893414846931908202e-01
4.223300000000000182e+03 7.171142343439251817e+03 2.876936042591701770e-01
4.226800000000000182e+03 7.255793842216528901e+03 2.872997220287393794e-01
4.230300000000000182e+03 7.325844195074471827e+03 2.851467338016311914e-01
4.233800000000000182e+03 7.381720713063625226e+03 2.823806730359122996e-01
4.237300000000000182e+03 7.352573831062924910e+03 2.838577989153004411e-01
4.240800000000000182e+03 7.416341892103187092e+03 2.829204493996975711e-01
4.244300000000000182e+03 7.477889368525495229e+03 2.805139117873049481e-01
4.247800000000000182e+03 7.358541451564121417e+03 2.831134834261805899e-01
4.251300000000000182e+03 7.343626895349928418e+03 2.823349952552463016e-01
4.254800000000000182e+03 7.425970529546871148e+03 2.791575972387604909e-01
4.258300000000000182e+03 7.516205065596267559e+03 2.778559239864797359e-01
4.261800000000000182e+03 7.539360237374532517e+03 2.779337197929992453e-01
4.265300000000000182e+03 7.476164589913072632e+03 2.763695190783745925e-01
4.268800000000000182e+03 7.488688678034805889e+03 2.737078171298928386e-01
4.272300000000000182e+03 7.400056164686377087e+03 2.733488237574114854e-01
4.275800000000000182e+03 7.454584089782907540e+03 2.739057522566920588e-01
4.279300000000000182e+03 7.540079669219410789e+03 2.727243109753895722e-01
4.282800000000000182e+03 7.627126733234506901e+03 2.715055335997211827e-01
4.286300000000000182e+03 7.588920667206991311e+03 2.725042388671741200e-01
4.289800000000000182e+03 7.584925364642599561e+03 2.707102278425283504e-01
4.293300000000000182e+03 7.523818238735524574e+03 2.712300631221936098e-01
4.296800000000000182e+03 7.524033384182105692e+03 2.711770407174431963e-01
4.300300000000000182e+03 7.449545983264622009e+03 2.697724375525016871e-01
4.303800000000000182e+03 7.343073720029645301e+03 2.693979685717877715e-01
4.307300000000000182e+03 7.219972654036653694e+03 2.682853731425217658e-01
4.310800000000000182e+03 6.993382641703223271e+03 2.681656160734221528e-01
4.314300000000000182e+03 6.774988741928462332e+03 2.672505239090392504e-01
4.317800000000000182e+03 6.452713956598294317e+03 2.649978487415020623e-01
4.321300000000000182e+03 5.986343545232464749e+03 2.640727220952152621e-01
4.324800000000000182e+03 5.704828644619987244e+03 2.614931076530577769e-01
4.328300000000000182e+03 5.239650983086626184e+03 2.612101549347340956e-01
4.331800000000000182e+03 5.154754129161600758e+03 2.602666122936629911e-01
4.335300000000000182e+03 4.770773881850794169e+03 2.594012220558699067e-01
4.338800000000000182e+03 4.673028995227269661e+03 2.563234042938692392e-01
4.342300000000000182e+03 4.608313987118814111e+03 2.508480363424444026e-01
4.345800000000000182e+03 4.644809616012128572e+03 2.468852373186311011e-01
4.349300000000000182e+03 4.802275577299173165e+03 2.445609074121862792e-01
4.352800000000000182e+03 4.967500088715658421e+03 2.428133110438560061e-01
4.356300000000000182e+03 5.524867074715583840e+03 2.470126136608190304e-01
4.359800000000000182e+03 5.881914681776830548e+03 2.529011437470161106e-01
4.363300000000000182e+03 6.447155950259758356e+03 2.570560405992327047e-01
4.366800000000000182e+03 7.085595789484944362e+03 2.586441884730401042e-01
4.370300000000000182e+03 7.273233856074057258e+03 2.608188562950367051e-01
4.373800000000000182e+03 7.856220098453945866e+03 2.562580764441066417e-01
4.377300000000000182e+03 7.847668663413502145e+03 2.563038727206516931e-01
4.380800000000000182e+03 8.121856079348451203e+03 2.529954360780689582e-01
4.384300000000000182e+03 8.190454433209116360e+03 2.484225497910565739e-01
4.387800000000000182e+03 8.184029113518888153e+03 2.480883722110772405e-01
4.391300000000000182e+03 8.287153925273527420e+03 2.480654453020720296e-01
4.394800000000000182e+03 8.229086505477711398e+03 2.472826383874092981e-01
4.398300000000000182e+03 8.342114136180072819e+03 2.468509759988272989e-01
4.401800000000000182e+03 8.232896749680901848e+03 2.473100521843407951e-01
4.405300000000000182e+03 8.480265707602662587e+03 2.448637380355573046e-01
4.408800000000000182e+03 8.416597274707772158e+03 2.461078051347040663e-01
4.412300000000000182e+03 8.421216591601827531e+03 2.454772623478880256e-01
4.415800000000000182e+03 8.502543888190763028e+03 2.452546177362883162e-01
4.419300000000000182e+03 8.517035364763014513e+03 2.430156271103023902e-01
4.422800000000000182e+03 8.443094490139621485e+03 2.426034425873033473e-01
4.426300000000000182e+03 8.634973535042776348e+03 2.417556133916899663e-01
4.429800000000000182e+03 8.681748236062221622e+03 2.397508758918522886e-01
4.433300000000000182e+03 8.680465398660928258e+03 2.391820916699132493e-01
4.436800000000000182e+03 8.601385554935628534e+03 2.412051647964708889e-01
4.440300000000000182e+03 8.842009266093131373e+03 2.379705080872547840e-01
4.443800000000000182e+03 8.768760935664528006e+03 2.379347258300573698e-01
4.447300000000000182e+03 8.896719492275660741e+03 2.387359766116893545e-01
4.450800000000000182e+03 8.989994008136160119e+03 2.371026640179239586e-01
4.454300000000000182e+03 8.898959341792216946e+03 2.344114209576250996e-01
4.457800000000000182e+03 8.865483674151158993e+03 2.373682692418363771e-01
4.461300000000000182e+03 8.984141602372201305e+03 2.350806312674754150e-01
4.464800000000000182e+03 9.080761799716812675e+03 2.329923827171806738e-01
4.468300000000000182e+03 8.988285929081643189e+03 2.329601981977381386e-01
4.471800000000000182e+03 8.936781146688092122e+03 2.331204167236605451e-01
4.475300000000000182e+03 9.088043491587806784e+03 2.326880692392042926e-01
4.478800000000000182e+03 8.894330526567731795e+03 2.328289229089769152e-01
4.482300000000000182e+03 9.048907071502933832e+03 2.296882579019740578e-01
4.485800000000000182e+03 9.003472830629876626e+03 2.299971116191511233e-01
4.489300000000000182e+03 9.091698603115710284e+03 2.273762787396716445e-01
4.492800000000000182e+03 8.888548545587014814e+03 2.299801529755977902e-01
4.496300000000000182e+03 9.051928411367323861e+03 2.267627919177689355e-01
4.499800000000000182e+03 9.183374862267221033e+03 2.274751763765061607e-01
4.503300000000000182e+03 9.168232285336138375e+03 2.282756197735606452e-01
4.506800000000000182e+03 9.243688025666437170e+03 2.276111889269476496e-01
4.510300000000000182e+03 9.166942566596695542e+03 2.261802398678841308e-01
4.513800000000000182e+03 9.235383038108622713e+03 2.267133897351885086e-01
4.517300000000000182e+03 9.145115701705008178e+03 2.264315266960002238e-01
4.520800000000000182e+03 9.133641383742897233e+03 2.232663936511125879e-01
4.524300000000000182e+03 9.325088983739247851e+03 2.250157526471476543e-01
4.527800000000000182e+03 9.292531016248176456e+03 2.226628262923631418e-01
4.531300000000000182e+03 9.438047730134687299e+03 2.195188904650087480e-01
4.534800000000000182e+03 9.280450425046694363e+03 2.215299833913801086e-01
4.538300000000000182e+03 9.331633430000782027e+03 2.200203566094297014e-01
4.541800000000000182e+03 9.141103768183973443e+03 2.215242338734250416e-01
4.545300000000000182e+03 9.239833944129552037e+03 2.212621393921792856e-01
4.548800000000000182e+03 9.246066267672813410e+03 2.187252363789399245e-01
4.552300000000000182e+03 9.367200585348360619e+03 2.175021321144044173e-01
4.555800000000000182e+03 9.142218015004809786e+03 2.178212823764356099e-01
4.559300000000000182e+03 9.330816959398616746e+03 2.178154779718606271e-01
4.562800000000000182e+03 9.458899487437734933e+03 2.174911787811353026e-01
4.566300000000000182e+03 9.369974420884547726e+03 2.181233673280860430e-01
4.569800000000000182e+03 9.443840361324359037e+03 2.167438436949161995e-01
4.573300000000000182e+03 9.434748189011637805e+03 2.154197056175230218e-01
4.576800000000000182e+03 9.608352173019460679e+03 2.158682077604603955e-01
4.580300000000000182e+03 9.403216251041594660e+03 2.153375592361289059e-01
4.583800000000000182e+03 9.552884289660925788e+03 2.139349684183968481e-01
4.587300000000000182e+03 9.546430579635929462e+03 2.104354856634364501e-01
4.590800000000000182e+03 9.452681879474141169e+03 2.114829758062325427e-01
4.594300000000000182e+03 9.441341735577141662e+03 2.125330001439252881e-01
4.597800000000000182e+03 9.449675510085615315e+03 2.110066477449248912e-01
4.601300000000000182e+03 9.502035455000328511e+03 2.101697773729114260e-01
4.604800000000000182e+03 9.501009222668268194e+03 2.122480201979549397e-01
4.608300000000000182e+03 9.577702066881447536e+03 2.109175026270137532e-01
4.611800000000000182e+03 9.576241917770621512e+03 2.106676768230844599e-01
4.615300000000000182e+03 9.577302197747640093e+03 2.072486420873421997e-01
4.618800000000000182e+03 9.619497249881054813e+03 2.085395477315913904e-01
4.622300000000000182e+03 9.490829660155844977e+03 2.072575986955714489e-01
4.625800000000000182e+03 9.514210827175553277e+03 2.059809927773098570e-01
4.629300000000000182e+03 9.537867202811590687e+03 2.058978196672944516e-01
4.632800000000000182e+03 9.510545947869011798e+03 2.043114398932789622e-01
4.636300000000000182e+03 9.636160220896681494e+03 2.037918981985685773e-01
4.639800000000000182e+03 9.632935310370243315e+03 2.049055443760704753e-01
4.643300000000000182e+03 9.620921666874424773e+03 2.048211245193525820e-01
4.646800000000000182e+03 9.559202567622698552e+03 2.031864963348242181e-01
4.650300000000000182e+03 9.589565693125834514e+03 2.036279150106667657e-01
4.653800000000000182e+03 9.753393671427496884e+03 2.013902684760940920e-01
4.657300000000000182e+03 9.648891315255792506e+03 2.047032787492341910e-01
4.660800000000000182e+03 9.684588075011370165e+03 2.027751792716911972e-01
4.664300000000000182e+03 9.765957459491741247e+03 2.005121534597416599e-01
4.667800000000000182e+03 9.733538971942438366e+03 2.017332040934097515e-01
4.671300000000000182e+03 9.637854790994213545e+03 2.001108734086508301e-01
4.674800000000000182e+03 9.866175040031866956e+03 1.987157032488674757e-01
4.678300000000000182e+03 9.921713498023067586e+03 1.960318453685734597e-01
4.681800000000000182e+03 9.685324420180597372e+03 1.995351934546515660e-01
4.685300000000000182e+03 9.616426590329710962e+03 1.982544531831641754e-01
4.688800000000000182e+03 9.493748305082504885e+03 1.983200045400516920e-01
4.692300000000000182e+03 9.551708124105332899e+03 1.978930042824326441e-01
4.695800000000000182e+03 9.445899016136883802e+03 1.974005978056460053e-01
4.699300000000000182e+03 9.401020296790788052e+03 1.955850671246699979e-01
4.702800000000000182e+03 9.466671258484997452e+03 1.943864088944038948e-01
4.706300000000000182e+03 9.302405760126113819e+03 1.941294839274692041e-01
4.709800000000000182e+03 9.389545443354352756e+03 1.931010088724754159e-01
4.713300000000000182e+03 9.648514530305483277e+03 1.915107451817379958e-01
4.716800000000000182e+03 9.520100523449842512e+03 1.924389432091078156e-01
4.720300000000000182e+03 9.440084554295519411e+03 1.934904651756674532e-01
4.723800000000000182e+03 9.602977588576628477e+03 1.937002633770323889e-01
4.727300000000000182e+03 9.670042170468990662e+03 1.916530369370872122e-01
4.730800000000000182e+03 9.764812170344526749e+03 1.917229491698476118e-01
4.734300000000000182e+03 9.796217204694810789e+03 1.907179411234878608e-01
4.737800000000000182e+03 9.710643028522435998e+03 1.905209929300751837e-01
4.741300000000000182e+03 9.638638116029276716e+03 1.912054176206887390e-01
4.744800000000000182e+03 9.627789805858237742e+03 1.882513613801520269e-01
4.748300000000000182e+03 9.671004305691816626e+03 1.889574946151031942e-01
4.751800000000000182e+03 9.699518004605295573e+03 1.886003221725303103e-01
4.755300000000000182e+03 9.755035872311273124e+03 1.901077308106211561e-01
4.758800000000000182e+03 9.577214562979470429e+03 1.886623624751464223e-01
4.762300000000000182e+03 9.798612698794531752e+03 1.867921046897900450e-01
4.765800000000000182e+03 9.730280166242660925e+03 1.870975010284944839e-01
4.769300000000000182e+03 9.634718864721364298e+03 1.872097524214286213e-01
4.772800000000000182e+03 9.700930494599320809e+03 1.869293758199417621e-01
4.776300000000000182e+03 9.722491586534159069e+03 1.869328349466873873e-01
4.779800000000000182e+03 9.633587788840020949e+03 1.851379039604128252e-01
4.783300000000000182e+03 9.565083744253890472e+03 1.856100275973041336e-01
4.786800000000000182e+03 9.646464155006466171e+03 1.848977929496949391e-01
4.790300000000000182e+03 9.623651290444073311e+03 1.853347123757475845e-01
4.793800000000000182e+03 9.608238322823732233e+03 1.821141144640771037e-01
4.797300000000000182e+03 9.515713520144652648e+03 1.841581413278876311e-01
4.800800000000000182e+03 9.536648762806922605e+03 1.830167045351514810e-01
4.804300000000000182e+03 9.498702235427950654e+03 1.837718267881629508e-01
4.807800000000000182e+03 9.242516334901498340e+03 1.819784603948531587e-01
4.811300000000000182e+03 9.387162682851505451e+03 1.811393404552681385e-01
4.814800000000000182e+03 9.165729586751345778e+03 1.838598468183938461e-01
4.818300000000000182e+03 9.142552051428188861e+03 1.828475380248843762e-01
4.821800000000000182e+03 8.908018658410788703e+03 1.841270785100336538e-01
4.825300000000000182e+03 8.892826314476909829e+03 1.822151035055956103e-01
4.828800000000000182e+03 8.623249685999244321e+03 1.837374274190375356e-01
4.832300000000000182e+03 8.381574884106941681e+03 1.830132485256363850e-01
4.835800000000000182e+03 8.080457337183613163e+03 1.834498804760067436e-01
4.839300000000000182e+03 7.500034617660648109e+03 1.813135157454101032e-01
4.842800000000000182e+03 7.288835085166887438e+03 1.784929869890826137e-01
4.846300000000000182e+03 6.804711094346651407e+03 1.797195093612903583e-01
4.849800000000000182e+03 6.555693719458331543e+03 1.776743324495201615e-01
4.853300000000000182e+03 6.087292649077789065e+03 1.769056808426049676e-01
4.856800000000000182e+03 5.903610058607489009e+03 1.762640469009792710e-01
4.860300000000000182e+03 5.677780042027221498e+03 1.727422369087367182e-01
4.863800000000000182e+03 5.592337563891266655e+03 1.669820779309280634e-01
4.867300000000000182e+03 5.589568082484001934e+03 1.610440009311775722e-01
4.870800000000000182e+03 5.780097991286153956e+03 1.614278224803630257e-01
4.874300000000000182e+03 6.041783376670554389e+03 1.646507357105640168e-01
4.877800000000000182e+03 6.396785252337308521e+03 1.691944771002713843e-01
4.881300000000000182e+03 6.972545603734060933e+03 1.754769583292305202e-01
4.884800000000000182e+03 7.389293065975473837e+03 1.799823706070307894e-01
4.888300000000000182e+03 7.873769799098038675e+03 1.794139607339265141e-01
4.891800000000000182e+03 8.262885193097718002e+03 1.785010661469983440e-01
4.895300000000000182e+03 8.437882459338445187e+03 1.790786651711075983e-01
4.898800000000000182e+03 8.742902880152980288e+03 1.760344036531284739e-01
4.902300000000000182e+03 8.881022133662307169e+03 1.741350266560919013e-01
4.905800000000000182e+03 9.097139743573519809e+03 1.726158889888575187e-01
4.909300000000000182e+03 9.047025924494748324e+03 1.706628328234840175e-01
4.912800000000000182e+03 9.138352953151654219e+03 1.714666473300102134e-01
4.916300000000000182e+03 9.023557096966520476e+03 1.718309431304921864e-01
4.919800000000000182e+03 9.178689144314846999e+03 1.715738273446355544e-01
4.923300000000000182e+03 9.228065080030901299e+03 1.698246527089573854e-01
4.926800000000000182e+03 9.391154596358113849e+03 1.688011537342299917e-01
4.930300000000000182e+03 9.238396824614666912e+03 1.685927893497945196e-01
4.933800000000000182e+03 9.214753373004119567e+03 1.682135594055637340e-01
4.937300000000000182e+03 9.277645809338278923e+03 1.687280392414333696e-01
4.940800000000000182e+03 9.269997453982412480e+03 1.698780511147789940e-01
4.944300000000000182e+03 9.256844814410105755e+03 1.677647860161266546e-01
4.947800000000000182e+03 9.351802825443268375e+03 1.673452211891697239e-01
4.951300000000000182e+03 9.300517576438885953e+03 1.698362594755289390e-01
4.954800000000000182e+03 9.187507526903644248e+03 1.705390934946864612e-01
4.958300000000000182e+03 9.416374634294899806e+03 1.670874329990943152e-01
4.961800000000000182e+03 9.391328300409790245e+03 1.681860018500268006e-01
4.965300000000000182e+03 9.316340052351715713e+03 1.669205659890895255e-01
4.968800000000000182e+03 9.593306441828428433e+03 1.678260517324264844e-01
4.972300000000000182e+03 9.359344711850168096e+03 1.679772235669514391e-01
4.975800000000000182e+03 9.368356345275251442e+03 1.662212007009682135e-01
4.979300000000000182e+03 9.375787708274016040e+03 1.651559899125008835e-01
4.982800000000000182e+03 9.323792899777134153e+03 1.673120748724169493e-01
4.986300000000000182e+03 9.460922408651267688e+03 1.655112223455465770e-01
4.989800000000000182e+03 9.379121697385968218e+03 1.667833314001113398e-01
4.993300000000000182e+03 9.243314569551796012e+03 1.646712471875901584e-01
4.996800000000000182e+03 9.285464354953192014e+03 1.654694457472201674e-01
5.000300000000000182e+03 9.287643738944227152e+03 1.636035240733332563e-01
5.003800000000000182e+03 9.162630002607620554e+03 1.652185812120931518e-01
5.007300000000000182e+03 9.017878829647346720e+03 1.641492625279919737e-01
5.010800000000000182e+03 9.172185943616841541e+03 1.633221493841265637e-01
5.014300000000000182e+03 9.101489518107726326e+03 1.635427553580399429e-01
5.017800000000000182e+03 9.229360946130287630e+03 1.630930862732820064e-01
5.021300000000000182e+03 9.232198706007651708e+03 1.618914805944930979e-01
5.024800000000000182e+03 9.164707543121934577e+03 1.668355501303249444e-01
5.028300000000000182e+03 9.200486617329317596e+03 1.640558221420547191e-01
5.031800000000000182e+03 9.039131369616532538e+03 1.670911123582441704e-01
5.035300000000000182e+03 8.992942420520214000e+03 1.673225134603401054e-01
5.038800000000000182e+03 9.096131088304555306e+03 1.663664792092305333e-01
5.042300000000000182e+03 9.110188630487631599e+03 1.643913192176159888e-01
5.045800000000000182e+03 8.922414574817390530e+03 1.645349097248972881e-01
5.049300000000000182e+03 9.159843707976326186e+03 1.640056186208464495e-01
5.052800000000000182e+03 9.055847519543271119e+03 1.634799649935687604e-01
5.056300000000000182e+03 9.106575332183401770e+03 1.619294286476662681e-01
5.059800000000000182e+03 9.019417256532191459e+03 1.636560120597321810e-01
5.063300000000000182e+03 9.340651815829958650e+03 1.618853214807366159e-01
5.066800000000000182e+03 9.050410572320619394e+03 1.618771624475201232e-01
5.070300000000000182e+03 9.214461681237731682e+03 1.621973507821468374e-01
5.073800000000000182e+03 9.018817586792481961e+03 1.624939786550159693e-01
5.077300000000000182e+03 9.138376206262268170e+03 1.630333342119237861e-01
5.080800000000000182e+03 9.192111424625130894e+03 1.618362962254613902e-01
5.084300000000000182e+03 9.184872806877034236e+03 1.601774891695541547e-01
5.087800000000000182e+03 9.253884050395252416e+03 1.581626442167551605e-01
5.091300000000000182e+03 9.138407186331492994e+03 1.610283927781115121e-01
5.094800000000000182e+03 9.230483580399020866e+03 1.573377805558630604e-01
5.098300000000000182e+03 9.238914303628136622e+03 1.593671878053209423e-01
5.101800000000000182e+03 9.291292795196606676e+03 1.572266483500583401e-01
5.105300000000000182e+03 9.398680463372493250e+03 1.559951960879022992e-01
5.108800000000000182e+03 9.234847031882629381e+03 1.562163662133592146e-01
5.112300000000000182e+03 9.054501096713182051e+03 1.572154305051143286e-01
5.115800000000000182e+03 9.270407322249919162e+03 1.554496156051957401e-01
5.119300000000000182e+03 9.200403927821320394e+03 1.548854720147421482e-01
5.122800000000000182e+03 9.222726385173680683e+03 1.556172899376010721e-01
5.126300000000000182e+03 9.043101905560239175e+03 1.551888189793985684e-01
5.129800000000000182e+03 9.178672512339591776e+03 1.535358204123583037e-01
5.133300000000000182e+03 9.121539644163094636e+03 1.528611945440073450e-01
5.136800000000000182e+03 9.110002495348173397e+03 1.544883930497538138e-01
5.140300000000000182e+03 9.238914421213185051e+03 1.537831432566426626e-01
5.143800000000000182e+03 9.161909921224880236e+03 1.541894399680083794e-01
5.147300000000000182e+03 9.055643035743441942e+03 1.542999869926696688e-01
5.150800000000000182e+03 9.056914845117806180e+03 1.537442512011165663e-01
5.154300000000000182e+03 9.012825852805108298e+03 1.527446699675660824e-01
5.157800000000000182e+03 8.978327931338153576e+03 1.540666226379494297e-01
5.161300000000000182e+03 8.961109882688058860e+03 1.526282098871612203e-01
5.164800000000000182e+03 8.979218506354842248e+03 1.525396795614009093e-01
5.168300000000000182e+03 9.089776903565087196e+03 1.516085458640328842e-01
5.171800000000000182e+03 8.991355404192372589e+03 1.507921911559629013e-01
5.175300000000000182e+03 8.986035663385800945e+03 1.514440633671496894e-01
5.178800000000000182e+03 8.912981281513744761e+03 1.508204963347492267e-01
5.182300000000000182e+03 8.981048733909461589e+03 1.512034100856301244e-01
5.185800000000000182e+03 8.811816626210635150e+03 1.527276407133717484e-01
5.189300000000000182e+03 9.002457235635269171e+03 1.497948745346691923e-01
5.192800000000000182e+03 8.834929781552096756e+03 1.528396634300850099e-01
5.196300000000000182e+03 9.028738534809319390e+03 1.486985434316207833e-01
5.199800000000000182e+03 8.780958290314800252e+03 1.506313179389971169e-01
5.203300000000000182e+03 8.846368039892273373e+03 1.524901531745217198e-01
5.206800000000000182e+03 8.802901149789744522e+03 1.511079473227953385e-01
5.210300000000000182e+03 9.076090830816847301e+03 1.513472067282243816e-01
5.213800000000000182e+03 9.034884862222872471e+03 1.506041902458135906e-01
5.217300000000000182e+03 8.867206770255997981e+03 1.507959223090708512e-01
5.220800000000000182e+03 8.833196705680524246e+03 1.490524491001688767e-01
5.224300000000000182e+03 8.789861520457861843e+03 1.512723343766395057e-01
5.227800000000000182e+03 8.947202484385854405e+03 1.488753371702577488e-01
5.231300000000000182e+03 8.750211578161728539e+03 1.501072093129897922e-01
5.234800000000000182e+03 8.846514352995080117e+03 1.483054681251623486e-01
5.238300000000000182e+03 8.859421398754935581e+03 1.488744208901546517e-01
5.241800000000000182e+03 9.095361234715637693e+03 1.487329493738145381e-01
5.245300000000000182e+03 8.895190860968088600e+03 1.486925883631042000e-01
5.248800000000000182e+03 8.866002515630307244e+03 1.489892652040346044e-01
5.252300000000000182e+03 8.838254968318693500e+03 1.506585135875272707e-01
5.255800000000000182e+03 8.849089739227845712e+03 1.508574999302765840e-01
5.259300000000000182e+03 8.828571777867276978e+03 1.492060246324357908e-01
5.262800000000000182e+03 8.680416965473259552e+03 1.497524903934593643e-01
5.266300000000000182e+03 8.878809518158937863e+03 1.482344331505346668e-01
5.269800000000000182e+03 8.784907133517386683e+03 1.473601026669216774e-01
5.273300000000000182e+03 8.716957836836510978e+03 1.485412870042453759e-01
5.276800000000000182e+03 8.762255143307778781e+03 1.473586161569231945e-01
5.280300000000000182e+03 8.720340534037390171e+03 1.473246545861374435e-01
5.283800000000000182e+03 8.668316652153125688e+03 1.495258053337116255e-01
5.287300000000000182e+03 8.715738177829480264e+03 1.492719531863466176e-01
5.290800000000000182e+03 8.837725431892185952e+03 1.494627226198804171e-01
5.294300000000000182e+03 8.739665499542008547e+03 1.500773172867725103e-01
5.297800000000000182e+03 8.645108732955121013e+03 1.500264054689697535e-01
5.301300000000000182e+03 8.729745507286899738e+03 1.476032847965632611e-01
5.304800000000000182e+03 8.634297965562653189e+03 1.491242026364947293e-01
5.308300000000000182e+03 8.739783054992212783e+03 1.476526914915340938e-01
5.311800000000000182e+03 8.555169751780931620e+03 1.483054916232791065e-01
5.315300000000000182e+03 8.595224250919069164e+03 1.479961665273727411e-01
5.318800000000000182e+03 8.586756536504793985e+03 1.496144656522317429e-01
5.322300000000000182e+03 8.654950816632685019e+03 1.480224830533690139e-01
5.325800000000000182e+03 8.596330132990387938e+03 1.446530816207930725e-01
5.329300000000000182e+03 8.670993239494920999e+03 1.450482271011914182e-01
5.332800000000000182e+03 8.586895743572704305e+03 1.457151922819575063e-01
5.336300000000000182e+03 8.725864065811045293e+03 1.444107179646320349e-01
5.339800000000000182e+03 8.671496385596328764e+03 1.467781741561870190e-01
5.343300000000000182e+03 8.689362127268836048e+03 1.462517862865800045e-01
5.346800000000000182e+03 8.560681727683033387e+03 1.464927382879645523e-01
5.350300000000000182e+03 8.660469306287752261e+03 1.464870468630669886e-01
5.353800000000000182e+03 8.560134973220625398e+03 1.461873083512691129e-01
5.357300000000000182e+03 8.580879313546136473e+03 1.475933005451158797e-01
5.360800000000000182e+03 8.686423053996199087e+03 1.468137677158690702e-01
5.364300000000000182e+03 8.565283205361727596e+03 1.439169012695540040e-01
5.367800000000000182e+03 8.705377309253663043e+03 1.439261791781412669e-01
5.371300000000000182e+03 8.614370231275941478e+03 1.454148571916698274e-01
5.374800000000000182e+03 8.457225232626193247e+03 1.434942002605507083e-01
5.378300000000000182e+03 8.625877061986546323e+03 1.433878682342164812e-01
5.381800000000000182e+03 8.510286011215799590e+03 1.456569673903294337e-01
5.385300000000000182e+03 8.412181077688983351e+03 1.468366282292785929e-01
5.388800000000000182e+03 8.538577962674531591e+03 1.435392059536136633e-01
5.392300000000000182e+03 8.478133634614370749e+03 1.462014482149821826e-01
5.395800000000000182e+03 8.266974995283215321e+03 1.470192837760934124e-01
5.399300000000000182e+03 8.483888307792896740e+03 1.445965086421193146e-01
5.402800000000000182e+03 8.389602969665136698e+03 1.454147344423990795e-01
5.406300000000000182e+03 8.346331685077027942e+03 1.450075747030416251e-01
5.409800000000000182e+03 8.307813174431363223e+03 1.461544464591529036e-01
5.413300000000000182e+03 8.456286986408746088e+03 1.464144469483075472e-01
5.416800000000000182e+03 8.346198473552321957e+03 1.442807864534719486e-01
5.420300000000000182e+03 8.466638191151321735e+03 1.433380938955690631e-01
5.423800000000000182e+03 8.530655514080714056e+03 1.424885426116483944e-01
5.427300000000000182e+03 8.270960425633425984e+03 1.461239235827196392e-01
5.430800000000000182e+03 8.374193030622775041e+03 1.435419557364985554e-01
5.434300000000000182e+03 8.343734424931548347e+03 1.431958860953885804e-01
5.437800000000000182e+03 8.255025426515452637e+03 1.438093257648141721e-01
5.441300000000000182e+03 8.389542083487793207e+03 1.430116261276324074e-01
5.444800000000000182e+03 8.261494970496234600e+03 1.426270001146564270e-01
5.448300000000000182e+03 8.360430022588479915e+03 1.418732224576562118e-01
5.451800000000000182e+03 8.293361825057545502e+03 1.432073528107770388e-01
5.455300000000000182e+03 8.343951257957589405e+03 1.431526733078760938e-01
5.458800000000000182e+03 8.402826645979896057e+03 1.435758764562738710e-01
5.462300000000000182e+03 8.264396915860412264e+03 1.420651449337065053e-01
5.465800000000000182e+03 8.174349151711273407e+03 1.432977618272877063e-01
5.469300000000000182e+03 8.231130992254005832e+03 1.409375551538705751e-01
5.472800000000000182e+03 8.418227614826249919e+03 1.407336290589915884e-01
5.476300000000000182e+03 8.382909868680346335e+03 1.395313671744892736e-01
5.479800000000000182e+03 8.243240789507417503e+03 1.406098476724199908e-01
5.483300000000000182e+03 8.311709022337043280e+03 1.412985962036386323e-01
5.486800000000000182e+03 8.156258570345045882e+03 1.425211145313934336e-01
5.490300000000000182e+03 8.282303348756900959e+03 1.426188567398718465e-01
5.493800000000000182e+03 8.364379814772804821e+03 1.386433964518020145e-01
5.497300000000000182e+03 8.179753174446586854e+03 1.410908334834155564e-01
5.500800000000000182e+03 8.334112644942737461e+03 1.403337265622970065e-01
5.504300000000000182e+03 8.211325047690232168e+03 1.379825377369902628e-01
5.507800000000000182e+03 8.258676489202178345e+03 1.394439129632302488e-01
5.511300000000000182e+03 8.270655936726510845e+03 1.374846713441434665e-01
5.514800000000000182e+03 8.267256990688778387e+03 1.398137973335226714e-01
5.518300000000000182e+03 8.205750562113873457e+03 1.397379448098807209e-01
5.521800000000000182e+03 8.197535510575284206e+03 1.402549874420571108e-01
5.525300000000000182e+03 8.230585551291667798e+03 1.394406384238377761e-01
5.528800000000000182e+03 8.163099820766916309e+03 1.408445427136068850e-01
5.532300000000000182e+03 8.099183140201792412e+03 1.411671686912099322e-01
5.535800000000000182e+03 8.124101665006512121e+03 1.374578421105331905e-01
5.539300000000000182e+03 8.112461668144016585e+03 1.374383401885584388e-01
5.542800000000000182e+03 8.023285062960887444e+03 1.397805965312499676e-01
5.546300000000000182e+03 8.216350055067227004e+03 1.368826368610879529e-01
5.549800000000000182e+03 8.148942105320104929e+03 1.386190461971327781e-01
5.553300000000000182e+03 8.002229367322079270e+03 1.390834753223403608e-01
5.556800000000000182e+03 8.024733506344387933e+03 1.400693300233882832e-01
5.560300000000000182e+03 7.969300288775006265e+03 1.381026606738542661e-01
5.563800000000000182e+03 8.037190338496995537e+03 1.384425376172153388e-01
5.567300000000000182e+03 8.119766779494699222e+03 1.391942122925268199e-01
5.570800000000000182e+03 8.104817356734077293e+03 1.390333698128910500e-01
5.574300000000000182e+03 7.873698431190055999e+03 1.391675955043635837e-01
5.577800000000000182e+03 7.972485886434808890e+03 1.377609241288308695e-01
5.581300000000000182e+03 7.950304107682682115e+03 1.377993908399416934e-01
5.584800000000000182e+03 7.885583979819914020e+03 1.386260271830675184e-01
5.588300000000000182e+03 8.070785814094160742e+03 1.367019587126520885e-01
5.591800000000000182e+03 7.960640996416793314e+03 1.383828940633151094e-01
5.595300000000000182e+03 7.857261397204769310e+03 1.390477434503898102e-01
5.598800000000000182e+03 7.916339956309850095e+03 1.374548112686278800e-01
5.602300000000000182e+03 7.980722359140178924e+03 1.384724072230311132e-01
5.605800000000000182e+03 7.868731393274015318e+03 1.381597438765091723e-01
5.609300000000000182e+03 7.917532938147255663e+03 1.388997062170058694e-01
5.612800000000000182e+03 7.960092247770966424e+03 1.370443786498614369e-01
5.616300000000000182e+03 7.838949141169787254e+03 1.379371765884762346e-01
5.619800000000000182e+03 7.818554195513759623e+03 1.394898890062864771e-01
5.623300000000000182e+03 7.824682553274926249e+03 1.372761581427359157e-01
5.626800000000000182e+03 7.785398907942318147e+03 1.400023240007184366e-01
5.630300000000000182e+03 7.823591927728552946e+03 1.386474869818390132e-01
5.633800000000000182e+03 7.791440435100401373e+03 1.403652930969248591e-01
5.637300000000000182e+03 7.921604887996102661e+03 1.368343965738618440e-01
5.640800000000000182e+03 7.828431870890904065e+03 1.393149673532345367e-01
5.644300000000000182e+03 7.755868458832993383e+03 1.383061238016357608e-01
5.647800000000000182e+03 7.738338096130887607e+03 1.386274714882209380e-01
5.651300000000000182e+03 7.750077995573231419e+03 1.397386786738560038e-01
5.654800000000000182e+03 7.676183964431596905e+03 1.377136348740542748e-01
5.658300000000000182e+03 7.775563033837893272e+03 1.374203536012363613e-01
5.661800000000000182e+03 7.598852543355703347e+03 1.395767852225378858e-01
5.665300000000000182e+03 7.637389664624409306e+03 1.375557734558928991e-01
5.668800000000000182e+03 7.729874804766979651e+03 1.382545534040513224e-01
5.672300000000000182e+03 7.665781762836617418e+03 1.385116345593703779e-01
5.675800000000000182e+03 7.647022218772593078e+03 1.398832813578098910e-01
5.679300000000000182e+03 7.491150418054332476e+03 1.425745086602254186e-01
5.682800000000000182e+03 7.512794887232438668e+03 1.399991134736483511e-01
5.686300000000000182e+03 7.427929868764063940e+03 1.414771796603104259e-01
5.689800000000000182e+03 7.577518004484757512e+03 1.407869399477570393e-01
5.693300000000000182e+03 7.384843708906147185e+03 1.425760746140100621e-01
5.696800000000000182e+03 7.511872894403972168e+03 1.420522937086639292e-01
