# wavelength angstroms, flux, ext coeff
5.551500000000000000e+03 2.267798547324291576e+04 1.528775697018238122e-01
5.558500000000000000e+03 2.351670482970160447e+04 1.452776605032014834e-01
5.565500000000000000e+03 2.438519877850759440e+04 1.398559444598830859e-01
5.572500000000000000e+03 2.466719740879783785e+04 1.392424248600341585e-01
5.579500000000000000e+03 2.439446322989668261e+04 1.394843456593818365e-01
5.586500000000000000e+03 2.520673264416726306e+04 1.376429878633123882e-01
5.593500000000000000e+03 2.529635147397036417e+04 1.380478702635884181e-01
5.600500000000000000e+03 2.481260944829032451e+04 1.410646596712804568e-01
5.607500000000000000e+03 2.584852441085905230e+04 1.363809767548780916e-01
5.614500000000000000e+03 2.557057439517916282e+04 1.371152087336072189e-01
5.621500000000000000e+03 2.569698353010870414e+04 1.393378791579320819e-01
5.628500000000000000e+03 2.557584960258615320e+04 1.390919851122643380e-01
5.635500000000000000e+03 2.561156901606056636e+04 1.381926836604852604e-01
5.642500000000000000e+03 2.617366762769603883e+04 1.393139408091025322e-01
5.649500000000000000e+03 2.620093783957653795e+04 1.379139118848665413e-01
5.656500000000000000e+03 2.646890933966545708e+04 1.391822392022851185e-01
5.663500000000000000e+03 2.633932176738282942e+04 1.380874910306148229e-01
5.670500000000000000e+03 2.641731104316367782e+04 1.386420887254851408e-01
5.677500000000000000e+03 2.602844035348148827e+04 1.418542263636234646e-01
5.684500000000000000e+03 2.588474857316285124e+04 1.422166865871137553e-01
5.691500000000000000e+03 2.592239006182741650e+04 1.423569376462215097e-01
5.698500000000000000e+03 2.658029922381434517e+04 1.406434712911687479e-01
5.705500000000000000e+03 2.688838062360360709e+04 1.378768195229263249e-01
5.712500000000000000e+03 2.659290805140588054e+04 1.394513241814504811e-01
5.719500000000000000e+03 2.682688444902648916e+04 1.407846046564595610e-01
5.726500000000000000e+03 2.706566984520232290e+04 1.396228772974979770e-01
5.733500000000000000e+03 2.685669088334965636e+04 1.412206671428571092e-01
5.740500000000000000e+03 2.713919891319554154e+04 1.382169475281812554e-01
5.747500000000000000e+03 2.759232407094077644e+04 1.373788612190225134e-01
5.754500000000000000e+03 2.759321735899913256e+04 1.370305107914061571e-01
5.761500000000000000e+03 2.773381345286203577e+04 1.368355923872596192e-01
5.768500000000000000e+03 2.785250151849434042e+04 1.366642184583031217e-01
5.775500000000000000e+03 2.770454871561352411e+04 1.356247580689173005e-01
5.782500000000000000e+03 2.808479987239144248e+04 1.358541303493411567e-01
5.789500000000000000e+03 2.800415441334275602e+04 1.340071344883329574e-01
5.796500000000000000e+03 2.842781456317820630e+04 1.338263756664874737e-01
5.803500000000000000e+03 2.850145965656263070e+04 1.305428632669254352e-01
5.810500000000000000e+03 2.903470212366627675e+04 1.283437562687876343e-01
5.817500000000000000e+03 2.854482438146174900e+04 1.319661352760421180e-01
5.824500000000000000e+03 2.904553237950318726e+04 1.310002500418942228e-01
5.831500000000000000e+03 2.846858427812981608e+04 1.302810855938207057e-01
5.838500000000000000e+03 2.923630624370202713e+04 1.271703149611245476e-01
5.845500000000000000e+03 2.879848941891776121e+04 1.292482123860599075e-01
5.852500000000000000e+03 2.858049761925350322e+04 1.298238436644725269e-01
5.859500000000000000e+03 2.877084126736494363e+04 1.294447239985727083e-01
5.866500000000000000e+03 2.781086977995629059e+04 1.324142829610321093e-01
5.873500000000000000e+03 2.740842541504956534e+04 1.337618251510696576e-01
5.880500000000000000e+03 2.776902427869927124e+04 1.354725107027606457e-01
5.887500000000000000e+03 2.729624153946137812e+04 1.379877699576381178e-01
5.894500000000000000e+03 2.700178650578113957e+04 1.401381087239379208e-01
5.901500000000000000e+03 2.715470841209319042e+04 1.431960605072770676e-01
5.908500000000000000e+03 2.698732842072621497e+04 1.437328201520290671e-01
5.915500000000000000e+03 2.715754453817791000e+04 1.432714076071117115e-01
5.922500000000000000e+03 2.704417302402166388e+04 1.423021016446146259e-01
5.929500000000000000e+03 2.676198598545364803e+04 1.428225563895343386e-01
5.936500000000000000e+03 2.697222797180328052e+04 1.400258593605034629e-01
5.943500000000000000e+03 2.718317542513951776e+04 1.393106682370249816e-01
5.950500000000000000e+03 2.682628790326042872e+04 1.378498023875771306e-01
5.957500000000000000e+03 2.753567108055125573e+04 1.393065706141288773e-01
5.964500000000000000e+03 2.749080517800195230e+04 1.352666777778463170e-01
5.971500000000000000e+03 2.777004167053319907e+04 1.338000643201944784e-01
5.978500000000000000e+03 2.783048831564042848e+04 1.338375686022285627e-01
5.985500000000000000e+03 2.811694372485909844e+04 1.315452430112779292e-01
5.992500000000000000e+03 2.817466313228222498e+04 1.300705790272248530e-01
5.999500000000000000e+03 2.868183691359456498e+04 1.298506722907179778e-01
6.006500000000000000e+03 2.794839844040045864e+04 1.282963116564742601e-01
6.013500000000000000e+03 2.840133804855843482e+04 1.275598159759969430e-01
6.020500000000000000e+03 2.838175888506193223e+04 1.278124747644147075e-01
6.027500000000000000e+03 2.911303203066530477e+04 1.245923948373685725e-01
6.034500000000000000e+03 2.832695111144429757e+04 1.264465127007812217e-01
6.041500000000000000e+03 2.857909230267579915e+04 1.252050332877234218e-01
6.048500000000000000e+03 2.855444460795469786e+04 1.239636117576264074e-01
6.055500000000000000e+03 2.909432798123180328e+04 1.211974480528060505e-01
6.062500000000000000e+03 2.855467357872044158e+04 1.225509433566136785e-01
6.069500000000000000e+03 2.899152368196088719e+04 1.219936605586339345e-01
6.076500000000000000e+03 2.887170390730669897e+04 1.199745295372154769e-01
6.083500000000000000e+03 2.911381613542626292e+04 1.195101528923155770e-01
6.090500000000000000e+03 2.887564235969527726e+04 1.214177533082830135e-01
6.097500000000000000e+03 2.882894747377575186e+04 1.191801980924607346e-01
6.104500000000000000e+03 2.852342098678349794e+04 1.179759098652431309e-01
6.111500000000000000e+03 2.919637993604953226e+04 1.156974522340607631e-01
6.118500000000000000e+03 2.923270266597413502e+04 1.156541377458611131e-01
6.125500000000000000e+03 2.968061575567850014e+04 1.154023133454072647e-01
6.132500000000000000e+03 2.963764366261253235e+04 1.136780308983529053e-01
6.139500000000000000e+03 2.922837948826404318e+04 1.150302227333001304e-01
6.146500000000000000e+03 2.963516927659974681e+04 1.125765421039066211e-01
6.153500000000000000e+03 2.959038683366723490e+04 1.108278318646654659e-01
6.160500000000000000e+03 3.008969942792195798e+04 1.099191528273995300e-01
6.167500000000000000e+03 2.968188626126739473e+04 1.097237762928082450e-01
6.174500000000000000e+03 2.963068904352391110e+04 1.091817645854272767e-01
6.181500000000000000e+03 2.954902656340244721e+04 1.072946085548630440e-01
6.188500000000000000e+03 2.976864375233223836e+04 1.084322324682113342e-01
6.195500000000000000e+03 3.025446991358091327e+04 1.067892808864476933e-01
6.202500000000000000e+03 2.952549605907451769e+04 1.102561974155686630e-01
6.209500000000000000e+03 2.952349905684687110e+04 1.067352483075249547e-01
6.216500000000000000e+03 2.989887549263232358e+04 1.061053772778046966e-01
6.223500000000000000e+03 3.009391384316721451e+04 1.041818613397891002e-01
6.230500000000000000e+03 3.016553180386040185e+04 1.025710395266723890e-01
6.237500000000000000e+03 2.993360756495813257e+04 1.020054322262426288e-01
6.244500000000000000e+03 2.997265015550416138e+04 1.025940408499159268e-01
6.251500000000000000e+03 2.989937774040997829e+04 1.016079027828808018e-01
6.258500000000000000e+03 2.927266678460050753e+04 1.055762873919970507e-01
6.265500000000000000e+03 2.899812745559972973e+04 1.097234163901810861e-01
6.272500000000000000e+03 2.841099767817280372e+04 1.110217859722347489e-01
6.279500000000000000e+03 2.777801999595014058e+04 1.097825657059688237e-01
6.286500000000000000e+03 2.790429683580535493e+04 1.145067656394326006e-01
6.293500000000000000e+03 2.835119165931568932e+04 1.110144942552886704e-01
6.300500000000000000e+03 2.857082379425197360e+04 1.069672425531862509e-01
6.307500000000000000e+03 2.882568606563483627e+04 1.065283191049168771e-01
6.314500000000000000e+03 2.940223427981117493e+04 1.028639965888913793e-01
6.321500000000000000e+03 2.963521561513050983e+04 1.020876176153298620e-01
6.328500000000000000e+03 2.994090946058478221e+04 9.918176840482617607e-02
6.335500000000000000e+03 3.012863030835396057e+04 9.800727551616673916e-02
6.342500000000000000e+03 2.960377466333003031e+04 9.846411552201719819e-02
6.349500000000000000e+03 3.006823732368344281e+04 9.549547591365828425e-02
6.356500000000000000e+03 3.049693943025848057e+04 9.451922905748032233e-02
6.363500000000000000e+03 2.952336576191709537e+04 9.587815037194898082e-02
6.370500000000000000e+03 3.060556819147453643e+04 9.207200183806420191e-02
6.377500000000000000e+03 3.020693210066616666e+04 9.187057404384381398e-02
6.384500000000000000e+03 3.024016203589823272e+04 9.120567572639397269e-02
6.391500000000000000e+03 3.032792480154610894e+04 9.261745838140508780e-02
6.398500000000000000e+03 3.036959483845015347e+04 9.328897488650256253e-02
6.405500000000000000e+03 3.007940637276278358e+04 9.193035620673814523e-02
6.412500000000000000e+03 3.006182665729284054e+04 8.970378517071515845e-02
6.419500000000000000e+03 3.043352050355744359e+04 9.136750007214169966e-02
6.426500000000000000e+03 3.015699478377468040e+04 9.084534811356506645e-02
6.433500000000000000e+03 3.021719828456544928e+04 8.949322500981136963e-02
6.440500000000000000e+03 2.989692809768553343e+04 8.964093887548196804e-02
6.447500000000000000e+03 2.955241836834383139e+04 9.041675623103463677e-02
6.454500000000000000e+03 2.957431759992765728e+04 9.048134298185957214e-02
6.461500000000000000e+03 2.913364366862483439e+04 9.322272050966755319e-02
6.468500000000000000e+03 2.888229920267665511e+04 9.626314169263845699e-02
6.475500000000000000e+03 2.896168440912108053e+04 9.660097959923416577e-02
6.482500000000000000e+03 2.826368042325512579e+04 9.759296816796450558e-02
6.489500000000000000e+03 2.850564895760323634e+04 9.596606135822545458e-02
6.496500000000000000e+03 2.895843572317806684e+04 9.438433135302383425e-02
6.503500000000000000e+03 2.888833908534083457e+04 9.591216014621556374e-02
6.510500000000000000e+03 2.923209377625928028e+04 9.354636508665721550e-02
6.517500000000000000e+03 2.893557040873083315e+04 9.288955803969596581e-02
6.524500000000000000e+03 2.868884140660032426e+04 9.620330850326742900e-02
6.531500000000000000e+03 2.861927000928456982e+04 9.574164660829476148e-02
6.538500000000000000e+03 2.859669700346028912e+04 9.519959722134635483e-02
6.545500000000000000e+03 2.854518473989578342e+04 9.053093860527725023e-02
6.552500000000000000e+03 2.819654189190495163e+04 8.573689216038486716e-02
6.559500000000000000e+03 2.821240939387652543e+04 7.377439851845253582e-02
6.566500000000000000e+03 2.836271987967703171e+04 5.820138571163011032e-02
6.573500000000000000e+03 2.837805366224127283e+04 6.157671308061059279e-02
6.580500000000000000e+03 2.847132913528300196e+04 7.678326246512814923e-02
6.587500000000000000e+03 2.774242166529475435e+04 9.185424084319862570e-02
6.594500000000000000e+03 2.867222132156493899e+04 9.075014326625778505e-02
6.601500000000000000e+03 2.930837172784599170e+04 8.292506889019357619e-02
6.608500000000000000e+03 2.990304140084162646e+04 8.326741022257114211e-02
6.615500000000000000e+03 2.983949372731680342e+04 7.871330781454458081e-02
6.622500000000000000e+03 2.972594639899424874e+04 7.709869187876022822e-02
6.629500000000000000e+03 3.028138866172864073e+04 7.621191670823677933e-02
6.636500000000000000e+03 3.015197522262883649e+04 7.587811199833162379e-02
6.643500000000000000e+03 3.018190311261996612e+04 7.496032663646626237e-02
6.650500000000000000e+03 2.978811513218615801e+04 7.628324677226290540e-02
6.657500000000000000e+03 2.966194922176620094e+04 7.414647310368850663e-02
6.664500000000000000e+03 2.989629547814942634e+04 7.343969839438292679e-02
6.671500000000000000e+03 3.003748397347561695e+04 7.083420021136148381e-02
6.678500000000000000e+03 3.017490365899573226e+04 7.246595844453232460e-02
6.685500000000000000e+03 2.984379963245430918e+04 7.120408812217340899e-02
6.692500000000000000e+03 3.029861814455114654e+04 7.116882043774941380e-02
6.699500000000000000e+03 3.068273031522836027e+04 6.837341961446335992e-02
6.706500000000000000e+03 3.022987546627795746e+04 7.023436830255590235e-02
6.713500000000000000e+03 3.026030501206915505e+04 6.922483394070391705e-02
6.720500000000000000e+03 2.983951880520874329e+04 6.913060444752835987e-02
6.727500000000000000e+03 2.926038552366916338e+04 7.232622053731073419e-02
6.734500000000000000e+03 3.007440316443111442e+04 6.791227980810708720e-02
6.741500000000000000e+03 2.967899709688356234e+04 6.905637961090151100e-02
6.748500000000000000e+03 2.986828375105696614e+04 6.901546347979105323e-02
6.755500000000000000e+03 2.990462454182159490e+04 6.970044408959914783e-02
6.762500000000000000e+03 2.980011523808641505e+04 6.752801446464400115e-02
6.769500000000000000e+03 3.014094116975500583e+04 6.879552014564391249e-02
6.776500000000000000e+03 2.996412141265756873e+04 6.669613394039974885e-02
6.783500000000000000e+03 2.962450222394652519e+04 6.718726225352016079e-02
6.790500000000000000e+03 2.953853573830815367e+04 6.758557317877381121e-02
6.797500000000000000e+03 2.941291113271981158e+04 6.688882635260588738e-02
6.804500000000000000e+03 2.917055340323261407e+04 6.470325994059436536e-02
6.811500000000000000e+03 2.992934631664450717e+04 6.488211321996673053e-02
6.818500000000000000e+03 2.939937817301891846e+04 6.519504705071428596e-02
6.825500000000000000e+03 2.941351272650957617e+04 6.495294837372765639e-02
6.832500000000000000e+03 2.932758916154375402e+04 6.420372440820938664e-02
6.839500000000000000e+03 2.914124162916620116e+04 6.578340468159139809e-02
6.846500000000000000e+03 2.850495289877220785e+04 7.266175991457711481e-02
6.853500000000000000e+03 2.586534498408024592e+04 9.415091197776472021e-02
6.860500000000000000e+03 2.302693246091570109e+04 1.093303848469788231e-01
6.867500000000000000e+03 2.246338193813744510e+04 8.353439136142275234e-02
6.874500000000000000e+03 2.113867618922827387e+04 9.446359111525810814e-02
6.881500000000000000e+03 1.922389077639614698e+04 1.356909991088873224e-01
6.888500000000000000e+03 2.002646005573985894e+04 1.283638044357810759e-01
6.895500000000000000e+03 2.150099765390701214e+04 1.093116906495939511e-01
6.902500000000000000e+03 2.210985309874336963e+04 1.050779048545108646e-01
6.909500000000000000e+03 2.285689005039345648e+04 1.022172956736383670e-01
6.916500000000000000e+03 2.375507014445805908e+04 9.759968021258030868e-02
6.923500000000000000e+03 2.402398098663347992e+04 9.353644771863493801e-02
6.930500000000000000e+03 2.417792977301171777e+04 9.205135586425365612e-02
6.937500000000000000e+03 2.419044200575395007e+04 9.093009997438808445e-02
6.944500000000000000e+03 2.465495102489150668e+04 8.854356471171932752e-02
6.951500000000000000e+03 2.496578162235919444e+04 8.539831978880201013e-02
6.958500000000000000e+03 2.592246587673629620e+04 7.877789567677427607e-02
6.965500000000000000e+03 2.606719987660713014e+04 7.465159886418325230e-02
6.972500000000000000e+03 2.674081252300423148e+04 7.395511351689199042e-02
6.979500000000000000e+03 2.663292825784898741e+04 7.267681190432097316e-02
6.986500000000000000e+03 2.635711180293109646e+04 7.317795370887608675e-02
6.993500000000000000e+03 2.597944319449061732e+04 7.339808478878794007e-02
7.000500000000000000e+03 2.512228815652187041e+04 7.820555733211477512e-02
7.007500000000000000e+03 2.549387524977606881e+04 7.789589167275516590e-02
7.014500000000000000e+03 2.553581910957059881e+04 7.526932920186102383e-02
7.021500000000000000e+03 2.567095509949491316e+04 7.559508259561188714e-02
7.028500000000000000e+03 2.537820201330077907e+04 7.241882600220414523e-02
7.035500000000000000e+03 2.652700490689921571e+04 6.975173919918180310e-02
7.042500000000000000e+03 2.583705562290061425e+04 7.033992873142465296e-02
7.049500000000000000e+03 2.575533182260562899e+04 6.917289388337884148e-02
7.056500000000000000e+03 2.571326648872320584e+04 6.841172976442773390e-02
7.063500000000000000e+03 2.624352962792517064e+04 6.613777129842450531e-02
7.070500000000000000e+03 2.599419697157830524e+04 6.447328745400436600e-02
7.077500000000000000e+03 2.612986896409479596e+04 6.299975222588349855e-02
7.084500000000000000e+03 2.610168355901746691e+04 6.175080327110250150e-02
7.091500000000000000e+03 2.603593080960739462e+04 6.081291475615745873e-02
7.098500000000000000e+03 2.594860426659630321e+04 6.212425372704521997e-02
7.105500000000000000e+03 2.646399587024287393e+04 5.722511490674856566e-02
7.112500000000000000e+03 2.640269202823988235e+04 5.858265739200085864e-02
7.119500000000000000e+03 2.601672939282374864e+04 5.974465028315983223e-02
7.126500000000000000e+03 2.581594722990786249e+04 6.066709084252636802e-02
7.133500000000000000e+03 2.612133729773549931e+04 6.035174002255044856e-02
7.140500000000000000e+03 2.523363034094620525e+04 6.164945026576706955e-02
7.147500000000000000e+03 2.504704464297330560e+04 6.845209432987324483e-02
7.154500000000000000e+03 2.417507175233136877e+04 7.621185988652094678e-02
7.161500000000000000e+03 2.223533177257528587e+04 9.197062922325639767e-02
7.168500000000000000e+03 2.027732190145234199e+04 9.904293169072306280e-02
7.175500000000000000e+03 1.911706371705393030e+04 1.110974080447972717e-01
7.182500000000000000e+03 1.774643758640232772e+04 1.194374046670425571e-01
7.189500000000000000e+03 1.734293449323147070e+04 1.207101974426869617e-01
7.196500000000000000e+03 1.798489945526997326e+04 1.170720547922137478e-01
7.203500000000000000e+03 1.907503284956873176e+04 1.046480525030457631e-01
7.210500000000000000e+03 1.994128143730115335e+04 1.051625305291035706e-01
7.217500000000000000e+03 2.023982437256348931e+04 1.055508088680132406e-01
7.224500000000000000e+03 2.044185892335239259e+04 9.712554451655516785e-02
7.231500000000000000e+03 2.019793099916002029e+04 9.297647573899306406e-02
7.238500000000000000e+03 1.924345743516469520e+04 9.635469481928071733e-02
7.245500000000000000e+03 1.828534604567204951e+04 1.074126706050028968e-01
7.252500000000000000e+03 1.854826966354554679e+04 1.104545228225057157e-01
7.259500000000000000e+03 1.832032793578524434e+04 1.120578138113898781e-01
7.266500000000000000e+03 1.887082423456853576e+04 1.101218589534756487e-01
7.273500000000000000e+03 1.908345180792985411e+04 1.038750710705036578e-01
7.280500000000000000e+03 1.877682718997975098e+04 1.010257383450274965e-01
7.287500000000000000e+03 1.874677071888036153e+04 1.035697889210587808e-01
7.294500000000000000e+03 1.899231985852315847e+04 1.003836430007634256e-01
7.301500000000000000e+03 1.937373050030835293e+04 9.943467187697417609e-02
7.308500000000000000e+03 1.973288682432101996e+04 9.359364439549011649e-02
7.315500000000000000e+03 2.032883415693095594e+04 8.467524880578297664e-02
7.322500000000000000e+03 2.074019469338866475e+04 8.450581423380806867e-02
7.329500000000000000e+03 2.169976859239154146e+04 7.619970330573921924e-02
7.336500000000000000e+03 2.212018452255929878e+04 6.896142903565295745e-02
7.343500000000000000e+03 2.232463712940341065e+04 6.554087104024111654e-02
7.350500000000000000e+03 2.243733365598529781e+04 6.570514167768812253e-02
7.357500000000000000e+03 2.249007370061961774e+04 6.545730955380624216e-02
7.364500000000000000e+03 2.298829720233603439e+04 6.048702329468841343e-02
7.371500000000000000e+03 2.261315711849371291e+04 6.027234050010613076e-02
7.378500000000000000e+03 2.283044059683695741e+04 6.037723308042080433e-02
7.385500000000000000e+03 2.282833764794508170e+04 5.787914256253256368e-02
7.392500000000000000e+03 2.297340706347508603e+04 5.609951145168894093e-02
7.399500000000000000e+03 2.347463841141823286e+04 5.293570899006133645e-02
7.406500000000000000e+03 2.288339133975070581e+04 5.159060591369129395e-02
7.413500000000000000e+03 2.348367726604888594e+04 4.831204937103406732e-02
7.420500000000000000e+03 2.309207991270225830e+04 4.932673524684461075e-02
7.427500000000000000e+03 2.338393387063966293e+04 4.686901445993738730e-02
7.434500000000000000e+03 2.302793624013853696e+04 4.735651882702514998e-02
7.441500000000000000e+03 2.331141333006873901e+04 4.609662148343367238e-02
7.448500000000000000e+03 2.337965613001430029e+04 4.505252631051503975e-02
7.455500000000000000e+03 2.314845117495948944e+04 4.352972106262088803e-02
7.462500000000000000e+03 2.311625130036110568e+04 4.329711474069057597e-02
7.469500000000000000e+03 2.281393777751017842e+04 4.502603190641851078e-02
7.476500000000000000e+03 2.303614670933630987e+04 4.387839808111758388e-02
7.483500000000000000e+03 2.230660450511796444e+04 4.568081031133988668e-02
7.490500000000000000e+03 2.259815758543849734e+04 4.320368451978558871e-02
7.497500000000000000e+03 2.273063654981840591e+04 4.405670590165525202e-02
7.504500000000000000e+03 2.229032281871740634e+04 4.359927152392892996e-02
7.511500000000000000e+03 2.262223591536809545e+04 4.333661092343789323e-02
7.518500000000000000e+03 2.224321853841776101e+04 4.184899363547629064e-02
7.525500000000000000e+03 2.226993224725852997e+04 4.255622912837819793e-02
7.532500000000000000e+03 2.213786274228352340e+04 4.222234666850416263e-02
7.539500000000000000e+03 2.213178299337639692e+04 4.158319563575418876e-02
7.546500000000000000e+03 2.189260313116237376e+04 4.083066507182446514e-02
7.553500000000000000e+03 2.179134080173738766e+04 4.073456811990752019e-02
7.560500000000000000e+03 2.172189091613665369e+04 4.235197781214166540e-02
7.567500000000000000e+03 2.084113077821159823e+04 4.825797810461690540e-02
7.574500000000000000e+03 1.939844451752862005e+04 6.582300009583752498e-02
7.581500000000000000e+03 1.567888931012351713e+04 1.154765460524067866e-01
7.588500000000000000e+03 1.100238282220927067e+04 1.681234807001004694e-01
7.595500000000000000e+03 8.821293382339135860e+03 1.238485276350734243e-01
7.602500000000000000e+03 6.936714564999992945e+03 6.233363544643159837e-02
7.609500000000000000e+03 3.966337730205033040e+03 2.426327994926695542e-01
7.616500000000000000e+03 3.075727962261621087e+03 3.971307390769721057e-01
7.623500000000000000e+03 3.833621661737269733e+03 3.576309274216208367e-01
7.630500000000000000e+03 4.812182514776624885e+03 2.698509177866577069e-01
7.637500000000000000e+03 5.484614545932960027e+03 2.431276156312435488e-01
7.644500000000000000e+03 6.500653274509418225e+03 2.262519019087289307e-01
7.651500000000000000e+03 8.222258909417700124e+03 1.912619657534868067e-01
7.658500000000000000e+03 1.008552300009838109e+04 1.582628561121123545e-01
7.665500000000000000e+03 1.248131296019049114e+04 1.249184398193423917e-01
7.672500000000000000e+03 1.418327058103437594e+04 9.957857273578889223e-02
7.679500000000000000e+03 1.600539922777651009e+04 8.084828740240036782e-02
7.686500000000000000e+03 1.719245456855747761e+04 6.750927441423705544e-02
7.693500000000000000e+03 1.789636341673562129e+04 5.978899775094483754e-02
7.700500000000000000e+03 1.802237589581101565e+04 5.562235317182592093e-02
7.707500000000000000e+03 1.853557891496481170e+04 5.170359767587479061e-02
7.714500000000000000e+03 1.850631052105523850e+04 4.733709188615122659e-02
7.721500000000000000e+03 1.911490776640599506e+04 4.237046225042487985e-02
7.728500000000000000e+03 1.890084060356640475e+04 4.335889188948212347e-02
7.735500000000000000e+03 1.873881029391269476e+04 4.194255616300417155e-02
7.742500000000000000e+03 1.881652894525191368e+04 4.018261660057767526e-02
7.749500000000000000e+03 1.919167278657012503e+04 4.131284608200008757e-02
7.756500000000000000e+03 1.888187127759028954e+04 3.689833459084337908e-02
7.763500000000000000e+03 1.893003692331825368e+04 3.611691970739446672e-02
7.770500000000000000e+03 1.865127372332608866e+04 3.768888008676183482e-02
7.777500000000000000e+03 1.884697565717950056e+04 3.753115082470301345e-02
7.784500000000000000e+03 1.826639290293798331e+04 4.058979001213579296e-02
7.791500000000000000e+03 1.815755439273158845e+04 3.954011928975997847e-02
7.798500000000000000e+03 1.814925948770902323e+04 3.939652056338753539e-02
7.805500000000000000e+03 1.832283619219987304e+04 3.783456517829960480e-02
7.812500000000000000e+03 1.808462751048029895e+04 3.702917618555055801e-02
7.819500000000000000e+03 1.790610817657049483e+04 3.898180988784499812e-02
7.826500000000000000e+03 1.762297450784221292e+04 3.853856845734779379e-02
7.833500000000000000e+03 1.738812605552003151e+04 4.020221677426271539e-02
7.840500000000000000e+03 1.767173299835233775e+04 3.921214466923951536e-02
7.847500000000000000e+03 1.763413188247778817e+04 3.674626543635876180e-02
7.854500000000000000e+03 1.726110209686867165e+04 3.765201979756332973e-02
7.861500000000000000e+03 1.736027184934463367e+04 3.898269746492524779e-02
7.868500000000000000e+03 1.674684962924192223e+04 4.182943916210287577e-02
7.875500000000000000e+03 1.628506255146138938e+04 4.480053324810064769e-02
7.882500000000000000e+03 1.601002947599813888e+04 4.735216324500624019e-02
7.889500000000000000e+03 1.610636461913970925e+04 4.687438481045423655e-02
7.896500000000000000e+03 1.604767720620218097e+04 4.525224329202166829e-02
7.903500000000000000e+03 1.570315280043901112e+04 4.927401673815517968e-02
7.910500000000000000e+03 1.583275172008934169e+04 4.795961087830025865e-02
7.917500000000000000e+03 1.559681976215338727e+04 4.680681148894834387e-02
7.924500000000000000e+03 1.580602108530345140e+04 4.486044623187237373e-02
7.931500000000000000e+03 1.582378426999224394e+04 4.445876709754249811e-02
7.938500000000000000e+03 1.584845181009350199e+04 4.394973413840803228e-02
7.945500000000000000e+03 1.543910805425126091e+04 4.459342503078086301e-02
7.952500000000000000e+03 1.573643804999467829e+04 4.480304756128181826e-02
7.959500000000000000e+03 1.519879238556977361e+04 4.460629220439538828e-02
7.966500000000000000e+03 1.539044490575013879e+04 4.479562236702719358e-02
7.973500000000000000e+03 1.504691101990274365e+04 4.801757244212185444e-02
7.980500000000000000e+03 1.564422749567305436e+04 4.299330470630363665e-02
7.987500000000000000e+03 1.512570410091732083e+04 4.516451833761831597e-02
7.994500000000000000e+03 1.495893182131134381e+04 4.500741877703130778e-02
8.001500000000000000e+03 1.479487753058773887e+04 4.725233934094302812e-02
8.008500000000000000e+03 1.480264973102646763e+04 4.801242035057165514e-02
8.015500000000000000e+03 1.456928785230084031e+04 4.806978843678014202e-02
8.022500000000000000e+03 1.428822845106934074e+04 4.809765378842057598e-02
8.029500000000000000e+03 1.439438908195324802e+04 4.634410907389648754e-02
8.036500000000000000e+03 1.444329304141945795e+04 4.449887540060390445e-02
8.043500000000000000e+03 1.440558709459999955e+04 4.392308483137374181e-02
8.050500000000000000e+03 1.417566221791191310e+04 4.341915881352627349e-02
8.057500000000000000e+03 1.445072165728953951e+04 4.126366501152761712e-02
8.064500000000000000e+03 1.455044995935933366e+04 3.921567611863818748e-02
8.071500000000000000e+03 1.436765288080355094e+04 4.014289881007825772e-02
8.078500000000000000e+03 1.444318300656338397e+04 4.101765376804288044e-02
8.085500000000000000e+03 1.416729067390656019e+04 3.979238357005906307e-02
8.092500000000000000e+03 1.406542726281848627e+04 4.211102219454938150e-02
8.099500000000000000e+03 1.349438390088151209e+04 4.675599191746183242e-02
8.106500000000000000e+03 1.356032352146155790e+04 4.993747449763522028e-02
8.113500000000000000e+03 1.301589736521449413e+04 5.440053036009197956e-02
8.120500000000000000e+03 1.236123403166488606e+04 6.316926104334667780e-02
8.127500000000000000e+03 1.176228940492209404e+04 6.984790928579524827e-02
8.134500000000000000e+03 1.113639704519390580e+04 7.785997951868893485e-02
8.141500000000000000e+03 1.048435315732025811e+04 8.844248745821127466e-02
8.148500000000000000e+03 1.007280911919474602e+04 9.555698039286637802e-02
8.155500000000000000e+03 9.712192329435723877e+03 9.713342931002418024e-02
8.162500000000000000e+03 9.424979532855748403e+03 9.623933291328415351e-02
8.169500000000000000e+03 9.252322786341970641e+03 1.024148784284068942e-01
8.176500000000000000e+03 9.480828632948530867e+03 9.826748882046813793e-02
8.183500000000000000e+03 9.708808202250011163e+03 9.188829123920085051e-02
8.190500000000000000e+03 1.019113298047689022e+04 8.144152085656948536e-02
8.197500000000000000e+03 1.061959608417383060e+04 7.476635777600973420e-02
8.204500000000000000e+03 1.032838542050184515e+04 8.250885381884529024e-02
8.211500000000000000e+03 1.026830473759876077e+04 9.032795652312429480e-02
8.218500000000000000e+03 9.776108970038943880e+03 9.167931763123340905e-02
8.225500000000000000e+03 9.838038163810406331e+03 6.889011905448859385e-02
8.232500000000000000e+03 9.952191767791353413e+03 6.747090824787735364e-02
8.239500000000000000e+03 9.705507519568624048e+03 8.920347427225504278e-02
8.246500000000000000e+03 1.021476499546933519e+04 8.224327286358240618e-02
8.253500000000000000e+03 1.095096765949848668e+04 6.574780966294593854e-02
8.260500000000000000e+03 1.095438898602632253e+04 6.436018351365338508e-02
8.267500000000000000e+03 1.051953146820485381e+04 7.178220165661064467e-02
8.274500000000000000e+03 1.066273269213665299e+04 6.702029994217681419e-02
8.281500000000000000e+03 1.015472787790689108e+04 6.689056698320425265e-02
8.288500000000000000e+03 9.990117377735406990e+03 7.228923370176783270e-02
8.295500000000000000e+03 1.023234461307085439e+04 7.063497938526731856e-02
8.302500000000000000e+03 1.033941795656569411e+04 7.283969387571044563e-02
8.309500000000000000e+03 1.037187405593730364e+04 6.982209698663872921e-02
8.316500000000000000e+03 1.062970931524531443e+04 6.214135706735421372e-02
8.323500000000000000e+03 1.054967388356810807e+04 5.961534355405420649e-02
8.330500000000000000e+03 1.053238073057243673e+04 6.122784347491439655e-02
8.337500000000000000e+03 1.087395727093664391e+04 5.580147363705820207e-02
8.344500000000000000e+03 1.109742896502892836e+04 5.467811390595431198e-02
8.351500000000000000e+03 1.089108969762124616e+04 5.244894335796058960e-02
8.358500000000000000e+03 1.136232898170671251e+04 4.559748377106676021e-02
8.365500000000000000e+03 1.154710660440090396e+04 4.730976579781853014e-02
8.372500000000000000e+03 1.140975943357741380e+04 4.550991845863497365e-02
8.379500000000000000e+03 1.148285583477695036e+04 4.284210937834705135e-02
8.386500000000000000e+03 1.160651027010900543e+04 3.883848449044991630e-02
8.393500000000000000e+03 1.149816614084584944e+04 3.944840339656550954e-02
8.400500000000000000e+03 1.147952829424222909e+04 3.905134166671182794e-02
8.407500000000000000e+03 1.167156722583490591e+04 3.512026844266775277e-02
8.414500000000000000e+03 1.162165428386328313e+04 3.503840893302583720e-02
8.421500000000000000e+03 1.143021617946637889e+04 3.750675898209600984e-02
8.428500000000000000e+03 1.163577138327377725e+04 3.383742658008207643e-02
8.435500000000000000e+03 1.128312796926911506e+04 3.332936968372532394e-02
8.442500000000000000e+03 1.153179361351524494e+04 3.369346217437048374e-02
8.449500000000000000e+03 1.143066252481167430e+04 3.071840628293041192e-02
8.456500000000000000e+03 1.157597824216866320e+04 2.802111751022397235e-02
8.463500000000000000e+03 1.153809465689365788e+04 3.242418658615738719e-02
8.470500000000000000e+03 1.153436944472622781e+04 2.965839941141847069e-02
8.477500000000000000e+03 1.148888878762894456e+04 3.125342978331679955e-02
8.484500000000000000e+03 1.129051813612716433e+04 3.263533183689486250e-02
8.491500000000000000e+03 1.124276165036571547e+04 3.205577982772814249e-02
8.498500000000000000e+03 1.109599736029626183e+04 3.154785907320816624e-02
8.505500000000000000e+03 1.115990531014857879e+04 2.877514988794506109e-02
8.512500000000000000e+03 1.121986655870913273e+04 2.572998309638718437e-02
8.519500000000000000e+03 1.117332117875798394e+04 3.065104178827233669e-02
8.526500000000000000e+03 1.105353675275117348e+04 3.391974687453548631e-02
8.533500000000000000e+03 1.085546241615778126e+04 3.501503604045286266e-02
8.540500000000000000e+03 1.121246201350295996e+04 2.598208527267965515e-02
8.547500000000000000e+03 1.141817920662261531e+04 1.969747469409759144e-02
8.554500000000000000e+03 1.144427158400759799e+04 2.273525552310554435e-02
8.561500000000000000e+03 1.091536711122021188e+04 2.991355402797948870e-02
8.568500000000000000e+03 1.100330979309907707e+04 3.533748489991218183e-02
8.575500000000000000e+03 1.084786102805749215e+04 3.503020125980520899e-02
8.582500000000000000e+03 1.048519647294682545e+04 3.104247845774117318e-02
8.589500000000000000e+03 1.084629167175607654e+04 2.438206264042498683e-02
8.596500000000000000e+03 1.066453010727927904e+04 2.464791673187812296e-02
8.603500000000000000e+03 1.083346712006140115e+04 2.128479586734582235e-02
8.610500000000000000e+03 1.081164917791821972e+04 2.018918639330783207e-02
8.617500000000000000e+03 1.074221578379690800e+04 2.627653839697901769e-02
8.624500000000000000e+03 1.063756065355387364e+04 3.114061210575520475e-02
8.631500000000000000e+03 1.030040939324906867e+04 3.608645246134904033e-02
8.638500000000000000e+03 1.069025971872405353e+04 3.532467868603166722e-02
8.645500000000000000e+03 1.051287598278561563e+04 3.307678966658505332e-02
8.652500000000000000e+03 1.037595465410467114e+04 2.727023875961592098e-02
8.659500000000000000e+03 1.067498222170362897e+04 2.079492136150952811e-02
8.666500000000000000e+03 1.067085517006186274e+04 1.266000414807507378e-02
8.673500000000000000e+03 1.062535295972872700e+04 1.284719300860466019e-02
8.680500000000000000e+03 1.057190825418065469e+04 2.100263150662784115e-02
8.687500000000000000e+03 1.031226017476641937e+04 3.186939705366791803e-02
8.694500000000000000e+03 1.038972711295932640e+04 3.071728737715738802e-02
8.701500000000000000e+03 1.052259652032367012e+04 3.207172818444261470e-02
8.708500000000000000e+03 1.039558734483144326e+04 3.230759518614669673e-02
8.715500000000000000e+03 1.032088513396919552e+04 3.181390108748919504e-02
8.722500000000000000e+03 1.063850027683865483e+04 2.818245827568117284e-02
8.729500000000000000e+03 1.007836574134484727e+04 3.245702572622927856e-02
8.736500000000000000e+03 9.954465014342787981e+03 2.626725677609458021e-02
8.743500000000000000e+03 1.002009623050226401e+04 1.445501431641480275e-02
8.750500000000000000e+03 1.025517394061244340e+04 7.412422991945451234e-03
8.757500000000000000e+03 1.010423001509273490e+04 1.608979505597470105e-02
8.764500000000000000e+03 9.798455037273026392e+03 2.421483170297148574e-02
8.771500000000000000e+03 9.760711422290156406e+03 2.870344185884380131e-02
8.778500000000000000e+03 1.015927342151894845e+04 2.746567647889684716e-02
8.785500000000000000e+03 9.935370803564534071e+03 3.141574657191168601e-02
8.792500000000000000e+03 1.023506113233868200e+04 2.880574241075592110e-02
8.799500000000000000e+03 1.026038673713569915e+04 2.824363162298507840e-02
8.806500000000000000e+03 1.008115558077193418e+04 2.826957505380248148e-02
8.813500000000000000e+03 1.006011751862301571e+04 2.675069138637952912e-02
8.820500000000000000e+03 1.004981569884817873e+04 2.706927221901472488e-02
8.827500000000000000e+03 9.832918470465023347e+03 2.952778586615505824e-02
8.834500000000000000e+03 9.699870955513817535e+03 3.074946253283255757e-02
8.841500000000000000e+03 9.503665349930735829e+03 2.886736110444711526e-02
8.848500000000000000e+03 9.288834343571919817e+03 2.857038995105471921e-02
8.855500000000000000e+03 9.238418754614272984e+03 2.358233355273233953e-02
8.862500000000000000e+03 9.040813047799048945e+03 1.802131781708458946e-02
8.869500000000000000e+03 9.271163257353449808e+03 1.120359505221724637e-02
8.876500000000000000e+03 9.386526283265982784e+03 1.550328128297390369e-02
8.883500000000000000e+03 9.221032549848305280e+03 2.919610286210410841e-02
8.890500000000000000e+03 9.193017197098866745e+03 3.585676796979217484e-02
8.897500000000000000e+03 9.485554746101450291e+03 3.499771362550151144e-02
8.904500000000000000e+03 9.338472294778090145e+03 2.971700064310685632e-02
8.911500000000000000e+03 9.232459495004059136e+03 3.391838256242377114e-02
8.918500000000000000e+03 8.948524975098171126e+03 3.546968515576515157e-02
8.925500000000000000e+03 8.902453871231824451e+03 3.899558659463353560e-02
8.932500000000000000e+03 8.554305931282335223e+03 4.548045646500775002e-02
8.939500000000000000e+03 8.046438223698219190e+03 6.046899257718033743e-02
8.946500000000000000e+03 7.676984827581200079e+03 6.606297699920268829e-02
8.953500000000000000e+03 7.177829754177186260e+03 7.769647195516767024e-02
8.960500000000000000e+03 6.667723350920083249e+03 8.392089804255509211e-02
8.967500000000000000e+03 6.312438964749459046e+03 8.846981626481176253e-02
8.974500000000000000e+03 6.020074400082959983e+03 1.068907149727498923e-01
8.981500000000000000e+03 5.542692002673661591e+03 1.158253184749486048e-01
8.988500000000000000e+03 5.562653728255569149e+03 9.972538455395629775e-02
8.995500000000000000e+03 5.136632403286749650e+03 1.117195408135005785e-01
9.002500000000000000e+03 5.277196414357517824e+03 1.057291403066557417e-01
9.009500000000000000e+03 5.456308025948146678e+03 8.921551054008804160e-02
9.016500000000000000e+03 5.711441171407503134e+03 7.803618235549195092e-02
9.023500000000000000e+03 5.988031393366357406e+03 7.193819195536926836e-02
9.030500000000000000e+03 6.271711043741958747e+03 7.660192046871779070e-02
9.037500000000000000e+03 6.631406662076095927e+03 7.484773976497402503e-02
9.044500000000000000e+03 6.898893145136784369e+03 7.410524581454878967e-02
9.051500000000000000e+03 6.616617752701842619e+03 8.156053787025309421e-02
9.058500000000000000e+03 6.259977481357585020e+03 9.180622066363064437e-02
9.065500000000000000e+03 5.955472091459456351e+03 8.678725418507395040e-02
9.072500000000000000e+03 5.795142078420345570e+03 8.815658437383883106e-02
9.079500000000000000e+03 5.389739065267429396e+03 1.043888544713545419e-01
9.086500000000000000e+03 5.417958609444484864e+03 1.122839314540474420e-01
9.093500000000000000e+03 5.373400098500181230e+03 1.135001620964480595e-01
9.100500000000000000e+03 5.411025981621038227e+03 1.063013810715342927e-01
9.107500000000000000e+03 5.484239177904848475e+03 1.071712046752774511e-01
9.114500000000000000e+03 5.421053451319206943e+03 1.178327345016040167e-01
9.121500000000000000e+03 5.022419439968801271e+03 1.219364379053982095e-01
9.128500000000000000e+03 5.112672468937124904e+03 1.109949050981208218e-01
9.135500000000000000e+03 5.073516901087698898e+03 1.083168551682293507e-01
9.142500000000000000e+03 4.579956306127365679e+03 1.404847622815703634e-01
9.149500000000000000e+03 4.925868761594213538e+03 1.200566400232576797e-01
9.156500000000000000e+03 4.967897729267519935e+03 1.087079194822404421e-01
9.163500000000000000e+03 4.811157852080164957e+03 1.324952377455006769e-01
9.170500000000000000e+03 5.033661091112388931e+03 1.160551231983846660e-01
9.177500000000000000e+03 5.320600318500940375e+03 9.762358586638729407e-02
9.184500000000000000e+03 5.334782717826857152e+03 1.001583176573832556e-01
9.191500000000000000e+03 5.747944162181981483e+03 8.942120511246515191e-02
9.198500000000000000e+03 5.996584855894531756e+03 8.113409631085878593e-02
9.205500000000000000e+03 5.899837686398985170e+03 8.141290703601916645e-02
9.212500000000000000e+03 5.985534939735673106e+03 6.888582545779967092e-02
9.219500000000000000e+03 5.909709425914848907e+03 5.983082883900812249e-02
9.226500000000000000e+03 5.789249014498755059e+03 5.754770904883296095e-02
9.233500000000000000e+03 5.647375951880831053e+03 5.619299873976128790e-02
9.240500000000000000e+03 5.519333518872172135e+03 7.034359706112894295e-02
9.247500000000000000e+03 5.435485665351808166e+03 8.116165638723236986e-02
9.254500000000000000e+03 5.540904619191351230e+03 8.907332576011670056e-02
9.261500000000000000e+03 5.426252009218778767e+03 9.741069671824723053e-02
9.268500000000000000e+03 5.035750988680394585e+03 1.127704938439609839e-01
9.275500000000000000e+03 4.620046619110334177e+03 1.219988696977470921e-01
9.282500000000000000e+03 4.051183848762294929e+03 1.389411532412707928e-01
9.289500000000000000e+03 3.378800100498912798e+03 1.754395230548145279e-01
9.296500000000000000e+03 2.895259056318103831e+03 1.942325290022190176e-01
9.303500000000000000e+03 2.505431348384932335e+03 2.184014883620108705e-01
9.310500000000000000e+03 2.038339761941522966e+03 2.482078581681484708e-01
9.317500000000000000e+03 1.690027522832237992e+03 2.704055056629979248e-01
9.324500000000000000e+03 1.284744071435680553e+03 3.212608256528204365e-01
9.331500000000000000e+03 1.003200290044231565e+03 3.644304444719632663e-01
9.338500000000000000e+03 9.752096880744625196e+02 3.326587362331948627e-01
9.345500000000000000e+03 9.560351886429493788e+02 3.540636171163124568e-01
9.352500000000000000e+03 9.131233354541415110e+02 3.796056444327871593e-01
9.359500000000000000e+03 9.588940302750845603e+02 3.686975103009818566e-01
9.366500000000000000e+03 1.007473678502578878e+03 3.597932397275431793e-01
9.373500000000000000e+03 1.204561063861912544e+03 3.025546873249365665e-01
9.380500000000000000e+03 1.616375703186292640e+03 2.462248603119973345e-01
9.387500000000000000e+03 1.881942860189011071e+03 2.607634065062512385e-01
9.394500000000000000e+03 2.163835137288822807e+03 2.644273902528071485e-01
9.401500000000000000e+03 2.377380264726993573e+03 2.268441322665364079e-01
9.408500000000000000e+03 2.448381748648992016e+03 2.177559540694514462e-01
9.415500000000000000e+03 2.085023333712798831e+03 2.437761829881819886e-01
9.422500000000000000e+03 1.915813059651254662e+03 2.485607212673568434e-01
9.429500000000000000e+03 1.782378626793021340e+03 2.447942569077458108e-01
9.436500000000000000e+03 1.680835948998545518e+03 2.454772557185859183e-01
9.443500000000000000e+03 1.576014049822228799e+03 2.528654426605712047e-01
9.450500000000000000e+03 1.393385640948623404e+03 3.027007587673237188e-01
9.457500000000000000e+03 1.562599259958897846e+03 2.667668265815827389e-01
9.464500000000000000e+03 1.633745617180568615e+03 2.670778238293891049e-01
9.471500000000000000e+03 1.620462732405247380e+03 2.738053306097277817e-01
9.478500000000000000e+03 1.830238801995709991e+03 2.410422604420606740e-01
9.485500000000000000e+03 1.728597405867417137e+03 2.740685521282100190e-01
9.492500000000000000e+03 1.755269026109475590e+03 2.457056715675421943e-01
9.499500000000000000e+03 1.957100212779108460e+03 1.942649718828991234e-01
9.506500000000000000e+03 1.607396952935442869e+03 2.834526628333626785e-01
9.513500000000000000e+03 1.579041886466724463e+03 2.890725828388169272e-01
9.520500000000000000e+03 1.841035203010814485e+03 2.184505450194531850e-01
9.527500000000000000e+03 1.710874399989415224e+03 2.490895249842453030e-01
9.534500000000000000e+03 1.615586240552804156e+03 2.685420763802200406e-01
9.541500000000000000e+03 1.762977196221192344e+03 2.268167564258596891e-01
9.548500000000000000e+03 1.802490589220580887e+03 2.022447528377777359e-01
9.555500000000000000e+03 1.834740714878519384e+03 2.057753827300758676e-01
9.562500000000000000e+03 1.933866197716141869e+03 1.974826590966956286e-01
9.569500000000000000e+03 1.960754479376238123e+03 2.214459518940690708e-01
9.576500000000000000e+03 1.939551554985101575e+03 2.446610306566020243e-01
9.583500000000000000e+03 2.115850533387732867e+03 2.110375787148231763e-01
9.590500000000000000e+03 2.202666284617769634e+03 1.765950327797899677e-01
9.597500000000000000e+03 2.103495858228464385e+03 2.039313963372600957e-01
9.604500000000000000e+03 2.256787061230499603e+03 2.104106020506666119e-01
9.611500000000000000e+03 2.425164695714475329e+03 2.002053955639310490e-01
9.618500000000000000e+03 2.592900797398853683e+03 1.682390487338757956e-01
9.625500000000000000e+03 2.609260743792238372e+03 1.653009608964141064e-01
9.632500000000000000e+03 2.639156614511346106e+03 1.720759661666166895e-01
9.639500000000000000e+03 2.786726151862394545e+03 1.425212009959646309e-01
9.646500000000000000e+03 2.814588641096684114e+03 1.483346301265206502e-01
9.653500000000000000e+03 2.805179638720308503e+03 1.655234356500364379e-01
9.660500000000000000e+03 3.171578495185790871e+03 1.295295572580778265e-01
9.667500000000000000e+03 3.402418806494988985e+03 1.120197889217014325e-01
9.674500000000000000e+03 3.728062760233731296e+03 1.088785981258185154e-01
9.681500000000000000e+03 4.074623516968598778e+03 9.123590105542608852e-02
9.688500000000000000e+03 4.176353492110825755e+03 8.323433708313665580e-02
9.695500000000000000e+03 4.199839412426599665e+03 7.556204039845670906e-02
9.702500000000000000e+03 4.323822126287562241e+03 7.099250041501931063e-02
9.709500000000000000e+03 4.221640243641442794e+03 7.393577000384603248e-02
9.716500000000000000e+03 4.259667802774572010e+03 7.684355259471016553e-02
9.723500000000000000e+03 3.914574679406777705e+03 8.405349391337305076e-02
9.730500000000000000e+03 3.750187319556686361e+03 9.415486081328608425e-02
9.737500000000000000e+03 3.639884684791349173e+03 9.067480067245940745e-02
9.744500000000000000e+03 3.508491170273115586e+03 1.019527946858924949e-01
9.751500000000000000e+03 3.508551068307204332e+03 9.660156468130504104e-02
9.758500000000000000e+03 3.558764521489707931e+03 8.742168895442503640e-02
9.765500000000000000e+03 3.648784914130255856e+03 9.198637389060371206e-02
9.772500000000000000e+03 3.651449542041147197e+03 9.577343386683903614e-02
9.779500000000000000e+03 3.859872967078062629e+03 8.071208774946762865e-02
9.786500000000000000e+03 3.884586283546920640e+03 7.574634255652742953e-02
9.793500000000000000e+03 3.857201739691085550e+03 6.843579404032042179e-02
9.800500000000000000e+03 3.897721192615134896e+03 6.482008828616739327e-02
9.807500000000000000e+03 3.980186789091661467e+03 6.814547898183054286e-02
9.814500000000000000e+03 4.026311126184264140e+03 6.428074473792111387e-02
9.821500000000000000e+03 4.129115834702995016e+03 5.589529012568728028e-02
9.828500000000000000e+03 4.114561005304780338e+03 4.971256333293527091e-02
9.835500000000000000e+03 4.122831262404427434e+03 5.482233335488231885e-02
9.842500000000000000e+03 4.188184143458570361e+03 4.860848922743430528e-02
9.849500000000000000e+03 4.256364249343927440e+03 3.945050428012891047e-02
9.856500000000000000e+03 4.341662713236584750e+03 3.818531557757225831e-02
9.863500000000000000e+03 4.350300208060079058e+03 3.786517770678148737e-02
9.870500000000000000e+03 4.365153681428518212e+03 2.975044965515599368e-02
9.877500000000000000e+03 4.461336596494853438e+03 2.914828837999419026e-02
9.884500000000000000e+03 4.370127400832380772e+03 2.865718224060343627e-02
9.891500000000000000e+03 4.377619891714788537e+03 2.740862717918184088e-02
9.898500000000000000e+03 4.335719359108722529e+03 2.338077576989950820e-02
9.905500000000000000e+03 4.461257067964509588e+03 2.250315406840216678e-02
9.912500000000000000e+03 4.235980686764773964e+03 2.320141894544596253e-02
9.919500000000000000e+03 4.233587408694786973e+03 2.439776269292499508e-02
9.926500000000000000e+03 4.216430257892706322e+03 1.922809436916374584e-02
9.933500000000000000e+03 4.134873822763733187e+03 2.335254749515499120e-02
9.940500000000000000e+03 4.128722632304679792e+03 2.055834371575414321e-02
9.947500000000000000e+03 4.122949534949867484e+03 2.197389688948258799e-02
9.954500000000000000e+03 4.027091152206828610e+03 2.202840451499141899e-02
9.961500000000000000e+03 3.902322616084098172e+03 1.996489522539577482e-02
9.968500000000000000e+03 3.839640958184046212e+03 2.093933383981737978e-02
9.975500000000000000e+03 3.906974055159547333e+03 2.093909985681713035e-02
9.982500000000000000e+03 3.838136329462790400e+03 2.030951061521435452e-02
9.989500000000000000e+03 3.883770756462004101e+03 1.345063834020484433e-02
9.996500000000000000e+03 3.793393618492422320e+03 1.383998711236759938e-02
