# wavelength angstroms, flux, ext coeff
5.551500000000000000e+03 7.850443211360707210e+03 1.818448334063893224e-01
5.558500000000000000e+03 8.233828605861508549e+03 1.829108570608926898e-01
5.565500000000000000e+03 8.662075992788684744e+03 1.774160229962481183e-01
5.572500000000000000e+03 9.177556945655578602e+03 1.677083770973271104e-01
5.579500000000000000e+03 9.358184302875726644e+03 1.625936135742852284e-01
5.586500000000000000e+03 9.829315222803197685e+03 1.555547545852618285e-01
5.593500000000000000e+03 1.006917480258833166e+04 1.491490091375924365e-01
5.600500000000000000e+03 1.025831945858060135e+04 1.448206444662799020e-01
5.607500000000000000e+03 1.068164856029435032e+04 1.393685873339793047e-01
5.614500000000000000e+03 1.059734768778806756e+04 1.413465250149628372e-01
5.621500000000000000e+03 1.060485999805478241e+04 1.437155104512759518e-01
5.628500000000000000e+03 1.072862123364786930e+04 1.421724308590296415e-01
5.635500000000000000e+03 1.083615818933249830e+04 1.408645397843121538e-01
5.642500000000000000e+03 1.071731909767323850e+04 1.421169253838515945e-01
5.649500000000000000e+03 1.084912679582076271e+04 1.424695587799310048e-01
5.656500000000000000e+03 1.100785076997720353e+04 1.417285919166119401e-01
5.663500000000000000e+03 1.108575157070334717e+04 1.397793197738950721e-01
5.670500000000000000e+03 1.112627654497643016e+04 1.383980084902916852e-01
5.677500000000000000e+03 1.099601100588625013e+04 1.415672747857761038e-01
5.684500000000000000e+03 1.124153313440911916e+04 1.395066189571932125e-01
5.691500000000000000e+03 1.113289572564408627e+04 1.413105924822291581e-01
5.698500000000000000e+03 1.100553569455210345e+04 1.422738213376490146e-01
5.705500000000000000e+03 1.114500073831869122e+04 1.409881056140686040e-01
5.712500000000000000e+03 1.102373280618075114e+04 1.434549166673483589e-01
5.719500000000000000e+03 1.129069821432927347e+04 1.417834997631352290e-01
5.726500000000000000e+03 1.123572234359860704e+04 1.405809794800846335e-01
5.733500000000000000e+03 1.127075119355413335e+04 1.399597015689748036e-01
5.740500000000000000e+03 1.139885571092703867e+04 1.410372301910519932e-01
5.747500000000000000e+03 1.138573544701499850e+04 1.396482168581285599e-01
5.754500000000000000e+03 1.181977993150964357e+04 1.382200138518128174e-01
5.761500000000000000e+03 1.163824133575681844e+04 1.359785772292721184e-01
5.768500000000000000e+03 1.160047323914428489e+04 1.373416208143423967e-01
5.775500000000000000e+03 1.191437791820113853e+04 1.356460252884826578e-01
5.782500000000000000e+03 1.174027261672736131e+04 1.369589543564517231e-01
5.789500000000000000e+03 1.184517210189618163e+04 1.348535192605764821e-01
5.796500000000000000e+03 1.182776803239861511e+04 1.344419024812662788e-01
5.803500000000000000e+03 1.196544902563079449e+04 1.342523055741165205e-01
5.810500000000000000e+03 1.197486591029104056e+04 1.344352552543901791e-01
5.817500000000000000e+03 1.196566851309286903e+04 1.365980993417264533e-01
5.824500000000000000e+03 1.203047511681823016e+04 1.332890523571016173e-01
5.831500000000000000e+03 1.202346179638165449e+04 1.353375470609006759e-01
5.838500000000000000e+03 1.168290405613704570e+04 1.369728371064950212e-01
5.845500000000000000e+03 1.182882197626834386e+04 1.372546139914605501e-01
5.852500000000000000e+03 1.195370899628235566e+04 1.357804766005018815e-01
5.859500000000000000e+03 1.181590261481850393e+04 1.363527810211033753e-01
5.866500000000000000e+03 1.179880936299013956e+04 1.352235331452410205e-01
5.873500000000000000e+03 1.182898639837840892e+04 1.346736632300286896e-01
5.880500000000000000e+03 1.160987204522182947e+04 1.358861534060251397e-01
5.887500000000000000e+03 1.150325613475057798e+04 1.364677148637157555e-01
5.894500000000000000e+03 1.138020395278826982e+04 1.384223090606685747e-01
5.901500000000000000e+03 1.170832481999296942e+04 1.379344552416086334e-01
5.908500000000000000e+03 1.160449030782230875e+04 1.396246730713774087e-01
5.915500000000000000e+03 1.148591415440377750e+04 1.403794488403138363e-01
5.922500000000000000e+03 1.133563943704169833e+04 1.419290211945036517e-01
5.929500000000000000e+03 1.138619174508387187e+04 1.416927934586508231e-01
5.936500000000000000e+03 1.153561010919296132e+04 1.413180202383315653e-01
5.943500000000000000e+03 1.172005415842867114e+04 1.395230484733564758e-01
5.950500000000000000e+03 1.163621769353150194e+04 1.393024576622945987e-01
5.957500000000000000e+03 1.176793185519756480e+04 1.382223879599178695e-01
5.964500000000000000e+03 1.164870061831138810e+04 1.380050876986539665e-01
5.971500000000000000e+03 1.198038048690838696e+04 1.356686785200532930e-01
5.978500000000000000e+03 1.166186719298364733e+04 1.358162511338545930e-01
5.985500000000000000e+03 1.182131480534455841e+04 1.356894494682035213e-01
5.992500000000000000e+03 1.186424083287291614e+04 1.340383672144324634e-01
5.999500000000000000e+03 1.206484982171825504e+04 1.318899975550114900e-01
6.006500000000000000e+03 1.200991286622789812e+04 1.305859970834466199e-01
6.013500000000000000e+03 1.195505479724832003e+04 1.293457676327661454e-01
6.020500000000000000e+03 1.204196942044544448e+04 1.289740162196180706e-01
6.027500000000000000e+03 1.235479769834788931e+04 1.279244157665897774e-01
6.034500000000000000e+03 1.223273055102085709e+04 1.270399912890443905e-01
6.041500000000000000e+03 1.215335656358925917e+04 1.288867215593400561e-01
6.048500000000000000e+03 1.227881224008237223e+04 1.247583531740155821e-01
6.055500000000000000e+03 1.234803590206604713e+04 1.233637320819701427e-01
6.062500000000000000e+03 1.238605532967608087e+04 1.248477981051724778e-01
6.069500000000000000e+03 1.247412241013836683e+04 1.236769183053563065e-01
6.076500000000000000e+03 1.208431078218584662e+04 1.225158612640510902e-01
6.083500000000000000e+03 1.242019112238022171e+04 1.205296664209643820e-01
6.090500000000000000e+03 1.241306981728892788e+04 1.201585505031430162e-01
6.097500000000000000e+03 1.255666523831611630e+04 1.211641258642053021e-01
6.104500000000000000e+03 1.258754436383216671e+04 1.197034649401286788e-01
6.111500000000000000e+03 1.234966024870905494e+04 1.191622266660849749e-01
6.118500000000000000e+03 1.248395985690967063e+04 1.189164738212683814e-01
6.125500000000000000e+03 1.264721738310582987e+04 1.157887599274086965e-01
6.132500000000000000e+03 1.261669367022760161e+04 1.156862834871072165e-01
6.139500000000000000e+03 1.268335614148485729e+04 1.144104169918830072e-01
6.146500000000000000e+03 1.281850693572158161e+04 1.123301663078619672e-01
6.153500000000000000e+03 1.256394289224295426e+04 1.132949030290738845e-01
6.160500000000000000e+03 1.261221349991351963e+04 1.114817468726316818e-01
6.167500000000000000e+03 1.304011913679684767e+04 1.100728275085303964e-01
6.174500000000000000e+03 1.284306539378350681e+04 1.098304997658092474e-01
6.181500000000000000e+03 1.293812860200856085e+04 1.095050668414013079e-01
6.188500000000000000e+03 1.266102426161840594e+04 1.096270906573780513e-01
6.195500000000000000e+03 1.278075581036175390e+04 1.102369695137689343e-01
6.202500000000000000e+03 1.275644022496119942e+04 1.094920591232405455e-01
6.209500000000000000e+03 1.292898540814502121e+04 1.093058411917852135e-01
6.216500000000000000e+03 1.278392838934977590e+04 1.091316494745449145e-01
6.223500000000000000e+03 1.277941969423891715e+04 1.075694910272681493e-01
6.230500000000000000e+03 1.274242777747606124e+04 1.076621869164804263e-01
6.237500000000000000e+03 1.309103335384161437e+04 1.045177663232243898e-01
6.244500000000000000e+03 1.277576522236800156e+04 1.068435028077952820e-01
6.251500000000000000e+03 1.267576670545618981e+04 1.052144628593478237e-01
6.258500000000000000e+03 1.230541353106180577e+04 1.080388898323328128e-01
6.265500000000000000e+03 1.270427846091134234e+04 1.062096501343500060e-01
6.272500000000000000e+03 1.271285348484865062e+04 1.051957055711182365e-01
6.279500000000000000e+03 1.245642867271073919e+04 1.064487343595161423e-01
6.286500000000000000e+03 1.249098840671807739e+04 1.071098103342736224e-01
6.293500000000000000e+03 1.257710559437100710e+04 1.068591926363185868e-01
6.300500000000000000e+03 1.242602083433772714e+04 1.081777746644616567e-01
6.307500000000000000e+03 1.240182817479780351e+04 1.065502848888356807e-01
6.314500000000000000e+03 1.260691564125477453e+04 1.043846752931333471e-01
6.321500000000000000e+03 1.252291697396297241e+04 1.028352336099376402e-01
6.328500000000000000e+03 1.264136833498363194e+04 1.034044862476311555e-01
6.335500000000000000e+03 1.261691272693067367e+04 1.021848289948115857e-01
6.342500000000000000e+03 1.316716068907287081e+04 9.756448599926881293e-02
6.349500000000000000e+03 1.302841378716800864e+04 9.616117908534707603e-02
6.356500000000000000e+03 1.317842141659379558e+04 9.473554601500668026e-02
6.363500000000000000e+03 1.297380026480951528e+04 9.574016460923491512e-02
6.370500000000000000e+03 1.302347725605320556e+04 9.501228946247017304e-02
6.377500000000000000e+03 1.328588993960216612e+04 9.339465361392032539e-02
6.384500000000000000e+03 1.300507196421684603e+04 9.532792054100494572e-02
6.391500000000000000e+03 1.317075476252738736e+04 9.398398920928847933e-02
6.398500000000000000e+03 1.294576434352314573e+04 9.307910246059368509e-02
6.405500000000000000e+03 1.342206241065923314e+04 9.138209934811548918e-02
6.412500000000000000e+03 1.295794943641682403e+04 9.398128902944843932e-02
6.419500000000000000e+03 1.287231380057494971e+04 9.467713790617908465e-02
6.426500000000000000e+03 1.337108788318944607e+04 9.177054717922647487e-02
6.433500000000000000e+03 1.304879697299907093e+04 9.452092993248120689e-02
6.440500000000000000e+03 1.307553226141667983e+04 9.368503634617494913e-02
6.447500000000000000e+03 1.298253729939116056e+04 9.454330769865361417e-02
6.454500000000000000e+03 1.279013819535034600e+04 9.507725224759330795e-02
6.461500000000000000e+03 1.295439419522794014e+04 9.366854588455680863e-02
6.468500000000000000e+03 1.274474739481027609e+04 9.526910577176685158e-02
6.475500000000000000e+03 1.259560120740989805e+04 9.596829258729548673e-02
6.482500000000000000e+03 1.242254564848425434e+04 9.690502792152523581e-02
6.489500000000000000e+03 1.255573830450271635e+04 9.965299780262953933e-02
6.496500000000000000e+03 1.252906440356714302e+04 1.001395792408520530e-01
6.503500000000000000e+03 1.216726203291144520e+04 1.051473284750752135e-01
6.510500000000000000e+03 1.204466389165002147e+04 1.064140198488268407e-01
6.517500000000000000e+03 1.195070309697563243e+04 1.066128868449298939e-01
6.524500000000000000e+03 1.198020152375411089e+04 1.039655933035905228e-01
6.531500000000000000e+03 1.208924615298196295e+04 1.001914076258756947e-01
6.538500000000000000e+03 1.237656405236770479e+04 8.659897916496099579e-02
6.545500000000000000e+03 1.251486766068271027e+04 7.666356706570393031e-02
6.552500000000000000e+03 1.325437459942218084e+04 6.079029912836007854e-02
6.559500000000000000e+03 1.361612818438859358e+04 4.596195236330815476e-02
6.566500000000000000e+03 1.384399286645096981e+04 4.345868676379265050e-02
6.573500000000000000e+03 1.362114111192620294e+04 4.744734727188745782e-02
6.580500000000000000e+03 1.329124904569150749e+04 5.751308261610565964e-02
6.587500000000000000e+03 1.296462289000900455e+04 7.016212286146024379e-02
6.594500000000000000e+03 1.287832413968725086e+04 8.062526980305062541e-02
6.601500000000000000e+03 1.246027108910307834e+04 8.855627216315919981e-02
6.608500000000000000e+03 1.228118568645902815e+04 9.570980068313519884e-02
6.615500000000000000e+03 1.256898215193611941e+04 9.489433862203726366e-02
6.622500000000000000e+03 1.259382074874596765e+04 9.132340723775592140e-02
6.629500000000000000e+03 1.266593569130032665e+04 8.876126805270687092e-02
6.636500000000000000e+03 1.288274164348428531e+04 8.546642556551561909e-02
6.643500000000000000e+03 1.264539937604224906e+04 8.525605222728506460e-02
6.650500000000000000e+03 1.327130847317303778e+04 7.678037615718895370e-02
6.657500000000000000e+03 1.344495338807823282e+04 7.705632089917556493e-02
6.664500000000000000e+03 1.292153467800487851e+04 7.609121373005814370e-02
6.671500000000000000e+03 1.325386557983093917e+04 7.434723332927051231e-02
6.678500000000000000e+03 1.349177649420411035e+04 7.195560043865911748e-02
6.685500000000000000e+03 1.341298901884699626e+04 7.177100882574530272e-02
6.692500000000000000e+03 1.305391611986877979e+04 7.193341346147605342e-02
6.699500000000000000e+03 1.305613415375167278e+04 7.355214516735276986e-02
6.706500000000000000e+03 1.344143768641976567e+04 7.072882383583474486e-02
6.713500000000000000e+03 1.328747282325691413e+04 6.852229630905615210e-02
6.720500000000000000e+03 1.348764655563122869e+04 6.992257388280158359e-02
6.727500000000000000e+03 1.303714581250099945e+04 7.028816369003859643e-02
6.734500000000000000e+03 1.323563704147866338e+04 7.008635925360354180e-02
6.741500000000000000e+03 1.321696494120513125e+04 7.128042428997211077e-02
6.748500000000000000e+03 1.313413600020176636e+04 6.970176639737248048e-02
6.755500000000000000e+03 1.336156501845142702e+04 6.910903427382908415e-02
6.762500000000000000e+03 1.312917479593277858e+04 7.014848860524584839e-02
6.769500000000000000e+03 1.357893595829598962e+04 6.713705916803384965e-02
6.776500000000000000e+03 1.313145767834425533e+04 6.894260774681010284e-02
6.783500000000000000e+03 1.298126630476610262e+04 6.821961056813773128e-02
6.790500000000000000e+03 1.291876680113662223e+04 6.857795591446008698e-02
6.797500000000000000e+03 1.299866655584385626e+04 6.937716468123479585e-02
6.804500000000000000e+03 1.292751158748011949e+04 7.199976737148422457e-02
6.811500000000000000e+03 1.247043922727732024e+04 7.458808321622038828e-02
6.818500000000000000e+03 1.254867956473246886e+04 7.838263379737556158e-02
6.825500000000000000e+03 1.201029569966671079e+04 8.567270872902599255e-02
6.832500000000000000e+03 1.197013783123378380e+04 8.713974561928487794e-02
6.839500000000000000e+03 1.174244636341515798e+04 8.892112060649350058e-02
6.846500000000000000e+03 1.156961475345203144e+04 8.847724993499482549e-02
6.853500000000000000e+03 1.146347495878214249e+04 8.825003030867564768e-02
6.860500000000000000e+03 1.141377771667031629e+04 8.034335225278367576e-02
6.867500000000000000e+03 1.124085050221776328e+04 7.699214886002303526e-02
6.874500000000000000e+03 1.109121563591240556e+04 7.517915711083500430e-02
6.881500000000000000e+03 1.085362627363456340e+04 7.696954643428755016e-02
6.888500000000000000e+03 1.065741567762458726e+04 8.154753212021113862e-02
6.895500000000000000e+03 1.048356199820080656e+04 8.963069545259068349e-02
6.902500000000000000e+03 1.051402298539296862e+04 9.421320379145765866e-02
6.909500000000000000e+03 1.032943891151571006e+04 9.825498776175649318e-02
6.916500000000000000e+03 1.025354841110207599e+04 9.954235407707491545e-02
6.923500000000000000e+03 1.043188658301558644e+04 1.023310095608906262e-01
6.930500000000000000e+03 1.057463351765947664e+04 9.617384204704207407e-02
6.937500000000000000e+03 1.068995208667874977e+04 9.552931495503785841e-02
6.944500000000000000e+03 1.080701307394889045e+04 9.128305860439520081e-02
6.951500000000000000e+03 1.111378066945823593e+04 8.734035180329788317e-02
6.958500000000000000e+03 1.115542978358499568e+04 8.664633185957991424e-02
6.965500000000000000e+03 1.104173667651816322e+04 8.678271231924628015e-02
6.972500000000000000e+03 1.128154672791540543e+04 8.558112105319480578e-02
6.979500000000000000e+03 1.120797302144145215e+04 8.218539671645982980e-02
6.986500000000000000e+03 1.138249820996523158e+04 8.105534611762443831e-02
6.993500000000000000e+03 1.148844278058396230e+04 7.847516642503633844e-02
7.000500000000000000e+03 1.151446851436400539e+04 7.606807193188452887e-02
7.007500000000000000e+03 1.149339816077603973e+04 7.411391583990754872e-02
7.014500000000000000e+03 1.173914326368321963e+04 7.224764155779685171e-02
7.021500000000000000e+03 1.163881429159467370e+04 7.306502884198896874e-02
7.028500000000000000e+03 1.155231122395103193e+04 7.098418289320643226e-02
7.035500000000000000e+03 1.132046935311636298e+04 7.299401744800339265e-02
7.042500000000000000e+03 1.152720920898852091e+04 7.060235536690467884e-02
7.049500000000000000e+03 1.149818289852459202e+04 7.117104892070927336e-02
7.056500000000000000e+03 1.173224274359887022e+04 6.999599611917775577e-02
7.063500000000000000e+03 1.175668539560452882e+04 6.899286923905623148e-02
7.070500000000000000e+03 1.172194038472403190e+04 6.852152886306057955e-02
7.077500000000000000e+03 1.179379799424415978e+04 6.371332388503543609e-02
7.084500000000000000e+03 1.168276247330869228e+04 6.656610024889215993e-02
7.091500000000000000e+03 1.169531501438056694e+04 6.388581933495980636e-02
7.098500000000000000e+03 1.174591466145281811e+04 6.372512912632924409e-02
7.105500000000000000e+03 1.175073424106682796e+04 6.210862075404896543e-02
7.112500000000000000e+03 1.180593567176017677e+04 6.275014509661368256e-02
7.119500000000000000e+03 1.150289659603372274e+04 6.864021359833717695e-02
7.126500000000000000e+03 1.105236600685831036e+04 7.387717423668357930e-02
7.133500000000000000e+03 1.087797327327851235e+04 7.791466180021888732e-02
7.140500000000000000e+03 1.076612297537005725e+04 8.102294931484824159e-02
7.147500000000000000e+03 1.050141325139752007e+04 8.479621788987556918e-02
7.154500000000000000e+03 1.000354564034746181e+04 8.760503134650801660e-02
7.161500000000000000e+03 1.028690790929449213e+04 8.651917161985202276e-02
7.168500000000000000e+03 9.804275484001049335e+03 8.834393643327791146e-02
7.175500000000000000e+03 9.773906837276217630e+03 8.323737414969541171e-02
7.182500000000000000e+03 9.868135399418591987e+03 8.197894330814493868e-02
7.189500000000000000e+03 9.482153634008293011e+03 8.499832922148842229e-02
7.196500000000000000e+03 9.132128090746980888e+03 9.151918664923537616e-02
7.203500000000000000e+03 8.832467519894496945e+03 9.894270583168075783e-02
7.210500000000000000e+03 8.618812725558822422e+03 1.048370439636309159e-01
7.217500000000000000e+03 8.590199908471626259e+03 1.091628371845285300e-01
7.224500000000000000e+03 8.595353679015515809e+03 1.086654845402941494e-01
7.231500000000000000e+03 8.502396388024677435e+03 1.068598657470110347e-01
7.238500000000000000e+03 8.490125355448059054e+03 1.059107671263122274e-01
7.245500000000000000e+03 8.513198715055677894e+03 1.001904609555942793e-01
7.252500000000000000e+03 8.698088986675720662e+03 9.934855827585412080e-02
7.259500000000000000e+03 8.632108094465938848e+03 1.002974277307097789e-01
7.266500000000000000e+03 8.853460435220098589e+03 9.913039703789391921e-02
7.273500000000000000e+03 8.514118663518842368e+03 9.866894875978153567e-02
7.280500000000000000e+03 8.755503666404398246e+03 9.605523924246979484e-02
7.287500000000000000e+03 9.135674908297427464e+03 9.427482259602820713e-02
7.294500000000000000e+03 8.920771849988703252e+03 9.191408253396511630e-02
7.301500000000000000e+03 9.076959767831838690e+03 8.892031563718767739e-02
7.308500000000000000e+03 9.148171150858526744e+03 8.728379361619523213e-02
7.315500000000000000e+03 9.423137741288152029e+03 8.284558031205552231e-02
7.322500000000000000e+03 9.388573879456400391e+03 8.276645304249623247e-02
7.329500000000000000e+03 9.600077824726537074e+03 8.162872442781519966e-02
7.336500000000000000e+03 9.783418784488723759e+03 7.795604854002387285e-02
7.343500000000000000e+03 9.971669937551536350e+03 7.345883411244369388e-02
7.350500000000000000e+03 9.952013315852411324e+03 7.265890602545971300e-02
7.357500000000000000e+03 9.993051808271737173e+03 6.945791767329610733e-02
7.364500000000000000e+03 1.023013028166038202e+04 6.653502282972148518e-02
7.371500000000000000e+03 1.013558360046992129e+04 6.444587387635877795e-02
7.378500000000000000e+03 1.043347119140320865e+04 5.931657950049944866e-02
7.385500000000000000e+03 1.052370232807868706e+04 5.879074647606427617e-02
7.392500000000000000e+03 1.036990928927701862e+04 5.724555604318103119e-02
7.399500000000000000e+03 1.059743304832196918e+04 5.311070654215541142e-02
7.406500000000000000e+03 1.048681147691119440e+04 5.420033514669244518e-02
7.413500000000000000e+03 1.058247613218482547e+04 4.958627029248802165e-02
7.420500000000000000e+03 1.060549557235760403e+04 5.007728782707670384e-02
7.427500000000000000e+03 1.063670047689069179e+04 4.932390232640967292e-02
7.434500000000000000e+03 1.095595189760709218e+04 4.593646875075341890e-02
7.441500000000000000e+03 1.063070928990185166e+04 4.773990033160380869e-02
7.448500000000000000e+03 1.061214852011203948e+04 4.564658547086132556e-02
7.455500000000000000e+03 1.054094980183808366e+04 4.612185587462181574e-02
7.462500000000000000e+03 1.056174000132122455e+04 4.733857118226678096e-02
7.469500000000000000e+03 1.048783324709053704e+04 4.502740830603822741e-02
7.476500000000000000e+03 1.056115253398659843e+04 4.395861751070601758e-02
7.483500000000000000e+03 1.043502172838556362e+04 4.575506418363790850e-02
7.490500000000000000e+03 1.049493891066821561e+04 4.251037880764639565e-02
7.497500000000000000e+03 1.028703772106566248e+04 4.591196716517675219e-02
7.504500000000000000e+03 1.031392247652811966e+04 4.448766819568109043e-02
7.511500000000000000e+03 1.016731724293193656e+04 4.591853453922585537e-02
7.518500000000000000e+03 9.898610019405461571e+03 4.725823934754000422e-02
7.525500000000000000e+03 1.007193233725807477e+04 5.218808547163168027e-02
7.532500000000000000e+03 9.487596143126775132e+03 5.647843045244820004e-02
7.539500000000000000e+03 9.284602528235671343e+03 6.517197007875834280e-02
7.546500000000000000e+03 8.609089014455203142e+03 7.788509588850382748e-02
7.553500000000000000e+03 7.989252327790219169e+03 9.359262864378208036e-02
7.560500000000000000e+03 7.454475394122323451e+03 1.111311901400852675e-01
7.567500000000000000e+03 6.842710629375837016e+03 1.226670907523662174e-01
7.574500000000000000e+03 6.295634436168838874e+03 1.281874205822043922e-01
7.581500000000000000e+03 6.022611684647105903e+03 1.217336631933034208e-01
7.588500000000000000e+03 5.721061991311083148e+03 1.037767730799446508e-01
7.595500000000000000e+03 5.662868984642240321e+03 7.873186839028520345e-02
7.602500000000000000e+03 5.611684524483884161e+03 5.863125330673504138e-02
7.609500000000000000e+03 5.446696641447357251e+03 5.485762649065452357e-02
7.616500000000000000e+03 4.941787556702140137e+03 6.794738450557011311e-02
7.623500000000000000e+03 4.615275788740917960e+03 9.262994422055938204e-02
7.630500000000000000e+03 4.274486962674734968e+03 1.162351629236142714e-01
7.637500000000000000e+03 4.101243094869158085e+03 1.363883240358954307e-01
7.644500000000000000e+03 4.241445054884239653e+03 1.448934173098607447e-01
7.651500000000000000e+03 4.267332986540091042e+03 1.506911930554737378e-01
7.658500000000000000e+03 4.847818185565011845e+03 1.444659182722837776e-01
7.665500000000000000e+03 5.044223378654668522e+03 1.418813114982120371e-01
7.672500000000000000e+03 5.477650204658496477e+03 1.350893450790696393e-01
7.679500000000000000e+03 5.853151677574242967e+03 1.249574472214892568e-01
7.686500000000000000e+03 6.335913020057401809e+03 1.131825565753642598e-01
7.693500000000000000e+03 6.836436101109312403e+03 1.011959246811694052e-01
7.700500000000000000e+03 7.163772882101734467e+03 8.755997125555375904e-02
7.707500000000000000e+03 7.579301271069207360e+03 7.625433914761860221e-02
7.714500000000000000e+03 7.915245759466251911e+03 6.731104639573899651e-02
7.721500000000000000e+03 8.223581362680279199e+03 6.151067937837729344e-02
7.728500000000000000e+03 8.220938878855768053e+03 5.642045625639703632e-02
7.735500000000000000e+03 8.267571840934298962e+03 5.083057551829365389e-02
7.742500000000000000e+03 8.401322966166691913e+03 4.872393924693137895e-02
7.749500000000000000e+03 8.569947159351277151e+03 4.334326179720381089e-02
7.756500000000000000e+03 8.488978268044909782e+03 4.077024172834087246e-02
7.763500000000000000e+03 8.809321373587063135e+03 3.784904959539468761e-02
7.770500000000000000e+03 8.593020994360405894e+03 3.798883787057034250e-02
7.777500000000000000e+03 8.568323077748165815e+03 4.005061703625864555e-02
7.784500000000000000e+03 8.622817464797280991e+03 3.887135116125048362e-02
7.791500000000000000e+03 8.448549442463478044e+03 3.960484033208516719e-02
7.798500000000000000e+03 8.610147115065210528e+03 3.919720528944079657e-02
7.805500000000000000e+03 8.330540833313361873e+03 4.025996704365788353e-02
7.812500000000000000e+03 8.381404884747664255e+03 4.034164285357778879e-02
7.819500000000000000e+03 8.284897198899287105e+03 3.918103885319837443e-02
7.826500000000000000e+03 8.418830879330475000e+03 3.841996526783292981e-02
7.833500000000000000e+03 8.281508380027105886e+03 3.897907010635529024e-02
7.840500000000000000e+03 8.136473218217490285e+03 4.140073094209555798e-02
7.847500000000000000e+03 7.981197578556782901e+03 4.233616231939368174e-02
7.854500000000000000e+03 7.965198247463504231e+03 4.183143814245699615e-02
7.861500000000000000e+03 7.892828805116797412e+03 4.076721577667543478e-02
7.868500000000000000e+03 7.765301541107835874e+03 4.313612289745346468e-02
7.875500000000000000e+03 7.667874738120438451e+03 4.446873651773799313e-02
7.882500000000000000e+03 7.709262032029137117e+03 4.342203444401005613e-02
7.889500000000000000e+03 7.593183043152657774e+03 4.239232186744334302e-02
7.896500000000000000e+03 7.664860020392855404e+03 4.374515956418483648e-02
7.903500000000000000e+03 7.569815700345710866e+03 4.354714208214015281e-02
7.910500000000000000e+03 7.323551222929704636e+03 4.623242440260436070e-02
7.917500000000000000e+03 7.507791800819303717e+03 4.424325187527841652e-02
7.924500000000000000e+03 7.406635753479748928e+03 4.719451515500729111e-02
7.931500000000000000e+03 7.200806760871489132e+03 4.630182877160628208e-02
7.938500000000000000e+03 7.174982412801738064e+03 4.581472687300372493e-02
7.945500000000000000e+03 7.417643565580279756e+03 4.513040169310766903e-02
7.952500000000000000e+03 7.142677005484281835e+03 4.764488311271468379e-02
7.959500000000000000e+03 7.150058837295832745e+03 4.469550135377332867e-02
7.966500000000000000e+03 7.233922399239343576e+03 4.456593157600052119e-02
7.973500000000000000e+03 7.092345290997363918e+03 4.415682874048472428e-02
7.980500000000000000e+03 7.186908429992423407e+03 4.241942063029204013e-02
7.987500000000000000e+03 7.016057260307438810e+03 4.694594006121011881e-02
7.994500000000000000e+03 6.959668265578664432e+03 4.636888472221468299e-02
8.001500000000000000e+03 6.840554913294552534e+03 4.466028888403338754e-02
8.008500000000000000e+03 6.731690003255258489e+03 4.515332721798809290e-02
8.015500000000000000e+03 6.943471615793804631e+03 4.286474664249820266e-02
8.022500000000000000e+03 6.945019689487810865e+03 4.316680094466456008e-02
8.029500000000000000e+03 6.790412787778718666e+03 4.302095561241180144e-02
8.036500000000000000e+03 6.804209336202340637e+03 4.372612021777586705e-02
8.043500000000000000e+03 6.711532618179571728e+03 4.662961057941258231e-02
8.050500000000000000e+03 6.738083764234097544e+03 4.336564728167847244e-02
8.057500000000000000e+03 6.675750755954406486e+03 4.418611554168215549e-02
8.064500000000000000e+03 6.633697812680690731e+03 4.451852401105168416e-02
8.071500000000000000e+03 6.518244037874362220e+03 4.883507176851433623e-02
8.078500000000000000e+03 6.379846018588077641e+03 4.987412154574197981e-02
8.085500000000000000e+03 6.349606751844301471e+03 5.105823193132634497e-02
8.092500000000000000e+03 6.182844494851501622e+03 5.427757630304765740e-02
8.099500000000000000e+03 6.058263842080805262e+03 5.703490896944415911e-02
8.106500000000000000e+03 5.870985938578932291e+03 6.349065304743248261e-02
8.113500000000000000e+03 5.797189185401894974e+03 6.533493183813404714e-02
8.120500000000000000e+03 5.563678343859860433e+03 6.936459536107221491e-02
8.127500000000000000e+03 5.484081756539422713e+03 7.019232179543928585e-02
8.134500000000000000e+03 5.398351556463355337e+03 7.301841982629718453e-02
8.141500000000000000e+03 5.179041648188468571e+03 7.217706307784821362e-02
8.148500000000000000e+03 5.213821359622888849e+03 7.200858635561746546e-02
8.155500000000000000e+03 5.051260158471301111e+03 7.171463634317168379e-02
8.162500000000000000e+03 5.072429063548869635e+03 7.284932137514174566e-02
8.169500000000000000e+03 4.932573269127777166e+03 7.415588617811785799e-02
8.176500000000000000e+03 4.899247367431214116e+03 7.614960133810380616e-02
8.183500000000000000e+03 4.832428092250423106e+03 8.163409800260512661e-02
8.190500000000000000e+03 4.578320062308639535e+03 8.867715369471296238e-02
8.197500000000000000e+03 4.552317765661113299e+03 8.751494770845709426e-02
8.204500000000000000e+03 4.699210178622341118e+03 8.731895031150042896e-02
8.211500000000000000e+03 4.729550861693918705e+03 8.427729905414622913e-02
8.218500000000000000e+03 4.688827514213492577e+03 8.040567923855938826e-02
8.225500000000000000e+03 4.721945354804601266e+03 7.511566142291832560e-02
8.232500000000000000e+03 4.898444066147597368e+03 7.173920401120335855e-02
8.239500000000000000e+03 4.859739699904782356e+03 7.270993147972532045e-02
8.246500000000000000e+03 4.933631900917700477e+03 7.186688152901003768e-02
8.253500000000000000e+03 4.808192939791128993e+03 7.895365717756960833e-02
8.260500000000000000e+03 4.797418376693702157e+03 7.764154928780962750e-02
8.267500000000000000e+03 4.808179505504124791e+03 7.490499493091024030e-02
8.274500000000000000e+03 4.812645203173073241e+03 6.932799234507276698e-02
8.281500000000000000e+03 4.800151386663908852e+03 7.077063924436689801e-02
8.288500000000000000e+03 4.857112767426554456e+03 6.681509922082205788e-02
8.295500000000000000e+03 5.019444602142238182e+03 6.318188564464714829e-02
8.302500000000000000e+03 5.045250357958590030e+03 6.184453521095236578e-02
8.309500000000000000e+03 5.203535055708302025e+03 6.047568479767997940e-02
8.316500000000000000e+03 5.059319821872921239e+03 5.923955620842956404e-02
8.323500000000000000e+03 5.170933983147068830e+03 5.669735189305123019e-02
8.330500000000000000e+03 5.249016600586327513e+03 5.792646236282439354e-02
8.337500000000000000e+03 5.089208892732202003e+03 5.522350964875354096e-02
8.344500000000000000e+03 5.092909604492976541e+03 5.752038638347469618e-02
8.351500000000000000e+03 5.200110120769820242e+03 5.410728092466400574e-02
8.358500000000000000e+03 5.089422276287997192e+03 5.301232704110801081e-02
8.365500000000000000e+03 5.334045418210369462e+03 4.852049634218381230e-02
8.372500000000000000e+03 5.329011063477501011e+03 4.932160014404552567e-02
8.379500000000000000e+03 5.479906555184867102e+03 4.553674014015182681e-02
8.386500000000000000e+03 5.282352103680512300e+03 4.482517479659447329e-02
8.393500000000000000e+03 5.349025320950773676e+03 4.498560215305408283e-02
8.400500000000000000e+03 5.586524196838231546e+03 3.798143646039214144e-02
8.407500000000000000e+03 5.378968828227499216e+03 3.939516621776737587e-02
8.414500000000000000e+03 5.426050877469673651e+03 3.669032604528055935e-02
8.421500000000000000e+03 5.491564534627035755e+03 3.592172620218918311e-02
8.428500000000000000e+03 5.460283563606009011e+03 3.561923497442963382e-02
8.435500000000000000e+03 5.465724789954400876e+03 3.318430188440774087e-02
8.442500000000000000e+03 5.448096781234071386e+03 3.125756279272145360e-02
8.449500000000000000e+03 5.287510311528305465e+03 3.423313225713723457e-02
8.456500000000000000e+03 5.382229579345839738e+03 3.063725089135432497e-02
8.463500000000000000e+03 5.454328357451959164e+03 2.844352446197816187e-02
8.470500000000000000e+03 5.387327214589180585e+03 3.135365311760732882e-02
8.477500000000000000e+03 5.473475270362018819e+03 3.062806525533637303e-02
8.484500000000000000e+03 5.378167092143821719e+03 3.077467418290100523e-02
8.491500000000000000e+03 5.347810870806723869e+03 2.939995957680157854e-02
8.498500000000000000e+03 5.317850302945984367e+03 3.026340649116111142e-02
8.505500000000000000e+03 5.202185672652083667e+03 3.195903306502597546e-02
8.512500000000000000e+03 5.346693984302136414e+03 2.793558087120861372e-02
8.519500000000000000e+03 5.245048893961387876e+03 3.221948133213758947e-02
8.526500000000000000e+03 5.337812499809798283e+03 2.657671715923763320e-02
8.533500000000000000e+03 5.418299117125725388e+03 2.550956092852988202e-02
8.540500000000000000e+03 5.320105265644212523e+03 2.622603572502290106e-02
8.547500000000000000e+03 5.238530001273515154e+03 2.402597490949142517e-02
8.554500000000000000e+03 5.254185985608482952e+03 2.757442923327816514e-02
8.561500000000000000e+03 5.255462347347945979e+03 2.917065582196132906e-02
8.568500000000000000e+03 5.066595882628824256e+03 3.224665967334670175e-02
8.575500000000000000e+03 5.032872519653232303e+03 2.956489294451015645e-02
8.582500000000000000e+03 5.192638052230380708e+03 2.652034853437183412e-02
8.589500000000000000e+03 5.148701093214752291e+03 2.635559710201254222e-02
8.596500000000000000e+03 5.241578179704969443e+03 2.150241319122622036e-02
8.603500000000000000e+03 5.361185944192227907e+03 2.285778485592091305e-02
8.610500000000000000e+03 5.049130297460137626e+03 2.733465106263054112e-02
8.617500000000000000e+03 5.027603568974809605e+03 3.016461069876830506e-02
8.624500000000000000e+03 4.914374918657211310e+03 3.546731694786634664e-02
8.631500000000000000e+03 5.037091062516367856e+03 3.621441827404104502e-02
8.638500000000000000e+03 4.890321563245846846e+03 3.505534413749079176e-02
8.645500000000000000e+03 5.043323496439385053e+03 2.807721324946517785e-02
8.652500000000000000e+03 5.003239765362895923e+03 2.535001983587573116e-02
8.659500000000000000e+03 5.067984073163224821e+03 1.696797452950874266e-02
8.666500000000000000e+03 5.283347779343482216e+03 1.075707271470564830e-02
8.673500000000000000e+03 5.245102566669693260e+03 1.007146042971288416e-02
8.680500000000000000e+03 4.974905198064961951e+03 1.786771075309772847e-02
8.687500000000000000e+03 5.015638517268782380e+03 2.744287489711197750e-02
8.694500000000000000e+03 4.787649705062824069e+03 3.611542770525330570e-02
8.701500000000000000e+03 4.759252429462554574e+03 4.007931725709242693e-02
8.708500000000000000e+03 4.665164467825746215e+03 4.594184824152275359e-02
8.715500000000000000e+03 4.694543416372358479e+03 4.417075425054359239e-02
8.722500000000000000e+03 4.851571806902418757e+03 3.856510740181312569e-02
8.729500000000000000e+03 4.832995752257223103e+03 2.851801145274147214e-02
8.736500000000000000e+03 5.004007038086997454e+03 1.713253422450338251e-02
8.743500000000000000e+03 5.186913776182481342e+03 8.222013033400669621e-03
8.750500000000000000e+03 5.163803420840818035e+03 5.278698138396679604e-03
8.757500000000000000e+03 5.176499125423343685e+03 3.801581512274439505e-03
8.764500000000000000e+03 4.931306726412984972e+03 1.087920960171687330e-02
8.771500000000000000e+03 5.083090132706231088e+03 1.658720903522317366e-02
8.778500000000000000e+03 4.926356836600457427e+03 2.861751623153798579e-02
8.785500000000000000e+03 4.719809299310635652e+03 3.242468283971320503e-02
8.792500000000000000e+03 4.621784252195820955e+03 4.312454112931329159e-02
8.799500000000000000e+03 4.495769047460494221e+03 4.638924453429442429e-02
8.806500000000000000e+03 4.636298406902647912e+03 4.431319938064604003e-02
8.813500000000000000e+03 4.599988494146148696e+03 4.546335485859649694e-02
8.820500000000000000e+03 4.606808399282450409e+03 4.068072438086575010e-02
8.827500000000000000e+03 4.517508948806084845e+03 3.883925574578091927e-02
8.834500000000000000e+03 4.695756285832832873e+03 3.211613320930392645e-02
8.841500000000000000e+03 4.683707552944668350e+03 2.262687568406535413e-02
8.848500000000000000e+03 4.805656578112925672e+03 1.402758145848015565e-02
8.855500000000000000e+03 4.778804467928530357e+03 6.421141306318282373e-03
8.862500000000000000e+03 4.851297624446172449e+03 3.208343456092876793e-03
8.869500000000000000e+03 4.723502302728138602e+03 1.010150251901486673e-03
8.876500000000000000e+03 4.743518376810731752e+03 9.283900878924116959e-03
8.883500000000000000e+03 4.656885926337699857e+03 1.651440519153574843e-02
8.890500000000000000e+03 4.449278660373502134e+03 2.841824654752463097e-02
8.897500000000000000e+03 4.329790434007581098e+03 4.082812904654153918e-02
8.904500000000000000e+03 4.120700128098589630e+03 5.295765953556193228e-02
8.911500000000000000e+03 4.060711347860249589e+03 5.984092189166746734e-02
8.918500000000000000e+03 3.960566131663641045e+03 6.429347057254169995e-02
8.925500000000000000e+03 3.861020542903113437e+03 6.909407184885416053e-02
8.932500000000000000e+03 3.795768399112484076e+03 7.422986527557706715e-02
8.939500000000000000e+03 3.675856356694787337e+03 7.560768121847435963e-02
8.946500000000000000e+03 3.513672926861145697e+03 7.768341233590467243e-02
8.953500000000000000e+03 3.455616368957312716e+03 8.113914090476269381e-02
8.960500000000000000e+03 3.395645672789924447e+03 7.838865666561679879e-02
8.967500000000000000e+03 3.171018447971303885e+03 8.449259749460782953e-02
8.974500000000000000e+03 3.128858233063399894e+03 8.126373790138001485e-02
8.981500000000000000e+03 3.077062127439362030e+03 7.719950497202665574e-02
8.988500000000000000e+03 3.133986602589836821e+03 6.937342094478854415e-02
8.995500000000000000e+03 3.059889087013267272e+03 6.117709235774793780e-02
9.002500000000000000e+03 3.158887782027408321e+03 5.172407183377576018e-02
9.009500000000000000e+03 3.204077538744612411e+03 5.018547848930945965e-02
9.016500000000000000e+03 3.122496666732899484e+03 5.332103966614061552e-02
9.023500000000000000e+03 2.947656283437694583e+03 6.280105601234509116e-02
9.030500000000000000e+03 2.925565746741851854e+03 7.801549659367786049e-02
9.037500000000000000e+03 2.787339777167829652e+03 9.390926997504371598e-02
9.044500000000000000e+03 2.823035401084629484e+03 1.043210962357142557e-01
9.051500000000000000e+03 2.828152627222916180e+03 1.066206118297933492e-01
9.058500000000000000e+03 2.801721478126112288e+03 1.072626906866462476e-01
9.065500000000000000e+03 2.808569117473744427e+03 1.042826171215429643e-01
9.072500000000000000e+03 2.831168427088957742e+03 9.933537116044532933e-02
9.079500000000000000e+03 2.751643869146542329e+03 9.622268144482161445e-02
9.086500000000000000e+03 2.775607514252262717e+03 9.633676989134100366e-02
9.093500000000000000e+03 2.682235919716871649e+03 1.022104940220625729e-01
9.100500000000000000e+03 2.730159955532578351e+03 1.038685897922035500e-01
9.107500000000000000e+03 2.629087878900180840e+03 1.082536940659157426e-01
9.114500000000000000e+03 2.557443697949673151e+03 1.146143695236380849e-01
9.121500000000000000e+03 2.540125762291494993e+03 1.150779056870625261e-01
9.128500000000000000e+03 2.474643500666207729e+03 1.133653632834391578e-01
9.135500000000000000e+03 2.580410657469527450e+03 1.132047435526149781e-01
9.142500000000000000e+03 2.438826846300867601e+03 1.116978380272480587e-01
9.149500000000000000e+03 2.517428989490065305e+03 1.106891827759058644e-01
9.156500000000000000e+03 2.577213481550771121e+03 1.074848719186560914e-01
9.163500000000000000e+03 2.540636902854322216e+03 1.072197764192314995e-01
9.170500000000000000e+03 2.545193373006306501e+03 1.083776879517407421e-01
9.177500000000000000e+03 2.542989581331746649e+03 1.087045932471742832e-01
9.184500000000000000e+03 2.583179620360333956e+03 1.079531785832497370e-01
9.191500000000000000e+03 2.533872996818864067e+03 1.052035836997918805e-01
9.198500000000000000e+03 2.675399826091478644e+03 9.740434988282016537e-02
9.205500000000000000e+03 2.615395174691704142e+03 9.040753135770709936e-02
9.212500000000000000e+03 2.677087541724732091e+03 7.826416921807906324e-02
9.219500000000000000e+03 2.754968121594197783e+03 6.818783569636140129e-02
9.226500000000000000e+03 2.770264801350713697e+03 6.403364051283037817e-02
9.233500000000000000e+03 2.742374921663285022e+03 6.365770727089632708e-02
9.240500000000000000e+03 2.500281639828803236e+03 7.868962911563746887e-02
9.247500000000000000e+03 2.473289659642457991e+03 9.410499096741907488e-02
9.254500000000000000e+03 2.278290795347381845e+03 1.165519928877018357e-01
9.261500000000000000e+03 2.109190778085860529e+03 1.351439339218623303e-01
9.268500000000000000e+03 1.859651156621808013e+03 1.587689182422320489e-01
9.275500000000000000e+03 1.732380612951928924e+03 1.727577628563605472e-01
9.282500000000000000e+03 1.556961068178917003e+03 1.870125726344631090e-01
9.289500000000000000e+03 1.480077577844837833e+03 1.922202309423095834e-01
9.296500000000000000e+03 1.322647735049814401e+03 2.031948469766972909e-01
9.303500000000000000e+03 1.299876579766758596e+03 2.014466280601107384e-01
9.310500000000000000e+03 1.136176435377623193e+03 2.081413187666739384e-01
9.317500000000000000e+03 1.034450481329788090e+03 2.138692374230505566e-01
9.324500000000000000e+03 9.680451444961844345e+02 2.121269179752992284e-01
9.331500000000000000e+03 9.114134693863419443e+02 2.146380462487877394e-01
9.338500000000000000e+03 8.322772177795960715e+02 2.202551181972798866e-01
9.345500000000000000e+03 8.470544408164969354e+02 2.208437707770679048e-01
9.352500000000000000e+03 7.950765338554211894e+02 2.304221620652760483e-01
9.359500000000000000e+03 7.466448912178854016e+02 2.412894992605786881e-01
9.366500000000000000e+03 8.182787885506263592e+02 2.429006318569700840e-01
9.373500000000000000e+03 7.624765007334199254e+02 2.632057809190365139e-01
9.380500000000000000e+03 7.034436048206216583e+02 2.822155817336769457e-01
9.387500000000000000e+03 7.526356305242984490e+02 2.958406500238519587e-01
9.394500000000000000e+03 7.331071935735899388e+02 3.078594051219795680e-01
9.401500000000000000e+03 7.615078379239641890e+02 3.006737580382622399e-01
9.408500000000000000e+03 7.817875194338894289e+02 2.989680484121708393e-01
9.415500000000000000e+03 7.944674140259340902e+02 2.853661018626298951e-01
9.422500000000000000e+03 8.731635867566481011e+02 2.586680058749977196e-01
9.429500000000000000e+03 9.132850521521139626e+02 2.403809235883840600e-01
9.436500000000000000e+03 8.699830859273351962e+02 2.361594832123189713e-01
9.443500000000000000e+03 9.462943476208628226e+02 2.212470831898694368e-01
9.450500000000000000e+03 9.237891992010675040e+02 2.271100626399915334e-01
9.457500000000000000e+03 8.894843841319684543e+02 2.374076140884969766e-01
9.464500000000000000e+03 7.922071431375125030e+02 2.519159889911026240e-01
9.471500000000000000e+03 7.704891663104613144e+02 2.613621920701243440e-01
9.478500000000000000e+03 8.043367108776639043e+02 2.580312093780137706e-01
9.485500000000000000e+03 7.611131569194803888e+02 2.646627605466077560e-01
9.492500000000000000e+03 7.735597102732347139e+02 2.620405447461537918e-01
9.499500000000000000e+03 8.243233670567685749e+02 2.522441705684996816e-01
9.506500000000000000e+03 7.730665489458885986e+02 2.569646718841411270e-01
9.513500000000000000e+03 7.763539859999041255e+02 2.505877048855038591e-01
9.520500000000000000e+03 8.620197411495761344e+02 2.345012755131162807e-01
9.527500000000000000e+03 8.847071136937915981e+02 2.234858008431898913e-01
9.534500000000000000e+03 8.450979386611253403e+02 2.166022331176819249e-01
9.541500000000000000e+03 9.148756871949512970e+02 2.034337245577989839e-01
9.548500000000000000e+03 9.968610677321777302e+02 1.874360393380755940e-01
9.555500000000000000e+03 9.743187248192974721e+02 1.867811005715619421e-01
9.562500000000000000e+03 9.719750470840888283e+02 1.893212054920998533e-01
9.569500000000000000e+03 9.627971756065919635e+02 1.945608984692301369e-01
9.576500000000000000e+03 9.670778014666647096e+02 1.992478157214612466e-01
9.583500000000000000e+03 1.016806733273072268e+03 1.998881840776616237e-01
9.590500000000000000e+03 1.095900938543392613e+03 1.927692095745814072e-01
9.597500000000000000e+03 1.122904926985416296e+03 1.910624786871898961e-01
9.604500000000000000e+03 1.096241168215712378e+03 1.932654632729365607e-01
9.611500000000000000e+03 1.162013951139474102e+03 1.854999093121090792e-01
9.618500000000000000e+03 1.254602088750569919e+03 1.782365953900036104e-01
9.625500000000000000e+03 1.336805446026090749e+03 1.682408731478828301e-01
9.632500000000000000e+03 1.331425487762187913e+03 1.550978520775206093e-01
9.639500000000000000e+03 1.406947389253772599e+03 1.470367307345781527e-01
9.646500000000000000e+03 1.490579591037755335e+03 1.331005443734057103e-01
9.653500000000000000e+03 1.524505284926319064e+03 1.267999187417307994e-01
9.660500000000000000e+03 1.563817218981000906e+03 1.247958446038481550e-01
9.667500000000000000e+03 1.681778533018409917e+03 1.207142830554723822e-01
9.674500000000000000e+03 1.697699413516516643e+03 1.179307286548715583e-01
9.681500000000000000e+03 1.728566515137045599e+03 1.173946618549556176e-01
9.688500000000000000e+03 1.755336752657584157e+03 1.169539703758943755e-01
9.695500000000000000e+03 1.867300855286163141e+03 1.108775628218078430e-01
9.702500000000000000e+03 1.839393836223296830e+03 1.068438492487412822e-01
9.709500000000000000e+03 1.898500651089544817e+03 1.008765907999645550e-01
9.716500000000000000e+03 1.876368811766905537e+03 9.580506386986760436e-02
9.723500000000000000e+03 1.904046994481984711e+03 9.044423745774714252e-02
9.730500000000000000e+03 1.952695090023283683e+03 8.184341680446657885e-02
9.737500000000000000e+03 1.948586932979180801e+03 7.940461419392881581e-02
9.744500000000000000e+03 1.898131505379662485e+03 7.287134718877022466e-02
9.751500000000000000e+03 1.877324011561475572e+03 7.746344089688551870e-02
9.758500000000000000e+03 1.975789258638720639e+03 7.565608709737944859e-02
9.765500000000000000e+03 1.936493429924892098e+03 7.500478966462718888e-02
9.772500000000000000e+03 1.885121481339873753e+03 7.952938174542847904e-02
9.779500000000000000e+03 1.904330232487929607e+03 7.702293494488313130e-02
9.786500000000000000e+03 1.970943388390394603e+03 7.249346820858865170e-02
9.793500000000000000e+03 1.873454937240450136e+03 7.254783231183836723e-02
9.800500000000000000e+03 1.940854761456285360e+03 6.758104940305126318e-02
9.807500000000000000e+03 1.994183334169084901e+03 6.588532801745203282e-02
9.814500000000000000e+03 1.976961697667598173e+03 6.212072010268954864e-02
9.821500000000000000e+03 2.079427825706115982e+03 5.749251567054737555e-02
9.828500000000000000e+03 2.044700626832461239e+03 5.402649531492167284e-02
9.835500000000000000e+03 2.110713799574436962e+03 5.263644903720546969e-02
9.842500000000000000e+03 2.068799961621854891e+03 4.848251375831518634e-02
9.849500000000000000e+03 2.127394798320134669e+03 4.463636170818866683e-02
9.856500000000000000e+03 2.136463859198674982e+03 4.180715785966851450e-02
9.863500000000000000e+03 2.189501054530057445e+03 4.079419090933053549e-02
9.870500000000000000e+03 2.118118298558437345e+03 3.637419401118963808e-02
9.877500000000000000e+03 2.211634971515696179e+03 3.456918949570017552e-02
9.884500000000000000e+03 2.197008381804860619e+03 3.670021510712334623e-02
9.891500000000000000e+03 2.170145064817034836e+03 2.934265647099506408e-02
9.898500000000000000e+03 2.239443505842008108e+03 2.907431339138348211e-02
9.905500000000000000e+03 2.209031482607571434e+03 2.498631766811142477e-02
9.912500000000000000e+03 2.213151751237059671e+03 2.550228123160866098e-02
9.919500000000000000e+03 2.146865578200584423e+03 2.287960906697616634e-02
9.926500000000000000e+03 2.174902521277801497e+03 2.316264269601798695e-02
9.933500000000000000e+03 2.124964825547867349e+03 2.309462630933365596e-02
9.940500000000000000e+03 2.105269945838773765e+03 2.032397590636263532e-02
9.947500000000000000e+03 2.052615793239953291e+03 2.116836785214321406e-02
9.954500000000000000e+03 2.052256876376047330e+03 1.737603918053755303e-02
9.961500000000000000e+03 2.095743060559167134e+03 1.564015924844932084e-02
9.968500000000000000e+03 2.121905026576419914e+03 1.133436622085767613e-02
9.975500000000000000e+03 2.025648720982373561e+03 8.405397289340983680e-03
9.982500000000000000e+03 2.057529837484424206e+03 6.798904233437800919e-03
9.989500000000000000e+03 2.059563295436197222e+03 5.778687857919420634e-03
9.996500000000000000e+03 2.051292381751629819e+03 6.030342829641471142e-03
