# wavelength angstroms, flux, ext coeff
5.551500000000000000e+03 7.618742971324531027e+03 1.818448334063893224e-01
5.558500000000000000e+03 8.040951820935828437e+03 1.829108570608926898e-01
5.565500000000000000e+03 8.341576802786797998e+03 1.774160229962481183e-01
5.572500000000000000e+03 8.783261435517453720e+03 1.677083770973271104e-01
5.579500000000000000e+03 8.828234656019238173e+03 1.625936135742852284e-01
5.586500000000000000e+03 9.166297540091984047e+03 1.555547545852618285e-01
5.593500000000000000e+03 9.233686662957044973e+03 1.491490091375924365e-01
5.600500000000000000e+03 9.381641253071667961e+03 1.448206444662799020e-01
5.607500000000000000e+03 9.563581431644766781e+03 1.393685873339793047e-01
5.614500000000000000e+03 9.571905374711270269e+03 1.413465250149628372e-01
5.621500000000000000e+03 9.642586266879528921e+03 1.437155104512759518e-01
5.628500000000000000e+03 1.005329284311762058e+04 1.421724308590296415e-01
5.635500000000000000e+03 1.016982681686651631e+04 1.408645397843121538e-01
5.642500000000000000e+03 1.060268394062630250e+04 1.421169253838515945e-01
5.649500000000000000e+03 1.083244911848104312e+04 1.424695587799310048e-01
5.656500000000000000e+03 1.126754910226174616e+04 1.417285919166119401e-01
5.663500000000000000e+03 1.154272174326226741e+04 1.397793197738950721e-01
5.670500000000000000e+03 1.198879107126119015e+04 1.383980084902916852e-01
5.677500000000000000e+03 1.217926142884197361e+04 1.415672747857761038e-01
5.684500000000000000e+03 1.243699691229047312e+04 1.395066189571932125e-01
5.691500000000000000e+03 1.274997568462814525e+04 1.413105924822291581e-01
5.698500000000000000e+03 1.294953451876474173e+04 1.422738213376490146e-01
5.705500000000000000e+03 1.330721323937782108e+04 1.409881056140686040e-01
5.712500000000000000e+03 1.352636655816755410e+04 1.434549166673483589e-01
5.719500000000000000e+03 1.376291428432477733e+04 1.417834997631352290e-01
5.726500000000000000e+03 1.414296983249293044e+04 1.405809794800846335e-01
5.733500000000000000e+03 1.448652368917019339e+04 1.399597015689748036e-01
5.740500000000000000e+03 1.454863070801915092e+04 1.410372301910519932e-01
5.747500000000000000e+03 1.452754024906324594e+04 1.396482168581285599e-01
5.754500000000000000e+03 1.461248188274380482e+04 1.382200138518128174e-01
5.761500000000000000e+03 1.476921076973648815e+04 1.359785772292721184e-01
5.768500000000000000e+03 1.482570936994769363e+04 1.373416208143423967e-01
5.775500000000000000e+03 1.483823643542594618e+04 1.356460252884826578e-01
5.782500000000000000e+03 1.490515876155918340e+04 1.369589543564517231e-01
5.789500000000000000e+03 1.504127613615621158e+04 1.348535192605764821e-01
5.796500000000000000e+03 1.517248637007294747e+04 1.344419024812662788e-01
5.803500000000000000e+03 1.524887852283032407e+04 1.342523055741165205e-01
5.810500000000000000e+03 1.525933072384327352e+04 1.344352552543901791e-01
5.817500000000000000e+03 1.521475071470850162e+04 1.365980993417264533e-01
5.824500000000000000e+03 1.534326235870046548e+04 1.332890523571016173e-01
5.831500000000000000e+03 1.539298915876203137e+04 1.353375470609006759e-01
5.838500000000000000e+03 1.545073416487128998e+04 1.369728371064950212e-01
5.845500000000000000e+03 1.538426959289043225e+04 1.372546139914605501e-01
5.852500000000000000e+03 1.527088343170003100e+04 1.357804766005018815e-01
5.859500000000000000e+03 1.508127092572575566e+04 1.363527810211033753e-01
5.866500000000000000e+03 1.501302759377555594e+04 1.352235331452410205e-01
5.873500000000000000e+03 1.478244362416797230e+04 1.346736632300286896e-01
5.880500000000000000e+03 1.447655968325567846e+04 1.358861534060251397e-01
5.887500000000000000e+03 1.434503171542144264e+04 1.364677148637157555e-01
5.894500000000000000e+03 1.442631897394150656e+04 1.384223090606685747e-01
5.901500000000000000e+03 1.431839609082903189e+04 1.379344552416086334e-01
5.908500000000000000e+03 1.440031615687901285e+04 1.396246730713774087e-01
5.915500000000000000e+03 1.450484905891309973e+04 1.403794488403138363e-01
5.922500000000000000e+03 1.460987306313895533e+04 1.419290211945036517e-01
5.929500000000000000e+03 1.479831945892986187e+04 1.416927934586508231e-01
5.936500000000000000e+03 1.491192506627233524e+04 1.413180202383315653e-01
5.943500000000000000e+03 1.517275797074445109e+04 1.395230484733564758e-01
5.950500000000000000e+03 1.549996785000716591e+04 1.393024576622945987e-01
5.957500000000000000e+03 1.567621080177991644e+04 1.382223879599178695e-01
5.964500000000000000e+03 1.606460400665300949e+04 1.380050876986539665e-01
5.971500000000000000e+03 1.618903256688170222e+04 1.356686785200532930e-01
5.978500000000000000e+03 1.646007697188049497e+04 1.358162511338545930e-01
5.985500000000000000e+03 1.686615461909737496e+04 1.356894494682035213e-01
5.992500000000000000e+03 1.711407902381282474e+04 1.340383672144324634e-01
5.999500000000000000e+03 1.753084310118129724e+04 1.318899975550114900e-01
6.006500000000000000e+03 1.796068768750282834e+04 1.305859970834466199e-01
6.013500000000000000e+03 1.827675489422539249e+04 1.293457676327661454e-01
6.020500000000000000e+03 1.864321369253479133e+04 1.289740162196180706e-01
6.027500000000000000e+03 1.899297390364687817e+04 1.279244157665897774e-01
6.034500000000000000e+03 1.927157356096289004e+04 1.270399912890443905e-01
6.041500000000000000e+03 1.951890430268373893e+04 1.288867215593400561e-01
6.048500000000000000e+03 1.996220894952476738e+04 1.247583531740155821e-01
6.055500000000000000e+03 2.036428918101677846e+04 1.233637320819701427e-01
6.062500000000000000e+03 2.050035013964265090e+04 1.248477981051724778e-01
6.069500000000000000e+03 2.061477428530560428e+04 1.236769183053563065e-01
6.076500000000000000e+03 2.105163905878555670e+04 1.225158612640510902e-01
6.083500000000000000e+03 2.114660510236254777e+04 1.205296664209643820e-01
6.090500000000000000e+03 2.125978601936026462e+04 1.201585505031430162e-01
6.097500000000000000e+03 2.101444944028916507e+04 1.211641258642053021e-01
6.104500000000000000e+03 2.130599231288811643e+04 1.197034649401286788e-01
6.111500000000000000e+03 2.114846217034638903e+04 1.191622266660849749e-01
6.118500000000000000e+03 2.094385414219893210e+04 1.189164738212683814e-01
6.125500000000000000e+03 2.113311530228241099e+04 1.157887599274086965e-01
6.132500000000000000e+03 2.079305819611572224e+04 1.156862834871072165e-01
6.139500000000000000e+03 2.048043146356999932e+04 1.144104169918830072e-01
6.146500000000000000e+03 2.015081014788859829e+04 1.123301663078619672e-01
6.153500000000000000e+03 1.966316734071447354e+04 1.132949030290738845e-01
6.160500000000000000e+03 1.899331068448329825e+04 1.114817468726316818e-01
6.167500000000000000e+03 1.854042738335920512e+04 1.100728275085303964e-01
6.174500000000000000e+03 1.813924128075276894e+04 1.098304997658092474e-01
6.181500000000000000e+03 1.768938749016994188e+04 1.095050668414013079e-01
6.188500000000000000e+03 1.729871264727937887e+04 1.096270906573780513e-01
6.195500000000000000e+03 1.703969715394760351e+04 1.102369695137689343e-01
6.202500000000000000e+03 1.683330367456214299e+04 1.094920591232405455e-01
6.209500000000000000e+03 1.657705079850804759e+04 1.093058411917852135e-01
6.216500000000000000e+03 1.657827842124257222e+04 1.091316494745449145e-01
6.223500000000000000e+03 1.633414279851143328e+04 1.075694910272681493e-01
6.230500000000000000e+03 1.637401781274626956e+04 1.076621869164804263e-01
6.237500000000000000e+03 1.648452234776779005e+04 1.045177663232243898e-01
6.244500000000000000e+03 1.657998420068847190e+04 1.068435028077952820e-01
6.251500000000000000e+03 1.681007887737448982e+04 1.052144628593478237e-01
6.258500000000000000e+03 1.685897209496313008e+04 1.080388898323328128e-01
6.265500000000000000e+03 1.743015473156925145e+04 1.062096501343500060e-01
6.272500000000000000e+03 1.783428866976876816e+04 1.051957055711182365e-01
6.279500000000000000e+03 1.826621189748363031e+04 1.064487343595161423e-01
6.286500000000000000e+03 1.851037865630177112e+04 1.071098103342736224e-01
6.293500000000000000e+03 1.907331863115611122e+04 1.068591926363185868e-01
6.300500000000000000e+03 1.931798365620973345e+04 1.081777746644616567e-01
6.307500000000000000e+03 1.985911398563920375e+04 1.065502848888356807e-01
6.314500000000000000e+03 2.017918876962958166e+04 1.043846752931333471e-01
6.321500000000000000e+03 2.067232081047284009e+04 1.028352336099376402e-01
6.328500000000000000e+03 2.056560964393496761e+04 1.034044862476311555e-01
6.335500000000000000e+03 2.098851240547325142e+04 1.021848289948115857e-01
6.342500000000000000e+03 2.149478580016573324e+04 9.756448599926881293e-02
6.349500000000000000e+03 2.165137777344460483e+04 9.616117908534707603e-02
6.356500000000000000e+03 2.178517382688129146e+04 9.473554601500668026e-02
6.363500000000000000e+03 2.201884315519292795e+04 9.574016460923491512e-02
6.370500000000000000e+03 2.211060479967258289e+04 9.501228946247017304e-02
6.377500000000000000e+03 2.227214884607164277e+04 9.339465361392032539e-02
6.384500000000000000e+03 2.211533885139634003e+04 9.532792054100494572e-02
6.391500000000000000e+03 2.210001942465576212e+04 9.398398920928847933e-02
6.398500000000000000e+03 2.219384124699882523e+04 9.307910246059368509e-02
6.405500000000000000e+03 2.246969142215534157e+04 9.138209934811548918e-02
6.412500000000000000e+03 2.219787368244628306e+04 9.398128902944843932e-02
6.419500000000000000e+03 2.218359424852326265e+04 9.467713790617908465e-02
6.426500000000000000e+03 2.242670702265168802e+04 9.177054717922647487e-02
6.433500000000000000e+03 2.215917837519477689e+04 9.452092993248120689e-02
6.440500000000000000e+03 2.221561892713539783e+04 9.368503634617494913e-02
6.447500000000000000e+03 2.213410627460776595e+04 9.454330769865361417e-02
6.454500000000000000e+03 2.195200540570261728e+04 9.507725224759330795e-02
6.461500000000000000e+03 2.220987054499416627e+04 9.366854588455680863e-02
6.468500000000000000e+03 2.211232372246340674e+04 9.526910577176685158e-02
6.475500000000000000e+03 2.214407272510535404e+04 9.596829258729548673e-02
6.482500000000000000e+03 2.208235044909418139e+04 9.690502792152523581e-02
6.489500000000000000e+03 2.223589474736206830e+04 9.965299780262953933e-02
6.496500000000000000e+03 2.228162920086588201e+04 1.001395792408520530e-01
6.503500000000000000e+03 2.246904879421518490e+04 1.051473284750752135e-01
6.510500000000000000e+03 2.272849541402288378e+04 1.064140198488268407e-01
6.517500000000000000e+03 2.285101853250785280e+04 1.066128868449298939e-01
6.524500000000000000e+03 2.315869978914197054e+04 1.039655933035905228e-01
6.531500000000000000e+03 2.347539918050226697e+04 1.001914076258756947e-01
6.538500000000000000e+03 2.422561662253008399e+04 8.659897916496099579e-02
6.545500000000000000e+03 2.476819683904656995e+04 7.666356706570393031e-02
6.552500000000000000e+03 2.555746419972039803e+04 6.079029912836007854e-02
6.559500000000000000e+03 2.628928271995926480e+04 4.596195236330815476e-02
6.566500000000000000e+03 2.602747410310374835e+04 4.345868676379265050e-02
6.573500000000000000e+03 2.620009050949581433e+04 4.744734727188745782e-02
6.580500000000000000e+03 2.585590097205932761e+04 5.751308261610565964e-02
6.587500000000000000e+03 2.568501933947994621e+04 7.016212286146024379e-02
6.594500000000000000e+03 2.527893773210850850e+04 8.062526980305062541e-02
6.601500000000000000e+03 2.499984261818354571e+04 8.855627216315919981e-02
6.608500000000000000e+03 2.497329969395727312e+04 9.570980068313519884e-02
6.615500000000000000e+03 2.467680680935932469e+04 9.489433862203726366e-02
6.622500000000000000e+03 2.505954548124624489e+04 9.132340723775592140e-02
6.629500000000000000e+03 2.488846971154214043e+04 8.876126805270687092e-02
6.636500000000000000e+03 2.519631590652532395e+04 8.546642556551561909e-02
6.643500000000000000e+03 2.496050228774261632e+04 8.525605222728506460e-02
6.650500000000000000e+03 2.502070660413635778e+04 7.678037615718895370e-02
6.657500000000000000e+03 2.424420917298584027e+04 7.705632089917556493e-02
6.664500000000000000e+03 2.400578002232906147e+04 7.609121373005814370e-02
6.671500000000000000e+03 2.335155648004726754e+04 7.434723332927051231e-02
6.678500000000000000e+03 2.276447259450181809e+04 7.195560043865911748e-02
6.685500000000000000e+03 2.200503770817260011e+04 7.177100882574530272e-02
6.692500000000000000e+03 2.109416032313668620e+04 7.193341346147605342e-02
6.699500000000000000e+03 2.029805341668201800e+04 7.355214516735276986e-02
6.706500000000000000e+03 1.975852516917712637e+04 7.072882383583474486e-02
6.713500000000000000e+03 1.937708599440573380e+04 6.852229630905615210e-02
6.720500000000000000e+03 1.880207505382363888e+04 6.992257388280158359e-02
6.727500000000000000e+03 1.847728186409807313e+04 7.028816369003859643e-02
6.734500000000000000e+03 1.822088518860550539e+04 7.008635925360354180e-02
6.741500000000000000e+03 1.817816903413751061e+04 7.128042428997211077e-02
6.748500000000000000e+03 1.813275543375817142e+04 6.970176639737248048e-02
6.755500000000000000e+03 1.787824044754561692e+04 6.910903427382908415e-02
6.762500000000000000e+03 1.790736775596770894e+04 7.014848860524584839e-02
6.769500000000000000e+03 1.795984801780166890e+04 6.713705916803384965e-02
6.776500000000000000e+03 1.802492167614170830e+04 6.894260774681010284e-02
6.783500000000000000e+03 1.818916688467314088e+04 6.821961056813773128e-02
6.790500000000000000e+03 1.828135615448924364e+04 6.857795591446008698e-02
6.797500000000000000e+03 1.835236093590331802e+04 6.937716468123479585e-02
6.804500000000000000e+03 1.830792432967563582e+04 7.199976737148422457e-02
6.811500000000000000e+03 1.840977687590231653e+04 7.458808321622038828e-02
6.818500000000000000e+03 1.860956209189346191e+04 7.838263379737556158e-02
6.825500000000000000e+03 1.847430829048458691e+04 8.567270872902599255e-02
6.832500000000000000e+03 1.862357533796205098e+04 8.713974561928487794e-02
6.839500000000000000e+03 1.849408745098849249e+04 8.892112060649350058e-02
6.846500000000000000e+03 1.858565209128265997e+04 8.847724993499482549e-02
6.853500000000000000e+03 1.868794385227679231e+04 8.825003030867564768e-02
6.860500000000000000e+03 1.865054002296961698e+04 8.034335225278367576e-02
6.867500000000000000e+03 1.893366614064230816e+04 7.699214886002303526e-02
6.874500000000000000e+03 1.881373591591188597e+04 7.517915711083500430e-02
6.881500000000000000e+03 1.924403782264919573e+04 7.696954643428755016e-02
6.888500000000000000e+03 1.942034288882610781e+04 8.154753212021113862e-02
6.895500000000000000e+03 1.980149054050552513e+04 8.963069545259068349e-02
6.902500000000000000e+03 2.011752304125518640e+04 9.421320379145765866e-02
6.909500000000000000e+03 2.065787782542292916e+04 9.825498776175649318e-02
6.916500000000000000e+03 2.115563561340629894e+04 9.954235407707491545e-02
6.923500000000000000e+03 2.180794419719701182e+04 1.023310095608906262e-01
6.930500000000000000e+03 2.278098100737799177e+04 9.617384204704207407e-02
6.937500000000000000e+03 2.332539800978789208e+04 9.552931495503785841e-02
6.944500000000000000e+03 2.427594505870895227e+04 9.128305860439520081e-02
6.951500000000000000e+03 2.520912811619027707e+04 8.734035180329788317e-02
6.958500000000000000e+03 2.588386522593518021e+04 8.664633185957991424e-02
6.965500000000000000e+03 2.634474626821498168e+04 8.678271231924628015e-02
6.972500000000000000e+03 2.733533139654254410e+04 8.558112105319480578e-02
6.979500000000000000e+03 2.809978170118835624e+04 8.218539671645982980e-02
6.986500000000000000e+03 2.852866338039151015e+04 8.105534611762443831e-02
6.993500000000000000e+03 2.905830670337222909e+04 7.847516642503633844e-02
7.000500000000000000e+03 2.984222058692543214e+04 7.606807193188452887e-02
7.007500000000000000e+03 3.047575173724866909e+04 7.411391583990754872e-02
7.014500000000000000e+03 3.099637598838438134e+04 7.224764155779685171e-02
7.021500000000000000e+03 3.117543764565847960e+04 7.306502884198896874e-02
7.028500000000000000e+03 3.170824430887878043e+04 7.098418289320643226e-02
7.035500000000000000e+03 3.192888607838661483e+04 7.299401744800339265e-02
7.042500000000000000e+03 3.190770598526187314e+04 7.060235536690467884e-02
7.049500000000000000e+03 3.121944544127635891e+04 7.117104892070927336e-02
7.056500000000000000e+03 3.086952027481194455e+04 6.999599611917775577e-02
7.063500000000000000e+03 2.984263630163304697e+04 6.899286923905623148e-02
7.070500000000000000e+03 2.892889736108927173e+04 6.852152886306057955e-02
7.077500000000000000e+03 2.786068418642986944e+04 6.371332388503543609e-02
7.084500000000000000e+03 2.609674892451468259e+04 6.656610024889215993e-02
7.091500000000000000e+03 2.436880988358136165e+04 6.388581933495980636e-02
7.098500000000000000e+03 2.280848269930231618e+04 6.372512912632924409e-02
7.105500000000000000e+03 2.142068678060028833e+04 6.210862075404896543e-02
7.112500000000000000e+03 2.025847261624279781e+04 6.275014509661368256e-02
7.119500000000000000e+03 1.916154074609848976e+04 6.864021359833717695e-02
7.126500000000000000e+03 1.824937953145172651e+04 7.387717423668357930e-02
7.133500000000000000e+03 1.759559569076622938e+04 7.791466180021888732e-02
7.140500000000000000e+03 1.708181026085570193e+04 8.102294931484824159e-02
7.147500000000000000e+03 1.654068552278708739e+04 8.479621788987556918e-02
7.154500000000000000e+03 1.594465282190396101e+04 8.760503134650801660e-02
7.161500000000000000e+03 1.595625849931315861e+04 8.651917161985202276e-02
7.168500000000000000e+03 1.559553909612912139e+04 8.834393643327791146e-02
7.175500000000000000e+03 1.562880592225480541e+04 8.323737414969541171e-02
7.182500000000000000e+03 1.578837429422657442e+04 8.197894330814493868e-02
7.189500000000000000e+03 1.558493873515650921e+04 8.499832922148842229e-02
7.196500000000000000e+03 1.565161993601594259e+04 9.151918664923537616e-02
7.203500000000000000e+03 1.575211696757138088e+04 9.894270583168075783e-02
7.210500000000000000e+03 1.603295676476731933e+04 1.048370439636309159e-01
7.217500000000000000e+03 1.626751492261351996e+04 1.091628371845285300e-01
7.224500000000000000e+03 1.673630057792281514e+04 1.086654845402941494e-01
7.231500000000000000e+03 1.736378517015795660e+04 1.068598657470110347e-01
7.238500000000000000e+03 1.792331809257096756e+04 1.059107671263122274e-01
7.245500000000000000e+03 1.852339392747280363e+04 1.001904609555942793e-01
7.252500000000000000e+03 1.922087281835861359e+04 9.934855827585412080e-02
7.259500000000000000e+03 1.990638858010090917e+04 1.002974277307097789e-01
7.266500000000000000e+03 2.027887058535891265e+04 9.913039703789391921e-02
7.273500000000000000e+03 2.137371818369339599e+04 9.866894875978153567e-02
7.280500000000000000e+03 2.204037440057093772e+04 9.605523924246979484e-02
7.287500000000000000e+03 2.306167509962829718e+04 9.427482259602820713e-02
7.294500000000000000e+03 2.387462560531942654e+04 9.191408253396511630e-02
7.301500000000000000e+03 2.496349368487921674e+04 8.892031563718767739e-02
7.308500000000000000e+03 2.564739803109297645e+04 8.728379361619523213e-02
7.315500000000000000e+03 2.690243318930398527e+04 8.284558031205552231e-02
7.322500000000000000e+03 2.760938470193790272e+04 8.276645304249623247e-02
7.329500000000000000e+03 2.822387572732407716e+04 8.162872442781519966e-02
7.336500000000000000e+03 2.971590199258339271e+04 7.795604854002387285e-02
7.343500000000000000e+03 3.085635222176396928e+04 7.345883411244369388e-02
7.350500000000000000e+03 3.160784939830842268e+04 7.265890602545971300e-02
7.357500000000000000e+03 3.237188434368896560e+04 6.945791767329610733e-02
7.364500000000000000e+03 3.318316087275487371e+04 6.653502282972148518e-02
7.371500000000000000e+03 3.407753214095333533e+04 6.444587387635877795e-02
7.378500000000000000e+03 3.514623868576170207e+04 5.931657950049944866e-02
7.385500000000000000e+03 3.573403367772932688e+04 5.879074647606427617e-02
7.392500000000000000e+03 3.641510698199689068e+04 5.724555604318103119e-02
7.399500000000000000e+03 3.729172782024193293e+04 5.311070654215541142e-02
7.406500000000000000e+03 3.765722520302002522e+04 5.420033514669244518e-02
7.413500000000000000e+03 3.833869946533541224e+04 4.958627029248802165e-02
7.420500000000000000e+03 3.865673870957387408e+04 5.007728782707670384e-02
7.427500000000000000e+03 3.916936486152090220e+04 4.932390232640967292e-02
7.434500000000000000e+03 4.026080882747786382e+04 4.593646875075341890e-02
7.441500000000000000e+03 4.013692058274711599e+04 4.773990033160380869e-02
7.448500000000000000e+03 4.061676749665797979e+04 4.564658547086132556e-02
7.455500000000000000e+03 4.091631218741957127e+04 4.612185587462181574e-02
7.462500000000000000e+03 4.091277327945443540e+04 4.733857118226678096e-02
7.469500000000000000e+03 4.129080411694763461e+04 4.502740830603822741e-02
7.476500000000000000e+03 4.145506188100757572e+04 4.395861751070601758e-02
7.483500000000000000e+03 4.198829619967318285e+04 4.575506418363790850e-02
7.490500000000000000e+03 4.219326839068387198e+04 4.251037880764639565e-02
7.497500000000000000e+03 4.200535684613917692e+04 4.591196716517675219e-02
7.504500000000000000e+03 4.261929662571124209e+04 4.448766819568109043e-02
7.511500000000000000e+03 4.265247860890187440e+04 4.591853453922585537e-02
7.518500000000000000e+03 4.285837058417622757e+04 4.725823934754000422e-02
7.525500000000000000e+03 4.261242311704738677e+04 5.218808547163168027e-02
7.532500000000000000e+03 4.212110275510790962e+04 5.647843045244820004e-02
7.539500000000000000e+03 4.149988301273374964e+04 6.517197007875834280e-02
7.546500000000000000e+03 3.991318243651200464e+04 7.788509588850382748e-02
7.553500000000000000e+03 3.852945523477704410e+04 9.359262864378208036e-02
7.560500000000000000e+03 3.659915053481675568e+04 1.111311901400852675e-01
7.567500000000000000e+03 3.422337415866220545e+04 1.226670907523662174e-01
7.574500000000000000e+03 3.215318382016338364e+04 1.281874205822043922e-01
7.581500000000000000e+03 2.944953647634118897e+04 1.217336631933034208e-01
7.588500000000000000e+03 2.775217826580961628e+04 1.037767730799446508e-01
7.595500000000000000e+03 2.579172181226328030e+04 7.873186839028520345e-02
7.602500000000000000e+03 2.397460170657969138e+04 5.863125330673504138e-02
7.609500000000000000e+03 2.167553807034732017e+04 5.485762649065452357e-02
7.616500000000000000e+03 1.987188182936450175e+04 6.794738450557011311e-02
7.623500000000000000e+03 1.814413806519611535e+04 9.262994422055938204e-02
7.630500000000000000e+03 1.703393189259443170e+04 1.162351629236142714e-01
7.637500000000000000e+03 1.662944878605478152e+04 1.363883240358954307e-01
7.644500000000000000e+03 1.684628402069228832e+04 1.448934173098607447e-01
7.651500000000000000e+03 1.746113908105274459e+04 1.506911930554737378e-01
7.658500000000000000e+03 1.848761942187118257e+04 1.444659182722837776e-01
7.665500000000000000e+03 1.924206574513079613e+04 1.418813114982120371e-01
7.672500000000000000e+03 2.033341832997911479e+04 1.350893450790696393e-01
7.679500000000000000e+03 2.114300740194646278e+04 1.249574472214892568e-01
7.686500000000000000e+03 2.205854443464065480e+04 1.131825565753642598e-01
7.693500000000000000e+03 2.294915479168782622e+04 1.011959246811694052e-01
7.700500000000000000e+03 2.369365592142355672e+04 8.755997125555375904e-02
7.707500000000000000e+03 2.427143261902522863e+04 7.625433914761860221e-02
7.714500000000000000e+03 2.452402105727657545e+04 6.731104639573899651e-02
7.721500000000000000e+03 2.504246570658052224e+04 6.151067937837729344e-02
7.728500000000000000e+03 2.539211573750913522e+04 5.642045625639703632e-02
7.735500000000000000e+03 2.543499457072956284e+04 5.083057551829365389e-02
7.742500000000000000e+03 2.552011810031595087e+04 4.872393924693137895e-02
7.749500000000000000e+03 2.585470425980955770e+04 4.334326179720381089e-02
7.756500000000000000e+03 2.581663898154134222e+04 4.077024172834087246e-02
7.763500000000000000e+03 2.609204868885338510e+04 3.784904959539468761e-02
7.770500000000000000e+03 2.623775608754372661e+04 3.798883787057034250e-02
7.777500000000000000e+03 2.601358204459448098e+04 4.005061703625864555e-02
7.784500000000000000e+03 2.630562028073038891e+04 3.887135116125048362e-02
7.791500000000000000e+03 2.646614823984944087e+04 3.960484033208516719e-02
7.798500000000000000e+03 2.644479675339132518e+04 3.919720528944079657e-02
7.805500000000000000e+03 2.631877783364388597e+04 4.025996704365788353e-02
7.812500000000000000e+03 2.639006468363078966e+04 4.034164285357778879e-02
7.819500000000000000e+03 2.644165646316817219e+04 3.918103885319837443e-02
7.826500000000000000e+03 2.622729475399178045e+04 3.841996526783292981e-02
7.833500000000000000e+03 2.567364895596427232e+04 3.897907010635529024e-02
7.840500000000000000e+03 2.571790981114489477e+04 4.140073094209555798e-02
7.847500000000000000e+03 2.571040230474399505e+04 4.233616231939368174e-02
7.854500000000000000e+03 2.575457044905501243e+04 4.183143814245699615e-02
7.861500000000000000e+03 2.575486045851575182e+04 4.076721577667543478e-02
7.868500000000000000e+03 2.536984170257309233e+04 4.313612289745346468e-02
7.875500000000000000e+03 2.513698076623757879e+04 4.446873651773799313e-02
7.882500000000000000e+03 2.548089520702193113e+04 4.342203444401005613e-02
7.889500000000000000e+03 2.573129923278739443e+04 4.239232186744334302e-02
7.896500000000000000e+03 2.548012038359669168e+04 4.374515956418483648e-02
7.903500000000000000e+03 2.551729416834133372e+04 4.354714208214015281e-02
7.910500000000000000e+03 2.559474720452292604e+04 4.623242440260436070e-02
7.917500000000000000e+03 2.592214387143668864e+04 4.424325187527841652e-02
7.924500000000000000e+03 2.611192338464181739e+04 4.719451515500729111e-02
7.931500000000000000e+03 2.605321051693021946e+04 4.630182877160628208e-02
7.938500000000000000e+03 2.634772944421916327e+04 4.581472687300372493e-02
7.945500000000000000e+03 2.678054949043740271e+04 4.513040169310766903e-02
7.952500000000000000e+03 2.700447203043073023e+04 4.764488311271468379e-02
7.959500000000000000e+03 2.745328871441936644e+04 4.469550135377332867e-02
7.966500000000000000e+03 2.790620030787741416e+04 4.456593157600052119e-02
7.973500000000000000e+03 2.810779440139802318e+04 4.415682874048472428e-02
7.980500000000000000e+03 2.832714405734683896e+04 4.241942063029204013e-02
7.987500000000000000e+03 2.840878356262320449e+04 4.694594006121011881e-02
7.994500000000000000e+03 2.895986382867287466e+04 4.636888472221468299e-02
8.001500000000000000e+03 2.937269471206261733e+04 4.466028888403338754e-02
8.008500000000000000e+03 2.937273844338805065e+04 4.515332721798809290e-02
8.015500000000000000e+03 2.997438284185675002e+04 4.286474664249820266e-02
8.022500000000000000e+03 2.998783752221508257e+04 4.316680094466456008e-02
8.029500000000000000e+03 3.021795067598854803e+04 4.302095561241180144e-02
8.036500000000000000e+03 3.054433624000655254e+04 4.372612021777586705e-02
8.043500000000000000e+03 3.057355864545799341e+04 4.662961057941258231e-02
8.050500000000000000e+03 3.115982941794598082e+04 4.336564728167847244e-02
8.057500000000000000e+03 3.149648776038767755e+04 4.418611554168215549e-02
8.064500000000000000e+03 3.168066313619323046e+04 4.451852401105168416e-02
8.071500000000000000e+03 3.175793451742140314e+04 4.883507176851433623e-02
8.078500000000000000e+03 3.204121060874153045e+04 4.987412154574197981e-02
8.085500000000000000e+03 3.212687147418246241e+04 5.105823193132634497e-02
8.092500000000000000e+03 3.181977255908097140e+04 5.427757630304765740e-02
8.099500000000000000e+03 3.223400228383122885e+04 5.703490896944415911e-02
8.106500000000000000e+03 3.146998551246988791e+04 6.349065304743248261e-02
8.113500000000000000e+03 3.156440266620135662e+04 6.533493183813404714e-02
8.120500000000000000e+03 3.115137690080126413e+04 6.936459536107221491e-02
8.127500000000000000e+03 3.063711136053792507e+04 7.019232179543928585e-02
8.134500000000000000e+03 3.036919836925396157e+04 7.301841982629718453e-02
8.141500000000000000e+03 3.015974419099394800e+04 7.217706307784821362e-02
8.148500000000000000e+03 2.992373752528058685e+04 7.200858635561746546e-02
8.155500000000000000e+03 2.952502524487790288e+04 7.171463634317168379e-02
8.162500000000000000e+03 2.955791871218453161e+04 7.284932137514174566e-02
8.169500000000000000e+03 2.933871397109581812e+04 7.415588617811785799e-02
8.176500000000000000e+03 2.947280179262770980e+04 7.614960133810380616e-02
8.183500000000000000e+03 2.944826625708888605e+04 8.163409800260512661e-02
8.190500000000000000e+03 2.882387772769739968e+04 8.867715369471296238e-02
8.197500000000000000e+03 2.945234765319675353e+04 8.751494770845709426e-02
8.204500000000000000e+03 2.962658168972213389e+04 8.731895031150042896e-02
8.211500000000000000e+03 2.984977004854758707e+04 8.427729905414622913e-02
8.218500000000000000e+03 3.013377891573399029e+04 8.040567923855938826e-02
8.225500000000000000e+03 3.069646625959514131e+04 7.511566142291832560e-02
8.232500000000000000e+03 3.094242633012680744e+04 7.173920401120335855e-02
8.239500000000000000e+03 3.122042207658000552e+04 7.270993147972532045e-02
8.246500000000000000e+03 3.150266104233972146e+04 7.186688152901003768e-02
8.253500000000000000e+03 3.112282150814730994e+04 7.895365717756960833e-02
8.260500000000000000e+03 3.116684935325819970e+04 7.764154928780962750e-02
8.267500000000000000e+03 3.164253885558784168e+04 7.490499493091024030e-02
8.274500000000000000e+03 3.138323385727783898e+04 6.932799234507276698e-02
8.281500000000000000e+03 3.161386858705219129e+04 7.077063924436689801e-02
8.288500000000000000e+03 3.162043517754370259e+04 6.681509922082205788e-02
8.295500000000000000e+03 3.160988976086055845e+04 6.318188564464714829e-02
8.302500000000000000e+03 3.180393252442979065e+04 6.184453521095236578e-02
8.309500000000000000e+03 3.148353044689688977e+04 6.047568479767997940e-02
8.316500000000000000e+03 3.199169564933881702e+04 5.923955620842956404e-02
8.323500000000000000e+03 3.179435935528119444e+04 5.669735189305123019e-02
8.330500000000000000e+03 3.148959331493226273e+04 5.792646236282439354e-02
8.337500000000000000e+03 3.173087531701905391e+04 5.522350964875354096e-02
8.344500000000000000e+03 3.166790166017776210e+04 5.752038638347469618e-02
8.351500000000000000e+03 3.197376424967111598e+04 5.410728092466400574e-02
8.358500000000000000e+03 3.193504672290407689e+04 5.301232704110801081e-02
8.365500000000000000e+03 3.230031458201916394e+04 4.852049634218381230e-02
8.372500000000000000e+03 3.192362399409083446e+04 4.932160014404552567e-02
8.379500000000000000e+03 3.214282090607288774e+04 4.553674014015182681e-02
8.386500000000000000e+03 3.154154747329679958e+04 4.482517479659447329e-02
8.393500000000000000e+03 3.163864243274612818e+04 4.498560215305408283e-02
8.400500000000000000e+03 3.111854227005736175e+04 3.798143646039214144e-02
8.407500000000000000e+03 3.034000050109355288e+04 3.939516621776737587e-02
8.414500000000000000e+03 2.956342619600496255e+04 3.669032604528055935e-02
8.421500000000000000e+03 2.866315895981273206e+04 3.592172620218918311e-02
8.428500000000000000e+03 2.776046112749699387e+04 3.561923497442963382e-02
8.435500000000000000e+03 2.679351245694136742e+04 3.318430188440774087e-02
8.442500000000000000e+03 2.575290645347812824e+04 3.125756279272145360e-02
8.449500000000000000e+03 2.499143279553704633e+04 3.423313225713723457e-02
8.456500000000000000e+03 2.462746740929896987e+04 3.063725089135432497e-02
8.463500000000000000e+03 2.437718852792358302e+04 2.844352446197816187e-02
8.470500000000000000e+03 2.391454825443959999e+04 3.135365311760732882e-02
8.477500000000000000e+03 2.378238063133791366e+04 3.062806525533637303e-02
8.484500000000000000e+03 2.354587845299885521e+04 3.077467418290100523e-02
8.491500000000000000e+03 2.360966362925347494e+04 2.939995957680157854e-02
8.498500000000000000e+03 2.372578716263549359e+04 3.026340649116111142e-02
8.505500000000000000e+03 2.381034733392204362e+04 3.195903306502597546e-02
8.512500000000000000e+03 2.416109444938366141e+04 2.793558087120861372e-02
8.519500000000000000e+03 2.412556483261426911e+04 3.221948133213758947e-02
8.526500000000000000e+03 2.455498803784425036e+04 2.657671715923763320e-02
8.533500000000000000e+03 2.486756661765030003e+04 2.550956092852988202e-02
8.540500000000000000e+03 2.507417231306093163e+04 2.622603572502290106e-02
8.547500000000000000e+03 2.524932872740824678e+04 2.402597490949142517e-02
8.554500000000000000e+03 2.558837668880065758e+04 2.757442923327816514e-02
8.561500000000000000e+03 2.600560209766004846e+04 2.917065582196132906e-02
8.568500000000000000e+03 2.598417023797331785e+04 3.224665967334670175e-02
8.575500000000000000e+03 2.647645550717477090e+04 2.956489294451015645e-02
8.582500000000000000e+03 2.702956797656223716e+04 2.652034853437183412e-02
8.589500000000000000e+03 2.745077969516576559e+04 2.635559710201254222e-02
8.596500000000000000e+03 2.796645798894075779e+04 2.150241319122622036e-02
8.603500000000000000e+03 2.855373057543985851e+04 2.285778485592091305e-02
8.610500000000000000e+03 2.842807425675678678e+04 2.733465106263054112e-02
8.617500000000000000e+03 2.891128127134168972e+04 3.016461069876830506e-02
8.624500000000000000e+03 2.859700771244863427e+04 3.546731694786634664e-02
8.631500000000000000e+03 2.920174248870480733e+04 3.621441827404104502e-02
8.638500000000000000e+03 2.919096616012283266e+04 3.505534413749079176e-02
8.645500000000000000e+03 2.993167443537878353e+04 2.807721324946517785e-02
8.652500000000000000e+03 3.017485629195321962e+04 2.535001983587573116e-02
8.659500000000000000e+03 3.086856630454287006e+04 1.696797452950874266e-02
8.666500000000000000e+03 3.132627938239192008e+04 1.075707271470564830e-02
8.673500000000000000e+03 3.197132072773899199e+04 1.007146042971288416e-02
8.680500000000000000e+03 3.124996112331996119e+04 1.786771075309772847e-02
8.687500000000000000e+03 3.136903233263746733e+04 2.744287489711197750e-02
8.694500000000000000e+03 3.135951679729481839e+04 3.611542770525330570e-02
8.701500000000000000e+03 3.137490935703300420e+04 4.007931725709242693e-02
8.708500000000000000e+03 3.129515716584001348e+04 4.594184824152275359e-02
8.715500000000000000e+03 3.172219525658588827e+04 4.417075425054359239e-02
8.722500000000000000e+03 3.239523339005679736e+04 3.856510740181312569e-02
8.729500000000000000e+03 3.324795964825417468e+04 2.851801145274147214e-02
8.736500000000000000e+03 3.419616956284334447e+04 1.713253422450338251e-02
8.743500000000000000e+03 3.476345185123798728e+04 8.222013033400669621e-03
8.750500000000000000e+03 3.503459426191973762e+04 5.278698138396679604e-03
8.757500000000000000e+03 3.532339548522025871e+04 3.801581512274439505e-03
8.764500000000000000e+03 3.491491209701689513e+04 1.087920960171687330e-02
8.771500000000000000e+03 3.490033842966159864e+04 1.658720903522317366e-02
8.778500000000000000e+03 3.433686513847655442e+04 2.861751623153798579e-02
8.785500000000000000e+03 3.383983159558622719e+04 3.242468283971320503e-02
8.792500000000000000e+03 3.365244255695083848e+04 4.312454112931329159e-02
8.799500000000000000e+03 3.352178558975997294e+04 4.638924453429442429e-02
8.806500000000000000e+03 3.373639195457117603e+04 4.431319938064604003e-02
8.813500000000000000e+03 3.350110409377679753e+04 4.546335485859649694e-02
8.820500000000000000e+03 3.408257766642592469e+04 4.068072438086575010e-02
8.827500000000000000e+03 3.414971504169686523e+04 3.883925574578091927e-02
8.834500000000000000e+03 3.451116592095550004e+04 3.211613320930392645e-02
8.841500000000000000e+03 3.519385967631953099e+04 2.262687568406535413e-02
8.848500000000000000e+03 3.604649588555368246e+04 1.402758145848015565e-02
8.855500000000000000e+03 3.639321232126332325e+04 6.421141306318282373e-03
8.862500000000000000e+03 3.643918755411081656e+04 3.208343456092876793e-03
8.869500000000000000e+03 3.621286443251794117e+04 1.010150251901486673e-03
8.876500000000000000e+03 3.642456080950549222e+04 9.283900878924116959e-03
8.883500000000000000e+03 3.572805897778145300e+04 1.651440519153574843e-02
8.890500000000000000e+03 3.486871754175997921e+04 2.841824654752463097e-02
8.897500000000000000e+03 3.410310300134321733e+04 4.082812904654153918e-02
8.904500000000000000e+03 3.343488837409505504e+04 5.295765953556193228e-02
8.911500000000000000e+03 3.286163330965350906e+04 5.984092189166746734e-02
8.918500000000000000e+03 3.241117644993125941e+04 6.429347057254169995e-02
8.925500000000000000e+03 3.189979997542435376e+04 6.909407184885416053e-02
8.932500000000000000e+03 3.108804133279689268e+04 7.422986527557706715e-02
8.939500000000000000e+03 3.063181062576318072e+04 7.560768121847435963e-02
8.946500000000000000e+03 3.000313601543984987e+04 7.768341233590467243e-02
8.953500000000000000e+03 2.905402822020756503e+04 8.113914090476269381e-02
8.960500000000000000e+03 2.843241245641834757e+04 7.838865666561679879e-02
8.967500000000000000e+03 2.789840934028489937e+04 8.449259749460782953e-02
8.974500000000000000e+03 2.741383904280741626e+04 8.126373790138001485e-02
8.981500000000000000e+03 2.727903984969136218e+04 7.719950497202665574e-02
8.988500000000000000e+03 2.717485298657559179e+04 6.937342094478854415e-02
8.995500000000000000e+03 2.761245438410216957e+04 6.117709235774793780e-02
9.002500000000000000e+03 2.788224765467784528e+04 5.172407183377576018e-02
9.009500000000000000e+03 2.861579944674254511e+04 5.018547848930945965e-02
9.016500000000000000e+03 2.855594669326069561e+04 5.332103966614061552e-02
9.023500000000000000e+03 2.816070137970223004e+04 6.280105601234509116e-02
9.030500000000000000e+03 2.803615761352428672e+04 7.801549659367786049e-02
9.037500000000000000e+03 2.767236487739797667e+04 9.390926997504371598e-02
9.044500000000000000e+03 2.731944977232733800e+04 1.043210962357142557e-01
9.051500000000000000e+03 2.716689041406515753e+04 1.066206118297933492e-01
9.058500000000000000e+03 2.700203022333881017e+04 1.072626906866462476e-01
9.065500000000000000e+03 2.686009240343704005e+04 1.042826171215429643e-01
9.072500000000000000e+03 2.650838085893516836e+04 9.933537116044532933e-02
9.079500000000000000e+03 2.641294833337595264e+04 9.622268144482161445e-02
9.086500000000000000e+03 2.597978921831372281e+04 9.633676989134100366e-02
9.093500000000000000e+03 2.585497987867466509e+04 1.022104940220625729e-01
9.100500000000000000e+03 2.573969403131270155e+04 1.038685897922035500e-01
9.107500000000000000e+03 2.530100411135375543e+04 1.082536940659157426e-01
9.114500000000000000e+03 2.477694281428461545e+04 1.146143695236380849e-01
9.121500000000000000e+03 2.482757769857964740e+04 1.150779056870625261e-01
9.128500000000000000e+03 2.451424836871734078e+04 1.133653632834391578e-01
9.135500000000000000e+03 2.460089998711985390e+04 1.132047435526149781e-01
9.142500000000000000e+03 2.455882993124500717e+04 1.116978380272480587e-01
9.149500000000000000e+03 2.489313365854194126e+04 1.106891827759058644e-01
9.156500000000000000e+03 2.495062261225475231e+04 1.074848719186560914e-01
9.163500000000000000e+03 2.495049647881371129e+04 1.072197764192314995e-01
9.170500000000000000e+03 2.494625135916101135e+04 1.083776879517407421e-01
9.177500000000000000e+03 2.525838775785768667e+04 1.087045932471742832e-01
9.184500000000000000e+03 2.539940847443884195e+04 1.079531785832497370e-01
9.191500000000000000e+03 2.550892189094792775e+04 1.052035836997918805e-01
9.198500000000000000e+03 2.599522451030320008e+04 9.740434988282016537e-02
9.205500000000000000e+03 2.652883615773497877e+04 9.040753135770709936e-02
9.212500000000000000e+03 2.645359231485738565e+04 7.826416921807906324e-02
9.219500000000000000e+03 2.667420568633827497e+04 6.818783569636140129e-02
9.226500000000000000e+03 2.654216353800685829e+04 6.403364051283037817e-02
9.233500000000000000e+03 2.627265159621254861e+04 6.365770727089632708e-02
9.240500000000000000e+03 2.507876839526748881e+04 7.868962911563746887e-02
9.247500000000000000e+03 2.421052797147559613e+04 9.410499096741907488e-02
9.254500000000000000e+03 2.270507143701762107e+04 1.165519928877018357e-01
9.261500000000000000e+03 2.139896491762748701e+04 1.351439339218623303e-01
9.268500000000000000e+03 1.976517707443036488e+04 1.587689182422320489e-01
9.275500000000000000e+03 1.842974599026474243e+04 1.727577628563605472e-01
9.282500000000000000e+03 1.703978588558710180e+04 1.870125726344631090e-01
9.289500000000000000e+03 1.591672429322696189e+04 1.922202309423095834e-01
9.296500000000000000e+03 1.449851610427012383e+04 2.031948469766972909e-01
9.303500000000000000e+03 1.337933255454090249e+04 2.014466280601107384e-01
9.310500000000000000e+03 1.230308442043362447e+04 2.081413187666739384e-01
9.317500000000000000e+03 1.119343454448589546e+04 2.138692374230505566e-01
9.324500000000000000e+03 1.035976008020942572e+04 2.121269179752992284e-01
9.331500000000000000e+03 9.734534385798111543e+03 2.146380462487877394e-01
9.338500000000000000e+03 9.198655962628841735e+03 2.202551181972798866e-01
9.345500000000000000e+03 8.935075972196711518e+03 2.208437707770679048e-01
9.352500000000000000e+03 8.797946220467507374e+03 2.304221620652760483e-01
9.359500000000000000e+03 8.831081855825805178e+03 2.412894992605786881e-01
9.366500000000000000e+03 9.102559319270692868e+03 2.429006318569700840e-01
9.373500000000000000e+03 9.212338130248150264e+03 2.632057809190365139e-01
9.380500000000000000e+03 9.333573002612967684e+03 2.822155817336769457e-01
9.387500000000000000e+03 9.756290679505376829e+03 2.958406500238519587e-01
9.394500000000000000e+03 9.932421215216090786e+03 3.078594051219795680e-01
9.401500000000000000e+03 1.033215660894872235e+04 3.006737580382622399e-01
9.408500000000000000e+03 1.050981678335247125e+04 2.989680484121708393e-01
9.415500000000000000e+03 1.057720644219869973e+04 2.853661018626298951e-01
9.422500000000000000e+03 1.099129760209420419e+04 2.586680058749977196e-01
9.429500000000000000e+03 1.108544114849144535e+04 2.403809235883840600e-01
9.436500000000000000e+03 1.088867066204484399e+04 2.361594832123189713e-01
9.443500000000000000e+03 1.108328240982793068e+04 2.212470831898694368e-01
9.450500000000000000e+03 1.092795242387654980e+04 2.271100626399915334e-01
9.457500000000000000e+03 1.076557753323361794e+04 2.374076140884969766e-01
9.464500000000000000e+03 1.056805419528024140e+04 2.519159889911026240e-01
9.471500000000000000e+03 1.046922675175327458e+04 2.613621920701243440e-01
9.478500000000000000e+03 1.065676970154655646e+04 2.580312093780137706e-01
9.485500000000000000e+03 1.063615403054489798e+04 2.646627605466077560e-01
9.492500000000000000e+03 1.079902436640376254e+04 2.620405447461537918e-01
9.499500000000000000e+03 1.106792490243591237e+04 2.522441705684996816e-01
9.506500000000000000e+03 1.099856340029317653e+04 2.569646718841411270e-01
9.513500000000000000e+03 1.128458428799774083e+04 2.505877048855038591e-01
9.520500000000000000e+03 1.170087552949169367e+04 2.345012755131162807e-01
9.527500000000000000e+03 1.200380107327821133e+04 2.234858008431898913e-01
9.534500000000000000e+03 1.213381354024386201e+04 2.166022331176819249e-01
9.541500000000000000e+03 1.252783890258966312e+04 2.034337245577989839e-01
9.548500000000000000e+03 1.304761539226141758e+04 1.874360393380755940e-01
9.555500000000000000e+03 1.311298610557651227e+04 1.867811005715619421e-01
9.562500000000000000e+03 1.323170686320889581e+04 1.893212054920998533e-01
9.569500000000000000e+03 1.325960580539226066e+04 1.945608984692301369e-01
9.576500000000000000e+03 1.321930711244989470e+04 1.992478157214612466e-01
9.583500000000000000e+03 1.353173828243334719e+04 1.998881840776616237e-01
9.590500000000000000e+03 1.400004317338675355e+04 1.927692095745814072e-01
9.597500000000000000e+03 1.417833910429291791e+04 1.910624786871898961e-01
9.604500000000000000e+03 1.440499175867546001e+04 1.932654632729365607e-01
9.611500000000000000e+03 1.496335562967823535e+04 1.854999093121090792e-01
9.618500000000000000e+03 1.542642245223109603e+04 1.782365953900036104e-01
9.625500000000000000e+03 1.583384147217182181e+04 1.682408731478828301e-01
9.632500000000000000e+03 1.617752726709148374e+04 1.550978520775206093e-01
9.639500000000000000e+03 1.692022282825036746e+04 1.470367307345781527e-01
9.646500000000000000e+03 1.769595660471866722e+04 1.331005443734057103e-01
9.653500000000000000e+03 1.820154136184236268e+04 1.267999187417307994e-01
9.660500000000000000e+03 1.861986120442175161e+04 1.247958446038481550e-01
9.667500000000000000e+03 1.928120263840917687e+04 1.207142830554723822e-01
9.674500000000000000e+03 1.976850528623753416e+04 1.179307286548715583e-01
9.681500000000000000e+03 2.035447821642561757e+04 1.173946618549556176e-01
9.688500000000000000e+03 2.038246066597462777e+04 1.169539703758943755e-01
9.695500000000000000e+03 2.096006066691805972e+04 1.108775628218078430e-01
9.702500000000000000e+03 2.116786674424325611e+04 1.068438492487412822e-01
9.709500000000000000e+03 2.134942493138184727e+04 1.008765907999645550e-01
9.716500000000000000e+03 2.145133443350320158e+04 9.580506386986760436e-02
9.723500000000000000e+03 2.141046425902669216e+04 9.044423745774714252e-02
9.730500000000000000e+03 2.162451938756425807e+04 8.184341680446657885e-02
9.737500000000000000e+03 2.151980230126155220e+04 7.940461419392881581e-02
9.744500000000000000e+03 2.152085041956198256e+04 7.287134718877022466e-02
9.751500000000000000e+03 2.129145492815973194e+04 7.746344089688551870e-02
9.758500000000000000e+03 2.132275920417165617e+04 7.565608709737944859e-02
9.765500000000000000e+03 2.126907839724320002e+04 7.500478966462718888e-02
9.772500000000000000e+03 2.122958076938813610e+04 7.952938174542847904e-02
9.779500000000000000e+03 2.120656409893450109e+04 7.702293494488313130e-02
9.786500000000000000e+03 2.162784594925343117e+04 7.249346820858865170e-02
9.793500000000000000e+03 2.175730160112895828e+04 7.254783231183836723e-02
9.800500000000000000e+03 2.184379488222820510e+04 6.758104940305126318e-02
9.807500000000000000e+03 2.235363067718492312e+04 6.588532801745203282e-02
9.814500000000000000e+03 2.273767405757897723e+04 6.212072010268954864e-02
9.821500000000000000e+03 2.289285938317602267e+04 5.749251567054737555e-02
9.828500000000000000e+03 2.324162219103297321e+04 5.402649531492167284e-02
9.835500000000000000e+03 2.340802800674304308e+04 5.263644903720546969e-02
9.842500000000000000e+03 2.347708812764507820e+04 4.848251375831518634e-02
9.849500000000000000e+03 2.355044147142510701e+04 4.463636170818866683e-02
9.856500000000000000e+03 2.386492101351233941e+04 4.180715785966851450e-02
9.863500000000000000e+03 2.391237429125517156e+04 4.079419090933053549e-02
9.870500000000000000e+03 2.414873230006914673e+04 3.637419401118963808e-02
9.877500000000000000e+03 2.393574825755949132e+04 3.456918949570017552e-02
9.884500000000000000e+03 2.381729177693167003e+04 3.670021510712334623e-02
9.891500000000000000e+03 2.399328981305460911e+04 2.934265647099506408e-02
9.898500000000000000e+03 2.414879813142539206e+04 2.907431339138348211e-02
9.905500000000000000e+03 2.392261277811935361e+04 2.498631766811142477e-02
9.912500000000000000e+03 2.372952887870797713e+04 2.550228123160866098e-02
9.919500000000000000e+03 2.349718931506932131e+04 2.287960906697616634e-02
9.926500000000000000e+03 2.351114139254430120e+04 2.316264269601798695e-02
9.933500000000000000e+03 2.335929192520875586e+04 2.309462630933365596e-02
9.940500000000000000e+03 2.307117767150978034e+04 2.032397590636263532e-02
9.947500000000000000e+03 2.295220173543765486e+04 2.116836785214321406e-02
9.954500000000000000e+03 2.284998882162574955e+04 1.737603918053755303e-02
9.961500000000000000e+03 2.262376206889819878e+04 1.564015924844932084e-02
9.968500000000000000e+03 2.274943023184380945e+04 1.133436622085767613e-02
9.975500000000000000e+03 2.288721848420340757e+04 8.405397289340983680e-03
9.982500000000000000e+03 2.252539036485279576e+04 6.798904233437800919e-03
9.989500000000000000e+03 2.248858821675527361e+04 5.778687857919420634e-03
9.996500000000000000e+03 2.250652533724786554e+04 6.030342829641471142e-03
