# wavelength angstroms, flux, ext coeff
5.551500000000000000e+03 1.888165515109219632e+04 1.818448334063893224e-01
5.558500000000000000e+03 1.936885071224269996e+04 1.829108570608926898e-01
5.565500000000000000e+03 2.086644095919113533e+04 1.774160229962481183e-01
5.572500000000000000e+03 2.179791465021899785e+04 1.677083770973271104e-01
5.579500000000000000e+03 2.243910819270660068e+04 1.625936135742852284e-01
5.586500000000000000e+03 2.295329821483195701e+04 1.555547545852618285e-01
5.593500000000000000e+03 2.431351389126646609e+04 1.491490091375924365e-01
5.600500000000000000e+03 2.437810696619826922e+04 1.448206444662799020e-01
5.607500000000000000e+03 2.540629586511678281e+04 1.393685873339793047e-01
5.614500000000000000e+03 2.515814880229486516e+04 1.413465250149628372e-01
5.621500000000000000e+03 2.537419635148636735e+04 1.437155104512759518e-01
5.628500000000000000e+03 2.547546990557447134e+04 1.421724308590296415e-01
5.635500000000000000e+03 2.553704745403445850e+04 1.408645397843121538e-01
5.642500000000000000e+03 2.564206661531846476e+04 1.421169253838515945e-01
5.649500000000000000e+03 2.582509617744914794e+04 1.424695587799310048e-01
5.656500000000000000e+03 2.618500664872579364e+04 1.417285919166119401e-01
5.663500000000000000e+03 2.613798907513340964e+04 1.397793197738950721e-01
5.670500000000000000e+03 2.665270654417445257e+04 1.383980084902916852e-01
5.677500000000000000e+03 2.619964467710918325e+04 1.415672747857761038e-01
5.684500000000000000e+03 2.662155492953359135e+04 1.395066189571932125e-01
5.691500000000000000e+03 2.640215694355170490e+04 1.413105924822291581e-01
5.698500000000000000e+03 2.635556705053741825e+04 1.422738213376490146e-01
5.705500000000000000e+03 2.630881971425975644e+04 1.409881056140686040e-01
5.712500000000000000e+03 2.607740221797442064e+04 1.434549166673483589e-01
5.719500000000000000e+03 2.669271122247768653e+04 1.417834997631352290e-01
5.726500000000000000e+03 2.651898865153268343e+04 1.405809794800846335e-01
5.733500000000000000e+03 2.698891109552030684e+04 1.399597015689748036e-01
5.740500000000000000e+03 2.678982020040965654e+04 1.410372301910519932e-01
5.747500000000000000e+03 2.743072071813161529e+04 1.396482168581285599e-01
5.754500000000000000e+03 2.722459285312214706e+04 1.382200138518128174e-01
5.761500000000000000e+03 2.737186667077304082e+04 1.359785772292721184e-01
5.768500000000000000e+03 2.740934122665812902e+04 1.373416208143423967e-01
5.775500000000000000e+03 2.751318298669133583e+04 1.356460252884826578e-01
5.782500000000000000e+03 2.777846706644484220e+04 1.369589543564517231e-01
5.789500000000000000e+03 2.824771457178296623e+04 1.348535192605764821e-01
5.796500000000000000e+03 2.805225412575820155e+04 1.344419024812662788e-01
5.803500000000000000e+03 2.829550595225650977e+04 1.342523055741165205e-01
5.810500000000000000e+03 2.833013782733940025e+04 1.344352552543901791e-01
5.817500000000000000e+03 2.823300446764092339e+04 1.365980993417264533e-01
5.824500000000000000e+03 2.867324379686242537e+04 1.332890523571016173e-01
5.831500000000000000e+03 2.835640099617973829e+04 1.353375470609006759e-01
5.838500000000000000e+03 2.809348353020831928e+04 1.369728371064950212e-01
5.845500000000000000e+03 2.803056134276192824e+04 1.372546139914605501e-01
5.852500000000000000e+03 2.804613279737113771e+04 1.357804766005018815e-01
5.859500000000000000e+03 2.765863329540656559e+04 1.363527810211033753e-01
5.866500000000000000e+03 2.799898282257745450e+04 1.352235331452410205e-01
5.873500000000000000e+03 2.757828611738270047e+04 1.346736632300286896e-01
5.880500000000000000e+03 2.674763712927036249e+04 1.358861534060251397e-01
5.887500000000000000e+03 2.762288572492601452e+04 1.364677148637157555e-01
5.894500000000000000e+03 2.741485384618949320e+04 1.384223090606685747e-01
5.901500000000000000e+03 2.751628531042064787e+04 1.379344552416086334e-01
5.908500000000000000e+03 2.735599566139365197e+04 1.396246730713774087e-01
5.915500000000000000e+03 2.709555829296880984e+04 1.403794488403138363e-01
5.922500000000000000e+03 2.675590129967230678e+04 1.419290211945036517e-01
5.929500000000000000e+03 2.718456213758276499e+04 1.416927934586508231e-01
5.936500000000000000e+03 2.671624365536704863e+04 1.413180202383315653e-01
5.943500000000000000e+03 2.683208751278444106e+04 1.395230484733564758e-01
5.950500000000000000e+03 2.719087579495278624e+04 1.393024576622945987e-01
5.957500000000000000e+03 2.752004163322845125e+04 1.382223879599178695e-01
5.964500000000000000e+03 2.745927560957454989e+04 1.380050876986539665e-01
5.971500000000000000e+03 2.754386843793038133e+04 1.356686785200532930e-01
5.978500000000000000e+03 2.764609030756009088e+04 1.358162511338545930e-01
5.985500000000000000e+03 2.780892303175725465e+04 1.356894494682035213e-01
5.992500000000000000e+03 2.774320266773087496e+04 1.340383672144324634e-01
5.999500000000000000e+03 2.786939021578088432e+04 1.318899975550114900e-01
6.006500000000000000e+03 2.805036217694641164e+04 1.305859970834466199e-01
6.013500000000000000e+03 2.803404268560493074e+04 1.293457676327661454e-01
6.020500000000000000e+03 2.798045924808591371e+04 1.289740162196180706e-01
6.027500000000000000e+03 2.864266230818796612e+04 1.279244157665897774e-01
6.034500000000000000e+03 2.870525519243350209e+04 1.270399912890443905e-01
6.041500000000000000e+03 2.797389254185872778e+04 1.288867215593400561e-01
6.048500000000000000e+03 2.922838592267614149e+04 1.247583531740155821e-01
6.055500000000000000e+03 2.869367990359686519e+04 1.233637320819701427e-01
6.062500000000000000e+03 2.855360312518189312e+04 1.248477981051724778e-01
6.069500000000000000e+03 2.845695009282774845e+04 1.236769183053563065e-01
6.076500000000000000e+03 2.877005278676604212e+04 1.225158612640510902e-01
6.083500000000000000e+03 2.909229920613649665e+04 1.205296664209643820e-01
6.090500000000000000e+03 2.884799297753766950e+04 1.201585505031430162e-01
6.097500000000000000e+03 2.870993253929056300e+04 1.211641258642053021e-01
6.104500000000000000e+03 2.887640739165527339e+04 1.197034649401286788e-01
6.111500000000000000e+03 2.923768911357641991e+04 1.191622266660849749e-01
6.118500000000000000e+03 2.887520740940310498e+04 1.189164738212683814e-01
6.125500000000000000e+03 2.904090489286710363e+04 1.157887599274086965e-01
6.132500000000000000e+03 2.903134861181310043e+04 1.156862834871072165e-01
6.139500000000000000e+03 2.914714387373690988e+04 1.144104169918830072e-01
6.146500000000000000e+03 2.946994515450697872e+04 1.123301663078619672e-01
6.153500000000000000e+03 2.868752273021995643e+04 1.132949030290738845e-01
6.160500000000000000e+03 2.952621457272235421e+04 1.114817468726316818e-01
6.167500000000000000e+03 2.943097690391906872e+04 1.100728275085303964e-01
6.174500000000000000e+03 2.948000177846823499e+04 1.098304997658092474e-01
6.181500000000000000e+03 2.942474791267983528e+04 1.095050668414013079e-01
6.188500000000000000e+03 2.965424939989669656e+04 1.096270906573780513e-01
6.195500000000000000e+03 2.932600235067279573e+04 1.102369695137689343e-01
6.202500000000000000e+03 2.939983235870363569e+04 1.094920591232405455e-01
6.209500000000000000e+03 2.924592297580325612e+04 1.093058411917852135e-01
6.216500000000000000e+03 2.936475466777430847e+04 1.091316494745449145e-01
6.223500000000000000e+03 2.942951577207613809e+04 1.075694910272681493e-01
6.230500000000000000e+03 2.949735794661395630e+04 1.076621869164804263e-01
6.237500000000000000e+03 2.986972967901443553e+04 1.045177663232243898e-01
6.244500000000000000e+03 2.928999505601670171e+04 1.068435028077952820e-01
6.251500000000000000e+03 2.923691568961294979e+04 1.052144628593478237e-01
6.258500000000000000e+03 2.889326889078771637e+04 1.080388898323328128e-01
6.265500000000000000e+03 2.875345576972516938e+04 1.062096501343500060e-01
6.272500000000000000e+03 2.880387274283589795e+04 1.051957055711182365e-01
6.279500000000000000e+03 2.874004850873788382e+04 1.064487343595161423e-01
6.286500000000000000e+03 2.882192442531597044e+04 1.071098103342736224e-01
6.293500000000000000e+03 2.852352138039450074e+04 1.068591926363185868e-01
6.300500000000000000e+03 2.863088508717736840e+04 1.081777746644616567e-01
6.307500000000000000e+03 2.863389648422471146e+04 1.065502848888356807e-01
6.314500000000000000e+03 2.917674999493985888e+04 1.043846752931333471e-01
6.321500000000000000e+03 2.898729222535957888e+04 1.028352336099376402e-01
6.328500000000000000e+03 2.952421916894473543e+04 1.034044862476311555e-01
6.335500000000000000e+03 2.943395929810032248e+04 1.021848289948115857e-01
6.342500000000000000e+03 2.996337252344885928e+04 9.756448599926881293e-02
6.349500000000000000e+03 2.979942276520138330e+04 9.616117908534707603e-02
6.356500000000000000e+03 2.989276648940188898e+04 9.473554601500668026e-02
6.363500000000000000e+03 2.949372541842557985e+04 9.574016460923491512e-02
6.370500000000000000e+03 3.016767160460767263e+04 9.501228946247017304e-02
6.377500000000000000e+03 3.001151964349962509e+04 9.339465361392032539e-02
6.384500000000000000e+03 2.978582140178935151e+04 9.532792054100494572e-02
6.391500000000000000e+03 2.997961242425823002e+04 9.398398920928847933e-02
6.398500000000000000e+03 3.078930399776514241e+04 9.307910246059368509e-02
6.405500000000000000e+03 3.021447218204531964e+04 9.138209934811548918e-02
6.412500000000000000e+03 2.974366352847035159e+04 9.398128902944843932e-02
6.419500000000000000e+03 2.961580798601815331e+04 9.467713790617908465e-02
6.426500000000000000e+03 3.002761700080445735e+04 9.177054717922647487e-02
6.433500000000000000e+03 2.942479228555262307e+04 9.452092993248120689e-02
6.440500000000000000e+03 2.942273642076117540e+04 9.368503634617494913e-02
6.447500000000000000e+03 2.974799256983149462e+04 9.454330769865361417e-02
6.454500000000000000e+03 2.916744782443286385e+04 9.507725224759330795e-02
6.461500000000000000e+03 2.919067599580597016e+04 9.366854588455680863e-02
6.468500000000000000e+03 2.900073736863730301e+04 9.526910577176685158e-02
6.475500000000000000e+03 2.871291303156581125e+04 9.596829258729548673e-02
6.482500000000000000e+03 2.906533801071536436e+04 9.690502792152523581e-02
6.489500000000000000e+03 2.830532214390259105e+04 9.965299780262953933e-02
6.496500000000000000e+03 2.847446835384028600e+04 1.001395792408520530e-01
6.503500000000000000e+03 2.741890933136274543e+04 1.051473284750752135e-01
6.510500000000000000e+03 2.789293659958674471e+04 1.064140198488268407e-01
6.517500000000000000e+03 2.790447935214424069e+04 1.066128868449298939e-01
6.524500000000000000e+03 2.754879793015039104e+04 1.039655933035905228e-01
6.531500000000000000e+03 2.771346346163835915e+04 1.001914076258756947e-01
6.538500000000000000e+03 2.914846887234517635e+04 8.659897916496099579e-02
6.545500000000000000e+03 2.892900391913199928e+04 7.666356706570393031e-02
6.552500000000000000e+03 3.024718614925602378e+04 6.079029912836007854e-02
6.559500000000000000e+03 3.136529928828262564e+04 4.596195236330815476e-02
6.566500000000000000e+03 3.139570974240756550e+04 4.345868676379265050e-02
6.573500000000000000e+03 3.070774895346206904e+04 4.744734727188745782e-02
6.580500000000000000e+03 3.023301015196127264e+04 5.751308261610565964e-02
6.587500000000000000e+03 2.911864121803188755e+04 7.016212286146024379e-02
6.594500000000000000e+03 2.849098745232448346e+04 8.062526980305062541e-02
6.601500000000000000e+03 2.847852766143188273e+04 8.855627216315919981e-02
6.608500000000000000e+03 2.819551901828389600e+04 9.570980068313519884e-02
6.615500000000000000e+03 2.812797812625594088e+04 9.489433862203726366e-02
6.622500000000000000e+03 2.870119656155359189e+04 9.132340723775592140e-02
6.629500000000000000e+03 2.891095982988543983e+04 8.876126805270687092e-02
6.636500000000000000e+03 2.924001311861755312e+04 8.546642556551561909e-02
6.643500000000000000e+03 2.891484439259910505e+04 8.525605222728506460e-02
6.650500000000000000e+03 3.000898134242582455e+04 7.678037615718895370e-02
6.657500000000000000e+03 2.976764498270409604e+04 7.705632089917556493e-02
6.664500000000000000e+03 2.994076560010712274e+04 7.609121373005814370e-02
6.671500000000000000e+03 2.959222861076753907e+04 7.434723332927051231e-02
6.678500000000000000e+03 3.036188771961908787e+04 7.195560043865911748e-02
6.685500000000000000e+03 2.966957632253164047e+04 7.177100882574530272e-02
6.692500000000000000e+03 3.003432538959200974e+04 7.193341346147605342e-02
6.699500000000000000e+03 2.956221788839020883e+04 7.355214516735276986e-02
6.706500000000000000e+03 3.007587704777342151e+04 7.072882383583474486e-02
6.713500000000000000e+03 3.017939013436539608e+04 6.852229630905615210e-02
6.720500000000000000e+03 2.990290144540795882e+04 6.992257388280158359e-02
6.727500000000000000e+03 2.960275595543540840e+04 7.028816369003859643e-02
6.734500000000000000e+03 2.987520372984541609e+04 7.008635925360354180e-02
6.741500000000000000e+03 2.942555983106667190e+04 7.128042428997211077e-02
6.748500000000000000e+03 2.962926382840372389e+04 6.970176639737248048e-02
6.755500000000000000e+03 2.950868258250188228e+04 6.910903427382908415e-02
6.762500000000000000e+03 2.939611557943194202e+04 7.014848860524584839e-02
6.769500000000000000e+03 2.956368359309216612e+04 6.713705916803384965e-02
6.776500000000000000e+03 2.953775863344444952e+04 6.894260774681010284e-02
6.783500000000000000e+03 2.952203091561303881e+04 6.821961056813773128e-02
6.790500000000000000e+03 2.920609765722963493e+04 6.857795591446008698e-02
6.797500000000000000e+03 2.951504835819566142e+04 6.937716468123479585e-02
6.804500000000000000e+03 2.901196215363460578e+04 7.199976737148422457e-02
6.811500000000000000e+03 2.801863005330296437e+04 7.458808321622038828e-02
6.818500000000000000e+03 2.765521024453615246e+04 7.838263379737556158e-02
6.825500000000000000e+03 2.699980416641127158e+04 8.567270872902599255e-02
6.832500000000000000e+03 2.704188857400501729e+04 8.713974561928487794e-02
6.839500000000000000e+03 2.628788995432432057e+04 8.892112060649350058e-02
6.846500000000000000e+03 2.557525509677047376e+04 8.847724993499482549e-02
6.853500000000000000e+03 2.519457052524702522e+04 8.825003030867564768e-02
6.860500000000000000e+03 2.551521038008552932e+04 8.034335225278367576e-02
6.867500000000000000e+03 2.477393541396684304e+04 7.699214886002303526e-02
6.874500000000000000e+03 2.475947210138814989e+04 7.517915711083500430e-02
6.881500000000000000e+03 2.426191686168259548e+04 7.696954643428755016e-02
6.888500000000000000e+03 2.400435934924242247e+04 8.154753212021113862e-02
6.895500000000000000e+03 2.329181549850879310e+04 8.963069545259068349e-02
6.902500000000000000e+03 2.330569637927345684e+04 9.421320379145765866e-02
6.909500000000000000e+03 2.299530002723394500e+04 9.825498776175649318e-02
6.916500000000000000e+03 2.297100653095669622e+04 9.954235407707491545e-02
6.923500000000000000e+03 2.341241008143902218e+04 1.023310095608906262e-01
6.930500000000000000e+03 2.404084366774624141e+04 9.617384204704207407e-02
6.937500000000000000e+03 2.394121109189990239e+04 9.552931495503785841e-02
6.944500000000000000e+03 2.448290212305892783e+04 9.128305860439520081e-02
6.951500000000000000e+03 2.452182788957876255e+04 8.734035180329788317e-02
6.958500000000000000e+03 2.496815582446547705e+04 8.664633185957991424e-02
6.965500000000000000e+03 2.543765304909837505e+04 8.678271231924628015e-02
6.972500000000000000e+03 2.504163924832904377e+04 8.558112105319480578e-02
6.979500000000000000e+03 2.530866155172592698e+04 8.218539671645982980e-02
6.986500000000000000e+03 2.472949170717390007e+04 8.105534611762443831e-02
6.993500000000000000e+03 2.569556708615182652e+04 7.847516642503633844e-02
7.000500000000000000e+03 2.588565772198938066e+04 7.606807193188452887e-02
7.007500000000000000e+03 2.566548756609425618e+04 7.411391583990754872e-02
7.014500000000000000e+03 2.564274869494495215e+04 7.224764155779685171e-02
7.021500000000000000e+03 2.581659163684328087e+04 7.306502884198896874e-02
7.028500000000000000e+03 2.596153251770784118e+04 7.098418289320643226e-02
7.035500000000000000e+03 2.579762388690158332e+04 7.299401744800339265e-02
7.042500000000000000e+03 2.575123600797965628e+04 7.060235536690467884e-02
7.049500000000000000e+03 2.573781352196327862e+04 7.117104892070927336e-02
7.056500000000000000e+03 2.569167218643216620e+04 6.999599611917775577e-02
7.063500000000000000e+03 2.593283667584700743e+04 6.899286923905623148e-02
7.070500000000000000e+03 2.555461169622857051e+04 6.852152886306057955e-02
7.077500000000000000e+03 2.604371646031955970e+04 6.371332388503543609e-02
7.084500000000000000e+03 2.617380823501381747e+04 6.656610024889215993e-02
7.091500000000000000e+03 2.600575104476412525e+04 6.388581933495980636e-02
7.098500000000000000e+03 2.612165007590276946e+04 6.372512912632924409e-02
7.105500000000000000e+03 2.619958659245141462e+04 6.210862075404896543e-02
7.112500000000000000e+03 2.567323886901612786e+04 6.275014509661368256e-02
7.119500000000000000e+03 2.507494423909779289e+04 6.864021359833717695e-02
7.126500000000000000e+03 2.465987983868485026e+04 7.387717423668357930e-02
7.133500000000000000e+03 2.396519790705704872e+04 7.791466180021888732e-02
7.140500000000000000e+03 2.322797195104759885e+04 8.102294931484824159e-02
7.147500000000000000e+03 2.319117075215090154e+04 8.479621788987556918e-02
7.154500000000000000e+03 2.265884324755080161e+04 8.760503134650801660e-02
7.161500000000000000e+03 2.232217051282129250e+04 8.651917161985202276e-02
7.168500000000000000e+03 2.154964466721157805e+04 8.834393643327791146e-02
7.175500000000000000e+03 2.154412179161512177e+04 8.323737414969541171e-02
7.182500000000000000e+03 2.130000462101031007e+04 8.197894330814493868e-02
7.189500000000000000e+03 2.083998903455506661e+04 8.499832922148842229e-02
7.196500000000000000e+03 2.034198946983125279e+04 9.151918664923537616e-02
7.203500000000000000e+03 2.003958204919835043e+04 9.894270583168075783e-02
7.210500000000000000e+03 1.927167006528389538e+04 1.048370439636309159e-01
7.217500000000000000e+03 1.905024383030765966e+04 1.091628371845285300e-01
7.224500000000000000e+03 1.918799148248213532e+04 1.086654845402941494e-01
7.231500000000000000e+03 1.911881217733009544e+04 1.068598657470110347e-01
7.238500000000000000e+03 1.924163012908314704e+04 1.059107671263122274e-01
7.245500000000000000e+03 1.947349750370285619e+04 1.001904609555942793e-01
7.252500000000000000e+03 1.955967191165930853e+04 9.934855827585412080e-02
7.259500000000000000e+03 1.918525263333222756e+04 1.002974277307097789e-01
7.266500000000000000e+03 1.907978623815293395e+04 9.913039703789391921e-02
7.273500000000000000e+03 1.967781658706775124e+04 9.866894875978153567e-02
7.280500000000000000e+03 1.914827914621097079e+04 9.605523924246979484e-02
7.287500000000000000e+03 1.963676477466714277e+04 9.427482259602820713e-02
7.294500000000000000e+03 1.995193415101985374e+04 9.191408253396511630e-02
7.301500000000000000e+03 1.998224004301194873e+04 8.892031563718767739e-02
7.308500000000000000e+03 2.023140837167763675e+04 8.728379361619523213e-02
7.315500000000000000e+03 2.048812068921081664e+04 8.284558031205552231e-02
7.322500000000000000e+03 2.076713298343604765e+04 8.276645304249623247e-02
7.329500000000000000e+03 2.096319797272279538e+04 8.162872442781519966e-02
7.336500000000000000e+03 2.138563973803441331e+04 7.795604854002387285e-02
7.343500000000000000e+03 2.183226368794401424e+04 7.345883411244369388e-02
7.350500000000000000e+03 2.163149314898249577e+04 7.265890602545971300e-02
7.357500000000000000e+03 2.165631794750821427e+04 6.945791767329610733e-02
7.364500000000000000e+03 2.204725053690961795e+04 6.653502282972148518e-02
7.371500000000000000e+03 2.231771987683354018e+04 6.444587387635877795e-02
7.378500000000000000e+03 2.271656598332758222e+04 5.931657950049944866e-02
7.385500000000000000e+03 2.290229644075632314e+04 5.879074647606427617e-02
7.392500000000000000e+03 2.284418544901344285e+04 5.724555604318103119e-02
7.399500000000000000e+03 2.335603397616432994e+04 5.311070654215541142e-02
7.406500000000000000e+03 2.283982594048950341e+04 5.420033514669244518e-02
7.413500000000000000e+03 2.350909498423117475e+04 4.958627029248802165e-02
7.420500000000000000e+03 2.323988857141822518e+04 5.007728782707670384e-02
7.427500000000000000e+03 2.312832923434197801e+04 4.932390232640967292e-02
7.434500000000000000e+03 2.316933682096102348e+04 4.593646875075341890e-02
7.441500000000000000e+03 2.351468034410224936e+04 4.773990033160380869e-02
7.448500000000000000e+03 2.286767692569435167e+04 4.564658547086132556e-02
7.455500000000000000e+03 2.283756693375278701e+04 4.612185587462181574e-02
7.462500000000000000e+03 2.247028677795495605e+04 4.733857118226678096e-02
7.469500000000000000e+03 2.252882071222478771e+04 4.502740830603822741e-02
7.476500000000000000e+03 2.292074926014929588e+04 4.395861751070601758e-02
7.483500000000000000e+03 2.273549698745929345e+04 4.575506418363790850e-02
7.490500000000000000e+03 2.290868132383575357e+04 4.251037880764639565e-02
7.497500000000000000e+03 2.239120624202596809e+04 4.591196716517675219e-02
7.504500000000000000e+03 2.233946031541917182e+04 4.448766819568109043e-02
7.511500000000000000e+03 2.218808165703807026e+04 4.591853453922585537e-02
7.518500000000000000e+03 2.180059805916235564e+04 4.725823934754000422e-02
7.525500000000000000e+03 2.119028068000100393e+04 5.218808547163168027e-02
7.532500000000000000e+03 2.090400203763862010e+04 5.647843045244820004e-02
7.539500000000000000e+03 1.979218352662608595e+04 6.517197007875834280e-02
7.546500000000000000e+03 1.884332108011739547e+04 7.788509588850382748e-02
7.553500000000000000e+03 1.738649256319862616e+04 9.359262864378208036e-02
7.560500000000000000e+03 1.619324683034113150e+04 1.111311901400852675e-01
7.567500000000000000e+03 1.489984719970515835e+04 1.226670907523662174e-01
7.574500000000000000e+03 1.405456854734299304e+04 1.281874205822043922e-01
7.581500000000000000e+03 1.326499153783491420e+04 1.217336631933034208e-01
7.588500000000000000e+03 1.267490276630477820e+04 1.037767730799446508e-01
7.595500000000000000e+03 1.239245636272527918e+04 7.873186839028520345e-02
7.602500000000000000e+03 1.227478473037453114e+04 5.863125330673504138e-02
7.609500000000000000e+03 1.145624382792810502e+04 5.485762649065452357e-02
7.616500000000000000e+03 1.066282736220441802e+04 6.794738450557011311e-02
7.623500000000000000e+03 9.776235307803879550e+03 9.262994422055938204e-02
7.630500000000000000e+03 9.495006983546618358e+03 1.162351629236142714e-01
7.637500000000000000e+03 9.244752054729053270e+03 1.363883240358954307e-01
7.644500000000000000e+03 9.275878000460763360e+03 1.448934173098607447e-01
7.651500000000000000e+03 9.815735890463160104e+03 1.506911930554737378e-01
7.658500000000000000e+03 1.064520370552992608e+04 1.444659182722837776e-01
7.665500000000000000e+03 1.134445782008982314e+04 1.418813114982120371e-01
7.672500000000000000e+03 1.197761996734885906e+04 1.350893450790696393e-01
7.679500000000000000e+03 1.297172561550240971e+04 1.249574472214892568e-01
7.686500000000000000e+03 1.417797029431800183e+04 1.131825565753642598e-01
7.693500000000000000e+03 1.497605312512001183e+04 1.011959246811694052e-01
7.700500000000000000e+03 1.554161506711374568e+04 8.755997125555375904e-02
7.707500000000000000e+03 1.646634246931206872e+04 7.625433914761860221e-02
7.714500000000000000e+03 1.733618527836886278e+04 6.731104639573899651e-02
7.721500000000000000e+03 1.776642186979113103e+04 6.151067937837729344e-02
7.728500000000000000e+03 1.799769629203628938e+04 5.642045625639703632e-02
7.735500000000000000e+03 1.831803249350145052e+04 5.083057551829365389e-02
7.742500000000000000e+03 1.834368764047331933e+04 4.872393924693137895e-02
7.749500000000000000e+03 1.868983473010130547e+04 4.334326179720381089e-02
7.756500000000000000e+03 1.886385202249563372e+04 4.077024172834087246e-02
7.763500000000000000e+03 1.854893265058387988e+04 3.784904959539468761e-02
7.770500000000000000e+03 1.886441682584581213e+04 3.798883787057034250e-02
7.777500000000000000e+03 1.817516446599247865e+04 4.005061703625864555e-02
7.784500000000000000e+03 1.854843828761188342e+04 3.887135116125048362e-02
7.791500000000000000e+03 1.812479232277877963e+04 3.960484033208516719e-02
7.798500000000000000e+03 1.813805903988672435e+04 3.919720528944079657e-02
7.805500000000000000e+03 1.789918607168169183e+04 4.025996704365788353e-02
7.812500000000000000e+03 1.782523479551978744e+04 4.034164285357778879e-02
7.819500000000000000e+03 1.793389049289756076e+04 3.918103885319837443e-02
7.826500000000000000e+03 1.792157302464058739e+04 3.841996526783292981e-02
7.833500000000000000e+03 1.757209103035009684e+04 3.897907010635529024e-02
7.840500000000000000e+03 1.756007044994521493e+04 4.140073094209555798e-02
7.847500000000000000e+03 1.700355662177474369e+04 4.233616231939368174e-02
7.854500000000000000e+03 1.713246584441329833e+04 4.183143814245699615e-02
7.861500000000000000e+03 1.721935036784839031e+04 4.076721577667543478e-02
7.868500000000000000e+03 1.662221963201108883e+04 4.313612289745346468e-02
7.875500000000000000e+03 1.643694202073486667e+04 4.446873651773799313e-02
7.882500000000000000e+03 1.646622001326316240e+04 4.342203444401005613e-02
7.889500000000000000e+03 1.651938065798346724e+04 4.239232186744334302e-02
7.896500000000000000e+03 1.636699972843638170e+04 4.374515956418483648e-02
7.903500000000000000e+03 1.588527629614245780e+04 4.354714208214015281e-02
7.910500000000000000e+03 1.587400394311445234e+04 4.623242440260436070e-02
7.917500000000000000e+03 1.597990651062357574e+04 4.424325187527841652e-02
7.924500000000000000e+03 1.574760386645690232e+04 4.719451515500729111e-02
7.931500000000000000e+03 1.563072638795698913e+04 4.630182877160628208e-02
7.938500000000000000e+03 1.542744066397654206e+04 4.581472687300372493e-02
7.945500000000000000e+03 1.534859827674283042e+04 4.513040169310766903e-02
7.952500000000000000e+03 1.541870141714657439e+04 4.764488311271468379e-02
7.959500000000000000e+03 1.538383397919695744e+04 4.469550135377332867e-02
7.966500000000000000e+03 1.528837292114637967e+04 4.456593157600052119e-02
7.973500000000000000e+03 1.497447928045317531e+04 4.415682874048472428e-02
7.980500000000000000e+03 1.534535568325503118e+04 4.241942063029204013e-02
7.987500000000000000e+03 1.493665718007414398e+04 4.694594006121011881e-02
7.994500000000000000e+03 1.487076339381859725e+04 4.636888472221468299e-02
8.001500000000000000e+03 1.485947679123464150e+04 4.466028888403338754e-02
8.008500000000000000e+03 1.456541740735986423e+04 4.515332721798809290e-02
8.015500000000000000e+03 1.490608582942155226e+04 4.286474664249820266e-02
8.022500000000000000e+03 1.479208820047607333e+04 4.316680094466456008e-02
8.029500000000000000e+03 1.479775335532028112e+04 4.302095561241180144e-02
8.036500000000000000e+03 1.444688057791133724e+04 4.372612021777586705e-02
8.043500000000000000e+03 1.447380726902967035e+04 4.662961057941258231e-02
8.050500000000000000e+03 1.449552581263219145e+04 4.336564728167847244e-02
8.057500000000000000e+03 1.432733072897553393e+04 4.418611554168215549e-02
8.064500000000000000e+03 1.429182002934686898e+04 4.451852401105168416e-02
8.071500000000000000e+03 1.388158510475778712e+04 4.883507176851433623e-02
8.078500000000000000e+03 1.370256979092058828e+04 4.987412154574197981e-02
8.085500000000000000e+03 1.365825394853813486e+04 5.105823193132634497e-02
8.092500000000000000e+03 1.321124002526673939e+04 5.427757630304765740e-02
8.099500000000000000e+03 1.299801832172882678e+04 5.703490896944415911e-02
8.106500000000000000e+03 1.245973325656076304e+04 6.349065304743248261e-02
8.113500000000000000e+03 1.229547246486369659e+04 6.533493183813404714e-02
8.120500000000000000e+03 1.172940892646463908e+04 6.936459536107221491e-02
8.127500000000000000e+03 1.156648929482580570e+04 7.019232179543928585e-02
8.134500000000000000e+03 1.154100315815612339e+04 7.301841982629718453e-02
8.141500000000000000e+03 1.125473316982409960e+04 7.217706307784821362e-02
8.148500000000000000e+03 1.112593102514432394e+04 7.200858635561746546e-02
8.155500000000000000e+03 1.094389709257701361e+04 7.171463634317168379e-02
8.162500000000000000e+03 1.063036357618749571e+04 7.284932137514174566e-02
8.169500000000000000e+03 1.037139678543458285e+04 7.415588617811785799e-02
8.176500000000000000e+03 1.050310333612316026e+04 7.614960133810380616e-02
8.183500000000000000e+03 1.022825299626599553e+04 8.163409800260512661e-02
8.190500000000000000e+03 1.001997455057218031e+04 8.867715369471296238e-02
8.197500000000000000e+03 1.014382773229392478e+04 8.751494770845709426e-02
8.204500000000000000e+03 9.913914508270172519e+03 8.731895031150042896e-02
8.211500000000000000e+03 1.012130221089054976e+04 8.427729905414622913e-02
8.218500000000000000e+03 9.959983618123816996e+03 8.040567923855938826e-02
8.225500000000000000e+03 1.024347577829924012e+04 7.511566142291832560e-02
8.232500000000000000e+03 1.026921183370180734e+04 7.173920401120335855e-02
8.239500000000000000e+03 1.033531329315687981e+04 7.270993147972532045e-02
8.246500000000000000e+03 1.042652282998412920e+04 7.186688152901003768e-02
8.253500000000000000e+03 9.994958238716339110e+03 7.895365717756960833e-02
8.260500000000000000e+03 1.017942406859325820e+04 7.764154928780962750e-02
8.267500000000000000e+03 1.030243685463943802e+04 7.490499493091024030e-02
8.274500000000000000e+03 1.045815521752333007e+04 6.932799234507276698e-02
8.281500000000000000e+03 1.026563466179792886e+04 7.077063924436689801e-02
8.288500000000000000e+03 1.041115137195642819e+04 6.681509922082205788e-02
8.295500000000000000e+03 1.043680737801218675e+04 6.318188564464714829e-02
8.302500000000000000e+03 1.078309685762595655e+04 6.184453521095236578e-02
8.309500000000000000e+03 1.060187721419565969e+04 6.047568479767997940e-02
8.316500000000000000e+03 1.074762300604162010e+04 5.923955620842956404e-02
8.323500000000000000e+03 1.098278603686256793e+04 5.669735189305123019e-02
8.330500000000000000e+03 1.081416321718174004e+04 5.792646236282439354e-02
8.337500000000000000e+03 1.082322407836308594e+04 5.522350964875354096e-02
8.344500000000000000e+03 1.088135430594760692e+04 5.752038638347469618e-02
8.351500000000000000e+03 1.084091410713857658e+04 5.410728092466400574e-02
8.358500000000000000e+03 1.128482688601928385e+04 5.301232704110801081e-02
8.365500000000000000e+03 1.129810403769221011e+04 4.852049634218381230e-02
8.372500000000000000e+03 1.113489255791264259e+04 4.932160014404552567e-02
8.379500000000000000e+03 1.156385227611521623e+04 4.553674014015182681e-02
8.386500000000000000e+03 1.133682336135514743e+04 4.482517479659447329e-02
8.393500000000000000e+03 1.130269118191171947e+04 4.498560215305408283e-02
8.400500000000000000e+03 1.156993127365645159e+04 3.798143646039214144e-02
8.407500000000000000e+03 1.128292956785826937e+04 3.939516621776737587e-02
8.414500000000000000e+03 1.148495618860446666e+04 3.669032604528055935e-02
8.421500000000000000e+03 1.155877816465698743e+04 3.592172620218918311e-02
8.428500000000000000e+03 1.152584281660248780e+04 3.561923497442963382e-02
8.435500000000000000e+03 1.140065069748885071e+04 3.318430188440774087e-02
8.442500000000000000e+03 1.169060839911579751e+04 3.125756279272145360e-02
8.449500000000000000e+03 1.143559365828477712e+04 3.423313225713723457e-02
8.456500000000000000e+03 1.155802524863014878e+04 3.063725089135432497e-02
8.463500000000000000e+03 1.145041456959053357e+04 2.844352446197816187e-02
8.470500000000000000e+03 1.142073078540471397e+04 3.135365311760732882e-02
8.477500000000000000e+03 1.135491063045087867e+04 3.062806525533637303e-02
8.484500000000000000e+03 1.117589107911152132e+04 3.077467418290100523e-02
8.491500000000000000e+03 1.127328373113745329e+04 2.939995957680157854e-02
8.498500000000000000e+03 1.139817395122806374e+04 3.026340649116111142e-02
8.505500000000000000e+03 1.110381960616469769e+04 3.195903306502597546e-02
8.512500000000000000e+03 1.141261401911807479e+04 2.793558087120861372e-02
8.519500000000000000e+03 1.101401216327800284e+04 3.221948133213758947e-02
8.526500000000000000e+03 1.128668453690364549e+04 2.657671715923763320e-02
8.533500000000000000e+03 1.126236272905727856e+04 2.550956092852988202e-02
8.540500000000000000e+03 1.121114938769998480e+04 2.622603572502290106e-02
8.547500000000000000e+03 1.115104356656176969e+04 2.402597490949142517e-02
8.554500000000000000e+03 1.105443589117857118e+04 2.757442923327816514e-02
8.561500000000000000e+03 1.113046965516284035e+04 2.917065582196132906e-02
8.568500000000000000e+03 1.074612930279704960e+04 3.224665967334670175e-02
8.575500000000000000e+03 1.088453555455801325e+04 2.956489294451015645e-02
8.582500000000000000e+03 1.080337241908970645e+04 2.652034853437183412e-02
8.589500000000000000e+03 1.106406176942182719e+04 2.635559710201254222e-02
8.596500000000000000e+03 1.092841737426787040e+04 2.150241319122622036e-02
8.603500000000000000e+03 1.105733590813738556e+04 2.285778485592091305e-02
8.610500000000000000e+03 1.074672413154969399e+04 2.733465106263054112e-02
8.617500000000000000e+03 1.064036128660515351e+04 3.016461069876830506e-02
8.624500000000000000e+03 1.050120212582352178e+04 3.546731694786634664e-02
8.631500000000000000e+03 1.054250868725536384e+04 3.621441827404104502e-02
8.638500000000000000e+03 1.059666626860906945e+04 3.505534413749079176e-02
8.645500000000000000e+03 1.063848047571349525e+04 2.807721324946517785e-02
8.652500000000000000e+03 1.050324313820179486e+04 2.535001983587573116e-02
8.659500000000000000e+03 1.078453354292005679e+04 1.696797452950874266e-02
8.666500000000000000e+03 1.093442008038169479e+04 1.075707271470564830e-02
8.673500000000000000e+03 1.092996821125051974e+04 1.007146042971288416e-02
8.680500000000000000e+03 1.077761983095002688e+04 1.786771075309772847e-02
8.687500000000000000e+03 1.037980855305677142e+04 2.744287489711197750e-02
8.694500000000000000e+03 1.004522370273856359e+04 3.611542770525330570e-02
8.701500000000000000e+03 1.003602875773064443e+04 4.007931725709242693e-02
8.708500000000000000e+03 9.744855558708588433e+03 4.594184824152275359e-02
8.715500000000000000e+03 9.855309152615805942e+03 4.417075425054359239e-02
8.722500000000000000e+03 9.866563518122773530e+03 3.856510740181312569e-02
8.729500000000000000e+03 1.010227407199376648e+04 2.851801145274147214e-02
8.736500000000000000e+03 1.048975112337416977e+04 1.713253422450338251e-02
8.743500000000000000e+03 1.058759786052046911e+04 8.222013033400669621e-03
8.750500000000000000e+03 1.067020269794694468e+04 5.278698138396679604e-03
8.757500000000000000e+03 1.068281048517949421e+04 3.801581512274439505e-03
8.764500000000000000e+03 1.051293083553262659e+04 1.087920960171687330e-02
8.771500000000000000e+03 1.033241554772944983e+04 1.658720903522317366e-02
8.778500000000000000e+03 9.902360535825571787e+03 2.861751623153798579e-02
8.785500000000000000e+03 9.815840883022634443e+03 3.242468283971320503e-02
8.792500000000000000e+03 9.588324921606090356e+03 4.312454112931329159e-02
8.799500000000000000e+03 9.451524601649211036e+03 4.638924453429442429e-02
8.806500000000000000e+03 9.451165056645724690e+03 4.431319938064604003e-02
8.813500000000000000e+03 9.394774689060850505e+03 4.546335485859649694e-02
8.820500000000000000e+03 9.764124726090327385e+03 4.068072438086575010e-02
8.827500000000000000e+03 9.406063401299346879e+03 3.883925574578091927e-02
8.834500000000000000e+03 9.459803726085197923e+03 3.211613320930392645e-02
8.841500000000000000e+03 9.661564355808692198e+03 2.262687568406535413e-02
8.848500000000000000e+03 9.873425309616872255e+03 1.402758145848015565e-02
8.855500000000000000e+03 9.823703249175730889e+03 6.421141306318282373e-03
8.862500000000000000e+03 1.006240941409024890e+04 3.208343456092876793e-03
8.869500000000000000e+03 1.000707242861968371e+04 1.010150251901486673e-03
8.876500000000000000e+03 9.629662298854040273e+03 9.283900878924116959e-03
8.883500000000000000e+03 9.568896260596884531e+03 1.651440519153574843e-02
8.890500000000000000e+03 9.202977969370369465e+03 2.841824654752463097e-02
8.897500000000000000e+03 8.819116836985389455e+03 4.082812904654153918e-02
8.904500000000000000e+03 8.674981813996937490e+03 5.295765953556193228e-02
8.911500000000000000e+03 8.297620938704634682e+03 5.984092189166746734e-02
8.918500000000000000e+03 8.353702255932741537e+03 6.429347057254169995e-02
8.925500000000000000e+03 8.047021128204674824e+03 6.909407184885416053e-02
8.932500000000000000e+03 7.721237941524550479e+03 7.422986527557706715e-02
8.939500000000000000e+03 7.544583799369213011e+03 7.560768121847435963e-02
8.946500000000000000e+03 7.454189719407552730e+03 7.768341233590467243e-02
8.953500000000000000e+03 7.028365399141818671e+03 8.113914090476269381e-02
8.960500000000000000e+03 7.137214042653336946e+03 7.838865666561679879e-02
8.967500000000000000e+03 6.552027667787952851e+03 8.449259749460782953e-02
8.974500000000000000e+03 6.610163098457216620e+03 8.126373790138001485e-02
8.981500000000000000e+03 6.382706992709543556e+03 7.719950497202665574e-02
8.988500000000000000e+03 6.396861921784890910e+03 6.937342094478854415e-02
8.995500000000000000e+03 6.483675888680484604e+03 6.117709235774793780e-02
9.002500000000000000e+03 6.671357157113868197e+03 5.172407183377576018e-02
9.009500000000000000e+03 6.522958124017910450e+03 5.018547848930945965e-02
9.016500000000000000e+03 6.545486401296800977e+03 5.332103966614061552e-02
9.023500000000000000e+03 6.273077741332099322e+03 6.280105601234509116e-02
9.030500000000000000e+03 6.168043378710737670e+03 7.801549659367786049e-02
9.037500000000000000e+03 6.045863626911002939e+03 9.390926997504371598e-02
9.044500000000000000e+03 5.839917846508945331e+03 1.043210962357142557e-01
9.051500000000000000e+03 5.888103060518248640e+03 1.066206118297933492e-01
9.058500000000000000e+03 5.863807556833588933e+03 1.072626906866462476e-01
9.065500000000000000e+03 5.909778062088256775e+03 1.042826171215429643e-01
9.072500000000000000e+03 5.784062087219615023e+03 9.933537116044532933e-02
9.079500000000000000e+03 5.717312427492247480e+03 9.622268144482161445e-02
9.086500000000000000e+03 5.693912856417785406e+03 9.633676989134100366e-02
9.093500000000000000e+03 5.601861960718701994e+03 1.022104940220625729e-01
9.100500000000000000e+03 5.543231092513681688e+03 1.038685897922035500e-01
9.107500000000000000e+03 5.469662662879133677e+03 1.082536940659157426e-01
9.114500000000000000e+03 5.204491183629689658e+03 1.146143695236380849e-01
9.121500000000000000e+03 5.211820126592170709e+03 1.150779056870625261e-01
9.128500000000000000e+03 5.148499228207509077e+03 1.133653632834391578e-01
9.135500000000000000e+03 5.161632111726084077e+03 1.132047435526149781e-01
9.142500000000000000e+03 5.196450307819543013e+03 1.116978380272480587e-01
9.149500000000000000e+03 5.083834496183845658e+03 1.106891827759058644e-01
9.156500000000000000e+03 5.160089926572667537e+03 1.074848719186560914e-01
9.163500000000000000e+03 5.276508591044740569e+03 1.072197764192314995e-01
9.170500000000000000e+03 5.215609142950263958e+03 1.083776879517407421e-01
9.177500000000000000e+03 5.191210951009999008e+03 1.087045932471742832e-01
9.184500000000000000e+03 5.319156639610788261e+03 1.079531785832497370e-01
9.191500000000000000e+03 5.271190505413895153e+03 1.052035836997918805e-01
9.198500000000000000e+03 5.407051243289934973e+03 9.740434988282016537e-02
9.205500000000000000e+03 5.500923997144819623e+03 9.040753135770709936e-02
9.212500000000000000e+03 5.696802949697908844e+03 7.826416921807906324e-02
9.219500000000000000e+03 5.782716492768307035e+03 6.818783569636140129e-02
9.226500000000000000e+03 5.861120462804002273e+03 6.403364051283037817e-02
9.233500000000000000e+03 5.725500426528965363e+03 6.365770727089632708e-02
9.240500000000000000e+03 5.507356273178940683e+03 7.868962911563746887e-02
9.247500000000000000e+03 5.091996828835811357e+03 9.410499096741907488e-02
9.254500000000000000e+03 4.805013867477057829e+03 1.165519928877018357e-01
9.261500000000000000e+03 4.431641353684158275e+03 1.351439339218623303e-01
9.268500000000000000e+03 3.997800476190615427e+03 1.587689182422320489e-01
9.275500000000000000e+03 3.739028259572131446e+03 1.727577628563605472e-01
9.282500000000000000e+03 3.388666970837595272e+03 1.870125726344631090e-01
9.289500000000000000e+03 3.136477044686836507e+03 1.922202309423095834e-01
9.296500000000000000e+03 2.797371989497314644e+03 2.031948469766972909e-01
9.303500000000000000e+03 2.756359109564270057e+03 2.014466280601107384e-01
9.310500000000000000e+03 2.406862441506462801e+03 2.081413187666739384e-01
9.317500000000000000e+03 2.207749612864776736e+03 2.138692374230505566e-01
9.324500000000000000e+03 2.044780453715308340e+03 2.121269179752992284e-01
9.331500000000000000e+03 1.864799380988200710e+03 2.146380462487877394e-01
9.338500000000000000e+03 1.756436425557806842e+03 2.202551181972798866e-01
9.345500000000000000e+03 1.713192881502979617e+03 2.208437707770679048e-01
9.352500000000000000e+03 1.646504814226964982e+03 2.304221620652760483e-01
9.359500000000000000e+03 1.620875375793477815e+03 2.412894992605786881e-01
9.366500000000000000e+03 1.649633292407006365e+03 2.429006318569700840e-01
9.373500000000000000e+03 1.595418372430999852e+03 2.632057809190365139e-01
9.380500000000000000e+03 1.560723300122155479e+03 2.822155817336769457e-01
9.387500000000000000e+03 1.592716762607613646e+03 2.958406500238519587e-01
9.394500000000000000e+03 1.582366698954990170e+03 3.078594051219795680e-01
9.401500000000000000e+03 1.676774547065317392e+03 3.006737580382622399e-01
9.408500000000000000e+03 1.667563422810613474e+03 2.989680484121708393e-01
9.415500000000000000e+03 1.698697689209780492e+03 2.853661018626298951e-01
9.422500000000000000e+03 1.843837428881355208e+03 2.586680058749977196e-01
9.429500000000000000e+03 1.874864733648773608e+03 2.403809235883840600e-01
9.436500000000000000e+03 1.871536304679410932e+03 2.361594832123189713e-01
9.443500000000000000e+03 1.962548127607158222e+03 2.212470831898694368e-01
9.450500000000000000e+03 1.900588883901261170e+03 2.271100626399915334e-01
9.457500000000000000e+03 1.869034223418716010e+03 2.374076140884969766e-01
9.464500000000000000e+03 1.704281925686534350e+03 2.519159889911026240e-01
9.471500000000000000e+03 1.657798667652562244e+03 2.613621920701243440e-01
9.478500000000000000e+03 1.732453116177327502e+03 2.580312093780137706e-01
9.485500000000000000e+03 1.698151211212478984e+03 2.646627605466077560e-01
9.492500000000000000e+03 1.702938002996681007e+03 2.620405447461537918e-01
9.499500000000000000e+03 1.749562948613692242e+03 2.522441705684996816e-01
9.506500000000000000e+03 1.711407654923103564e+03 2.569646718841411270e-01
9.513500000000000000e+03 1.693560423732534673e+03 2.505877048855038591e-01
9.520500000000000000e+03 1.826918578164889823e+03 2.345012755131162807e-01
9.527500000000000000e+03 1.874044655585492819e+03 2.234858008431898913e-01
9.534500000000000000e+03 1.868572637825298671e+03 2.166022331176819249e-01
9.541500000000000000e+03 1.923722791933795179e+03 2.034337245577989839e-01
9.548500000000000000e+03 2.053565803820068595e+03 1.874360393380755940e-01
9.555500000000000000e+03 2.050662829327899090e+03 1.867811005715619421e-01
9.562500000000000000e+03 2.091957414462385259e+03 1.893212054920998533e-01
9.569500000000000000e+03 2.120178421922671987e+03 1.945608984692301369e-01
9.576500000000000000e+03 2.083769644547195639e+03 1.992478157214612466e-01
9.583500000000000000e+03 2.157670097494341917e+03 1.998881840776616237e-01
9.590500000000000000e+03 2.289860093859731933e+03 1.927692095745814072e-01
9.597500000000000000e+03 2.318849405948872118e+03 1.910624786871898961e-01
9.604500000000000000e+03 2.316286669570110917e+03 1.932654632729365607e-01
9.611500000000000000e+03 2.494601085084522310e+03 1.854999093121090792e-01
9.618500000000000000e+03 2.590365579306011114e+03 1.782365953900036104e-01
9.625500000000000000e+03 2.681022424889195463e+03 1.682408731478828301e-01
9.632500000000000000e+03 2.773192560865026280e+03 1.550978520775206093e-01
9.639500000000000000e+03 2.892660106990170334e+03 1.470367307345781527e-01
9.646500000000000000e+03 3.057673548628618391e+03 1.331005443734057103e-01
9.653500000000000000e+03 3.245616801415505961e+03 1.267999187417307994e-01
9.660500000000000000e+03 3.346842422509943390e+03 1.247958446038481550e-01
9.667500000000000000e+03 3.364989927448904837e+03 1.207142830554723822e-01
9.674500000000000000e+03 3.491057794793449375e+03 1.179307286548715583e-01
9.681500000000000000e+03 3.530096434041754492e+03 1.173946618549556176e-01
9.688500000000000000e+03 3.570531544407663205e+03 1.169539703758943755e-01
9.695500000000000000e+03 3.733345657841181037e+03 1.108775628218078430e-01
9.702500000000000000e+03 3.678050042091829710e+03 1.068438492487412822e-01
9.709500000000000000e+03 3.745100756123405063e+03 1.008765907999645550e-01
9.716500000000000000e+03 3.770663200187105758e+03 9.580506386986760436e-02
9.723500000000000000e+03 3.853603335180432623e+03 9.044423745774714252e-02
9.730500000000000000e+03 3.908724484582808145e+03 8.184341680446657885e-02
9.737500000000000000e+03 3.902319627987616968e+03 7.940461419392881581e-02
9.744500000000000000e+03 3.998292495639116169e+03 7.287134718877022466e-02
9.751500000000000000e+03 3.814078790668656438e+03 7.746344089688551870e-02
9.758500000000000000e+03 3.914267870311045044e+03 7.565608709737944859e-02
9.765500000000000000e+03 3.830177515334068630e+03 7.500478966462718888e-02
9.772500000000000000e+03 3.804629492817852224e+03 7.952938174542847904e-02
9.779500000000000000e+03 3.805317929593751614e+03 7.702293494488313130e-02
9.786500000000000000e+03 3.877746699573412570e+03 7.249346820858865170e-02
9.793500000000000000e+03 3.885036755676911525e+03 7.254783231183836723e-02
9.800500000000000000e+03 3.954864963869410985e+03 6.758104940305126318e-02
9.807500000000000000e+03 3.960174353269852418e+03 6.588532801745203282e-02
9.814500000000000000e+03 4.013675012682325359e+03 6.212072010268954864e-02
9.821500000000000000e+03 4.148288519600578184e+03 5.749251567054737555e-02
9.828500000000000000e+03 4.118335584595851287e+03 5.402649531492167284e-02
9.835500000000000000e+03 4.166916809614703197e+03 5.263644903720546969e-02
9.842500000000000000e+03 4.219298542514178735e+03 4.848251375831518634e-02
9.849500000000000000e+03 4.160936738445539049e+03 4.463636170818866683e-02
9.856500000000000000e+03 4.263165604520728266e+03 4.180715785966851450e-02
9.863500000000000000e+03 4.253574485933978394e+03 4.079419090933053549e-02
9.870500000000000000e+03 4.328430888068077365e+03 3.637419401118963808e-02
9.877500000000000000e+03 4.290092891558540032e+03 3.456918949570017552e-02
9.884500000000000000e+03 4.251039924704242367e+03 3.670021510712334623e-02
9.891500000000000000e+03 4.349295350653060268e+03 2.934265647099506408e-02
9.898500000000000000e+03 4.460542532314375421e+03 2.907431339138348211e-02
9.905500000000000000e+03 4.291711359915886533e+03 2.498631766811142477e-02
9.912500000000000000e+03 4.225164766832998794e+03 2.550228123160866098e-02
9.919500000000000000e+03 4.307923568853091638e+03 2.287960906697616634e-02
9.926500000000000000e+03 4.203235385123268316e+03 2.316264269601798695e-02
9.933500000000000000e+03 4.241379627591054486e+03 2.309462630933365596e-02
9.940500000000000000e+03 4.247794814537486673e+03 2.032397590636263532e-02
9.947500000000000000e+03 4.098650426280837564e+03 2.116836785214321406e-02
9.954500000000000000e+03 4.121760804294641275e+03 1.737603918053755303e-02
9.961500000000000000e+03 4.039671671689760842e+03 1.564015924844932084e-02
9.968500000000000000e+03 4.145164321456709331e+03 1.133436622085767613e-02
9.975500000000000000e+03 4.065416663567896649e+03 8.405397289340983680e-03
9.982500000000000000e+03 4.050753473238812603e+03 6.798904233437800919e-03
9.989500000000000000e+03 4.075463160909207090e+03 5.778687857919420634e-03
9.996500000000000000e+03 4.033081167649137114e+03 6.030342829641471142e-03
