# wavelength (angstroms), extinction coefficient
3.351800000000000182e+03 7.696743883318567514e-01
3.355300000000000182e+03 7.542066819854065240e-01
3.358800000000000182e+03 7.578822431793564851e-01
3.362300000000000182e+03 7.378784964814235625e-01
3.365800000000000182e+03 7.537778979175733252e-01
3.369300000000000182e+03 7.472193483810243286e-01
3.372800000000000182e+03 7.506315397764494746e-01
3.376300000000000182e+03 7.424490516887460867e-01
3.379800000000000182e+03 7.320569705173219921e-01
3.383300000000000182e+03 7.030786851717911734e-01
3.386800000000000182e+03 7.242443589201263965e-01
3.390300000000000182e+03 7.244630706331252057e-01
3.393800000000000182e+03 7.123537674166275924e-01
3.397300000000000182e+03 6.913807065679304920e-01
3.400800000000000182e+03 7.076000500098625912e-01
3.404300000000000182e+03 7.086648433812616776e-01
3.407800000000000182e+03 6.789524385924825545e-01
3.411300000000000182e+03 6.979713056202283550e-01
3.414800000000000182e+03 6.724190312363309552e-01
3.418300000000000182e+03 6.931480641570857415e-01
3.421800000000000182e+03 6.848946487187665966e-01
3.425300000000000182e+03 6.715387749477230717e-01
3.428800000000000182e+03 6.764051627893475915e-01
3.432300000000000182e+03 6.789637816033481377e-01
3.435800000000000182e+03 6.695350193682649831e-01
3.439300000000000182e+03 6.533838736137654868e-01
3.442800000000000182e+03 6.706915219470686029e-01
3.446300000000000182e+03 6.628896398800169232e-01
3.449800000000000182e+03 6.437411325993840361e-01
3.453300000000000182e+03 6.574694759920444165e-01
3.456800000000000182e+03 6.315450391293062626e-01
3.460300000000000182e+03 6.545026023530214898e-01
3.463800000000000182e+03 6.521390181409539855e-01
3.467300000000000182e+03 6.508899696654257827e-01
3.470800000000000182e+03 6.440929020280905526e-01
3.474300000000000182e+03 6.278682764950574979e-01
3.477800000000000182e+03 6.430375087708730675e-01
3.481300000000000182e+03 6.346137358742326429e-01
3.484800000000000182e+03 6.351112927591922031e-01
3.488300000000000182e+03 6.142238599301861335e-01
3.491800000000000182e+03 6.257437515801960171e-01
3.495300000000000182e+03 6.121786256470292953e-01
3.498800000000000182e+03 6.218915298101286293e-01
3.502300000000000182e+03 6.031778744392922720e-01
3.505800000000000182e+03 6.089915755149852838e-01
3.509300000000000182e+03 6.179452734631705191e-01
3.512800000000000182e+03 6.177634561957374704e-01
3.516300000000000182e+03 6.008669890606116448e-01
3.519800000000000182e+03 6.045961742998869903e-01
3.523300000000000182e+03 5.965135238405873119e-01
3.526800000000000182e+03 5.929880686502271292e-01
3.530300000000000182e+03 5.892780851564970446e-01
3.533800000000000182e+03 6.009837345512667461e-01
3.537300000000000182e+03 5.968869983236554377e-01
3.540800000000000182e+03 5.947387033185413951e-01
3.544300000000000182e+03 5.865832044155252500e-01
3.547800000000000182e+03 5.839301003945466251e-01
3.551300000000000182e+03 5.761786683887164529e-01
3.554800000000000182e+03 5.867131715072394504e-01
3.558300000000000182e+03 5.855023042238043374e-01
3.561800000000000182e+03 5.776386924653184041e-01
3.565300000000000182e+03 5.755526511359941866e-01
3.568800000000000182e+03 5.599256332597553065e-01
3.572300000000000182e+03 5.735879931048470937e-01
3.575800000000000182e+03 5.696985009889635743e-01
3.579300000000000182e+03 5.705402384762586765e-01
3.582800000000000182e+03 5.671017734026465584e-01
3.586300000000000182e+03 5.479203664069943747e-01
3.589800000000000182e+03 5.630761478818048227e-01
3.593300000000000182e+03 5.559905240211689970e-01
3.596800000000000182e+03 5.548408368839347071e-01
3.600300000000000182e+03 5.582849491561993061e-01
3.603800000000000182e+03 5.547956269721714406e-01
3.607300000000000182e+03 5.517971458853346833e-01
3.610800000000000182e+03 5.508499634790369193e-01
3.614300000000000182e+03 5.476408779662791382e-01
3.617800000000000182e+03 5.423960024997589446e-01
3.621300000000000182e+03 5.424163006205338089e-01
3.624800000000000182e+03 5.317816761487822452e-01
3.628300000000000182e+03 5.386531860435653796e-01
3.631800000000000182e+03 5.399475902750557887e-01
3.635300000000000182e+03 5.330830467649958493e-01
3.638800000000000182e+03 5.318606077585349423e-01
3.642300000000000182e+03 5.268581609869450455e-01
3.645800000000000182e+03 5.196290661289304502e-01
3.649300000000000182e+03 5.198501651749822816e-01
3.652800000000000182e+03 5.159866221660177610e-01
3.656300000000000182e+03 5.241031787749482751e-01
3.659800000000000182e+03 5.236110171704182470e-01
3.663300000000000182e+03 5.219069931807761575e-01
3.666800000000000182e+03 5.178454600060522495e-01
3.670300000000000182e+03 5.192698712648183834e-01
3.673800000000000182e+03 5.169034064302977516e-01
3.677300000000000182e+03 5.128019073949302564e-01
3.680800000000000182e+03 5.092394645982458723e-01
3.684300000000000182e+03 5.085710770579535689e-01
3.687800000000000182e+03 5.048604870330446470e-01
3.691300000000000182e+03 5.021107846130746788e-01
3.694800000000000182e+03 4.975263005682679096e-01
3.698300000000000182e+03 4.954745649502117488e-01
3.701800000000000182e+03 4.948610544629992170e-01
3.705300000000000182e+03 4.904819790922810285e-01
3.708800000000000182e+03 4.886910452525132231e-01
3.712300000000000182e+03 4.970013504443059893e-01
3.715800000000000182e+03 4.920741874270051497e-01
3.719300000000000182e+03 4.899190237686749660e-01
3.722800000000000182e+03 4.755820770851990620e-01
3.726300000000000182e+03 4.734701768823855739e-01
3.729800000000000182e+03 4.699833393151328642e-01
3.733300000000000182e+03 4.808909184280077964e-01
3.736800000000000182e+03 4.780858065420692249e-01
3.740300000000000182e+03 4.798926767945475569e-01
3.743800000000000182e+03 4.773460456699915033e-01
3.747300000000000182e+03 4.800532090128128981e-01
3.750800000000000182e+03 4.702235740984026524e-01
3.754300000000000182e+03 4.776860452244602873e-01
3.757800000000000182e+03 4.675204200997928883e-01
3.761300000000000182e+03 4.678542435406791711e-01
3.764800000000000182e+03 4.690436416545012421e-01
3.768300000000000182e+03 4.574507384174393843e-01
3.771800000000000182e+03 4.647740106666322646e-01
3.775300000000000182e+03 4.600192945795222310e-01
3.778800000000000182e+03 4.608753293709473287e-01
3.782300000000000182e+03 4.603289883954622685e-01
3.785800000000000182e+03 4.585306146325718868e-01
3.789300000000000182e+03 4.515439716940203296e-01
3.792800000000000182e+03 4.535772637638597060e-01
3.796300000000000182e+03 4.499624549058065526e-01
3.799800000000000182e+03 4.543565254919951224e-01
3.803300000000000182e+03 4.560080449918331169e-01
3.806800000000000182e+03 4.531553156999739151e-01
3.810300000000000182e+03 4.557808297297491484e-01
3.813800000000000182e+03 4.486460943640288024e-01
3.817300000000000182e+03 4.429696526315878291e-01
3.820800000000000182e+03 4.406316580216227408e-01
3.824300000000000182e+03 4.265189986314635306e-01
3.827800000000000182e+03 4.243045757311755817e-01
3.831300000000000182e+03 4.239626579618209767e-01
3.834800000000000182e+03 4.267182301460315519e-01
3.838300000000000182e+03 4.326182669442812934e-01
3.841800000000000182e+03 4.273499397744717210e-01
3.845300000000000182e+03 4.345729481152137419e-01
3.848800000000000182e+03 4.346788144617367289e-01
3.852300000000000182e+03 4.301288330339953503e-01
3.855800000000000182e+03 4.318889227833623279e-01
3.859300000000000182e+03 4.290868537618665046e-01
3.862800000000000182e+03 4.325024531640163650e-01
3.866300000000000182e+03 4.330610494487278639e-01
3.869800000000000182e+03 4.355241115504648874e-01
3.873300000000000182e+03 4.294148243513152274e-01
3.876800000000000182e+03 4.247770260709659573e-01
3.880300000000000182e+03 4.141549091357775714e-01
3.883800000000000182e+03 4.034699251902003625e-01
3.887300000000000182e+03 3.892588260277304313e-01
3.890800000000000182e+03 3.858092710837924821e-01
3.894300000000000182e+03 3.850691690469348338e-01
3.897800000000000182e+03 4.009182323255512936e-01
3.901300000000000182e+03 4.087180222904958637e-01
3.904800000000000182e+03 4.198905207070888768e-01
3.908300000000000182e+03 4.186627621278756761e-01
3.911800000000000182e+03 4.190445435628292192e-01
3.915300000000000182e+03 4.101292797004235102e-01
3.918800000000000182e+03 4.044717794133168010e-01
3.922300000000000182e+03 4.023386043602834583e-01
3.925800000000000182e+03 3.914355876181034866e-01
3.929300000000000182e+03 3.866830980700232678e-01
3.932800000000000182e+03 3.870840662051371894e-01
3.936300000000000182e+03 3.917257092276205666e-01
3.939800000000000182e+03 3.934996237957855136e-01
3.943300000000000182e+03 3.993632064706055251e-01
3.946800000000000182e+03 4.015263462631945557e-01
3.950300000000000182e+03 4.082131673549048712e-01
3.953800000000000182e+03 4.041047677936172589e-01
3.957300000000000182e+03 3.927354119474867344e-01
3.960800000000000182e+03 3.832806992116133404e-01
3.964300000000000182e+03 3.648815417636884773e-01
3.967800000000000182e+03 3.542742924342081046e-01
3.971300000000000182e+03 3.475377715070423479e-01
3.974800000000000182e+03 3.563151344830219891e-01
3.978300000000000182e+03 3.688744739629927216e-01
3.981800000000000182e+03 3.776803371985016367e-01
3.985300000000000182e+03 3.837607761692175545e-01
3.988800000000000182e+03 3.833851940618095422e-01
3.992300000000000182e+03 3.849894861656886214e-01
3.995800000000000182e+03 3.804980071393438967e-01
3.999300000000000182e+03 3.763550677864716532e-01
4.002800000000000182e+03 3.738419564676356832e-01
4.006300000000000182e+03 3.724063855416150370e-01
4.009800000000000182e+03 3.710208615231818108e-01
4.013300000000000182e+03 3.715372567626229472e-01
4.016800000000000182e+03 3.681855496038252129e-01
4.020300000000000182e+03 3.664306758672812858e-01
4.023800000000000182e+03 3.644379407497518319e-01
4.027300000000000182e+03 3.645943063072219492e-01
4.030800000000000182e+03 3.635083479506807658e-01
4.034300000000000182e+03 3.612807645767447395e-01
4.037800000000000182e+03 3.586994028010068170e-01
4.041300000000000182e+03 3.606892946259542820e-01
4.044800000000000182e+03 3.596504370461647282e-01
4.048300000000000182e+03 3.568663176182791941e-01
4.051800000000000182e+03 3.566953565658599334e-01
4.055300000000000182e+03 3.549610487322427121e-01
4.058800000000000182e+03 3.538598119142324361e-01
4.062300000000000182e+03 3.539840184491380715e-01
4.065800000000000182e+03 3.527146713347033002e-01
4.069300000000000182e+03 3.530134945422477855e-01
4.072800000000000182e+03 3.495875003127188463e-01
4.076300000000000182e+03 3.504068302093552023e-01
4.079800000000000182e+03 3.469364220778234364e-01
4.083300000000000182e+03 3.450637432479907174e-01
4.086800000000000182e+03 3.454882042699254363e-01
4.090300000000000182e+03 3.464257005109863119e-01
4.093800000000000182e+03 3.454775073849229994e-01
4.097300000000000182e+03 3.394263120745977247e-01
4.100800000000000182e+03 3.330841271798778425e-01
4.104300000000000182e+03 3.288727318860975024e-01
4.107800000000000182e+03 3.226491960071261600e-01
4.111300000000000182e+03 3.208409391376123576e-01
4.114800000000000182e+03 3.234330527422946688e-01
4.118300000000000182e+03 3.282183357164571991e-01
4.121800000000000182e+03 3.341436301751040672e-01
4.125300000000000182e+03 3.395186234839824291e-01
4.128800000000000182e+03 3.390067208213250471e-01
4.132300000000000182e+03 3.366436722951818283e-01
4.135800000000000182e+03 3.320710636338488619e-01
4.139300000000000182e+03 3.303704454639866950e-01
4.142800000000000182e+03 3.307639255246760390e-01
4.146300000000000182e+03 3.252246181237017919e-01
4.149800000000000182e+03 3.262951580522946982e-01
4.153300000000000182e+03 3.250637342576372379e-01
4.156800000000000182e+03 3.246486512500388888e-01
4.160300000000000182e+03 3.223793146425432687e-01
4.163800000000000182e+03 3.226514075565822814e-01
4.167300000000000182e+03 3.210261882282345325e-01
4.170800000000000182e+03 3.193645229681141839e-01
4.174300000000000182e+03 3.179266584876289659e-01
4.177800000000000182e+03 3.180711329805954168e-01
4.181300000000000182e+03 3.167380051971623867e-01
4.184800000000000182e+03 3.142076603363750387e-01
4.188300000000000182e+03 3.166301440819396240e-01
4.191800000000000182e+03 3.124441091606707244e-01
4.195300000000000182e+03 3.138816438901554928e-01
4.198800000000000182e+03 3.129830683446421236e-01
4.202300000000000182e+03 3.103119984652416008e-01
4.205800000000000182e+03 3.105214083439767903e-01
4.209300000000000182e+03 3.095006495900641807e-01
4.212800000000000182e+03 3.058125274823134121e-01
4.216300000000000182e+03 3.084871787906830476e-01
4.219800000000000182e+03 3.056380926265306330e-01
4.223300000000000182e+03 3.053558659889090698e-01
4.226800000000000182e+03 3.018188673739820027e-01
4.230300000000000182e+03 3.021908340612931010e-01
4.233800000000000182e+03 3.026125999578452297e-01
4.237300000000000182e+03 3.009653820936839530e-01
4.240800000000000182e+03 3.002774093383586140e-01
4.244300000000000182e+03 3.008511716333596153e-01
4.247800000000000182e+03 2.978003892833255839e-01
4.251300000000000182e+03 3.001037605320927004e-01
4.254800000000000182e+03 2.971974202684963817e-01
4.258300000000000182e+03 2.973556796428157845e-01
4.261800000000000182e+03 2.946561222184505557e-01
4.265300000000000182e+03 2.931737831389878424e-01
4.268800000000000182e+03 2.937675426627179287e-01
4.272300000000000182e+03 2.904701264203851663e-01
4.275800000000000182e+03 2.909022889728479777e-01
4.279300000000000182e+03 2.909300137327803237e-01
4.282800000000000182e+03 2.911676706741908038e-01
4.286300000000000182e+03 2.919403296812150828e-01
4.289800000000000182e+03 2.896167612236671407e-01
4.293300000000000182e+03 2.879354031498240207e-01
4.296800000000000182e+03 2.881836445113983292e-01
4.300300000000000182e+03 2.880881381105468431e-01
4.303800000000000182e+03 2.859936354524699187e-01
4.307300000000000182e+03 2.859103852414864866e-01
4.310800000000000182e+03 2.857643410689122421e-01
4.314300000000000182e+03 2.853070992770519454e-01
4.317800000000000182e+03 2.833929580915147683e-01
4.321300000000000182e+03 2.817557108856523773e-01
4.324800000000000182e+03 2.774004446592615580e-01
4.328300000000000182e+03 2.784727897247966655e-01
4.331800000000000182e+03 2.784661350292487736e-01
4.335300000000000182e+03 2.755947432661590701e-01
4.338800000000000182e+03 2.727481799560433351e-01
4.342300000000000182e+03 2.690456094285255673e-01
4.345800000000000182e+03 2.631534006671423787e-01
4.349300000000000182e+03 2.593378819640605459e-01
4.352800000000000182e+03 2.590244436078769086e-01
4.356300000000000182e+03 2.652680124091707503e-01
4.359800000000000182e+03 2.673041277817161943e-01
4.363300000000000182e+03 2.754515977818877137e-01
4.366800000000000182e+03 2.783558971108279767e-01
4.370300000000000182e+03 2.775237651931938831e-01
4.373800000000000182e+03 2.738616184724050329e-01
4.377300000000000182e+03 2.684881670003603227e-01
4.380800000000000182e+03 2.689011542152761614e-01
4.384300000000000182e+03 2.650667974046743147e-01
4.387800000000000182e+03 2.630506721826159633e-01
4.391300000000000182e+03 2.653947959202289653e-01
4.394800000000000182e+03 2.632157834710862065e-01
4.398300000000000182e+03 2.633846094868659837e-01
4.401800000000000182e+03 2.634096315242371311e-01
4.405300000000000182e+03 2.622090490627206893e-01
4.408800000000000182e+03 2.611796654320960864e-01
4.412300000000000182e+03 2.622337950289315156e-01
4.415800000000000182e+03 2.602103085761324208e-01
4.419300000000000182e+03 2.594408449795963523e-01
4.422800000000000182e+03 2.595605938105740029e-01
4.426300000000000182e+03 2.592160020606908977e-01
4.429800000000000182e+03 2.580820350070798797e-01
4.433300000000000182e+03 2.578555996949084550e-01
4.436800000000000182e+03 2.543332143029544690e-01
4.440300000000000182e+03 2.583835336640664115e-01
4.443800000000000182e+03 2.568352303483095733e-01
4.447300000000000182e+03 2.551908753257249862e-01
4.450800000000000182e+03 2.548143237301757069e-01
4.454300000000000182e+03 2.523498917878351788e-01
4.457800000000000182e+03 2.511246625614221295e-01
4.461300000000000182e+03 2.512808345484455752e-01
4.464800000000000182e+03 2.510701913412106689e-01
4.468300000000000182e+03 2.525422180313317555e-01
4.471800000000000182e+03 2.523434039497683412e-01
4.475300000000000182e+03 2.503539264933698494e-01
4.478800000000000182e+03 2.463726993953470057e-01
4.482300000000000182e+03 2.482175441500458213e-01
4.485800000000000182e+03 2.462120195604377004e-01
4.489300000000000182e+03 2.457966201210384227e-01
4.492800000000000182e+03 2.467719019679946169e-01
4.496300000000000182e+03 2.458006146197372344e-01
4.499800000000000182e+03 2.452897880136885866e-01
4.503300000000000182e+03 2.456549935397063789e-01
4.506800000000000182e+03 2.451102188839515972e-01
4.510300000000000182e+03 2.455413214178769343e-01
4.513800000000000182e+03 2.438393288823381966e-01
4.517300000000000182e+03 2.419938173216532873e-01
4.520800000000000182e+03 2.400735847726232775e-01
4.524300000000000182e+03 2.410238352301408704e-01
4.527800000000000182e+03 2.373631862879356236e-01
4.531300000000000182e+03 2.384385632197302818e-01
4.534800000000000182e+03 2.390672725295801826e-01
4.538300000000000182e+03 2.384395737738240484e-01
4.541800000000000182e+03 2.369605030625398234e-01
4.545300000000000182e+03 2.386454264978651041e-01
4.548800000000000182e+03 2.363936036946149843e-01
4.552300000000000182e+03 2.344461005286643529e-01
4.555800000000000182e+03 2.365117455309065642e-01
4.559300000000000182e+03 2.345262416069747446e-01
4.562800000000000182e+03 2.339077663084619119e-01
4.566300000000000182e+03 2.342694712672494517e-01
4.569800000000000182e+03 2.352247308225804412e-01
4.573300000000000182e+03 2.323139270524140487e-01
4.576800000000000182e+03 2.328099743413852840e-01
4.580300000000000182e+03 2.310306621973118035e-01
4.583800000000000182e+03 2.322935556658102252e-01
4.587300000000000182e+03 2.297351856962641381e-01
4.590800000000000182e+03 2.280882482338761341e-01
4.594300000000000182e+03 2.286524670117582314e-01
4.597800000000000182e+03 2.265136770131771227e-01
4.601300000000000182e+03 2.270930832477653372e-01
4.604800000000000182e+03 2.261456023097204726e-01
4.608300000000000182e+03 2.269434484257953633e-01
4.611800000000000182e+03 2.274489750026562618e-01
4.615300000000000182e+03 2.236852406619712352e-01
4.618800000000000182e+03 2.261770150629260623e-01
4.622300000000000182e+03 2.233187176680623831e-01
4.625800000000000182e+03 2.252545918819801041e-01
4.629300000000000182e+03 2.219127649134641778e-01
4.632800000000000182e+03 2.192412125411806190e-01
4.636300000000000182e+03 2.199482201840534668e-01
4.639800000000000182e+03 2.201164947335848554e-01
4.643300000000000182e+03 2.211122697399612314e-01
4.646800000000000182e+03 2.207710172781581215e-01
4.650300000000000182e+03 2.184623906884229638e-01
4.653800000000000182e+03 2.186572581018439709e-01
4.657300000000000182e+03 2.164991949143908190e-01
4.660800000000000182e+03 2.185686725891144155e-01
4.664300000000000182e+03 2.148416393592476881e-01
4.667800000000000182e+03 2.165744376463883958e-01
4.671300000000000182e+03 2.148024731415286159e-01
4.674800000000000182e+03 2.150213953634424469e-01
4.678300000000000182e+03 2.161955151838593492e-01
4.681800000000000182e+03 2.162013302104336676e-01
4.685300000000000182e+03 2.140782898881697649e-01
4.688800000000000182e+03 2.138773840547622263e-01
4.692300000000000182e+03 2.148238637476596602e-01
4.695800000000000182e+03 2.140817769383955849e-01
4.699300000000000182e+03 2.109565936953781973e-01
4.702800000000000182e+03 2.091801484528880983e-01
4.706300000000000182e+03 2.093677232412901601e-01
4.709800000000000182e+03 2.103053724466397434e-01
4.713300000000000182e+03 2.081394209922619587e-01
4.716800000000000182e+03 2.098018678788447500e-01
4.720300000000000182e+03 2.099945645476584133e-01
4.723800000000000182e+03 2.102235886248784158e-01
4.727300000000000182e+03 2.085225930513975034e-01
4.730800000000000182e+03 2.068886220881168692e-01
4.734300000000000182e+03 2.053939191495358918e-01
4.737800000000000182e+03 2.073027249058399246e-01
4.741300000000000182e+03 2.083082063467979472e-01
4.744800000000000182e+03 2.076198791894277862e-01
4.748300000000000182e+03 2.065114122134541763e-01
4.751800000000000182e+03 2.056909613835453954e-01
4.755300000000000182e+03 2.048209212953052138e-01
4.758800000000000182e+03 2.051395578180079393e-01
4.762300000000000182e+03 2.045668903656378268e-01
4.765800000000000182e+03 2.041771514467656812e-01
4.769300000000000182e+03 2.028806718594470260e-01
4.772800000000000182e+03 2.043733321842802486e-01
4.776300000000000182e+03 2.012923227706676366e-01
4.779800000000000182e+03 2.020365775160113397e-01
4.783300000000000182e+03 2.028149762541426870e-01
4.786800000000000182e+03 2.010993368708534068e-01
4.790300000000000182e+03 2.021115706109362087e-01
4.793800000000000182e+03 2.016635488468965787e-01
4.797300000000000182e+03 2.003110653499417526e-01
4.800800000000000182e+03 1.993304020886887407e-01
4.804300000000000182e+03 2.012319014168337528e-01
4.807800000000000182e+03 2.002304923244130896e-01
4.811300000000000182e+03 1.998106288134749720e-01
4.814800000000000182e+03 2.001846115510897139e-01
4.818300000000000182e+03 2.002830808468586687e-01
4.821800000000000182e+03 1.996905040022674827e-01
4.825300000000000182e+03 1.997984237309081978e-01
4.828800000000000182e+03 1.994265699222166621e-01
4.832300000000000182e+03 2.019039188245715100e-01
4.835800000000000182e+03 1.970186864124774118e-01
4.839300000000000182e+03 1.988213696051204238e-01
4.842800000000000182e+03 1.954276350329058332e-01
4.846300000000000182e+03 1.944254512895631504e-01
4.849800000000000182e+03 1.940722918978633749e-01
4.853300000000000182e+03 1.938635821455411690e-01
4.856800000000000182e+03 1.919196719182796329e-01
4.860300000000000182e+03 1.898583837703962107e-01
4.863800000000000182e+03 1.829406367930699606e-01
4.867300000000000182e+03 1.785072276041183015e-01
4.870800000000000182e+03 1.799448796862892497e-01
4.874300000000000182e+03 1.824869180651601808e-01
4.877800000000000182e+03 1.857944927013314984e-01
4.881300000000000182e+03 1.916157003908648959e-01
4.884800000000000182e+03 1.940083972002757950e-01
4.888300000000000182e+03 1.974430011187038314e-01
4.891800000000000182e+03 1.959965416427882079e-01
4.895300000000000182e+03 1.915492272213600855e-01
4.898800000000000182e+03 1.905728946878672558e-01
4.902300000000000182e+03 1.889196548831762190e-01
4.905800000000000182e+03 1.879977510461758039e-01
4.909300000000000182e+03 1.879381364504753016e-01
4.912800000000000182e+03 1.871128277064844914e-01
4.916300000000000182e+03 1.884108625375997825e-01
4.919800000000000182e+03 1.840781316382620603e-01
4.923300000000000182e+03 1.874834694011018599e-01
4.926800000000000182e+03 1.857831310493737176e-01
4.930300000000000182e+03 1.848899604955462628e-01
4.933800000000000182e+03 1.858765909296534735e-01
4.937300000000000182e+03 1.845718995402130247e-01
4.940800000000000182e+03 1.859199466053446659e-01
4.944300000000000182e+03 1.838723383950244539e-01
4.947800000000000182e+03 1.841826617172820646e-01
4.951300000000000182e+03 1.837881562847465400e-01
4.954800000000000182e+03 1.836692627697793512e-01
4.958300000000000182e+03 1.847332519028370146e-01
4.961800000000000182e+03 1.852739496863313462e-01
4.965300000000000182e+03 1.816187278855028731e-01
4.968800000000000182e+03 1.839882618025411587e-01
4.972300000000000182e+03 1.838604525695559377e-01
4.975800000000000182e+03 1.818792948126322639e-01
4.979300000000000182e+03 1.834467557155874395e-01
4.982800000000000182e+03 1.834246889185662255e-01
4.986300000000000182e+03 1.836865980738429938e-01
4.989800000000000182e+03 1.798614229473567971e-01
4.993300000000000182e+03 1.836056911319946527e-01
4.996800000000000182e+03 1.815106707918560935e-01
5.000300000000000182e+03 1.812009058463175393e-01
5.003800000000000182e+03 1.806696704741664605e-01
5.007300000000000182e+03 1.805953613339202346e-01
5.010800000000000182e+03 1.801444490332334836e-01
5.014300000000000182e+03 1.806929430438638240e-01
5.017800000000000182e+03 1.790207741317552392e-01
5.021300000000000182e+03 1.800887817921310585e-01
5.024800000000000182e+03 1.789232402721762094e-01
5.028300000000000182e+03 1.825317841636449889e-01
5.031800000000000182e+03 1.842720638673981393e-01
5.035300000000000182e+03 1.827523769878846294e-01
5.038800000000000182e+03 1.810000687988979062e-01
5.042300000000000182e+03 1.810180001456726528e-01
5.045800000000000182e+03 1.779750242458809084e-01
5.049300000000000182e+03 1.795572013026294211e-01
5.052800000000000182e+03 1.761729624794075855e-01
5.056300000000000182e+03 1.758037859370140954e-01
5.059800000000000182e+03 1.783567057700574388e-01
5.063300000000000182e+03 1.776637933050853879e-01
5.066800000000000182e+03 1.768592455487410231e-01
5.070300000000000182e+03 1.779145725852681881e-01
5.073800000000000182e+03 1.784213456658773900e-01
5.077300000000000182e+03 1.753660878847659588e-01
5.080800000000000182e+03 1.757615084845334519e-01
5.084300000000000182e+03 1.782673887706863747e-01
5.087800000000000182e+03 1.736802434522422001e-01
5.091300000000000182e+03 1.740826851099344930e-01
5.094800000000000182e+03 1.734271748121254397e-01
5.098300000000000182e+03 1.738253646016266751e-01
5.101800000000000182e+03 1.721201448166147785e-01
5.105300000000000182e+03 1.727489392462717155e-01
5.108800000000000182e+03 1.735474562137837296e-01
5.112300000000000182e+03 1.729212929065215842e-01
5.115800000000000182e+03 1.725601620791455681e-01
5.119300000000000182e+03 1.698429158941702766e-01
5.122800000000000182e+03 1.696501959590218100e-01
5.126300000000000182e+03 1.704183624961602694e-01
5.129800000000000182e+03 1.716588068296999448e-01
5.133300000000000182e+03 1.701563452216153238e-01
5.136800000000000182e+03 1.677172746844973750e-01
5.140300000000000182e+03 1.683523044081112197e-01
5.143800000000000182e+03 1.708416691596134629e-01
5.147300000000000182e+03 1.684375926057810058e-01
5.150800000000000182e+03 1.693376175260086769e-01
5.154300000000000182e+03 1.679017724491758679e-01
5.157800000000000182e+03 1.679686618055822034e-01
5.161300000000000182e+03 1.702209131912935103e-01
5.164800000000000182e+03 1.671435706986761083e-01
5.168300000000000182e+03 1.651597344286006852e-01
5.171800000000000182e+03 1.683223221757720600e-01
5.175300000000000182e+03 1.676855533630852435e-01
5.178800000000000182e+03 1.670498190312863784e-01
5.182300000000000182e+03 1.661396097712407038e-01
5.185800000000000182e+03 1.662447256093064485e-01
5.189300000000000182e+03 1.667779261327585472e-01
5.192800000000000182e+03 1.654592566647930807e-01
5.196300000000000182e+03 1.661432619664806043e-01
5.199800000000000182e+03 1.640297941800717696e-01
5.203300000000000182e+03 1.658899653741031099e-01
5.206800000000000182e+03 1.660020855706794973e-01
5.210300000000000182e+03 1.665759755302885781e-01
5.213800000000000182e+03 1.640409867912616393e-01
5.217300000000000182e+03 1.653262265194437308e-01
5.220800000000000182e+03 1.674023031894855684e-01
5.224300000000000182e+03 1.647149640802362258e-01
5.227800000000000182e+03 1.646210641104154659e-01
5.231300000000000182e+03 1.652025616858528168e-01
5.234800000000000182e+03 1.654384723233045806e-01
5.238300000000000182e+03 1.657154245656264069e-01
5.241800000000000182e+03 1.644593298086455269e-01
5.245300000000000182e+03 1.649359782524692786e-01
5.248800000000000182e+03 1.660800081870453526e-01
5.252300000000000182e+03 1.647907267514800156e-01
5.255800000000000182e+03 1.671553565660666985e-01
5.259300000000000182e+03 1.655474172294434387e-01
5.262800000000000182e+03 1.641525091126183333e-01
5.266300000000000182e+03 1.618852895589392715e-01
5.269800000000000182e+03 1.632726025061221331e-01
5.273300000000000182e+03 1.658427724654017166e-01
5.276800000000000182e+03 1.637058230397611946e-01
5.280300000000000182e+03 1.642610494468386417e-01
5.283800000000000182e+03 1.663496454986214124e-01
5.287300000000000182e+03 1.628843423591676554e-01
5.290800000000000182e+03 1.656696941304886261e-01
5.294300000000000182e+03 1.657411217247227730e-01
5.297800000000000182e+03 1.649454795993444411e-01
5.301300000000000182e+03 1.668966957427252262e-01
5.304800000000000182e+03 1.638592316910158775e-01
5.308300000000000182e+03 1.629042405442760744e-01
5.311800000000000182e+03 1.645556963621710722e-01
5.315300000000000182e+03 1.633307558461180031e-01
5.318800000000000182e+03 1.626273584700134445e-01
5.322300000000000182e+03 1.637970669168663240e-01
5.325800000000000182e+03 1.618499162872308883e-01
5.329300000000000182e+03 1.602434868283031388e-01
5.332800000000000182e+03 1.621005173600267302e-01
5.336300000000000182e+03 1.603067064861380397e-01
5.339800000000000182e+03 1.625815178822540286e-01
5.343300000000000182e+03 1.619718714931666081e-01
5.346800000000000182e+03 1.618002140319113602e-01
5.350300000000000182e+03 1.617233431724657833e-01
5.353800000000000182e+03 1.613574546748868244e-01
5.357300000000000182e+03 1.624470960227661354e-01
5.360800000000000182e+03 1.606537958155712376e-01
5.364300000000000182e+03 1.576279513592541148e-01
5.367800000000000182e+03 1.615300572759335307e-01
5.371300000000000182e+03 1.610418152271501369e-01
5.374800000000000182e+03 1.610323105791884035e-01
5.378300000000000182e+03 1.594328390336959833e-01
5.381800000000000182e+03 1.605003482503293000e-01
5.385300000000000182e+03 1.600909413989604346e-01
5.388800000000000182e+03 1.607154011930392590e-01
5.392300000000000182e+03 1.609472413316641315e-01
5.395800000000000182e+03 1.600480015179584770e-01
5.399300000000000182e+03 1.584538004923076171e-01
5.402800000000000182e+03 1.594046335615142418e-01
5.406300000000000182e+03 1.614457430199454091e-01
5.409800000000000182e+03 1.617022352188713374e-01
5.413300000000000182e+03 1.609534395995816658e-01
5.416800000000000182e+03 1.594239882566617639e-01
5.420300000000000182e+03 1.596963423259627202e-01
5.423800000000000182e+03 1.610033302436363611e-01
5.427300000000000182e+03 1.591141772137188715e-01
5.430800000000000182e+03 1.616281901507884144e-01
5.434300000000000182e+03 1.592576907415101939e-01
5.437800000000000182e+03 1.598792264722229961e-01
5.441300000000000182e+03 1.593997237165486192e-01
5.444800000000000182e+03 1.585526255168024368e-01
5.448300000000000182e+03 1.572034139468898306e-01
5.451800000000000182e+03 1.593247669073015738e-01
5.455300000000000182e+03 1.586175935116443947e-01
5.458800000000000182e+03 1.586998639146277590e-01
5.462300000000000182e+03 1.580965588763949548e-01
5.465800000000000182e+03 1.587448365940777595e-01
5.469300000000000182e+03 1.571423726783176267e-01
5.472800000000000182e+03 1.575208929307412298e-01
5.476300000000000182e+03 1.569003810451972125e-01
5.479800000000000182e+03 1.571073250979167779e-01
5.483300000000000182e+03 1.541674026191866831e-01
5.486800000000000182e+03 1.568068775827604067e-01
5.490300000000000182e+03 1.547003252612698665e-01
5.493800000000000182e+03 1.555782149843760453e-01
5.497300000000000182e+03 1.558946802834952627e-01
5.500800000000000182e+03 1.569159685203523891e-01
5.504300000000000182e+03 1.567523886286256440e-01
5.507800000000000182e+03 1.565111962715106386e-01
5.511300000000000182e+03 1.543874099226433538e-01
5.514800000000000182e+03 1.546436609450552724e-01
5.518300000000000182e+03 1.538040139468420942e-01
5.521800000000000182e+03 1.562782924622034830e-01
5.525300000000000182e+03 1.553860655202193020e-01
5.528800000000000182e+03 1.547192023132123451e-01
5.532300000000000182e+03 1.534112294037894286e-01
5.535800000000000182e+03 1.546979089008331254e-01
5.539300000000000182e+03 1.523211312850664134e-01
5.542800000000000182e+03 1.532746428317221798e-01
5.546300000000000182e+03 1.538594618012852355e-01
5.549800000000000182e+03 1.532073002179262511e-01
5.553300000000000182e+03 1.539241110449187655e-01
5.556800000000000182e+03 1.524958014458394906e-01
5.560300000000000182e+03 1.543900900245337715e-01
5.563800000000000182e+03 1.560871421906348810e-01
5.567300000000000182e+03 1.535350204405750152e-01
5.570800000000000182e+03 1.526358889794854345e-01
5.574300000000000182e+03 1.547246359768739699e-01
5.577800000000000182e+03 1.522204136068430746e-01
5.581300000000000182e+03 1.536164589002420588e-01
5.584800000000000182e+03 1.544454648305357836e-01
5.588300000000000182e+03 1.553782730669723278e-01
5.591800000000000182e+03 1.535358781337105016e-01
5.595300000000000182e+03 1.535121544793331405e-01
5.598800000000000182e+03 1.534567696965024874e-01
5.602300000000000182e+03 1.540630338201366412e-01
5.605800000000000182e+03 1.529425260853481128e-01
5.609300000000000182e+03 1.541827838920635241e-01
5.612800000000000182e+03 1.535240619097467396e-01
5.616300000000000182e+03 1.549110703241987630e-01
5.619800000000000182e+03 1.534279559941855720e-01
5.623300000000000182e+03 1.552249739136803697e-01
5.626800000000000182e+03 1.563557596742335132e-01
5.630300000000000182e+03 1.531830688943887908e-01
5.633800000000000182e+03 1.565713732555272797e-01
5.637300000000000182e+03 1.553750851383813303e-01
5.640800000000000182e+03 1.527973433943156378e-01
5.644300000000000182e+03 1.520282047542360349e-01
5.647800000000000182e+03 1.535813464500462300e-01
5.651300000000000182e+03 1.532025207438898473e-01
5.654800000000000182e+03 1.530828323124050205e-01
5.658300000000000182e+03 1.543198156094157947e-01
5.661800000000000182e+03 1.532369014754284831e-01
5.665300000000000182e+03 1.530395272197517254e-01
5.668800000000000182e+03 1.531849629428315152e-01
5.672300000000000182e+03 1.539267082546811605e-01
5.675800000000000182e+03 1.533029204618476249e-01
5.679300000000000182e+03 1.553046623253992453e-01
5.682800000000000182e+03 1.543156102944260311e-01
5.686300000000000182e+03 1.565259864186788474e-01
5.689800000000000182e+03 1.565309502518840157e-01
5.693300000000000182e+03 1.558714252300569258e-01
5.696800000000000182e+03 1.556872257247931546e-01
5.700300000000000182e+03 1.551285608663137139e-01
5.703800000000000182e+03 1.533126361699775897e-01
5.707300000000000182e+03 1.577514360509910119e-01
5.710800000000000182e+03 1.555805568217224211e-01
5.714300000000000182e+03 1.546987014110385306e-01
5.717800000000000182e+03 1.517866131978668764e-01
5.721300000000000182e+03 1.557971045627386253e-01
5.724800000000000182e+03 1.549910928775200536e-01
5.728300000000000182e+03 1.551487959649247295e-01
5.731800000000000182e+03 1.559401795748191211e-01
5.735300000000000182e+03 1.530779065052463861e-01
5.738800000000000182e+03 1.566562449163642901e-01
5.742300000000000182e+03 1.539136567071038575e-01
5.745800000000000182e+03 1.539133802189399935e-01
5.749300000000000182e+03 1.509025372389399822e-01
5.752800000000000182e+03 1.537832676954564715e-01
5.756300000000000182e+03 1.526854006197699010e-01
5.759800000000000182e+03 1.518248249497559654e-01
5.763300000000000182e+03 1.500498900278356418e-01
5.766800000000000182e+03 1.514756215948673546e-01
5.770300000000000182e+03 1.499209991394996055e-01
5.773800000000000182e+03 1.502211019519149870e-01
5.777300000000000182e+03 1.504671085100923733e-01
5.780800000000000182e+03 1.480500470924651923e-01
5.784300000000000182e+03 1.496387196376237072e-01
5.787800000000000182e+03 1.488247674400808573e-01
5.791300000000000182e+03 1.487491059903092716e-01
5.794800000000000182e+03 1.491445206943756985e-01
5.798300000000000182e+03 1.453221798633554940e-01
5.801800000000000182e+03 1.448411354734495671e-01
5.805300000000000182e+03 1.484708257582224855e-01
5.808800000000000182e+03 1.451274156847688346e-01
5.812300000000000182e+03 1.464158998001237333e-01
5.815800000000000182e+03 1.457193811508488701e-01
5.819300000000000182e+03 1.458742222105717801e-01
5.822800000000000182e+03 1.438071756650122490e-01
5.826300000000000182e+03 1.465828691902380243e-01
5.829800000000000182e+03 1.440039425653633354e-01
5.833300000000000182e+03 1.425296646027923442e-01
5.836800000000000182e+03 1.434425681168801925e-01
5.840300000000000182e+03 1.449656262498475734e-01
5.843800000000000182e+03 1.431473959925254058e-01
5.847300000000000182e+03 1.425735208568378043e-01
5.850800000000000182e+03 1.424555662173791482e-01
5.854300000000000182e+03 1.438573159978099314e-01
5.857800000000000182e+03 1.426966247383198994e-01
5.861300000000000182e+03 1.431406140734158838e-01
5.864800000000000182e+03 1.453010216204745630e-01
5.868300000000000182e+03 1.433118324653227804e-01
5.871800000000000182e+03 1.460128272972184560e-01
5.875300000000000182e+03 1.482189810424766885e-01
5.878800000000000182e+03 1.505726775989386923e-01
5.882300000000000182e+03 1.549176361881778041e-01
5.885800000000000182e+03 1.559575901594115743e-01
5.889300000000000182e+03 1.590455083413734871e-01
5.892800000000000182e+03 1.590665472221697296e-01
5.896300000000000182e+03 1.609339610933574471e-01
5.899800000000000182e+03 1.589157380731972546e-01
5.903300000000000182e+03 1.566863478886618977e-01
5.906800000000000182e+03 1.575487225257148349e-01
5.910300000000000182e+03 1.580076786313477089e-01
5.913800000000000182e+03 1.587772163991511554e-01
5.917300000000000182e+03 1.567890020461313594e-01
5.920800000000000182e+03 1.564949246403915806e-01
5.924300000000000182e+03 1.559257994172036088e-01
5.927800000000000182e+03 1.538928397365868506e-01
5.931300000000000182e+03 1.545182496699039343e-01
5.934800000000000182e+03 1.561073298018257616e-01
5.938300000000000182e+03 1.563549889183072084e-01
5.941800000000000182e+03 1.550244838060526875e-01
5.945300000000000182e+03 1.564339883262184094e-01
5.948800000000000182e+03 1.555420481610246541e-01
5.952300000000000182e+03 1.562686439905830449e-01
5.955800000000000182e+03 1.522890985728253821e-01
5.959300000000000182e+03 1.497952922339421122e-01
5.962800000000000182e+03 1.508734594129988449e-01
5.966300000000000182e+03 1.479881087347340307e-01
5.969800000000000182e+03 1.499233247252208245e-01
5.973300000000000182e+03 1.490414494126064693e-01
5.976800000000000182e+03 1.482611689677957867e-01
5.980300000000000182e+03 1.480997168569884725e-01
5.983800000000000182e+03 1.467249099922971201e-01
5.987300000000000182e+03 1.477077499209067668e-01
5.990800000000000182e+03 1.457009982816073745e-01
5.994300000000000182e+03 1.411578380616192174e-01
5.997800000000000182e+03 1.448616073623126832e-01
