# wavelength (angstroms), extinction coefficient
6.251500000000000000e+03 1.158655496573364335e-01
6.258500000000000000e+03 1.181264557822489791e-01
6.265500000000000000e+03 1.231610263237066932e-01
6.272500000000000000e+03 1.257051252158847832e-01
6.279500000000000000e+03 1.255703618376951269e-01
6.286500000000000000e+03 1.266871752289135400e-01
6.293500000000000000e+03 1.280576399721777558e-01
6.300500000000000000e+03 1.213974517838637412e-01
6.307500000000000000e+03 1.215570391381259607e-01
6.314500000000000000e+03 1.186247585152473139e-01
6.321500000000000000e+03 1.157276887519757547e-01
6.328500000000000000e+03 1.160471098332568479e-01
6.335500000000000000e+03 1.124637544047718540e-01
6.342500000000000000e+03 1.103397969093354580e-01
6.349500000000000000e+03 1.074591552178172094e-01
6.356500000000000000e+03 1.087276811663627357e-01
6.363500000000000000e+03 1.073112537998395094e-01
6.370500000000000000e+03 1.059147439482676922e-01
6.377500000000000000e+03 1.057216817886633548e-01
6.384500000000000000e+03 1.085035631344860863e-01
6.391500000000000000e+03 1.051178191349229768e-01
6.398500000000000000e+03 1.062210923299867493e-01
6.405500000000000000e+03 1.025681689737257402e-01
6.412500000000000000e+03 1.038815832582689475e-01
6.419500000000000000e+03 1.039728039232727941e-01
6.426500000000000000e+03 1.023092124680130000e-01
6.433500000000000000e+03 1.021507893229952196e-01
6.440500000000000000e+03 1.022554729973641496e-01
6.447500000000000000e+03 1.039680126964728363e-01
6.454500000000000000e+03 1.038879314585615943e-01
6.461500000000000000e+03 1.048967029919976729e-01
6.468500000000000000e+03 1.098166141095742870e-01
6.475500000000000000e+03 1.102090285262174313e-01
6.482500000000000000e+03 1.106298990850929781e-01
6.489500000000000000e+03 1.077685704690318075e-01
6.496500000000000000e+03 1.078571441987410395e-01
6.503500000000000000e+03 1.093873003317580167e-01
6.510500000000000000e+03 1.052900174983393833e-01
6.517500000000000000e+03 1.048255478935169183e-01
6.524500000000000000e+03 1.070540903024942148e-01
6.531500000000000000e+03 1.085251739994251563e-01
6.538500000000000000e+03 1.053702261368528736e-01
6.545500000000000000e+03 1.037359011836878758e-01
6.552500000000000000e+03 9.925218394151434642e-02
6.559500000000000000e+03 8.709786916453919614e-02
6.566500000000000000e+03 7.056285006875565036e-02
6.573500000000000000e+03 7.353035231810770012e-02
6.580500000000000000e+03 8.987554518285068017e-02
6.587500000000000000e+03 1.029967293757964031e-01
6.594500000000000000e+03 1.038959568428549501e-01
6.601500000000000000e+03 9.660182757486249217e-02
6.608500000000000000e+03 9.431075719316241168e-02
6.615500000000000000e+03 9.141637152983171644e-02
6.622500000000000000e+03 8.983493630072678093e-02
6.629500000000000000e+03 8.834504132726594960e-02
6.636500000000000000e+03 8.960135234930276249e-02
6.643500000000000000e+03 8.723912874645539661e-02
6.650500000000000000e+03 8.620348516954022544e-02
6.657500000000000000e+03 8.508037148820978002e-02
6.664500000000000000e+03 8.687335165613140064e-02
6.671500000000000000e+03 8.268089066136161125e-02
6.678500000000000000e+03 8.361678221285132051e-02
6.685500000000000000e+03 8.265082010892323139e-02
6.692500000000000000e+03 8.412772409608347546e-02
6.699500000000000000e+03 8.181989630738717434e-02
6.706500000000000000e+03 8.293173141982775054e-02
6.713500000000000000e+03 8.260124045673995774e-02
6.720500000000000000e+03 8.199131641853253660e-02
6.727500000000000000e+03 8.176774916262387338e-02
6.734500000000000000e+03 8.197878083029649932e-02
6.741500000000000000e+03 8.035861702840607634e-02
6.748500000000000000e+03 8.298165676989395501e-02
6.755500000000000000e+03 8.049477613956949884e-02
6.762500000000000000e+03 8.065671073656435763e-02
6.769500000000000000e+03 8.071301045041401334e-02
6.776500000000000000e+03 7.926342800743899075e-02
6.783500000000000000e+03 7.986112695126112992e-02
6.790500000000000000e+03 7.827126698466234378e-02
6.797500000000000000e+03 7.874955213515390240e-02
6.804500000000000000e+03 7.745710549160401970e-02
6.811500000000000000e+03 7.985509537383356227e-02
6.818500000000000000e+03 7.946553875352241336e-02
6.825500000000000000e+03 7.684443729496405473e-02
6.832500000000000000e+03 7.967537865648144368e-02
6.839500000000000000e+03 7.634513970092855761e-02
6.846500000000000000e+03 8.506460957613921903e-02
6.853500000000000000e+03 1.041844965068833562e-01
6.860500000000000000e+03 1.192616991911312763e-01
6.867500000000000000e+03 9.698939625282816668e-02
6.874500000000000000e+03 1.068986506115290336e-01
6.881500000000000000e+03 1.492177670039323556e-01
6.888500000000000000e+03 1.413462652856956880e-01
6.895500000000000000e+03 1.225115916243867675e-01
6.902500000000000000e+03 1.164710105365147630e-01
6.909500000000000000e+03 1.119046211548115621e-01
6.916500000000000000e+03 1.096982172726726490e-01
6.923500000000000000e+03 1.059901865773587720e-01
6.930500000000000000e+03 1.039051914096030399e-01
6.937500000000000000e+03 1.017576405854518917e-01
6.944500000000000000e+03 1.013467909245525655e-01
6.951500000000000000e+03 9.667134148889879042e-02
6.958500000000000000e+03 8.883994340077926155e-02
6.965500000000000000e+03 8.539331080860958212e-02
6.972500000000000000e+03 8.685036788162507626e-02
6.979500000000000000e+03 8.455204914555664031e-02
6.986500000000000000e+03 8.509237127785489185e-02
6.993500000000000000e+03 8.613659954774209593e-02
7.000500000000000000e+03 8.909040759036963852e-02
7.007500000000000000e+03 8.857417974411647965e-02
7.014500000000000000e+03 8.884465147591535938e-02
7.021500000000000000e+03 8.583061186186617675e-02
7.028500000000000000e+03 8.361238013648392142e-02
7.035500000000000000e+03 8.526197710101283966e-02
7.042500000000000000e+03 8.417365054606405772e-02
7.049500000000000000e+03 7.933862841753110129e-02
7.056500000000000000e+03 7.882092629610952528e-02
7.063500000000000000e+03 7.495392159476005345e-02
7.070500000000000000e+03 7.662835837393359995e-02
7.077500000000000000e+03 7.582115733929649382e-02
7.084500000000000000e+03 7.456399121877044234e-02
7.091500000000000000e+03 7.399887564132894002e-02
7.098500000000000000e+03 7.121346672367767638e-02
7.105500000000000000e+03 7.047366114546230187e-02
7.112500000000000000e+03 7.001991388981154696e-02
7.119500000000000000e+03 7.007250523498315120e-02
7.126500000000000000e+03 7.014076198317636957e-02
7.133500000000000000e+03 7.076684053853327105e-02
7.140500000000000000e+03 7.259094130180572535e-02
7.147500000000000000e+03 7.720441646516124079e-02
7.154500000000000000e+03 8.937528238520635326e-02
7.161500000000000000e+03 1.027814739326010085e-01
7.168500000000000000e+03 1.120865695370507342e-01
7.175500000000000000e+03 1.208918659290002806e-01
7.182500000000000000e+03 1.277566774345427203e-01
7.189500000000000000e+03 1.340565422288778064e-01
7.196500000000000000e+03 1.252290066993934081e-01
7.203500000000000000e+03 1.149711239649233163e-01
7.210500000000000000e+03 1.187691495426337063e-01
7.217500000000000000e+03 1.160947657291251656e-01
7.224500000000000000e+03 1.118177803944044452e-01
7.231500000000000000e+03 1.022642810758300352e-01
7.238500000000000000e+03 1.045133635401440109e-01
7.245500000000000000e+03 1.170453211488582251e-01
7.252500000000000000e+03 1.208700622021165738e-01
7.259500000000000000e+03 1.231737625686041560e-01
7.266500000000000000e+03 1.184297705215071050e-01
7.273500000000000000e+03 1.134708586644817135e-01
7.280500000000000000e+03 1.143220779194010495e-01
7.287500000000000000e+03 1.145055212974315645e-01
7.294500000000000000e+03 1.106954045240982065e-01
7.301500000000000000e+03 1.097237273977891836e-01
7.308500000000000000e+03 1.040903291058782598e-01
7.315500000000000000e+03 9.956139962736483551e-02
7.322500000000000000e+03 9.202652897228383311e-02
7.329500000000000000e+03 8.645105467985185477e-02
7.336500000000000000e+03 7.856856221126874706e-02
7.343500000000000000e+03 7.733760870060482628e-02
7.350500000000000000e+03 7.444902500912722876e-02
7.357500000000000000e+03 7.685148888255706467e-02
7.364500000000000000e+03 7.303134877598910224e-02
7.371500000000000000e+03 7.280989331072423854e-02
7.378500000000000000e+03 6.864700423128598794e-02
7.385500000000000000e+03 6.693978943372541623e-02
7.392500000000000000e+03 6.861724429369031597e-02
7.399500000000000000e+03 6.510774417284796722e-02
7.406500000000000000e+03 6.300010543012972419e-02
7.413500000000000000e+03 6.119512441830562977e-02
7.420500000000000000e+03 5.853362940089303079e-02
7.427500000000000000e+03 5.895918777657384313e-02
7.434500000000000000e+03 5.793504481204581058e-02
7.441500000000000000e+03 5.550342815285373710e-02
7.448500000000000000e+03 5.708042546173477255e-02
7.455500000000000000e+03 5.650882954758363469e-02
7.462500000000000000e+03 5.277486979584040255e-02
7.469500000000000000e+03 5.543391424218942903e-02
7.476500000000000000e+03 5.329682816742004059e-02
7.483500000000000000e+03 5.569568367953993404e-02
7.490500000000000000e+03 5.507301878129438472e-02
7.497500000000000000e+03 5.497635793699291729e-02
7.504500000000000000e+03 5.301409514984391225e-02
7.511500000000000000e+03 5.404732769091538658e-02
7.518500000000000000e+03 5.339562370685119186e-02
7.525500000000000000e+03 5.207692921017977039e-02
7.532500000000000000e+03 5.473342609960298033e-02
7.539500000000000000e+03 5.419215184342200675e-02
7.546500000000000000e+03 5.302074389916042879e-02
7.553500000000000000e+03 5.220891118803068498e-02
7.560500000000000000e+03 5.388313911533615386e-02
7.567500000000000000e+03 5.671691184346666637e-02
7.574500000000000000e+03 7.684953296150935642e-02
7.581500000000000000e+03 1.263737182657689306e-01
7.588500000000000000e+03 1.767401213787522518e-01
7.595500000000000000e+03 1.351571263532895806e-01
7.602500000000000000e+03 7.780617656117025382e-02
7.609500000000000000e+03 2.537478287209571359e-01
7.616500000000000000e+03 4.067035587237868843e-01
7.623500000000000000e+03 3.658241804019536914e-01
7.630500000000000000e+03 2.810830226767831452e-01
7.637500000000000000e+03 2.550299468619417476e-01
7.644500000000000000e+03 2.348856191913817615e-01
7.651500000000000000e+03 2.023562718999203092e-01
7.658500000000000000e+03 1.660659111019301137e-01
7.665500000000000000e+03 1.333436312515497157e-01
7.672500000000000000e+03 1.103954288468265155e-01
7.679500000000000000e+03 9.230251371359247947e-02
7.686500000000000000e+03 8.031934720476247014e-02
7.693500000000000000e+03 6.963187685771056457e-02
7.700500000000000000e+03 6.653645441139932615e-02
7.707500000000000000e+03 6.005674513902241329e-02
7.714500000000000000e+03 5.575098931246527667e-02
7.721500000000000000e+03 5.496418617002176571e-02
7.728500000000000000e+03 5.384034909862083634e-02
7.735500000000000000e+03 5.453775167589429429e-02
7.742500000000000000e+03 5.064997042977192193e-02
7.749500000000000000e+03 5.101303163534755963e-02
7.756500000000000000e+03 5.049360475165168977e-02
7.763500000000000000e+03 4.864489052311669892e-02
7.770500000000000000e+03 4.682480594164412785e-02
7.777500000000000000e+03 4.798244332354342778e-02
7.784500000000000000e+03 4.813028866670426148e-02
7.791500000000000000e+03 4.942637271505762042e-02
7.798500000000000000e+03 5.151976101404161928e-02
7.805500000000000000e+03 4.819365947890490859e-02
7.812500000000000000e+03 4.905606695641523407e-02
7.819500000000000000e+03 4.711325175310365071e-02
7.826500000000000000e+03 4.731165041029785495e-02
7.833500000000000000e+03 5.010137257577302466e-02
7.840500000000000000e+03 4.588217181802692335e-02
7.847500000000000000e+03 4.979758698469814726e-02
7.854500000000000000e+03 4.879186493885433185e-02
7.861500000000000000e+03 5.184536102098970950e-02
7.868500000000000000e+03 5.109207063449495295e-02
7.875500000000000000e+03 5.526973603877605168e-02
7.882500000000000000e+03 5.748419782803174810e-02
7.889500000000000000e+03 5.727061611669709978e-02
7.896500000000000000e+03 5.665089471731720588e-02
7.903500000000000000e+03 5.931381483342969274e-02
7.910500000000000000e+03 5.983171243907414727e-02
7.917500000000000000e+03 5.655452225363949426e-02
7.924500000000000000e+03 5.668861299814458021e-02
7.931500000000000000e+03 5.245168762622668540e-02
7.938500000000000000e+03 5.507534845415943542e-02
7.945500000000000000e+03 5.435609089732121313e-02
7.952500000000000000e+03 5.515682637067795269e-02
7.959500000000000000e+03 5.585439120635703192e-02
7.966500000000000000e+03 5.778517533941063961e-02
7.973500000000000000e+03 5.569272820604068835e-02
7.980500000000000000e+03 5.686828855509424435e-02
7.987500000000000000e+03 5.329343951536942570e-02
7.994500000000000000e+03 5.517178768383319137e-02
8.001500000000000000e+03 5.595630905900580293e-02
8.008500000000000000e+03 5.806084376650414575e-02
8.015500000000000000e+03 5.995352805128746632e-02
8.022500000000000000e+03 5.799595042077735491e-02
8.029500000000000000e+03 5.560450612765964473e-02
8.036500000000000000e+03 5.549923559490856778e-02
8.043500000000000000e+03 5.095425304085261786e-02
8.050500000000000000e+03 5.505446536317189221e-02
8.057500000000000000e+03 5.124648389814602523e-02
8.064500000000000000e+03 5.084033544216419453e-02
8.071500000000000000e+03 4.987929319451062798e-02
8.078500000000000000e+03 4.961113365028616690e-02
8.085500000000000000e+03 5.312248888659433510e-02
8.092500000000000000e+03 5.313692049909048143e-02
8.099500000000000000e+03 5.558308448512494504e-02
8.106500000000000000e+03 5.908867837307837934e-02
8.113500000000000000e+03 6.512980962075433367e-02
8.120500000000000000e+03 7.522651570611814387e-02
8.127500000000000000e+03 8.129404308391487144e-02
8.134500000000000000e+03 8.704669546659381252e-02
8.141500000000000000e+03 9.851155550073466272e-02
8.148500000000000000e+03 1.051256949430171422e-01
8.155500000000000000e+03 1.055380671500601025e-01
8.162500000000000000e+03 1.043192431213142563e-01
8.169500000000000000e+03 1.109246332636072696e-01
8.176500000000000000e+03 1.087057441531640162e-01
8.183500000000000000e+03 1.022455119621179659e-01
8.190500000000000000e+03 9.330799635409288417e-02
8.197500000000000000e+03 8.001173853140794434e-02
8.204500000000000000e+03 9.119597186277407508e-02
8.211500000000000000e+03 1.010104310232719654e-01
8.218500000000000000e+03 1.014759158500997543e-01
8.225500000000000000e+03 7.865506186849137438e-02
8.232500000000000000e+03 7.842392434334076456e-02
8.239500000000000000e+03 9.785901173775952977e-02
8.246500000000000000e+03 9.120099918211378720e-02
8.253500000000000000e+03 7.490811653046731966e-02
8.260500000000000000e+03 7.582351072710212525e-02
8.267500000000000000e+03 8.007689385814480143e-02
8.274500000000000000e+03 7.754559413717697358e-02
8.281500000000000000e+03 7.983990321908089605e-02
8.288500000000000000e+03 8.222407238484059910e-02
8.295500000000000000e+03 7.955627784677202219e-02
8.302500000000000000e+03 7.554853330278035739e-02
8.309500000000000000e+03 7.908396368332848425e-02
8.316500000000000000e+03 7.049411178422503033e-02
8.323500000000000000e+03 6.729856564895421445e-02
8.330500000000000000e+03 7.061599560650981544e-02
8.337500000000000000e+03 6.537208791536422425e-02
8.344500000000000000e+03 6.235994171531181185e-02
8.351500000000000000e+03 6.057528676487194952e-02
8.358500000000000000e+03 5.565090483987505249e-02
8.365500000000000000e+03 5.397054104411523612e-02
8.372500000000000000e+03 5.369278857451190851e-02
8.379500000000000000e+03 5.080424137827320441e-02
8.386500000000000000e+03 4.817549903201440858e-02
8.393500000000000000e+03 4.943166555770041326e-02
8.400500000000000000e+03 4.736754389549552996e-02
8.407500000000000000e+03 4.709774472496507103e-02
8.414500000000000000e+03 4.639634287550870734e-02
8.421500000000000000e+03 4.303315148628970854e-02
8.428500000000000000e+03 4.774552830183163843e-02
8.435500000000000000e+03 4.440550714466158511e-02
8.442500000000000000e+03 4.200637723575250532e-02
8.449500000000000000e+03 4.130461499617501392e-02
8.456500000000000000e+03 3.891453438166730255e-02
8.463500000000000000e+03 3.664095679841919417e-02
8.470500000000000000e+03 4.053892590585111283e-02
8.477500000000000000e+03 4.068249840599055811e-02
8.484500000000000000e+03 4.558811984249611093e-02
8.491500000000000000e+03 4.620201479557304453e-02
8.498500000000000000e+03 4.179729134320618600e-02
8.505500000000000000e+03 3.602333115500343241e-02
8.512500000000000000e+03 3.707342450879447249e-02
8.519500000000000000e+03 4.028803645627501012e-02
8.526500000000000000e+03 4.520069418963329477e-02
8.533500000000000000e+03 4.545602600051923403e-02
8.540500000000000000e+03 3.704857994714025327e-02
8.547500000000000000e+03 2.913835645625826101e-02
8.554500000000000000e+03 3.108848825169847549e-02
8.561500000000000000e+03 3.960921051726947612e-02
8.568500000000000000e+03 4.826345970391882068e-02
8.575500000000000000e+03 4.378282643453295514e-02
8.582500000000000000e+03 3.850694585620226262e-02
8.589500000000000000e+03 3.392637022061367746e-02
8.596500000000000000e+03 3.277419176261506945e-02
8.603500000000000000e+03 2.911887592630492058e-02
8.610500000000000000e+03 3.168287441527382897e-02
8.617500000000000000e+03 3.576736720844925221e-02
8.624500000000000000e+03 4.206980844270470643e-02
8.631500000000000000e+03 4.431736076008518932e-02
8.638500000000000000e+03 4.571225833340828576e-02
8.645500000000000000e+03 4.323451655472949212e-02
8.652500000000000000e+03 3.751200340762814861e-02
8.659500000000000000e+03 3.288069419453416159e-02
8.666500000000000000e+03 2.185186179923591029e-02
8.673500000000000000e+03 2.076682472031518567e-02
8.680500000000000000e+03 2.964153480444645800e-02
8.687500000000000000e+03 4.174036132412155958e-02
8.694500000000000000e+03 4.042637232117828744e-02
8.701500000000000000e+03 4.166153089819436828e-02
8.708500000000000000e+03 3.993263530510786363e-02
8.715500000000000000e+03 4.280413136546387665e-02
8.722500000000000000e+03 4.246370068421090327e-02
8.729500000000000000e+03 4.043334936512859440e-02
8.736500000000000000e+03 3.545050215472800303e-02
8.743500000000000000e+03 2.170691580224134998e-02
8.750500000000000000e+03 1.758368251153940090e-02
8.757500000000000000e+03 2.226619731419067147e-02
8.764500000000000000e+03 3.357040156628257610e-02
8.771500000000000000e+03 3.862252122144464034e-02
8.778500000000000000e+03 3.615048640857852075e-02
8.785500000000000000e+03 3.934842038100431344e-02
8.792500000000000000e+03 3.859895638987925759e-02
8.799500000000000000e+03 4.061492732269278427e-02
8.806500000000000000e+03 3.613614512049903582e-02
8.813500000000000000e+03 3.492855125394447868e-02
8.820500000000000000e+03 3.652313243082041389e-02
8.827500000000000000e+03 3.882708558886883987e-02
8.834500000000000000e+03 3.964761611177926998e-02
8.841500000000000000e+03 3.954151942282480708e-02
8.848500000000000000e+03 3.640714811130157241e-02
8.855500000000000000e+03 3.301431943202678965e-02
8.862500000000000000e+03 2.172773210069485136e-02
8.869500000000000000e+03 1.886935973980184353e-02
8.876500000000000000e+03 2.350150438580025924e-02
8.883500000000000000e+03 3.875994356303635868e-02
8.890500000000000000e+03 4.311136333441498852e-02
8.897500000000000000e+03 4.203755582989047307e-02
8.904500000000000000e+03 4.216845954520220124e-02
8.911500000000000000e+03 4.345084541090035724e-02
8.918500000000000000e+03 4.486465333719519277e-02
8.925500000000000000e+03 4.733720266479241739e-02
8.932500000000000000e+03 5.710520032728636647e-02
8.939500000000000000e+03 6.850167031391529715e-02
8.946500000000000000e+03 7.495534631914664569e-02
8.953500000000000000e+03 8.390994615365277021e-02
8.960500000000000000e+03 9.180440087897245860e-02
8.967500000000000000e+03 9.911090084963682101e-02
8.974500000000000000e+03 1.150618961827932496e-01
8.981500000000000000e+03 1.254795435490033972e-01
8.988500000000000000e+03 1.091292035051990850e-01
8.995500000000000000e+03 1.209805408395928095e-01
9.002500000000000000e+03 1.139097453496562551e-01
9.009500000000000000e+03 9.297827393355982684e-02
9.016500000000000000e+03 8.430845602441987274e-02
9.023500000000000000e+03 7.972970216322430859e-02
9.030500000000000000e+03 8.662108984761007768e-02
9.037500000000000000e+03 8.740304187470172848e-02
9.044500000000000000e+03 8.474945838506645068e-02
9.051500000000000000e+03 8.939949206289191097e-02
9.058500000000000000e+03 9.834323934322451721e-02
9.065500000000000000e+03 9.519500093489728643e-02
9.072500000000000000e+03 9.812808388765827117e-02
9.079500000000000000e+03 1.141618070204756669e-01
9.086500000000000000e+03 1.193372767897050296e-01
9.093500000000000000e+03 1.236791740237672549e-01
9.100500000000000000e+03 1.098120823132406609e-01
9.107500000000000000e+03 1.155110763569754534e-01
9.114500000000000000e+03 1.279815817904752517e-01
9.121500000000000000e+03 1.289307659442864018e-01
9.128500000000000000e+03 1.207777063861159433e-01
9.135500000000000000e+03 1.189453545565423015e-01
9.142500000000000000e+03 1.466502284656086841e-01
9.149500000000000000e+03 1.295678453843115419e-01
9.156500000000000000e+03 1.189351368024564454e-01
9.163500000000000000e+03 1.424767700438419049e-01
9.170500000000000000e+03 1.270484693800202902e-01
9.177500000000000000e+03 1.061725547734958808e-01
9.184500000000000000e+03 1.097047020868919254e-01
9.191500000000000000e+03 9.738622547758407633e-02
9.198500000000000000e+03 8.956927007061490920e-02
9.205500000000000000e+03 8.933889403968164888e-02
9.212500000000000000e+03 8.018449414592068725e-02
9.219500000000000000e+03 6.770643262675342389e-02
9.226500000000000000e+03 6.731550325549726099e-02
9.233500000000000000e+03 6.714759570030492952e-02
9.240500000000000000e+03 7.869222395593697406e-02
9.247500000000000000e+03 9.105309758096322148e-02
9.254500000000000000e+03 9.859616811464326502e-02
9.261500000000000000e+03 1.060743283602822995e-01
9.268500000000000000e+03 1.227681572091117168e-01
9.275500000000000000e+03 1.296231107974378793e-01
9.282500000000000000e+03 1.501184823713952732e-01
9.289500000000000000e+03 1.881298545462329885e-01
9.296500000000000000e+03 2.027568093214683620e-01
9.303500000000000000e+03 2.232235708068550095e-01
9.310500000000000000e+03 2.564177505767494258e-01
9.317500000000000000e+03 2.717800427351604875e-01
9.324500000000000000e+03 3.291239707876604248e-01
9.331500000000000000e+03 3.736790677055494836e-01
9.338500000000000000e+03 3.346817317995108287e-01
9.345500000000000000e+03 3.541984794663403657e-01
9.352500000000000000e+03 3.825463850924776255e-01
9.359500000000000000e+03 3.762286899014110619e-01
9.366500000000000000e+03 3.525171105037515074e-01
9.373500000000000000e+03 3.035007195869086072e-01
9.380500000000000000e+03 2.568170094823270522e-01
9.387500000000000000e+03 2.569479226158312701e-01
9.394500000000000000e+03 2.745955875787974287e-01
9.401500000000000000e+03 2.307172605407181165e-01
9.408500000000000000e+03 2.225912077356608232e-01
9.415500000000000000e+03 2.530541786305489649e-01
9.422500000000000000e+03 2.502881433160945579e-01
9.429500000000000000e+03 2.462738434273780419e-01
9.436500000000000000e+03 2.533768229247934101e-01
9.443500000000000000e+03 2.499471149261019987e-01
9.450500000000000000e+03 2.991451075724312347e-01
9.457500000000000000e+03 2.622793886377533523e-01
9.464500000000000000e+03 2.755763404236286074e-01
9.471500000000000000e+03 2.817920369548643222e-01
9.478500000000000000e+03 2.422586975918284979e-01
9.485500000000000000e+03 2.799929061079053927e-01
9.492500000000000000e+03 2.475913666146978831e-01
9.499500000000000000e+03 1.997730153120029772e-01
9.506500000000000000e+03 2.924742826072832536e-01
9.513500000000000000e+03 2.963402357229736883e-01
9.520500000000000000e+03 2.236166093847447300e-01
9.527500000000000000e+03 2.455909056170970106e-01
9.534500000000000000e+03 2.789217761050791777e-01
9.541500000000000000e+03 2.318585352439130609e-01
9.548500000000000000e+03 2.069872768522408313e-01
9.555500000000000000e+03 2.099610237692053905e-01
9.562500000000000000e+03 2.086327738723763037e-01
9.569500000000000000e+03 2.291441497486809697e-01
9.576500000000000000e+03 2.540889005837705383e-01
9.583500000000000000e+03 2.150717620020397014e-01
9.590500000000000000e+03 1.795831245930188946e-01
9.597500000000000000e+03 2.013661128327604299e-01
9.604500000000000000e+03 2.217625040282890092e-01
9.611500000000000000e+03 2.046238172928944166e-01
9.618500000000000000e+03 1.692574235681699457e-01
9.625500000000000000e+03 1.702339755220594053e-01
9.632500000000000000e+03 1.808511889937100825e-01
9.639500000000000000e+03 1.441985983321186493e-01
9.646500000000000000e+03 1.567767086384671826e-01
9.653500000000000000e+03 1.696848199730507378e-01
9.660500000000000000e+03 1.355658003973852221e-01
9.667500000000000000e+03 1.187306865715961196e-01
9.674500000000000000e+03 1.156282133234030202e-01
9.681500000000000000e+03 9.852155023576025794e-02
9.688500000000000000e+03 9.102528072935528458e-02
9.695500000000000000e+03 8.382549967892231890e-02
9.702500000000000000e+03 7.368006619140088365e-02
9.709500000000000000e+03 8.016775490692124029e-02
9.716500000000000000e+03 8.854232516086485427e-02
9.723500000000000000e+03 9.022561557956393363e-02
9.730500000000000000e+03 9.764001668937952183e-02
9.737500000000000000e+03 9.621410357740871333e-02
9.744500000000000000e+03 1.090343976596059028e-01
9.751500000000000000e+03 1.045848433453201720e-01
9.758500000000000000e+03 9.348798052204769504e-02
9.765500000000000000e+03 1.009631849488666078e-01
9.772500000000000000e+03 1.032294136439961402e-01
9.779500000000000000e+03 9.038739429225660371e-02
9.786500000000000000e+03 8.169983643332046075e-02
9.793500000000000000e+03 7.643080589949272086e-02
9.800500000000000000e+03 7.376542020921669773e-02
9.807500000000000000e+03 7.996299779229254501e-02
9.814500000000000000e+03 7.396997103716630717e-02
9.821500000000000000e+03 5.744526140110445961e-02
9.828500000000000000e+03 5.754419501412606774e-02
9.835500000000000000e+03 6.189675608378927829e-02
9.842500000000000000e+03 5.319817422422969122e-02
9.849500000000000000e+03 4.642647019599656366e-02
9.856500000000000000e+03 4.660042671661175639e-02
9.863500000000000000e+03 4.283551899803765550e-02
9.870500000000000000e+03 4.093742053310438223e-02
9.877500000000000000e+03 3.548296857048611336e-02
9.884500000000000000e+03 3.620092850595710982e-02
9.891500000000000000e+03 3.563136305961363964e-02
9.898500000000000000e+03 3.134028303753200878e-02
9.905500000000000000e+03 3.215288614656937327e-02
9.912500000000000000e+03 3.191343490781695796e-02
9.919500000000000000e+03 3.173569953167742347e-02
9.926500000000000000e+03 3.078751526861778220e-02
9.933500000000000000e+03 3.081624984268220221e-02
9.940500000000000000e+03 3.030157418497247263e-02
9.947500000000000000e+03 2.585797446938796484e-02
9.954500000000000000e+03 2.905680563663950999e-02
9.961500000000000000e+03 2.678642679525346237e-02
9.968500000000000000e+03 2.866941441625899673e-02
9.975500000000000000e+03 2.531159362989382142e-02
9.982500000000000000e+03 2.727526263428473735e-02
9.989500000000000000e+03 2.791609430074732182e-02
9.996500000000000000e+03 2.042065545997790582e-02
