# wavelength angstroms, flux, ext coeff
3.001800000000000182e+03 1.686406549762060891e-02 0.000000000000000000e+00
3.005300000000000182e+03 1.428152140395956213e-02 0.000000000000000000e+00
3.008800000000000182e+03 1.080953758657578234e+01 8.255472046111509421e-01
3.012300000000000182e+03 3.177906947842650354e+01 5.845297676750036420e-01
3.015800000000000182e+03 1.842542357472528453e-02 0.000000000000000000e+00
3.019300000000000182e+03 4.977013761246038004e-02 0.000000000000000000e+00
3.022800000000000182e+03 8.576136258893498621e-01 1.715021481968852068e+00
3.026300000000000182e+03 2.048798649744059830e+01 8.240908639484911813e-01
3.029800000000000182e+03 2.142909563762908576e+01 8.530796222010494922e-01
3.033300000000000182e+03 4.050829325222024546e-02 0.000000000000000000e+00
3.036800000000000182e+03 6.526078903614732640e-01 1.920268050733554777e+00
3.040300000000000182e+03 9.126773594350360952e+00 1.184290032398323422e+00
3.043800000000000182e+03 5.857184383534168705e-04 2.997804030265753816e+00
3.047300000000000182e+03 nan 0.000000000000000000e+00
3.050800000000000182e+03 4.094213667604712725e+00 1.472808093580368016e+00
3.054300000000000182e+03 3.654467177927897659e+00 1.521035942906846294e+00
3.057800000000000182e+03 2.683542739695080837e+00 1.616359064348204200e+00
3.061300000000000182e+03 1.311426134110330111e+01 1.198786235269278855e+00
3.064800000000000182e+03 6.065360190881631357e-03 2.533305830157729588e+00
3.068300000000000182e+03 5.482760657219031941e+00 1.462554971134571558e+00
3.071800000000000182e+03 4.153027065493663628e+00 1.542012209876648221e+00
3.075300000000000182e+03 2.442170871211328791e-03 2.312298122483531060e+00
3.078800000000000182e+03 5.987105999811123160e-03 2.266039368739608761e+00
3.082300000000000182e+03 1.230576800687113379e-02 2.179656816440250999e+00
3.085800000000000182e+03 2.165555469751839546e+00 1.672069236450087315e+00
3.089300000000000182e+03 1.300393275072712296e+00 1.749869153478736727e+00
3.092800000000000182e+03 1.100547986170817083e+01 1.328235677371639500e+00
3.096300000000000182e+03 5.467231943472155464e+00 1.472122689973050180e+00
3.099800000000000182e+03 4.327156581234501559e-02 1.897591226696670352e+00
3.103300000000000182e+03 5.236212681791389822e-02 1.871676586417690302e+00
3.106800000000000182e+03 4.873941198476896552e+00 1.471846694008416945e+00
3.110300000000000182e+03 5.799709120291281217e-02 1.793355661741834695e+00
3.113800000000000182e+03 6.746276898815302403e-02 1.771645719581687262e+00
3.117300000000000182e+03 1.173418490448815549e-01 1.749434856983282049e+00
3.120800000000000182e+03 4.561866869762985777e-02 1.710775598039333545e+00
3.124300000000000182e+03 1.319763552851176591e+01 1.271070431367312015e+00
3.127800000000000182e+03 1.262006159093488344e-01 1.646568261435746638e+00
3.131300000000000182e+03 1.296667555792408955e+01 1.262653436758739645e+00
3.134800000000000182e+03 6.679414116349743358e-01 1.539426042511522041e+00
3.138300000000000182e+03 1.225209850195846784e+01 1.255705044076291799e+00
3.141800000000000182e+03 1.134998969289566872e+01 1.257936509840865247e+00
3.145300000000000182e+03 2.301178966623296795e-01 1.484434256424990606e+00
3.148800000000000182e+03 1.975062511763812756e+00 1.388092650505106995e+00
3.152300000000000182e+03 1.524348175469930844e+01 1.187889389820042885e+00
3.155800000000000182e+03 1.288352603602077195e+01 1.196136052184592291e+00
3.159300000000000182e+03 1.389521034689745527e+01 1.176532578013607555e+00
3.162800000000000182e+03 2.807510509992016345e+00 1.297880466427439705e+00
3.166300000000000182e+03 1.669668397576589136e+00 1.310875118063430600e+00
3.169800000000000182e+03 3.947006926868394050e+00 1.250422713179121681e+00
3.173300000000000182e+03 7.049484028363624866e+00 1.194252106229095833e+00
3.176800000000000182e+03 7.052201305003263920e-01 1.273995678005080734e+00
3.180300000000000182e+03 7.359915561337641243e+00 1.160916458330922829e+00
3.183800000000000182e+03 9.033216160488831692e-01 1.228395810613745143e+00
3.187300000000000182e+03 9.568996073235839228e-01 1.203316931868754214e+00
3.190800000000000182e+03 1.305869752484543689e+01 1.077548702413015036e+00
3.194300000000000182e+03 7.983010205297850215e-01 1.178093990845336725e+00
3.197800000000000182e+03 1.141328637180228478e+00 1.156146859207214384e+00
3.201300000000000182e+03 1.583144695879975083e+00 1.137115022119618457e+00
3.204800000000000182e+03 1.193081444083547771e+00 1.130950963418250188e+00
3.208300000000000182e+03 1.689921497340334255e+01 1.012467842223133907e+00
3.211800000000000182e+03 2.803996511560538085e+00 1.084047906228412517e+00
3.215300000000000182e+03 1.958588189200969332e+00 1.082594771298940328e+00
3.218800000000000182e+03 7.092260113784911724e+00 1.024725251933069181e+00
3.222300000000000182e+03 2.020490351401753149e+00 1.057886735002088630e+00
3.225800000000000182e+03 3.698422184172832416e+00 1.030337532793781374e+00
3.229300000000000182e+03 2.532902077266731222e+00 1.033462982164588650e+00
3.232800000000000182e+03 2.490811786969794550e+00 1.011999964857193124e+00
3.236300000000000182e+03 2.828931120057346149e+00 9.963415912841181443e-01
3.239800000000000182e+03 2.103608458240675105e+01 9.161456116627720858e-01
3.243300000000000182e+03 3.932818969415422750e+00 9.798856760676232236e-01
3.246800000000000182e+03 4.490981559317543059e+00 9.722003365342589687e-01
3.250300000000000182e+03 2.328431808041838380e+01 8.994999093989427541e-01
3.253800000000000182e+03 1.947312731058338287e+01 9.047904692839050522e-01
3.257300000000000182e+03 5.782601488915564580e+00 9.472269584918143748e-01
3.260800000000000182e+03 1.386447171052159888e+01 9.071662656432417648e-01
3.264300000000000182e+03 7.549355879734481078e+00 9.207397196915674265e-01
3.267800000000000182e+03 3.171367363262219286e+01 8.470691983921544432e-01
3.271300000000000182e+03 2.587920169587871655e+01 8.565671745251191016e-01
3.274800000000000182e+03 8.872855566693869989e+00 9.038445790967745141e-01
3.278300000000000182e+03 9.707489415530274002e+00 8.991324615575675416e-01
3.281800000000000182e+03 9.409006146614521171e+00 8.975736123088668972e-01
3.285300000000000182e+03 2.161310104823555633e+01 8.570191697452990143e-01
3.288800000000000182e+03 1.777855923294790585e+01 8.611613341964415858e-01
3.292300000000000182e+03 1.199861582848849118e+01 8.596980513792583656e-01
3.295800000000000182e+03 1.263499889473731130e+01 8.522574662167332615e-01
3.299300000000000182e+03 1.999318684622332043e+01 8.259177819029216439e-01
3.302800000000000182e+03 1.170247228993682498e+01 8.395269137484481226e-01
3.306300000000000182e+03 1.209771363515836384e+01 8.369093003072629600e-01
3.309800000000000182e+03 1.182870491144360336e+01 8.373635753830637185e-01
3.313300000000000182e+03 2.666163884602677570e+01 8.078458227527298696e-01
3.316800000000000182e+03 3.503376422047902849e+01 7.833401754092524927e-01
3.320300000000000182e+03 1.475452623763991333e+01 8.186627090694927888e-01
3.323800000000000182e+03 4.299786537931849040e+01 7.646440379438129709e-01
3.327300000000000182e+03 3.158730135781607373e+01 7.739702963844117267e-01
3.330800000000000182e+03 4.373169326050091854e+01 7.567306549218645317e-01
3.334300000000000182e+03 1.660636580495431502e+01 7.918462514968487298e-01
3.337800000000000182e+03 1.831791394902337444e+01 7.879229330324334368e-01
3.341300000000000182e+03 1.697205443087015553e+01 7.888091464475234238e-01
3.344800000000000182e+03 3.377155196233349699e+01 7.581942411410389493e-01
3.348300000000000182e+03 1.961127725117857068e+01 7.740536558488281260e-01
3.351800000000000182e+03 2.002910834077166058e+01 7.687077802930589732e-01
3.355300000000000182e+03 2.329620074880893554e+01 7.531583125794195643e-01
3.358800000000000182e+03 1.693379554801162001e+01 7.568509703058605709e-01
3.362300000000000182e+03 2.720395268536513100e+01 7.369762802422166192e-01
3.365800000000000182e+03 1.634204325826242155e+01 7.527704404419235384e-01
3.369300000000000182e+03 1.649566876068624310e+01 7.461064004051802812e-01
3.372800000000000182e+03 1.633400959090206328e+01 7.497934821305294317e-01
3.376300000000000182e+03 1.705508281422789096e+01 7.414698069187812823e-01
3.379800000000000182e+03 2.635529786933966534e+01 7.311015705192359659e-01
3.383300000000000182e+03 5.128027544865938125e+01 7.021609404943399690e-01
3.386800000000000182e+03 2.694954733174917294e+01 7.233297439712434995e-01
3.390300000000000182e+03 2.380550182777364654e+01 7.236035767656929796e-01
3.393800000000000182e+03 2.700212739955774310e+01 7.113510138089719215e-01
3.397300000000000182e+03 4.734895260631473946e+01 6.904632669978461035e-01
3.400800000000000182e+03 2.581884697207971513e+01 7.065992846066693200e-01
3.404300000000000182e+03 2.636942710320162675e+01 7.076897190885548250e-01
3.407800000000000182e+03 5.635308583101090107e+01 6.780410682587236781e-01
3.411300000000000182e+03 2.881557293679322740e+01 6.970896643152503236e-01
3.414800000000000182e+03 5.377170993655225573e+01 6.715179464284705135e-01
3.418300000000000182e+03 2.885811863175105785e+01 6.921342155462576473e-01
3.421800000000000182e+03 3.280856087522403186e+01 6.840055839470211563e-01
3.425300000000000182e+03 4.733815323947610665e+01 6.706788023568925894e-01
3.428800000000000182e+03 3.539329173607688261e+01 6.755303377176544721e-01
3.432300000000000182e+03 3.356121807902048459e+01 6.779774574616205252e-01
3.435800000000000182e+03 4.211056018979876114e+01 6.685626999396192538e-01
3.439300000000000182e+03 5.792244931504213667e+01 6.524721976482378283e-01
3.442800000000000182e+03 2.957412234903950576e+01 6.697215508821697805e-01
3.446300000000000182e+03 3.555463991165100879e+01 6.619724467605071494e-01
3.449800000000000182e+03 5.953607379455112891e+01 6.428852254858014037e-01
3.453300000000000182e+03 3.342077998909535097e+01 6.565113493069250072e-01
3.456800000000000182e+03 6.570647592167071593e+01 6.306494395014096144e-01
3.460300000000000182e+03 3.035200756978419179e+01 6.535370994427037727e-01
3.463800000000000182e+03 3.028203499099162954e+01 6.511831477789360445e-01
3.467300000000000182e+03 2.810001532184033479e+01 6.498928461470409035e-01
3.470800000000000182e+03 3.446716967309624380e+01 6.433439567339204190e-01
3.474300000000000182e+03 5.611576584813045798e+01 6.269342254774696865e-01
3.477800000000000182e+03 3.479090313261349365e+01 6.420336163133676388e-01
3.481300000000000182e+03 4.032351642244505285e+01 6.337350615830749101e-01
3.484800000000000182e+03 4.029030026792067076e+01 6.342746316203753398e-01
3.488300000000000182e+03 7.264509412173117653e+01 6.132739957216999382e-01
3.491800000000000182e+03 4.821823255480893522e+01 6.247071782984420230e-01
3.495300000000000182e+03 7.621543909666074512e+01 6.112626331569824822e-01
3.498800000000000182e+03 5.559159844078571666e+01 6.209952826474853804e-01
3.502300000000000182e+03 9.393431482346238681e+01 6.023086337622065578e-01
3.505800000000000182e+03 8.672084016712696553e+01 6.080765558382362768e-01
3.509300000000000182e+03 6.223084843685094825e+01 6.170593381339283257e-01
3.512800000000000182e+03 6.753595215373749738e+01 6.168045171441427499e-01
3.516300000000000182e+03 9.563085668639772052e+01 5.999927851479194274e-01
3.519800000000000182e+03 7.818121301392338296e+01 6.036497556870902281e-01
3.523300000000000182e+03 9.322492376085199339e+01 5.956136100858316906e-01
3.526800000000000182e+03 8.912127577174661042e+01 5.920450023517779270e-01
3.530300000000000182e+03 1.009414139291786938e+02 5.883971019640458211e-01
3.533800000000000182e+03 7.883131742501278438e+01 6.000280834264184460e-01
3.537300000000000182e+03 8.679962923184891110e+01 5.959396306896462825e-01
3.540800000000000182e+03 9.445878184355191820e+01 5.938076178034197294e-01
3.544300000000000182e+03 1.240623247791526467e+02 5.856982482944960156e-01
3.547800000000000182e+03 1.229092792765642344e+02 5.830085726122203882e-01
3.551300000000000182e+03 1.385951498516532467e+02 5.752960893739127446e-01
3.554800000000000182e+03 9.759214909235632263e+01 5.857362356980806428e-01
3.558300000000000182e+03 9.009324360437494761e+01 5.845564794310857959e-01
3.561800000000000182e+03 7.983900785762212138e+01 5.766080409594265266e-01
3.565300000000000182e+03 6.911792610983353313e+01 5.746338741084489055e-01
3.568800000000000182e+03 9.409110444219338376e+01 5.589073077197802553e-01
3.572300000000000182e+03 5.596769200534937738e+01 5.726459179938990784e-01
3.575800000000000182e+03 5.156498170908692913e+01 5.688879279286790380e-01
3.579300000000000182e+03 4.917338654937010745e+01 5.697639415075869129e-01
3.582800000000000182e+03 5.026890725603901444e+01 5.661216573240687167e-01
3.586300000000000182e+03 9.557437401168265012e+01 5.470419139232198802e-01
3.589800000000000182e+03 5.194842158129279142e+01 5.621127156100950151e-01
3.593300000000000182e+03 7.296524398784862342e+01 5.551727694508267197e-01
3.596800000000000182e+03 7.020531352090803523e+01 5.539399172090119228e-01
3.600300000000000182e+03 6.671069948504919012e+01 5.573389555812024998e-01
3.603800000000000182e+03 7.447980363194899667e+01 5.539064960088926348e-01
3.607300000000000182e+03 8.272381033927084104e+01 5.508888291109401703e-01
3.610800000000000182e+03 8.709453043436698749e+01 5.498922492003993634e-01
3.614300000000000182e+03 9.335346397830571163e+01 5.467823382311508551e-01
3.617800000000000182e+03 1.186206540157048011e+02 5.414909886785009840e-01
3.621300000000000182e+03 1.036524667507288200e+02 5.415340540734023822e-01
3.624800000000000182e+03 1.449619780487407184e+02 5.309234510877811619e-01
3.628300000000000182e+03 1.175744498761376349e+02 5.377544160531985140e-01
3.631800000000000182e+03 1.205234201232756561e+02 5.390787910392911275e-01
3.635300000000000182e+03 1.449425626837022492e+02 5.322232568925312490e-01
3.638800000000000182e+03 1.409890469793453747e+02 5.309287590020563830e-01
3.642300000000000182e+03 1.637523117092178495e+02 5.259765038145172156e-01
3.645800000000000182e+03 1.928913472908491258e+02 5.188070697578509582e-01
3.649300000000000182e+03 1.965647493275423869e+02 5.189327169342422552e-01
3.652800000000000182e+03 2.109262344515906022e+02 5.151652012764651456e-01
3.656300000000000182e+03 1.811470876952235471e+02 5.231645808316437440e-01
3.659800000000000182e+03 1.997629746975687510e+02 5.226502060991022880e-01
3.663300000000000182e+03 2.115355265863667569e+02 5.211172617689947550e-01
3.666800000000000182e+03 2.335803119583099772e+02 5.168163831673375785e-01
3.670300000000000182e+03 2.167735162345486799e+02 5.183670230364090248e-01
3.673800000000000182e+03 2.154977502334546386e+02 5.160003702353804789e-01
3.677300000000000182e+03 2.211348396910915142e+02 5.118935429836175555e-01
3.680800000000000182e+03 2.099241560829471211e+02 5.083608388668283684e-01
3.684300000000000182e+03 2.010692501147413793e+02 5.077303604063320153e-01
3.687800000000000182e+03 1.917830745143764091e+02 5.040042572932502685e-01
3.691300000000000182e+03 1.881762487703555848e+02 5.011980607404648014e-01
3.694800000000000182e+03 1.918223422508330032e+02 4.966931627574044938e-01
3.698300000000000182e+03 2.052482926807643366e+02 4.946532877389914207e-01
3.701800000000000182e+03 1.870616285901897413e+02 4.940635935437214243e-01
3.705300000000000182e+03 1.889642622035559896e+02 4.896069422992964104e-01
3.708800000000000182e+03 1.818771969833754270e+02 4.878317428209487105e-01
3.712300000000000182e+03 1.431363670406799713e+02 4.961789628768802918e-01
3.715800000000000182e+03 1.346325442400590191e+02 4.911560625704141647e-01
3.719300000000000182e+03 1.169414020128905776e+02 4.891308750990847609e-01
3.722800000000000182e+03 1.469276928199778638e+02 4.747106353489103925e-01
3.726300000000000182e+03 1.408613238205059019e+02 4.727501299587785200e-01
3.729800000000000182e+03 1.285638874734359263e+02 4.691450062482032668e-01
3.733300000000000182e+03 8.230632684398150900e+01 4.800159482493284169e-01
3.736800000000000182e+03 8.562559651807055161e+01 4.771933879919493804e-01
3.740300000000000182e+03 8.399416321236036254e+01 4.789615495821096247e-01
3.743800000000000182e+03 1.059600478351731709e+02 4.764657528537910025e-01
3.747300000000000182e+03 1.170274940086526811e+02 4.792247870930348985e-01
3.750800000000000182e+03 1.567728251010225335e+02 4.694073010676223512e-01
3.754300000000000182e+03 1.371452303539365687e+02 4.768371604964499744e-01
3.757800000000000182e+03 1.795149679734459767e+02 4.666751980934935595e-01
3.761300000000000182e+03 2.096598169646932490e+02 4.670321269372403883e-01
3.764800000000000182e+03 2.235148891134174676e+02 4.681373673684136039e-01
3.768300000000000182e+03 2.943186224543412095e+02 4.566135614169988255e-01
3.771800000000000182e+03 2.644034099257631851e+02 4.638487395135035829e-01
3.775300000000000182e+03 2.933657453768281016e+02 4.591732584714273702e-01
3.778800000000000182e+03 2.915820055970704630e+02 4.600194209654104305e-01
3.782300000000000182e+03 2.906833491303310666e+02 4.595008477872283836e-01
3.785800000000000182e+03 2.990793975601974353e+02 4.576951896482537863e-01
3.789300000000000182e+03 3.415383953812557820e+02 4.506923358728996964e-01
3.792800000000000182e+03 3.145082880247147159e+02 4.527752625858725843e-01
3.796300000000000182e+03 3.520124647844444894e+02 4.491742249424835465e-01
3.799800000000000182e+03 3.165769894752543223e+02 4.534635388576236381e-01
3.803300000000000182e+03 3.121850421344043411e+02 4.551545798248000096e-01
3.806800000000000182e+03 3.384879777251815653e+02 4.523061549641915202e-01
3.810300000000000182e+03 3.041440901005144042e+02 4.549738333424472869e-01
3.813800000000000182e+03 3.070763937951537628e+02 4.478381104070028873e-01
3.817300000000000182e+03 2.902634629671109110e+02 4.420847285303098895e-01
3.820800000000000182e+03 2.313630865630803157e+02 4.397727387267618693e-01
3.824300000000000182e+03 2.294338829428106692e+02 4.255962993611164813e-01
3.827800000000000182e+03 1.738941677555521039e+02 4.234229619134926570e-01
3.831300000000000182e+03 1.872482575359913994e+02 4.231500747078796310e-01
3.834800000000000182e+03 1.701250522417932700e+02 4.258657279495110526e-01
3.838300000000000182e+03 1.882185685771583223e+02 4.318082024081639769e-01
3.841800000000000182e+03 2.609763939047168719e+02 4.265180528983226749e-01
3.845300000000000182e+03 2.283988689336599407e+02 4.337030520451294890e-01
3.848800000000000182e+03 2.469051167146981811e+02 4.338296852237741863e-01
3.852300000000000182e+03 2.835251558406056915e+02 4.292784452730985523e-01
3.855800000000000182e+03 2.526085561744698680e+02 4.310401279632092852e-01
3.859300000000000182e+03 2.600863425223101331e+02 4.282691200279490351e-01
3.862800000000000182e+03 2.455469176155669402e+02 4.316701247076550341e-01
3.866300000000000182e+03 2.483213509109666575e+02 4.322205223735801627e-01
3.869800000000000182e+03 2.437738805662369543e+02 4.347005838834889224e-01
3.873300000000000182e+03 2.768721062815708933e+02 4.286179135909513049e-01
3.876800000000000182e+03 2.686582975027550901e+02 4.239315628329278218e-01
3.880300000000000182e+03 2.537557099688619076e+02 4.133859514410992420e-01
3.883800000000000182e+03 2.631940611992458230e+02 4.026777533250252561e-01
3.887300000000000182e+03 2.733089968983710492e+02 3.884696334571678400e-01
3.890800000000000182e+03 2.990222158897494751e+02 3.850807549991721590e-01
3.894300000000000182e+03 3.549375831467796729e+02 3.842963437908324398e-01
3.897800000000000182e+03 3.454117872234845663e+02 4.001522263563745963e-01
3.901300000000000182e+03 3.841569487476149334e+02 4.079317689538499714e-01
3.904800000000000182e+03 3.908693778021406047e+02 4.191158822408689866e-01
3.908300000000000182e+03 4.514357578674004685e+02 4.178937729968395520e-01
3.911800000000000182e+03 4.159387183390534233e+02 4.182725319296005662e-01
3.915300000000000182e+03 4.089795961991833337e+02 4.093283101757732578e-01
3.918800000000000182e+03 3.585188235203845579e+02 4.036605136784005010e-01
3.922300000000000182e+03 2.992976526193519931e+02 4.015310674888968312e-01
3.925800000000000182e+03 2.828690940942345833e+02 3.906312776663345421e-01
3.929300000000000182e+03 2.464780692664694186e+02 3.857660554079052617e-01
3.932800000000000182e+03 2.425831808272517662e+02 3.861876675902745637e-01
3.936300000000000182e+03 2.638712238278517361e+02 3.909087907711863985e-01
3.939800000000000182e+03 3.653876509513822839e+02 3.926904850962127935e-01
3.943300000000000182e+03 3.881051297145782542e+02 3.984828090572903325e-01
3.946800000000000182e+03 4.128521316581114320e+02 4.006810943491217469e-01
3.950300000000000182e+03 3.979540202930714941e+02 4.074571573743422381e-01
3.953800000000000182e+03 3.947036925639526430e+02 4.032615004868165265e-01
3.957300000000000182e+03 3.953325584098716377e+02 3.919264283303385277e-01
3.960800000000000182e+03 3.574906058442772974e+02 3.825027593204345377e-01
3.964300000000000182e+03 3.667605690230089976e+02 3.641054662800519703e-01
3.967800000000000182e+03 3.658175190518600743e+02 3.535220884160744648e-01
3.971300000000000182e+03 4.570859554930800641e+02 3.467554132317058335e-01
3.974800000000000182e+03 4.845004329342915526e+02 3.555415769259123726e-01
3.978300000000000182e+03 5.597655209700012620e+02 3.681272705127515144e-01
3.981800000000000182e+03 6.600824047722516070e+02 3.768932527041922165e-01
3.985300000000000182e+03 7.584649807883496351e+02 3.829699930660731000e-01
3.988800000000000182e+03 8.423225007158071094e+02 3.826192059787098532e-01
3.992300000000000182e+03 9.017825152945849823e+02 3.842886738690953208e-01
3.995800000000000182e+03 9.823349440094613101e+02 3.796643127066364198e-01
3.999300000000000182e+03 1.016603529783209751e+03 3.755717545138982927e-01
4.002800000000000182e+03 1.093158536432487608e+03 3.730316178560338924e-01
4.006300000000000182e+03 1.098413196664744419e+03 3.716302649030172600e-01
4.009800000000000182e+03 1.140912076943951433e+03 3.702194743044324166e-01
4.013300000000000182e+03 1.107006207969680190e+03 3.707350334966250660e-01
4.016800000000000182e+03 1.073187804712978505e+03 3.673580185458987790e-01
4.020300000000000182e+03 1.011609799822200898e+03 3.656145886261946698e-01
4.023800000000000182e+03 9.634103217565332216e+02 3.636077946490990920e-01
4.027300000000000182e+03 9.637482737551215450e+02 3.637844560275352301e-01
4.030800000000000182e+03 9.524315461789334449e+02 3.627457144051337012e-01
4.034300000000000182e+03 9.265575525888577886e+02 3.604874043435543629e-01
4.037800000000000182e+03 9.697663188658076479e+02 3.579087729425312614e-01
4.041300000000000182e+03 1.003337186007218406e+03 3.598542000838412247e-01
4.044800000000000182e+03 1.030381022944450251e+03 3.588504442317060339e-01
4.048300000000000182e+03 1.049667250039137343e+03 3.560910942069581697e-01
4.051800000000000182e+03 1.087935246212656693e+03 3.558962706824658762e-01
4.055300000000000182e+03 1.139453415910627200e+03 3.541448649288670425e-01
4.058800000000000182e+03 1.056706890788376313e+03 3.531289752920329095e-01
4.062300000000000182e+03 1.022394915194384566e+03 3.532365264864912868e-01
4.065800000000000182e+03 1.040922282130377653e+03 3.519323668501678215e-01
4.069300000000000182e+03 1.057550494146856636e+03 3.522136792557510332e-01
4.072800000000000182e+03 1.153298693505488700e+03 3.487407039801307951e-01
4.076300000000000182e+03 1.180334720236585326e+03 3.495874739129249398e-01
4.079800000000000182e+03 1.290351395059872857e+03 3.461777635276918064e-01
4.083300000000000182e+03 1.362106121237091202e+03 3.442924229948191028e-01
4.086800000000000182e+03 1.460252944964799326e+03 3.447440669064326668e-01
4.090300000000000182e+03 1.503858542412783436e+03 3.456432912134539959e-01
4.093800000000000182e+03 1.473496102747003533e+03 3.447286824635620306e-01
4.097300000000000182e+03 1.466373009601594049e+03 3.386716416025070675e-01
4.100800000000000182e+03 1.467872638845592746e+03 3.323206715499232300e-01
4.104300000000000182e+03 1.364954367519531161e+03 3.281950129011665385e-01
4.107800000000000182e+03 1.319931948128292333e+03 3.219322581410668516e-01
4.111300000000000182e+03 1.283565394848816823e+03 3.201103054376140400e-01
4.114800000000000182e+03 1.308994913990649820e+03 3.226478627970419399e-01
4.118300000000000182e+03 1.304952075798293890e+03 3.274640579392645301e-01
4.121800000000000182e+03 1.329593078829894466e+03 3.333823599634413437e-01
4.125300000000000182e+03 1.373198535483681553e+03 3.387525930869783042e-01
4.128800000000000182e+03 1.386318541762014092e+03 3.382649119658375780e-01
4.132300000000000182e+03 1.434858183633650015e+03 3.358388023189584626e-01
4.135800000000000182e+03 1.469107549666481418e+03 3.313122643487079744e-01
4.139300000000000182e+03 1.420431960481382475e+03 3.296236823369337321e-01
4.142800000000000182e+03 1.422070121619385418e+03 3.300131313299003999e-01
4.146300000000000182e+03 1.430681347200878918e+03 3.244433050634418225e-01
4.149800000000000182e+03 1.395619298425337774e+03 3.255595554994224483e-01
4.153300000000000182e+03 1.449864312842720437e+03 3.242768214663717119e-01
4.156800000000000182e+03 1.455780509971700212e+03 3.238680881674528278e-01
4.160300000000000182e+03 1.480163199258075792e+03 3.216039947603350213e-01
4.163800000000000182e+03 1.480215433092444982e+03 3.218840110575115210e-01
4.167300000000000182e+03 1.538717493141040677e+03 3.203216421986322393e-01
4.170800000000000182e+03 1.544200932036097811e+03 3.186196716902782167e-01
4.174300000000000182e+03 1.527899544536384610e+03 3.171558002190578152e-01
4.177800000000000182e+03 1.567918832948140562e+03 3.172531608529584046e-01
4.181300000000000182e+03 1.555490292899002270e+03 3.160666916700108908e-01
4.184800000000000182e+03 1.606134186285099531e+03 3.134580427604791164e-01
4.188300000000000182e+03 1.490380229114647818e+03 3.158824162357281584e-01
4.191800000000000182e+03 1.455091870179480338e+03 3.116573727032082575e-01
4.195300000000000182e+03 1.402526329496634162e+03 3.131578755024230221e-01
4.198800000000000182e+03 1.285878889826993600e+03 3.122277204229422787e-01
4.202300000000000182e+03 1.191684405520180235e+03 3.095283237709600677e-01
4.205800000000000182e+03 1.114806269916662131e+03 3.097516079483254581e-01
4.209300000000000182e+03 1.052644151064360130e+03 3.087482318059559527e-01
4.212800000000000182e+03 9.407327092604765539e+02 3.050031584652571626e-01
4.216300000000000182e+03 7.769636189562950221e+02 3.076697966995158295e-01
4.219800000000000182e+03 6.705777503378593565e+02 3.049198090347948198e-01
4.223300000000000182e+03 5.736725236709614819e+02 3.046366327383270289e-01
4.226800000000000182e+03 5.868503186763515487e+02 3.011455637261719054e-01
4.230300000000000182e+03 5.061223906142736837e+02 3.014103264247164349e-01
4.233800000000000182e+03 5.690025652722019913e+02 3.018855326114319171e-01
4.237300000000000182e+03 6.570143818143964154e+02 3.002787457991236697e-01
4.240800000000000182e+03 7.177481412633552509e+02 2.995664143277503855e-01
4.244300000000000182e+03 8.495615352015768167e+02 3.001254738991886439e-01
4.247800000000000182e+03 9.701905810139182904e+02 2.971143636065438076e-01
4.251300000000000182e+03 1.081972933630883972e+03 2.993689358379827969e-01
4.254800000000000182e+03 1.196635261878165238e+03 2.964409569104242692e-01
4.258300000000000182e+03 1.239233719865563899e+03 2.966736870249010449e-01
4.261800000000000182e+03 1.355217865147794100e+03 2.939559571478182476e-01
4.265300000000000182e+03 1.363222856447362346e+03 2.924964616751786761e-01
4.268800000000000182e+03 1.446181515509467545e+03 2.930159783204764889e-01
4.272300000000000182e+03 1.481399206619242022e+03 2.897358763883594035e-01
4.275800000000000182e+03 1.456663602696058433e+03 2.901614759117219777e-01
4.279300000000000182e+03 1.487340266359029556e+03 2.902092869553848931e-01
4.282800000000000182e+03 1.517027691168895444e+03 2.904634267009564286e-01
4.286300000000000182e+03 1.475878065024453008e+03 2.911577837855153228e-01
4.289800000000000182e+03 1.522825815288329068e+03 2.889051145601245207e-01
4.293300000000000182e+03 1.545542377389173453e+03 2.871903746394374735e-01
4.296800000000000182e+03 1.532297779525048099e+03 2.874728891137568465e-01
4.300300000000000182e+03 1.575583688826837488e+03 2.873550176488652297e-01
4.303800000000000182e+03 1.610482466535579306e+03 2.852135964315168359e-01
4.307300000000000182e+03 1.663310901707385938e+03 2.851547332788135214e-01
4.310800000000000182e+03 1.771999241313005768e+03 2.850331211264330866e-01
4.314300000000000182e+03 1.882633256844137577e+03 2.845634798532100662e-01
4.317800000000000182e+03 2.066509958956392438e+03 2.826597478341070224e-01
4.321300000000000182e+03 2.193980475650366316e+03 2.810003890950402150e-01
4.324800000000000182e+03 2.339406599116925463e+03 2.766823162832923177e-01
4.328300000000000182e+03 2.480527330113794505e+03 2.777460828539240478e-01
4.331800000000000182e+03 2.564627940297564237e+03 2.777902183175317563e-01
4.335300000000000182e+03 2.671890144372699979e+03 2.749191815607594513e-01
4.338800000000000182e+03 2.777573407559935731e+03 2.720494024995629978e-01
4.342300000000000182e+03 2.800377529017313464e+03 2.683148200609595246e-01
4.345800000000000182e+03 2.956019909807144359e+03 2.624157696947638230e-01
4.349300000000000182e+03 3.033585931300075572e+03 2.586258354398449644e-01
4.352800000000000182e+03 3.028078398450241366e+03 2.583248412713324837e-01
4.356300000000000182e+03 3.061574041834505351e+03 2.645640856467538771e-01
4.359800000000000182e+03 3.136497520734189493e+03 2.666081953306680963e-01
4.363300000000000182e+03 3.061075071915678564e+03 2.746743521717903147e-01
4.366800000000000182e+03 3.091354476720566709e+03 2.776449143823460086e-01
4.370300000000000182e+03 3.145898497957833570e+03 2.768431952422837350e-01
4.373800000000000182e+03 3.045297083551667129e+03 2.731493464634058288e-01
4.377300000000000182e+03 3.060146543972393829e+03 2.677126831759826797e-01
4.380800000000000182e+03 2.963563047165677744e+03 2.681850927451455702e-01
4.384300000000000182e+03 2.900638263867831029e+03 2.644276217394408435e-01
4.387800000000000182e+03 2.771648182203926353e+03 2.623409509713056642e-01
4.391300000000000182e+03 2.743611097744107610e+03 2.647014946210640152e-01
4.394800000000000182e+03 2.753457811061074608e+03 2.625169173981181658e-01
4.398300000000000182e+03 2.749558162358284790e+03 2.626828178861508878e-01
4.401800000000000182e+03 2.771568114011628950e+03 2.627338351935975536e-01
4.405300000000000182e+03 2.748312462440319450e+03 2.615207680275138391e-01
4.408800000000000182e+03 2.823283798822414155e+03 2.605089226337921060e-01
4.412300000000000182e+03 2.833557466084289445e+03 2.615551188465215504e-01
4.415800000000000182e+03 2.803847348240453812e+03 2.595006036681934969e-01
4.419300000000000182e+03 2.750139397717952306e+03 2.587833071718477207e-01
4.422800000000000182e+03 2.762254739428971789e+03 2.588571919827282741e-01
4.426300000000000182e+03 2.785564697391133905e+03 2.584474026979006189e-01
4.429800000000000182e+03 2.734825494744132811e+03 2.573531068403117628e-01
4.433300000000000182e+03 2.800903080419161142e+03 2.571065052502056747e-01
4.436800000000000182e+03 2.932695112948171754e+03 2.536608695261024504e-01
4.440300000000000182e+03 2.882302425900665639e+03 2.576630539570473055e-01
4.443800000000000182e+03 2.989272808543874362e+03 2.561412728410843442e-01
4.447300000000000182e+03 3.058332520068296162e+03 2.544592041357685575e-01
4.450800000000000182e+03 3.158873350129247228e+03 2.541045936574445330e-01
4.454300000000000182e+03 3.239323594666517693e+03 2.516449265749911568e-01
4.457800000000000182e+03 3.324225634668169278e+03 2.504004545144169480e-01
4.461300000000000182e+03 3.397215848263607768e+03 2.505710389135406557e-01
4.464800000000000182e+03 3.534744205981779032e+03 2.503890908026961681e-01
4.468300000000000182e+03 3.539748917643100413e+03 2.518167288867811382e-01
4.471800000000000182e+03 3.570878899355922840e+03 2.516469442543879387e-01
4.475300000000000182e+03 3.691546390969772801e+03 2.496705414796912825e-01
4.478800000000000182e+03 3.735378777670768613e+03 2.456999122525707624e-01
4.482300000000000182e+03 3.796409932743998525e+03 2.475125828294376662e-01
4.485800000000000182e+03 3.935128236159799599e+03 2.455196653544384211e-01
4.489300000000000182e+03 3.923967224251154676e+03 2.450883192055685056e-01
4.492800000000000182e+03 4.038951814069574539e+03 2.460984664908471564e-01
4.496300000000000182e+03 4.039246714356514985e+03 2.451250136114373479e-01
4.499800000000000182e+03 4.263613849367864532e+03 2.446339342233049829e-01
4.503300000000000182e+03 4.292216260914030499e+03 2.449584196747160159e-01
4.506800000000000182e+03 4.404841611547916727e+03 2.444347930740494446e-01
4.510300000000000182e+03 4.365002864556958230e+03 2.448825178377559142e-01
4.513800000000000182e+03 4.272352189747149168e+03 2.431418953803726468e-01
4.517300000000000182e+03 4.260644361393681720e+03 2.413063477769784027e-01
4.520800000000000182e+03 4.086053873020032825e+03 2.393751290396069764e-01
4.524300000000000182e+03 3.933818436262979048e+03 2.403159332036893248e-01
4.527800000000000182e+03 3.901506808013168211e+03 2.366541475600947297e-01
4.531300000000000182e+03 3.829469684766454066e+03 2.377736160912906904e-01
4.534800000000000182e+03 3.843150681954631636e+03 2.383860370494886860e-01
4.538300000000000182e+03 3.908782031635000294e+03 2.378548990253043782e-01
4.541800000000000182e+03 3.937085080161848964e+03 2.363252816772851150e-01
4.545300000000000182e+03 4.076227884567495494e+03 2.379470850207215937e-01
4.548800000000000182e+03 4.231731126496169964e+03 2.357221138485277590e-01
4.552300000000000182e+03 4.269299524709182151e+03 2.337598782581951917e-01
4.555800000000000182e+03 4.438170145340619456e+03 2.358249547455372186e-01
4.559300000000000182e+03 4.625834664181812514e+03 2.338609884472221678e-01
4.562800000000000182e+03 4.699267804720200729e+03 2.332424436895529918e-01
4.566300000000000182e+03 4.828247304903535223e+03 2.335796317748194961e-01
4.569800000000000182e+03 4.812377400210653832e+03 2.345222590686836250e-01
4.573300000000000182e+03 4.824792539633295746e+03 2.316227068899330277e-01
4.576800000000000182e+03 4.713318278407462458e+03 2.321602210536906075e-01
4.580300000000000182e+03 4.615782705333349440e+03 2.303444584645801541e-01
4.583800000000000182e+03 4.493535785914538792e+03 2.315864620777642047e-01
4.587300000000000182e+03 4.307090893690056873e+03 2.290538781864149276e-01
4.590800000000000182e+03 4.276143469630190339e+03 2.274286205292961605e-01
4.594300000000000182e+03 4.358620881308485878e+03 2.279795118788842390e-01
4.597800000000000182e+03 4.454501953881017471e+03 2.258588574960684048e-01
4.601300000000000182e+03 4.547754263961834113e+03 2.264340822181800383e-01
4.604800000000000182e+03 4.611852537992477664e+03 2.254622579820761974e-01
4.608300000000000182e+03 4.719412027016741376e+03 2.262952359200877395e-01
4.611800000000000182e+03 4.710111076813352156e+03 2.267947876228650350e-01
4.615300000000000182e+03 4.731101079422466682e+03 2.230858196541042893e-01
4.618800000000000182e+03 4.556731570454121538e+03 2.254639826737409036e-01
4.622300000000000182e+03 4.569780345777914590e+03 2.226468298704159243e-01
4.625800000000000182e+03 4.509667354046427135e+03 2.245691364488487385e-01
4.629300000000000182e+03 4.471502932052933829e+03 2.212104011245862589e-01
4.632800000000000182e+03 4.460167313146322158e+03 2.186190847720403119e-01
4.636300000000000182e+03 4.415746198433096652e+03 2.192413562267596927e-01
4.639800000000000182e+03 4.405313915556324901e+03 2.194287665494112638e-01
4.643300000000000182e+03 4.346607944690080330e+03 2.204462372684445337e-01
4.646800000000000182e+03 4.320153498056498393e+03 2.200938214607167376e-01
4.650300000000000182e+03 4.461843471809220318e+03 2.178075008220109743e-01
4.653800000000000182e+03 4.441030583093432142e+03 2.179921903795592475e-01
4.657300000000000182e+03 4.647030048793696551e+03 2.159058388798119066e-01
4.660800000000000182e+03 4.579195900115163568e+03 2.178981845526998251e-01
4.664300000000000182e+03 4.705956544077783292e+03 2.142135580030675168e-01
4.667800000000000182e+03 4.709028875735828478e+03 2.159649631747385390e-01
4.671300000000000182e+03 4.787724758713115989e+03 2.141284111926334277e-01
4.674800000000000182e+03 4.798622166807391295e+03 2.143723978993261059e-01
4.678300000000000182e+03 4.776767993232612753e+03 2.155628924987819661e-01
4.681800000000000182e+03 4.775831300607669618e+03 2.155125222027412246e-01
4.685300000000000182e+03 4.739238908360641290e+03 2.133819627038942568e-01
4.688800000000000182e+03 4.701001134716603701e+03 2.132263961235630889e-01
4.692300000000000182e+03 4.725684784130316984e+03 2.141727310675579088e-01
4.695800000000000182e+03 4.844929829920614793e+03 2.134249156305599304e-01
4.699300000000000182e+03 4.770822688032503720e+03 2.102934042888289223e-01
4.702800000000000182e+03 4.815600580398750935e+03 2.085489130187297702e-01
4.706300000000000182e+03 4.794404267248021824e+03 2.087202224180461363e-01
4.709800000000000182e+03 4.705272194178280188e+03 2.096523319073527736e-01
4.713300000000000182e+03 4.741093561545219018e+03 2.074841483357277028e-01
4.716800000000000182e+03 4.616599393811417940e+03 2.091110816682744677e-01
4.720300000000000182e+03 4.608983772816475721e+03 2.093494326987615228e-01
4.723800000000000182e+03 4.581076386437338442e+03 2.095590583218468195e-01
4.727300000000000182e+03 4.611020734896917020e+03 2.078685611582933301e-01
4.730800000000000182e+03 4.674480342651767387e+03 2.062223645532503535e-01
4.734300000000000182e+03 4.638672900743515129e+03 2.047710064964916032e-01
4.737800000000000182e+03 4.608403064777278814e+03 2.066243216337974309e-01
4.741300000000000182e+03 4.583473417463708756e+03 2.077012366697540413e-01
4.744800000000000182e+03 4.548734650003828392e+03 2.070099519746966543e-01
4.748300000000000182e+03 4.448752039900900854e+03 2.058570442819113444e-01
4.751800000000000182e+03 4.450828126050033461e+03 2.050660061368514697e-01
4.755300000000000182e+03 4.208618042961390529e+03 2.041748198008066228e-01
4.758800000000000182e+03 3.987188788289948661e+03 2.044214271331736554e-01
4.762300000000000182e+03 3.746282379385696913e+03 2.039137710779195534e-01
4.765800000000000182e+03 3.481751992986721689e+03 2.035134197879304163e-01
4.769300000000000182e+03 3.335935374127984687e+03 2.022424572681027211e-01
4.772800000000000182e+03 3.285815443792303086e+03 2.037455099721592888e-01
4.776300000000000182e+03 3.429879391041349663e+03 2.006023185366775652e-01
4.779800000000000182e+03 3.474784322507859542e+03 2.014008267746831837e-01
4.783300000000000182e+03 3.533010998502739312e+03 2.021455787232631085e-01
4.786800000000000182e+03 3.660564121465620701e+03 2.004479842880756146e-01
4.790300000000000182e+03 3.758628164799431033e+03 2.014995891898885838e-01
4.793800000000000182e+03 3.832064391579410312e+03 2.009993690000639321e-01
4.797300000000000182e+03 3.857731937299850415e+03 1.996828828756479213e-01
4.800800000000000182e+03 3.869469671104812733e+03 1.986855121716177286e-01
4.804300000000000182e+03 3.948307319622721479e+03 2.005781057702259729e-01
4.807800000000000182e+03 3.995519589327608173e+03 1.996149940899543118e-01
4.811300000000000182e+03 4.027641493724247994e+03 1.991613272679507995e-01
4.814800000000000182e+03 4.112612519444354803e+03 1.994955776513895884e-01
4.818300000000000182e+03 4.198009733579658132e+03 1.996375713224597115e-01
4.821800000000000182e+03 4.268747133015413965e+03 1.990909496954107738e-01
4.825300000000000182e+03 4.362419492872672890e+03 1.991457914383708838e-01
4.828800000000000182e+03 4.466657240396531051e+03 1.988126871560249309e-01
4.832300000000000182e+03 4.449212565183082006e+03 2.012809882220708557e-01
4.835800000000000182e+03 4.581899301557275976e+03 1.963939540498600700e-01
4.839300000000000182e+03 4.605177394737156646e+03 1.981816763959386996e-01
4.842800000000000182e+03 4.806787069413941936e+03 1.947831842306510242e-01
4.846300000000000182e+03 4.862078783301411931e+03 1.937969030731582498e-01
4.849800000000000182e+03 4.945229032068452398e+03 1.934834546159152902e-01
4.853300000000000182e+03 4.972350695326164896e+03 1.932921376663953583e-01
4.856800000000000182e+03 5.176748982898875511e+03 1.912746245485461016e-01
4.860300000000000182e+03 5.219164932657356076e+03 1.892738763136438129e-01
4.863800000000000182e+03 5.265874724706630332e+03 1.823537151040784399e-01
4.867300000000000182e+03 5.427362190292637024e+03 1.778882779435216333e-01
4.870800000000000182e+03 5.466398589011962031e+03 1.793207317568918657e-01
4.874300000000000182e+03 5.540871554446707705e+03 1.818891169730577628e-01
4.877800000000000182e+03 5.639976645388767793e+03 1.851039517536617884e-01
4.881300000000000182e+03 5.658701850184122122e+03 1.909444946330421944e-01
4.884800000000000182e+03 5.678964507902651349e+03 1.933917807072689232e-01
4.888300000000000182e+03 5.714005167721307771e+03 1.967929513675421294e-01
4.891800000000000182e+03 5.783942064771511468e+03 1.953750501211624357e-01
4.895300000000000182e+03 5.901446097464501690e+03 1.909588958979578366e-01
4.898800000000000182e+03 5.982813870822570607e+03 1.899710131950955450e-01
4.902300000000000182e+03 6.081425564123671393e+03 1.882830437024563264e-01
4.905800000000000182e+03 6.123540219466169219e+03 1.873989559721810083e-01
4.909300000000000182e+03 6.161156664301395722e+03 1.874016590027988982e-01
4.912800000000000182e+03 6.178712802017241302e+03 1.864835888138286213e-01
4.916300000000000182e+03 6.140887828481426368e+03 1.877976986311789831e-01
4.919800000000000182e+03 6.281906629104610147e+03 1.834510273016641269e-01
4.923300000000000182e+03 6.115309151181770176e+03 1.868574386727173409e-01
4.926800000000000182e+03 6.180438202571609509e+03 1.851729022185386597e-01
4.930300000000000182e+03 6.109870558761629582e+03 1.842836080474511140e-01
4.933800000000000182e+03 5.925508129910741445e+03 1.852322698622887731e-01
4.937300000000000182e+03 5.745745424046378503e+03 1.839573373696944958e-01
4.940800000000000182e+03 5.527685593294229875e+03 1.852827901570250346e-01
4.944300000000000182e+03 5.304493595340794855e+03 1.832642874748720563e-01
4.947800000000000182e+03 5.189055528780459099e+03 1.835760969240295137e-01
4.951300000000000182e+03 4.951810967353075284e+03 1.831347788679251187e-01
4.954800000000000182e+03 4.796025242034444091e+03 1.830620251730797066e-01
4.958300000000000182e+03 4.537123737015655934e+03 1.841038368918987422e-01
4.961800000000000182e+03 4.338273121237853047e+03 1.846904551590262122e-01
4.965300000000000182e+03 4.226193025917674277e+03 1.810205481521600934e-01
4.968800000000000182e+03 4.024864484746888593e+03 1.833560307935094003e-01
4.972300000000000182e+03 4.012304808558690183e+03 1.832511681705575879e-01
4.975800000000000182e+03 4.020905843814548916e+03 1.812904212305527507e-01
4.979300000000000182e+03 3.947630481494022206e+03 1.828596896911445502e-01
4.982800000000000182e+03 4.079047615253990443e+03 1.828131778102804195e-01
4.986300000000000182e+03 4.140012953612536876e+03 1.830687381395743052e-01
4.989800000000000182e+03 4.167432940203561884e+03 1.792293934635862396e-01
4.993300000000000182e+03 4.118823620423917419e+03 1.829867206808344360e-01
4.996800000000000182e+03 4.038589324059102182e+03 1.809199779437055122e-01
5.000300000000000182e+03 3.984799033133932880e+03 1.805676462714258801e-01
5.003800000000000182e+03 3.826205920213498757e+03 1.800473733302044854e-01
5.007300000000000182e+03 3.784144307207936436e+03 1.799966354758761045e-01
5.010800000000000182e+03 3.774036594712811166e+03 1.795267947592721069e-01
5.014300000000000182e+03 3.813685934918015846e+03 1.800941872880048034e-01
5.017800000000000182e+03 3.924962755087150526e+03 1.784183282297897022e-01
5.021300000000000182e+03 4.042653786435660095e+03 1.794665282969551134e-01
5.024800000000000182e+03 4.182776006762113866e+03 1.783274203564121363e-01
5.028300000000000182e+03 4.155058265062157261e+03 1.819174812650766748e-01
5.031800000000000182e+03 4.213632356138972682e+03 1.836935417077751598e-01
5.035300000000000182e+03 4.351988523256238295e+03 1.821556111666738642e-01
5.038800000000000182e+03 4.251867920626524210e+03 1.803690818519934902e-01
5.042300000000000182e+03 4.244757206082115772e+03 1.803856716989413189e-01
5.045800000000000182e+03 4.299110297502455978e+03 1.773940142509886075e-01
5.049300000000000182e+03 4.225801474511024026e+03 1.789971452110692696e-01
5.052800000000000182e+03 4.294401639122459528e+03 1.755789471436149107e-01
5.056300000000000182e+03 4.220188352461064824e+03 1.751598779062277789e-01
5.059800000000000182e+03 4.200295618226179613e+03 1.777679956024250107e-01
5.063300000000000182e+03 4.210702556988198012e+03 1.770481854235163299e-01
5.066800000000000182e+03 4.259235093103729014e+03 1.763038141360341871e-01
5.070300000000000182e+03 4.226565589675430601e+03 1.773171069343065787e-01
5.073800000000000182e+03 4.267915005842539358e+03 1.778426228067147563e-01
5.077300000000000182e+03 4.239651946626877361e+03 1.747598541299091313e-01
5.080800000000000182e+03 4.284774710624146792e+03 1.752298048335708958e-01
5.084300000000000182e+03 4.257562448071941617e+03 1.776331965197752161e-01
5.087800000000000182e+03 4.303377409172970147e+03 1.730584435947170041e-01
5.091300000000000182e+03 4.359855597047559058e+03 1.734596147325727644e-01
5.094800000000000182e+03 4.369439182526447439e+03 1.728181080317743312e-01
5.098300000000000182e+03 4.394283897054116096e+03 1.732649066543195115e-01
5.101800000000000182e+03 4.454600487528091435e+03 1.714991032599342824e-01
5.105300000000000182e+03 4.578964483283754817e+03 1.721533429919404334e-01
5.108800000000000182e+03 4.502663862130921189e+03 1.729283507509692119e-01
5.112300000000000182e+03 4.582753862120404847e+03 1.723381563406316264e-01
5.115800000000000182e+03 4.527577434483885554e+03 1.719482783368476708e-01
5.119300000000000182e+03 4.538516041149618104e+03 1.692710567675222433e-01
5.122800000000000182e+03 4.476967681964858457e+03 1.690318744814602314e-01
5.126300000000000182e+03 4.429727102688607374e+03 1.698323294483015666e-01
5.129800000000000182e+03 4.434449893332989632e+03 1.710801308579132651e-01
5.133300000000000182e+03 4.384948201942494052e+03 1.695915742635936974e-01
5.136800000000000182e+03 4.486512992432870305e+03 1.671559736615186587e-01
5.140300000000000182e+03 4.329811939699389768e+03 1.677722041630596850e-01
5.143800000000000182e+03 4.348121664588773456e+03 1.702841468672745828e-01
5.147300000000000182e+03 4.236122133725273670e+03 1.678323529755336441e-01
5.150800000000000182e+03 4.145202780834719306e+03 1.687563509034450682e-01
5.154300000000000182e+03 4.095614545939498839e+03 1.673571758477322424e-01
5.157800000000000182e+03 3.901140294540755804e+03 1.673378059780890048e-01
5.161300000000000182e+03 3.757622608155357284e+03 1.696600475513078410e-01
5.164800000000000182e+03 3.661134843448889114e+03 1.665830237454097584e-01
5.168300000000000182e+03 3.674088696468568287e+03 1.646362224017709486e-01
5.171800000000000182e+03 3.535373544145105825e+03 1.677065993301775360e-01
5.175300000000000182e+03 3.680541134404671993e+03 1.671024438459990102e-01
5.178800000000000182e+03 3.702936350925451279e+03 1.664510674617980801e-01
5.182300000000000182e+03 3.819980959358357268e+03 1.655817389087404501e-01
5.185800000000000182e+03 3.881926509709197944e+03 1.656661262911767740e-01
5.189300000000000182e+03 4.106833041530835544e+03 1.662444671436111576e-01
5.192800000000000182e+03 4.250879223038478813e+03 1.649525369680389930e-01
5.196300000000000182e+03 4.251493303610734074e+03 1.655703318160762494e-01
5.199800000000000182e+03 4.385548866299979636e+03 1.634060684721080625e-01
5.203300000000000182e+03 4.431257974133797688e+03 1.653575793604228350e-01
5.206800000000000182e+03 4.606928871880088082e+03 1.654273930633814726e-01
5.210300000000000182e+03 4.864540098592388858e+03 1.659778758372037755e-01
5.213800000000000182e+03 5.221384427826912543e+03 1.634320083502963095e-01
5.217300000000000182e+03 5.692061782420140844e+03 1.646928677320588785e-01
5.220800000000000182e+03 6.106604961683415240e+03 1.668141373553396201e-01
5.224300000000000182e+03 6.652969378367736681e+03 1.641607831948429796e-01
5.227800000000000182e+03 7.116500348167739503e+03 1.639998932558281441e-01
5.231300000000000182e+03 7.432042458892233299e+03 1.646193987141212067e-01
5.234800000000000182e+03 7.605178271346634574e+03 1.648503449749730565e-01
5.238300000000000182e+03 7.804869814263132866e+03 1.651357237428574543e-01
5.241800000000000182e+03 8.007378447614862125e+03 1.639121384556087302e-01
5.245300000000000182e+03 7.965647939005357330e+03 1.643700304144543045e-01
5.248800000000000182e+03 8.014557277519321360e+03 1.655539709816814531e-01
5.252300000000000182e+03 7.845492485384131214e+03 1.642004209981122453e-01
5.255800000000000182e+03 7.696494088874867884e+03 1.665942734093410760e-01
5.259300000000000182e+03 7.415739392384440180e+03 1.649411249277122071e-01
5.262800000000000182e+03 7.183803833781326830e+03 1.635966068231031745e-01
5.266300000000000182e+03 7.154888447183640892e+03 1.613448597893692438e-01
5.269800000000000182e+03 7.040636016636744898e+03 1.627288278880616446e-01
5.273300000000000182e+03 7.130049232267966545e+03 1.652553851620643666e-01
5.276800000000000182e+03 7.501013919337067819e+03 1.631875776801569866e-01
5.280300000000000182e+03 7.962477078978540703e+03 1.636651294320565220e-01
5.283800000000000182e+03 8.324794682058487524e+03 1.657700826030369667e-01
5.287300000000000182e+03 8.739995528706525874e+03 1.623042060921013330e-01
5.290800000000000182e+03 9.053231102956340692e+03 1.651002449701514663e-01
5.294300000000000182e+03 9.261759907268093230e+03 1.651671523350260185e-01
5.297800000000000182e+03 9.358756287924334174e+03 1.643750743642758416e-01
5.301300000000000182e+03 9.457831339827529519e+03 1.663791210813523880e-01
5.304800000000000182e+03 9.484129572611656840e+03 1.633297272858949545e-01
5.308300000000000182e+03 9.497058321613081716e+03 1.623541462533075463e-01
5.311800000000000182e+03 9.382483114217458933e+03 1.640305861721418068e-01
5.315300000000000182e+03 9.292110991930987439e+03 1.627922256220385722e-01
5.318800000000000182e+03 9.133747498423086654e+03 1.620591362106847122e-01
5.322300000000000182e+03 8.932613991412143150e+03 1.631955729724293425e-01
5.325800000000000182e+03 8.836767399962223863e+03 1.612863147134739605e-01
5.329300000000000182e+03 8.666226066563975110e+03 1.596731691470725523e-01
5.332800000000000182e+03 8.694094561640475149e+03 1.615603262054886857e-01
5.336300000000000182e+03 8.829158450925380748e+03 1.597463655986946229e-01
5.339800000000000182e+03 8.786280839132579786e+03 1.620430408931872179e-01
5.343300000000000182e+03 9.032852471440615773e+03 1.613933991958398928e-01
5.346800000000000182e+03 9.213917982571714674e+03 1.612186474063386499e-01
5.350300000000000182e+03 9.319707494422693344e+03 1.611704037663510836e-01
5.353800000000000182e+03 9.463374686298448069e+03 1.607846417258157190e-01
5.357300000000000182e+03 9.389280989414281066e+03 1.619223946564744554e-01
5.360800000000000182e+03 9.377800042945835230e+03 1.600715882661377099e-01
5.364300000000000182e+03 9.368417922792097670e+03 1.570641846426075738e-01
5.367800000000000182e+03 9.192009055750730113e+03 1.609886631311993055e-01
5.371300000000000182e+03 9.312396457415115947e+03 1.604897375482005617e-01
5.374800000000000182e+03 9.185397802515972216e+03 1.604801521558255062e-01
5.378300000000000182e+03 9.275681376065484073e+03 1.588811461502031008e-01
5.381800000000000182e+03 9.333737434612181460e+03 1.599491369311603350e-01
5.385300000000000182e+03 9.387049563955353733e+03 1.595291255242567985e-01
5.388800000000000182e+03 9.522887537216751298e+03 1.601788391837063175e-01
5.392300000000000182e+03 9.500797106078100114e+03 1.603944070206945460e-01
5.395800000000000182e+03 9.510393062391538479e+03 1.594820417559632830e-01
5.399300000000000182e+03 9.680644440096171820e+03 1.578775295142986757e-01
5.402800000000000182e+03 9.643341566549130221e+03 1.588202752131594453e-01
5.406300000000000182e+03 9.625371232470744872e+03 1.608655767224414224e-01
5.409800000000000182e+03 9.611261498571868287e+03 1.611541712832435247e-01
5.413300000000000182e+03 9.678903057564632036e+03 1.604512226985428947e-01
5.416800000000000182e+03 9.656013378446406932e+03 1.588971630130391610e-01
5.420300000000000182e+03 9.566369658810741385e+03 1.591434098852915757e-01
5.423800000000000182e+03 9.542700619281838954e+03 1.603998850564545553e-01
5.427300000000000182e+03 9.580104457720946812e+03 1.585661254354252536e-01
5.430800000000000182e+03 9.325110845421864724e+03 1.611047977974634227e-01
5.434300000000000182e+03 9.086634356675049276e+03 1.587357186961738387e-01
5.437800000000000182e+03 8.580699735687914654e+03 1.593410461409585643e-01
5.441300000000000182e+03 8.179505783117351712e+03 1.588877687087076884e-01
5.444800000000000182e+03 7.805976581350380911e+03 1.580270809915902686e-01
5.448300000000000182e+03 7.423624942359267152e+03 1.566690631793868083e-01
5.451800000000000182e+03 7.183617220993640331e+03 1.588187003723059154e-01
5.455300000000000182e+03 7.162893578382863780e+03 1.580760760442574686e-01
5.458800000000000182e+03 7.195149821673785482e+03 1.581572879888894501e-01
5.462300000000000182e+03 7.372177230093876460e+03 1.574961690003967851e-01
5.465800000000000182e+03 7.533755392587449933e+03 1.581530527780687090e-01
5.469300000000000182e+03 7.794236870436609934e+03 1.566256590157942552e-01
5.472800000000000182e+03 7.852299434461717283e+03 1.569716975139991144e-01
5.476300000000000182e+03 7.976881748312434866e+03 1.563216773024597994e-01
5.479800000000000182e+03 8.007045862607999879e+03 1.565625169824361451e-01
5.483300000000000182e+03 8.215431836705447495e+03 1.535945144567663345e-01
5.486800000000000182e+03 8.238086196687776464e+03 1.562451785323609177e-01
5.490300000000000182e+03 8.262878895101350281e+03 1.541636145541299130e-01
5.493800000000000182e+03 8.274057287000758151e+03 1.550207196973387436e-01
5.497300000000000182e+03 8.180538468827528050e+03 1.553463517518740566e-01
5.500800000000000182e+03 8.085614953953749136e+03 1.563981278030676103e-01
5.504300000000000182e+03 8.083875762222023695e+03 1.562173215414613681e-01
5.507800000000000182e+03 7.952711703189167565e+03 1.559825281139386177e-01
5.511300000000000182e+03 8.049370551732355125e+03 1.537961398027068438e-01
5.514800000000000182e+03 8.257995054528169931e+03 1.541024860197733048e-01
5.518300000000000182e+03 8.522415911848092946e+03 1.532882169366431568e-01
5.521800000000000182e+03 8.771150012848425831e+03 1.557347107841866585e-01
5.525300000000000182e+03 9.164089094927721817e+03 1.548655980284655842e-01
5.528800000000000182e+03 9.285930889721737913e+03 1.541504590023903554e-01
5.532300000000000182e+03 9.453234775419934522e+03 1.528979372041895102e-01
5.535800000000000182e+03 9.677463129781619500e+03 1.541889941488203131e-01
5.539300000000000182e+03 9.745968933261750863e+03 1.517971995952105690e-01
5.542800000000000182e+03 9.751905967791459261e+03 1.527889265745203673e-01
5.546300000000000182e+03 9.828147812175933723e+03 1.533131353280274556e-01
5.549800000000000182e+03 9.957746891459568360e+03 1.526942839046898370e-01
5.553300000000000182e+03 9.979640903360543234e+03 1.533789024183572214e-01
5.556800000000000182e+03 1.015651677857798131e+04 1.520073722385620052e-01
5.560300000000000182e+03 1.026539771294447564e+04 1.538660867668829313e-01
5.563800000000000182e+03 1.026881966682134771e+04 1.555414722467977073e-01
5.567300000000000182e+03 1.028631581126151468e+04 1.530265583718030675e-01
5.570800000000000182e+03 1.035573572747349135e+04 1.520792758635560737e-01
5.574300000000000182e+03 1.027642225808477451e+04 1.542264671809605026e-01
5.577800000000000182e+03 1.034111362736073534e+04 1.516737795530031241e-01
5.581300000000000182e+03 1.025721116864767646e+04 1.531123510906579055e-01
5.584800000000000182e+03 1.023102134182728696e+04 1.538997037961365444e-01
5.588300000000000182e+03 9.974406842742519075e+03 1.548430534811462700e-01
5.591800000000000182e+03 9.803053582593027386e+03 1.530232490832990344e-01
5.595300000000000182e+03 9.665386929531503483e+03 1.530009241840184775e-01
5.598800000000000182e+03 9.238162567195890006e+03 1.529034848201391850e-01
5.602300000000000182e+03 8.903226677836093586e+03 1.535373071812041190e-01
5.605800000000000182e+03 8.668989350248937626e+03 1.523958271017112065e-01
5.609300000000000182e+03 8.533137151569397247e+03 1.536557289377012137e-01
5.612800000000000182e+03 8.545012824915740566e+03 1.529903409039442552e-01
5.616300000000000182e+03 8.551480915671811090e+03 1.543968441544943671e-01
5.619800000000000182e+03 8.837494114183587953e+03 1.528415463359967252e-01
5.623300000000000182e+03 9.039913982407375443e+03 1.546899198228382233e-01
5.626800000000000182e+03 9.277638317721968633e+03 1.558430158205280081e-01
5.630300000000000182e+03 9.569771414519813334e+03 1.526616092878126107e-01
5.633800000000000182e+03 9.664525726795964147e+03 1.560459475610333491e-01
5.637300000000000182e+03 9.896012654326734264e+03 1.548617164483784281e-01
5.640800000000000182e+03 1.022621917058888539e+04 1.522844111885717222e-01
5.644300000000000182e+03 1.044829745601073773e+04 1.515511915553002242e-01
5.647800000000000182e+03 1.050543648661615589e+04 1.530886940714012157e-01
5.651300000000000182e+03 1.052788598872513830e+04 1.526450784412280437e-01
5.654800000000000182e+03 1.060078611300964621e+04 1.526028699770207997e-01
5.658300000000000182e+03 1.062634474651555502e+04 1.538038383845375112e-01
5.661800000000000182e+03 1.069843123860455853e+04 1.527495812572783329e-01
5.665300000000000182e+03 1.067165228155035766e+04 1.525178908178547732e-01
5.668800000000000182e+03 1.067093338304659846e+04 1.527074573749735431e-01
5.672300000000000182e+03 1.078457876294959351e+04 1.534250544017607409e-01
5.675800000000000182e+03 1.089074695452767264e+04 1.527644181459119066e-01
5.679300000000000182e+03 1.107721162237303906e+04 1.547811797252216792e-01
5.682800000000000182e+03 1.126371368977232669e+04 1.537935061827732097e-01
5.686300000000000182e+03 1.140927506015983818e+04 1.559994384511637355e-01
5.689800000000000182e+03 1.144317253760770109e+04 1.559885189406895745e-01
5.693300000000000182e+03 1.148386713088333636e+04 1.553522220105534590e-01
5.696800000000000182e+03 1.156380864688558904e+04 1.551615247685074195e-01
5.700300000000000182e+03 1.153347181464169444e+04 1.545971627685976124e-01
5.703800000000000182e+03 1.162930465592128348e+04 1.527684791949150966e-01
5.707300000000000182e+03 1.150789150849639555e+04 1.572848345358021649e-01
5.710800000000000182e+03 1.166422636930508997e+04 1.550208388451167207e-01
5.714300000000000182e+03 1.179720197029948940e+04 1.541728905428199625e-01
5.717800000000000182e+03 1.213895888357283548e+04 1.512739477651188214e-01
5.721300000000000182e+03 1.241170736798554208e+04 1.552667751495566406e-01
5.724800000000000182e+03 1.245834417056797975e+04 1.544961549438961523e-01
5.728300000000000182e+03 1.264533725797229999e+04 1.546365161046846515e-01
5.731800000000000182e+03 1.294057169005013748e+04 1.553944454559807176e-01
5.735300000000000182e+03 1.298107902773299429e+04 1.525887172180158124e-01
5.738800000000000182e+03 1.286797246896677643e+04 1.561349077180900491e-01
5.742300000000000182e+03 1.287162332498502656e+04 1.533792534352765025e-01
5.745800000000000182e+03 1.298649923292104359e+04 1.534272268237431291e-01
5.749300000000000182e+03 1.294096265493381543e+04 1.503841560918096065e-01
5.752800000000000182e+03 1.273481221903539881e+04 1.532195585768647283e-01
5.756300000000000182e+03 1.251297163484126577e+04 1.521777193725867283e-01
5.759800000000000182e+03 1.225253959640576613e+04 1.513228578303049687e-01
5.763300000000000182e+03 1.228194855161453597e+04 1.495549714124725649e-01
5.766800000000000182e+03 1.192329933519232327e+04 1.510151043309678753e-01
5.770300000000000182e+03 1.200680171656151288e+04 1.493982417213619851e-01
5.773800000000000182e+03 1.206375512670240823e+04 1.497106247407121449e-01
5.777300000000000182e+03 1.201316498988599778e+04 1.499415174220816716e-01
5.780800000000000182e+03 1.228009381963320448e+04 1.475447345893202700e-01
5.784300000000000182e+03 1.234727369891805211e+04 1.491326791702416721e-01
5.787800000000000182e+03 1.242307761811892669e+04 1.483029383180964889e-01
5.791300000000000182e+03 1.259317742644312057e+04 1.482672652098865618e-01
5.794800000000000182e+03 1.248681636341585363e+04 1.486250314582389653e-01
5.798300000000000182e+03 1.241032476311478422e+04 1.448182322618842555e-01
5.801800000000000182e+03 1.228485752533533378e+04 1.443783981836566088e-01
5.805300000000000182e+03 1.209560993003785188e+04 1.479860222959451244e-01
5.808800000000000182e+03 1.201113788699569159e+04 1.446194073434726446e-01
5.812300000000000182e+03 1.202037983149487627e+04 1.459168818522826594e-01
5.815800000000000182e+03 1.224117911262166308e+04 1.452872445244824673e-01
5.819300000000000182e+03 1.236895071023360106e+04 1.454092474571890559e-01
5.822800000000000182e+03 1.226947231377474964e+04 1.433077258462610859e-01
5.826300000000000182e+03 1.255872866094994788e+04 1.460873008037942566e-01
5.829800000000000182e+03 1.255333066226794472e+04 1.435384512962582515e-01
5.833300000000000182e+03 1.260586692314315587e+04 1.420134622677062808e-01
5.836800000000000182e+03 1.261759286241187328e+04 1.428838299396968381e-01
5.840300000000000182e+03 1.264182888790022480e+04 1.444647642565571322e-01
5.843800000000000182e+03 1.257763869526841881e+04 1.426063858782197213e-01
5.847300000000000182e+03 1.244261169793494628e+04 1.420591660887034480e-01
5.850800000000000182e+03 1.233334497437438949e+04 1.419451378300508049e-01
5.854300000000000182e+03 1.211608027804708763e+04 1.433598607739993425e-01
5.857800000000000182e+03 1.201021153577844416e+04 1.422026786701759693e-01
5.861300000000000182e+03 1.181928087142426557e+04 1.426653353992689000e-01
5.864800000000000182e+03 1.166791795810204530e+04 1.448226110797330990e-01
5.868300000000000182e+03 1.151107542373972501e+04 1.427812136205813265e-01
5.871800000000000182e+03 1.135090969991574093e+04 1.455352447968039087e-01
5.875300000000000182e+03 1.090228205796756811e+04 1.477199975549732258e-01
5.878800000000000182e+03 1.067229168755957289e+04 1.500966606781225232e-01
5.882300000000000182e+03 1.025806137367159863e+04 1.544049413037638652e-01
5.885800000000000182e+03 1.008301882784964982e+04 1.554532757509313468e-01
5.889300000000000182e+03 9.794948553264901420e+03 1.585871836186427963e-01
5.892800000000000182e+03 9.913111109169018164e+03 1.586214408938616538e-01
5.896300000000000182e+03 9.899817686996446355e+03 1.604170463576648498e-01
5.899800000000000182e+03 1.005615326537253350e+04 1.584444109721080962e-01
5.903300000000000182e+03 1.023103016548028791e+04 1.561788034282688420e-01
5.906800000000000182e+03 1.045581080824662422e+04 1.570982580972339060e-01
5.910300000000000182e+03 1.061998459597105830e+04 1.574827225682463305e-01
5.913800000000000182e+03 1.048363430438850446e+04 1.582492954529480522e-01
5.917300000000000182e+03 1.055751919125164932e+04 1.563107026793794374e-01
5.920800000000000182e+03 1.050275322500173388e+04 1.559992052093852055e-01
5.924300000000000182e+03 1.042925150703795953e+04 1.553774773124799169e-01
5.927800000000000182e+03 1.082317913107533604e+04 1.534522333398255223e-01
5.931300000000000182e+03 1.067051665327138653e+04 1.540207190012144178e-01
5.934800000000000182e+03 1.057344377440307289e+04 1.555658199359385430e-01
5.938300000000000182e+03 1.048773245866748948e+04 1.558719948112437526e-01
5.941800000000000182e+03 1.041122711702715242e+04 1.545563757691024165e-01
5.945300000000000182e+03 1.027614996355965195e+04 1.559151077888232817e-01
5.948800000000000182e+03 1.037013558685710268e+04 1.550353696834525508e-01
5.952300000000000182e+03 1.061179514064062823e+04 1.557662535856946529e-01
5.955800000000000182e+03 1.077837153132195090e+04 1.518226505794194603e-01
5.959300000000000182e+03 1.074670124887761995e+04 1.492534158987914028e-01
5.962800000000000182e+03 1.087928572468267703e+04 1.503543898941170631e-01
5.966300000000000182e+03 1.095047713646457669e+04 1.475090938074765101e-01
5.969800000000000182e+03 1.099103913700293378e+04 1.494652506053586460e-01
5.973300000000000182e+03 1.102184857243741135e+04 1.485362987098500231e-01
5.976800000000000182e+03 1.103859760998829915e+04 1.477645851109378183e-01
5.980300000000000182e+03 1.125155530266297319e+04 1.475964989098419722e-01
5.983800000000000182e+03 1.130154414893641115e+04 1.461943163375952759e-01
5.987300000000000182e+03 1.134219222459122466e+04 1.472050897763320099e-01
5.990800000000000182e+03 1.145230327217717786e+04 1.451925669996156631e-01
5.994300000000000182e+03 1.156253390421784388e+04 1.407305703420289600e-01
5.997800000000000182e+03 1.143211511750193495e+04 1.443340808909626127e-01
