# wavelength angstroms, flux, ext coeff
3.001800000000000182e+03 1.681879909774908477e-01 0.000000000000000000e+00
3.005300000000000182e+03 3.503101067225095067e-01 0.000000000000000000e+00
3.008800000000000182e+03 4.711286071710740764e+00 8.255472046111509421e-01
3.012300000000000182e+03 1.764987546389528461e+01 5.845297676750036420e-01
3.015800000000000182e+03 3.902650955648290232e-01 0.000000000000000000e+00
3.019300000000000182e+03 7.563399508847300501e-01 0.000000000000000000e+00
3.022800000000000182e+03 1.573711664770119367e-01 1.715021481968852068e+00
3.026300000000000182e+03 9.028423693297494168e+00 8.240908639484911813e-01
3.029800000000000182e+03 9.263809170034340568e+00 8.530796222010494922e-01
3.033300000000000182e+03 2.181200186372497463e+00 0.000000000000000000e+00
3.036800000000000182e+03 1.202682276361935754e-01 1.920268050733554777e+00
3.040300000000000182e+03 2.930077299486128162e+00 1.184290032398323422e+00
3.043800000000000182e+03 2.164320959014917351e-03 2.997804030265753816e+00
3.047300000000000182e+03 6.592808097853658289e+00 0.000000000000000000e+00
3.050800000000000182e+03 1.140011310027392533e+00 1.472808093580368016e+00
3.054300000000000182e+03 9.821011994136248369e-01 1.521035942906846294e+00
3.057800000000000182e+03 7.199900121902099714e-01 1.616359064348204200e+00
3.061300000000000182e+03 4.654769179302713944e+00 1.198786235269278855e+00
3.064800000000000182e+03 3.018744139771196294e-02 2.533305830157729588e+00
3.068300000000000182e+03 1.788866109389427583e+00 1.462554971134571558e+00
3.071800000000000182e+03 1.422193602423809100e+00 1.542012209876648221e+00
3.075300000000000182e+03 9.672558260427339960e-02 2.312298122483531060e+00
3.078800000000000182e+03 1.354450009806350275e-01 2.266039368739608761e+00
3.082300000000000182e+03 1.671535931824359444e-01 2.179656816440250999e+00
3.085800000000000182e+03 1.241087943244716163e+00 1.672069236450087315e+00
3.089300000000000182e+03 1.054366559549529514e+00 1.749869153478736727e+00
3.092800000000000182e+03 5.564056627547794065e+00 1.328235677371639500e+00
3.096300000000000182e+03 3.619930478828364162e+00 1.472122689973050180e+00
3.099800000000000182e+03 9.415406180697440952e-01 1.897591226696670352e+00
3.103300000000000182e+03 1.062388928196963178e+00 1.871676586417690302e+00
3.106800000000000182e+03 4.168624235314560167e+00 1.471846694008416945e+00
3.110300000000000182e+03 1.531311047667452740e+00 1.793355661741834695e+00
3.113800000000000182e+03 1.778745810274396710e+00 1.771645719581687262e+00
3.117300000000000182e+03 1.970872724994110037e+00 1.749434856983282049e+00
3.120800000000000182e+03 2.498546173590322272e+00 1.710775598039333545e+00
3.124300000000000182e+03 1.182386130255513734e+01 1.271070431367312015e+00
3.127800000000000182e+03 3.670998120208499138e+00 1.646568261435746638e+00
3.131300000000000182e+03 1.397671523456581255e+01 1.262653436758739645e+00
3.134800000000000182e+03 5.726565495304898334e+00 1.539426042511522041e+00
3.138300000000000182e+03 1.549308029211210425e+01 1.255705044076291799e+00
3.141800000000000182e+03 1.663735888677305397e+01 1.257936509840865247e+00
3.145300000000000182e+03 8.387714107675831698e+00 1.484434256424990606e+00
3.148800000000000182e+03 1.205907746805126557e+01 1.388092650505106995e+00
3.152300000000000182e+03 2.545930532470984886e+01 1.187889389820042885e+00
3.155800000000000182e+03 2.558537753135430037e+01 1.196136052184592291e+00
3.159300000000000182e+03 2.834582060454117780e+01 1.176532578013607555e+00
3.162800000000000182e+03 2.047649964125113442e+01 1.297880466427439705e+00
3.166300000000000182e+03 2.090858838195069325e+01 1.310875118063430600e+00
3.169800000000000182e+03 2.628829823503889074e+01 1.250422713179121681e+00
3.173300000000000182e+03 3.262682815210926179e+01 1.194252106229095833e+00
3.176800000000000182e+03 2.724849057442701650e+01 1.273995678005080734e+00
3.180300000000000182e+03 3.964645575087256901e+01 1.160916458330922829e+00
3.183800000000000182e+03 3.401996857434956922e+01 1.228395810613745143e+00
3.187300000000000182e+03 3.977472517089789505e+01 1.203316931868754214e+00
3.190800000000000182e+03 6.051985906616670974e+01 1.077548702413015036e+00
3.194300000000000182e+03 4.662075956655210973e+01 1.178093990845336725e+00
3.197800000000000182e+03 5.154653657668073663e+01 1.156146859207214384e+00
3.201300000000000182e+03 5.420365966065514129e+01 1.137115022119618457e+00
3.204800000000000182e+03 5.878219286469731486e+01 1.130950963418250188e+00
3.208300000000000182e+03 9.181371329395125258e+01 1.012467842223133907e+00
3.211800000000000182e+03 7.674605428449594058e+01 1.084047906228412517e+00
3.215300000000000182e+03 8.106872653513772775e+01 1.082594771298940328e+00
3.218800000000000182e+03 9.736541289355304230e+01 1.024725251933069181e+00
3.222300000000000182e+03 8.873795998118644945e+01 1.057886735002088630e+00
3.225800000000000182e+03 1.015853820621648822e+02 1.030337532793781374e+00
3.229300000000000182e+03 1.009868505230078171e+02 1.033462982164588650e+00
3.232800000000000182e+03 1.152059344763981841e+02 1.011999964857193124e+00
3.236300000000000182e+03 1.258584595435429065e+02 9.963415912841181443e-01
3.239800000000000182e+03 1.698283823893479507e+02 9.161456116627720858e-01
3.243300000000000182e+03 1.395421343759197157e+02 9.798856760676232236e-01
3.246800000000000182e+03 1.497516236874693050e+02 9.722003365342589687e-01
3.250300000000000182e+03 1.847011796614581272e+02 8.994999093989427541e-01
3.253800000000000182e+03 1.937514960007893592e+02 9.047904692839050522e-01
3.257300000000000182e+03 1.649880015772964725e+02 9.472269584918143748e-01
3.260800000000000182e+03 1.971453913601060037e+02 9.071662656432417648e-01
3.264300000000000182e+03 1.939143485498229893e+02 9.207397196915674265e-01
3.267800000000000182e+03 2.520233409069034849e+02 8.470691983921544432e-01
3.271300000000000182e+03 2.533618115310072767e+02 8.565671745251191016e-01
3.274800000000000182e+03 2.186242872632757326e+02 9.038445790967745141e-01
3.278300000000000182e+03 2.243150988689611722e+02 8.991324615575675416e-01
3.281800000000000182e+03 2.234637101927633296e+02 8.975736123088668972e-01
3.285300000000000182e+03 2.599732520831157103e+02 8.570191697452990143e-01
3.288800000000000182e+03 2.653711706424407453e+02 8.611613341964415858e-01
3.292300000000000182e+03 2.761984828693241525e+02 8.596980513792583656e-01
3.295800000000000182e+03 2.922215730098036488e+02 8.522574662167332615e-01
3.299300000000000182e+03 3.317863308531852340e+02 8.259177819029216439e-01
3.302800000000000182e+03 3.116931109057562139e+02 8.395269137484481226e-01
3.306300000000000182e+03 3.209163263482118396e+02 8.369093003072629600e-01
3.309800000000000182e+03 3.242534797783551426e+02 8.373635753830637185e-01
3.313300000000000182e+03 3.566919068517689766e+02 8.078458227527298696e-01
3.316800000000000182e+03 3.996351208942203925e+02 7.833401754092524927e-01
3.320300000000000182e+03 3.516246140026325406e+02 8.186627090694927888e-01
3.323800000000000182e+03 4.465117187086608510e+02 7.646440379438129709e-01
3.327300000000000182e+03 4.311425466383373077e+02 7.739702963844117267e-01
3.330800000000000182e+03 4.793899674571955529e+02 7.567306549218645317e-01
3.334300000000000182e+03 4.150280395402623981e+02 7.918462514968487298e-01
3.337800000000000182e+03 4.275699984975050256e+02 7.879229330324334368e-01
3.341300000000000182e+03 4.395113682228765128e+02 7.888091464475234238e-01
3.344800000000000182e+03 4.855944389955633937e+02 7.581942411410389493e-01
3.348300000000000182e+03 4.745358670753198567e+02 7.740536558488281260e-01
3.351800000000000182e+03 4.775905097989257797e+02 7.687077802930589732e-01
3.355300000000000182e+03 5.087509056699681196e+02 7.531583125794195643e-01
3.358800000000000182e+03 5.174439408944715524e+02 7.568509703058605709e-01
3.362300000000000182e+03 5.491503155477294058e+02 7.369762802422166192e-01
3.365800000000000182e+03 5.474872893685432018e+02 7.527704404419235384e-01
3.369300000000000182e+03 5.482557029989162629e+02 7.461064004051802812e-01
3.372800000000000182e+03 5.366206374997067314e+02 7.497934821305294317e-01
3.376300000000000182e+03 5.734132915275283722e+02 7.414698069187812823e-01
3.379800000000000182e+03 5.924549128353071410e+02 7.311015705192359659e-01
3.383300000000000182e+03 6.718068146264386087e+02 7.021609404943399690e-01
3.386800000000000182e+03 6.131991012966656172e+02 7.233297439712434995e-01
3.390300000000000182e+03 6.409380023653503713e+02 7.236035767656929796e-01
3.393800000000000182e+03 6.674951639488740511e+02 7.113510138089719215e-01
3.397300000000000182e+03 7.206229127633296230e+02 6.904632669978461035e-01
3.400800000000000182e+03 6.917669070614078919e+02 7.065992846066693200e-01
3.404300000000000182e+03 7.062770824544926427e+02 7.076897190885548250e-01
3.407800000000000182e+03 7.829320205126284691e+02 6.780410682587236781e-01
3.411300000000000182e+03 7.384891684976847728e+02 6.970896643152503236e-01
3.414800000000000182e+03 8.029438043593983139e+02 6.715179464284705135e-01
3.418300000000000182e+03 7.575122877183673609e+02 6.921342155462576473e-01
3.421800000000000182e+03 7.845324869670315593e+02 6.840055839470211563e-01
3.425300000000000182e+03 8.345665060446270900e+02 6.706788023568925894e-01
3.428800000000000182e+03 8.314955112402109307e+02 6.755303377176544721e-01
3.432300000000000182e+03 8.386708485549823990e+02 6.779774574616205252e-01
3.435800000000000182e+03 8.386901721984980895e+02 6.685626999396192538e-01
3.439300000000000182e+03 9.024872341720790700e+02 6.524721976482378283e-01
3.442800000000000182e+03 8.647840579695886163e+02 6.697215508821697805e-01
3.446300000000000182e+03 8.913653136388782059e+02 6.619724467605071494e-01
3.449800000000000182e+03 9.575244283803997405e+02 6.428852254858014037e-01
3.453300000000000182e+03 9.343745295431550630e+02 6.565113493069250072e-01
3.456800000000000182e+03 1.026330412583945190e+03 6.306494395014096144e-01
3.460300000000000182e+03 9.556180397030806262e+02 6.535370994427037727e-01
3.463800000000000182e+03 9.637170232748381977e+02 6.511831477789360445e-01
3.467300000000000182e+03 9.802951913859639035e+02 6.498928461470409035e-01
3.470800000000000182e+03 1.011280861016566746e+03 6.433439567339204190e-01
3.474300000000000182e+03 1.073414572313650524e+03 6.269342254774696865e-01
3.477800000000000182e+03 1.055926093974429705e+03 6.420336163133676388e-01
3.481300000000000182e+03 1.087826183689208619e+03 6.337350615830749101e-01
3.484800000000000182e+03 1.094482639959347807e+03 6.342746316203753398e-01
3.488300000000000182e+03 1.184140571495577205e+03 6.132739957216999382e-01
3.491800000000000182e+03 1.137667069015047218e+03 6.247071782984420230e-01
3.495300000000000182e+03 1.172737793862309218e+03 6.112626331569824822e-01
3.498800000000000182e+03 1.185780781200478486e+03 6.209952826474853804e-01
3.502300000000000182e+03 1.253725600163417312e+03 6.023086337622065578e-01
3.505800000000000182e+03 1.235904877186315844e+03 6.080765558382362768e-01
3.509300000000000182e+03 1.225673100366671633e+03 6.170593381339283257e-01
3.512800000000000182e+03 1.220166331589621450e+03 6.168045171441427499e-01
3.516300000000000182e+03 1.325384720744584229e+03 5.999927851479194274e-01
3.519800000000000182e+03 1.273125690415941108e+03 6.036497556870902281e-01
3.523300000000000182e+03 1.335705054696801426e+03 5.956136100858316906e-01
3.526800000000000182e+03 1.355568506727628574e+03 5.920450023517779270e-01
3.530300000000000182e+03 1.392642747393993659e+03 5.883971019640458211e-01
3.533800000000000182e+03 1.342808728349487410e+03 6.000280834264184460e-01
3.537300000000000182e+03 1.344892940037566177e+03 5.959396306896462825e-01
3.540800000000000182e+03 1.368267715066853043e+03 5.938076178034197294e-01
3.544300000000000182e+03 1.421492000122242189e+03 5.856982482944960156e-01
3.547800000000000182e+03 1.446725338319012735e+03 5.830085726122203882e-01
3.551300000000000182e+03 1.523865698782903337e+03 5.752960893739127446e-01
3.554800000000000182e+03 1.473653978918042640e+03 5.857362356980806428e-01
3.558300000000000182e+03 1.481723595706195738e+03 5.845564794310857959e-01
3.561800000000000182e+03 1.521225105791465694e+03 5.766080409594265266e-01
3.565300000000000182e+03 1.556298287391189660e+03 5.746338741084489055e-01
3.568800000000000182e+03 1.653329736152979422e+03 5.589073077197802553e-01
3.572300000000000182e+03 1.553312984670413243e+03 5.726459179938990784e-01
3.575800000000000182e+03 1.610526648444617877e+03 5.688879279286790380e-01
3.579300000000000182e+03 1.601768444204948082e+03 5.697639415075869129e-01
3.582800000000000182e+03 1.631889625339192435e+03 5.661216573240687167e-01
3.586300000000000182e+03 1.726232500989697428e+03 5.470419139232198802e-01
3.589800000000000182e+03 1.667976074057029109e+03 5.621127156100950151e-01
3.593300000000000182e+03 1.731174813232876204e+03 5.551727694508267197e-01
3.596800000000000182e+03 1.724032339813038107e+03 5.539399172090119228e-01
3.600300000000000182e+03 1.702918535108634160e+03 5.573389555812024998e-01
3.603800000000000182e+03 1.762102216633265698e+03 5.539064960088926348e-01
3.607300000000000182e+03 1.824422014908206847e+03 5.508888291109401703e-01
3.610800000000000182e+03 1.794339141641490642e+03 5.498922492003993634e-01
3.614300000000000182e+03 1.857262164866720468e+03 5.467823382311508551e-01
3.617800000000000182e+03 1.870524699483323957e+03 5.414909886785009840e-01
3.621300000000000182e+03 1.913456218786057889e+03 5.415340540734023822e-01
3.624800000000000182e+03 1.967111546074211901e+03 5.309234510877811619e-01
3.628300000000000182e+03 1.939146527623022166e+03 5.377544160531985140e-01
3.631800000000000182e+03 1.927514109144894746e+03 5.390787910392911275e-01
3.635300000000000182e+03 1.948304898982672739e+03 5.322232568925312490e-01
3.638800000000000182e+03 2.026810888690066577e+03 5.309287590020563830e-01
3.642300000000000182e+03 2.062915715555413499e+03 5.259765038145172156e-01
3.645800000000000182e+03 2.157984367201636815e+03 5.188070697578509582e-01
3.649300000000000182e+03 2.166399596709816706e+03 5.189327169342422552e-01
3.652800000000000182e+03 2.175333073951460392e+03 5.151652012764651456e-01
3.656300000000000182e+03 2.124911862439340439e+03 5.231645808316437440e-01
3.659800000000000182e+03 2.134056250885489590e+03 5.226502060991022880e-01
3.663300000000000182e+03 2.131339226407624665e+03 5.211172617689947550e-01
3.666800000000000182e+03 2.180079003797386576e+03 5.168163831673375785e-01
3.670300000000000182e+03 2.151614505763141551e+03 5.183670230364090248e-01
3.673800000000000182e+03 2.239776290667335161e+03 5.160003702353804789e-01
3.677300000000000182e+03 2.215096522167169951e+03 5.118935429836175555e-01
3.680800000000000182e+03 2.291062962639422494e+03 5.083608388668283684e-01
3.684300000000000182e+03 2.253102936622854941e+03 5.077303604063320153e-01
3.687800000000000182e+03 2.272578131660742656e+03 5.040042572932502685e-01
3.691300000000000182e+03 2.266773591225297423e+03 5.011980607404648014e-01
3.694800000000000182e+03 2.409228006922228815e+03 4.966931627574044938e-01
3.698300000000000182e+03 2.321034934404192882e+03 4.946532877389914207e-01
3.701800000000000182e+03 2.368587623153868662e+03 4.940635935437214243e-01
3.705300000000000182e+03 2.408622433522592019e+03 4.896069422992964104e-01
3.708800000000000182e+03 2.429499007785691447e+03 4.878317428209487105e-01
3.712300000000000182e+03 2.320439202710309019e+03 4.961789628768802918e-01
3.715800000000000182e+03 2.412715232268720229e+03 4.911560625704141647e-01
3.719300000000000182e+03 2.419375509474059982e+03 4.891308750990847609e-01
3.722800000000000182e+03 2.503255835863948050e+03 4.747106353489103925e-01
3.726300000000000182e+03 2.610472114795613379e+03 4.727501299587785200e-01
3.729800000000000182e+03 2.643988385355627543e+03 4.691450062482032668e-01
3.733300000000000182e+03 2.603484954467762691e+03 4.800159482493284169e-01
3.736800000000000182e+03 2.589444149403238043e+03 4.771933879919493804e-01
3.740300000000000182e+03 2.606573990778531424e+03 4.789615495821096247e-01
3.743800000000000182e+03 2.736797474930156568e+03 4.764657528537910025e-01
3.747300000000000182e+03 2.751933586842517798e+03 4.792247870930348985e-01
3.750800000000000182e+03 2.937494109499069054e+03 4.694073010676223512e-01
3.754300000000000182e+03 2.840221186186470277e+03 4.768371604964499744e-01
3.757800000000000182e+03 3.024584712572520857e+03 4.666751980934935595e-01
3.761300000000000182e+03 3.068250492174502597e+03 4.670321269372403883e-01
3.764800000000000182e+03 2.964649192621755446e+03 4.681373673684136039e-01
3.768300000000000182e+03 3.120948551783748826e+03 4.566135614169988255e-01
3.771800000000000182e+03 3.092070534119512558e+03 4.638487395135035829e-01
3.775300000000000182e+03 3.284379116071059798e+03 4.591732584714273702e-01
3.778800000000000182e+03 3.234417765875912664e+03 4.600194209654104305e-01
3.782300000000000182e+03 3.344392209831952187e+03 4.595008477872283836e-01
3.785800000000000182e+03 3.448552452910083957e+03 4.576951896482537863e-01
3.789300000000000182e+03 3.645160925695695823e+03 4.506923358728996964e-01
3.792800000000000182e+03 3.610802153785635710e+03 4.527752625858725843e-01
3.796300000000000182e+03 3.775598508327920172e+03 4.491742249424835465e-01
3.799800000000000182e+03 3.748957561219807758e+03 4.534635388576236381e-01
3.803300000000000182e+03 3.913756314370485597e+03 4.551545798248000096e-01
3.806800000000000182e+03 3.916436776145391832e+03 4.523061549641915202e-01
3.810300000000000182e+03 3.923403723799186082e+03 4.549738333424472869e-01
3.813800000000000182e+03 3.981998950291055735e+03 4.478381104070028873e-01
3.817300000000000182e+03 3.946173569375591796e+03 4.420847285303098895e-01
3.820800000000000182e+03 3.968565433965660304e+03 4.397727387267618693e-01
3.824300000000000182e+03 4.029151977049540619e+03 4.255962993611164813e-01
3.827800000000000182e+03 3.961095039696665026e+03 4.234229619134926570e-01
3.831300000000000182e+03 3.943554965523514056e+03 4.231500747078796310e-01
3.834800000000000182e+03 4.023131663633114840e+03 4.258657279495110526e-01
3.838300000000000182e+03 4.165091352273640041e+03 4.318082024081639769e-01
3.841800000000000182e+03 4.374109911940538950e+03 4.265180528983226749e-01
3.845300000000000182e+03 4.435121212421693599e+03 4.337030520451294890e-01
3.848800000000000182e+03 4.632332326308479423e+03 4.338296852237741863e-01
3.852300000000000182e+03 4.858105878856325944e+03 4.292784452730985523e-01
3.855800000000000182e+03 4.878899702597115720e+03 4.310401279632092852e-01
3.859300000000000182e+03 4.994757465026993486e+03 4.282691200279490351e-01
3.862800000000000182e+03 5.091032130144250914e+03 4.316701247076550341e-01
3.866300000000000182e+03 5.106525195335495482e+03 4.322205223735801627e-01
3.869800000000000182e+03 5.028655224053491111e+03 4.347005838834889224e-01
3.873300000000000182e+03 4.954947197520608825e+03 4.286179135909513049e-01
3.876800000000000182e+03 4.753394380944927434e+03 4.239315628329278218e-01
3.880300000000000182e+03 4.697117496785816002e+03 4.133859514410992420e-01
3.883800000000000182e+03 4.536646023266616794e+03 4.026777533250252561e-01
3.887300000000000182e+03 4.701289501985852439e+03 3.884696334571678400e-01
3.890800000000000182e+03 4.674639028266626156e+03 3.850807549991721590e-01
3.894300000000000182e+03 4.798264811565501986e+03 3.842963437908324398e-01
3.897800000000000182e+03 4.825800840769360548e+03 4.001522263563745963e-01
3.901300000000000182e+03 5.063888599474173134e+03 4.079317689538499714e-01
3.904800000000000182e+03 5.206192130868610548e+03 4.191158822408689866e-01
3.908300000000000182e+03 5.497309433366931444e+03 4.178937729968395520e-01
3.911800000000000182e+03 5.572565017747509955e+03 4.182725319296005662e-01
3.915300000000000182e+03 5.905037660628715457e+03 4.093283101757732578e-01
3.918800000000000182e+03 5.978576624234310657e+03 4.036605136784005010e-01
3.922300000000000182e+03 6.055781239211397406e+03 4.015310674888968312e-01
3.925800000000000182e+03 6.315269389387293813e+03 3.906312776663345421e-01
3.929300000000000182e+03 6.276758452909566586e+03 3.857660554079052617e-01
3.932800000000000182e+03 6.356238885293764724e+03 3.861876675902745637e-01
3.936300000000000182e+03 6.277440184177457013e+03 3.909087907711863985e-01
3.939800000000000182e+03 6.334689988851307135e+03 3.926904850962127935e-01
3.943300000000000182e+03 6.230037528831911914e+03 3.984828090572903325e-01
3.946800000000000182e+03 6.175701862177087605e+03 4.006810943491217469e-01
3.950300000000000182e+03 5.968121953741116158e+03 4.074571573743422381e-01
3.953800000000000182e+03 5.802557235761621996e+03 4.032615004868165265e-01
3.957300000000000182e+03 5.667761150756281495e+03 3.919264283303385277e-01
3.960800000000000182e+03 5.535881439978275012e+03 3.825027593204345377e-01
3.964300000000000182e+03 5.628559930225118478e+03 3.641054662800519703e-01
3.967800000000000182e+03 5.472156352511092336e+03 3.535220884160744648e-01
3.971300000000000182e+03 5.543637183579523480e+03 3.467554132317058335e-01
3.974800000000000182e+03 5.715566711487571411e+03 3.555415769259123726e-01
3.978300000000000182e+03 5.723977112095294615e+03 3.681272705127515144e-01
3.981800000000000182e+03 5.815172148815466244e+03 3.768932527041922165e-01
3.985300000000000182e+03 6.239405304718465231e+03 3.829699930660731000e-01
3.988800000000000182e+03 6.505762945148352628e+03 3.826192059787098532e-01
3.992300000000000182e+03 6.578346302387467404e+03 3.842886738690953208e-01
3.995800000000000182e+03 6.777010682669537346e+03 3.796643127066364198e-01
3.999300000000000182e+03 6.882759961306458536e+03 3.755717545138982927e-01
4.002800000000000182e+03 7.114737619246248869e+03 3.730316178560338924e-01
4.006300000000000182e+03 7.197817089396762640e+03 3.716302649030172600e-01
4.009800000000000182e+03 7.070001603283836630e+03 3.702194743044324166e-01
4.013300000000000182e+03 7.133219515265304835e+03 3.707350334966250660e-01
4.016800000000000182e+03 7.183451546239820345e+03 3.673580185458987790e-01
4.020300000000000182e+03 7.303975148345634807e+03 3.656145886261946698e-01
4.023800000000000182e+03 7.288551745630429650e+03 3.636077946490990920e-01
4.027300000000000182e+03 7.175148650828955397e+03 3.637844560275352301e-01
4.030800000000000182e+03 7.319366376573972047e+03 3.627457144051337012e-01
4.034300000000000182e+03 7.387528966816947104e+03 3.604874043435543629e-01
4.037800000000000182e+03 7.584119132177245774e+03 3.579087729425312614e-01
4.041300000000000182e+03 7.423949224383539331e+03 3.598542000838412247e-01
4.044800000000000182e+03 7.591631197265251103e+03 3.588504442317060339e-01
4.048300000000000182e+03 7.820635815886175806e+03 3.560910942069581697e-01
4.051800000000000182e+03 7.791312218595686318e+03 3.558962706824658762e-01
4.055300000000000182e+03 7.898337687718988491e+03 3.541448649288670425e-01
4.058800000000000182e+03 7.856827535875576359e+03 3.531289752920329095e-01
4.062300000000000182e+03 7.884619974581685710e+03 3.532365264864912868e-01
4.065800000000000182e+03 7.973176621923940729e+03 3.519323668501678215e-01
4.069300000000000182e+03 7.778788791301827587e+03 3.522136792557510332e-01
4.072800000000000182e+03 7.845327053713906025e+03 3.487407039801307951e-01
4.076300000000000182e+03 7.658098700250032380e+03 3.495874739129249398e-01
4.079800000000000182e+03 7.814570105846200022e+03 3.461777635276918064e-01
4.083300000000000182e+03 7.683721038803153533e+03 3.442924229948191028e-01
4.086800000000000182e+03 7.456002250784159514e+03 3.447440669064326668e-01
4.090300000000000182e+03 7.298999199926172878e+03 3.456432912134539959e-01
4.093800000000000182e+03 7.127247292727553940e+03 3.447286824635620306e-01
4.097300000000000182e+03 7.126526592477362101e+03 3.386716416025070675e-01
4.100800000000000182e+03 7.045633158684703631e+03 3.323206715499232300e-01
4.104300000000000182e+03 7.013777995853972243e+03 3.281950129011665385e-01
4.107800000000000182e+03 7.276380762089267591e+03 3.219322581410668516e-01
4.111300000000000182e+03 7.199546758707969275e+03 3.201103054376140400e-01
4.114800000000000182e+03 7.226407494048698027e+03 3.226478627970419399e-01
4.118300000000000182e+03 7.439988704084194978e+03 3.274640579392645301e-01
4.121800000000000182e+03 7.813327387541408825e+03 3.333823599634413437e-01
4.125300000000000182e+03 7.856362571533291884e+03 3.387525930869783042e-01
4.128800000000000182e+03 8.203542563046208670e+03 3.382649119658375780e-01
4.132300000000000182e+03 8.508366142642827981e+03 3.358388023189584626e-01
4.135800000000000182e+03 8.596237231723724108e+03 3.313122643487079744e-01
4.139300000000000182e+03 8.736740999961539273e+03 3.296236823369337321e-01
4.142800000000000182e+03 8.830224979715378140e+03 3.300131313299003999e-01
4.146300000000000182e+03 9.103978104516876556e+03 3.244433050634418225e-01
4.149800000000000182e+03 9.117040563776718045e+03 3.255595554994224483e-01
4.153300000000000182e+03 9.089395940682925357e+03 3.242768214663717119e-01
4.156800000000000182e+03 9.239062282143122502e+03 3.238680881674528278e-01
4.160300000000000182e+03 9.208535612017369203e+03 3.216039947603350213e-01
4.163800000000000182e+03 9.164257176842482295e+03 3.218840110575115210e-01
4.167300000000000182e+03 9.492547289479709434e+03 3.203216421986322393e-01
4.170800000000000182e+03 9.451738229060923913e+03 3.186196716902782167e-01
4.174300000000000182e+03 9.281598598049580687e+03 3.171558002190578152e-01
4.177800000000000182e+03 9.257278810155776227e+03 3.172531608529584046e-01
4.181300000000000182e+03 9.552617388456186745e+03 3.160666916700108908e-01
4.184800000000000182e+03 9.554557351163151907e+03 3.134580427604791164e-01
4.188300000000000182e+03 9.384020456880669371e+03 3.158824162357281584e-01
4.191800000000000182e+03 9.793782564508650466e+03 3.116573727032082575e-01
4.195300000000000182e+03 9.668891473185727591e+03 3.131578755024230221e-01
4.198800000000000182e+03 9.648708733249430225e+03 3.122277204229422787e-01
4.202300000000000182e+03 9.889776663310844015e+03 3.095283237709600677e-01
4.205800000000000182e+03 9.981569744773840284e+03 3.097516079483254581e-01
4.209300000000000182e+03 1.008834725174104096e+04 3.087482318059559527e-01
4.212800000000000182e+03 1.007298564656385861e+04 3.050031584652571626e-01
4.216300000000000182e+03 9.871663004263727998e+03 3.076697966995158295e-01
4.219800000000000182e+03 1.017580316890357972e+04 3.049198090347948198e-01
4.223300000000000182e+03 9.911056081981210809e+03 3.046366327383270289e-01
4.226800000000000182e+03 1.016724226027714212e+04 3.011455637261719054e-01
4.230300000000000182e+03 1.011524202979236179e+04 3.014103264247164349e-01
4.233800000000000182e+03 1.032707042160869605e+04 3.018855326114319171e-01
4.237300000000000182e+03 1.025827507727769080e+04 3.002787457991236697e-01
4.240800000000000182e+03 1.040972527359217929e+04 2.995664143277503855e-01
4.244300000000000182e+03 1.031621532321135237e+04 3.001254738991886439e-01
4.247800000000000182e+03 1.049847590169691102e+04 2.971143636065438076e-01
4.251300000000000182e+03 1.014515732933386425e+04 2.993689358379827969e-01
4.254800000000000182e+03 1.040867529622666916e+04 2.964409569104242692e-01
4.258300000000000182e+03 1.051677222287407130e+04 2.966736870249010449e-01
4.261800000000000182e+03 1.055942131720285761e+04 2.939559571478182476e-01
4.265300000000000182e+03 1.050865956078269664e+04 2.924964616751786761e-01
4.268800000000000182e+03 1.034805330533044435e+04 2.930159783204764889e-01
4.272300000000000182e+03 1.053041470447571919e+04 2.897358763883594035e-01
4.275800000000000182e+03 1.055378575747658761e+04 2.901614759117219777e-01
4.279300000000000182e+03 1.058673263245436101e+04 2.902092869553848931e-01
4.282800000000000182e+03 1.081630149681268995e+04 2.904634267009564286e-01
4.286300000000000182e+03 1.058159202269253547e+04 2.911577837855153228e-01
4.289800000000000182e+03 1.079419806542571860e+04 2.889051145601245207e-01
4.293300000000000182e+03 1.082385412940610331e+04 2.871903746394374735e-01
4.296800000000000182e+03 1.080412727141592222e+04 2.874728891137568465e-01
4.300300000000000182e+03 1.105256233189543127e+04 2.873550176488652297e-01
4.303800000000000182e+03 1.097579394950750793e+04 2.852135964315168359e-01
4.307300000000000182e+03 1.083769734952891122e+04 2.851547332788135214e-01
4.310800000000000182e+03 1.075658430328338545e+04 2.850331211264330866e-01
4.314300000000000182e+03 1.067695271774464709e+04 2.845634798532100662e-01
4.317800000000000182e+03 1.055274977644116370e+04 2.826597478341070224e-01
4.321300000000000182e+03 1.023877512249289975e+04 2.810003890950402150e-01
4.324800000000000182e+03 1.028794403169544603e+04 2.766823162832923177e-01
4.328300000000000182e+03 9.908370869967355247e+03 2.777460828539240478e-01
4.331800000000000182e+03 9.696981076855721767e+03 2.777902183175317563e-01
4.335300000000000182e+03 9.687045152096978200e+03 2.749191815607594513e-01
4.338800000000000182e+03 9.626137429574706402e+03 2.720494024995629978e-01
4.342300000000000182e+03 9.517205956265095665e+03 2.683148200609595246e-01
4.345800000000000182e+03 9.526889780660818360e+03 2.624157696947638230e-01
4.349300000000000182e+03 9.821551148591635865e+03 2.586258354398449644e-01
4.352800000000000182e+03 9.997177702899263750e+03 2.583248412713324837e-01
4.356300000000000182e+03 1.007838004345093395e+04 2.645640856467538771e-01
4.359800000000000182e+03 1.054070643992657824e+04 2.666081953306680963e-01
4.363300000000000182e+03 1.069803299968767715e+04 2.746743521717903147e-01
4.366800000000000182e+03 1.077919686923116569e+04 2.776449143823460086e-01
4.370300000000000182e+03 1.116751426960233039e+04 2.768431952422837350e-01
4.373800000000000182e+03 1.145908260056904328e+04 2.731493464634058288e-01
4.377300000000000182e+03 1.162248574425267179e+04 2.677126831759826797e-01
4.380800000000000182e+03 1.182366073232668714e+04 2.681850927451455702e-01
4.384300000000000182e+03 1.193166729155477697e+04 2.644276217394408435e-01
4.387800000000000182e+03 1.191520366400492094e+04 2.623409509713056642e-01
4.391300000000000182e+03 1.191213293841912855e+04 2.647014946210640152e-01
4.394800000000000182e+03 1.187318555666816428e+04 2.625169173981181658e-01
4.398300000000000182e+03 1.179216613841063190e+04 2.626828178861508878e-01
4.401800000000000182e+03 1.201022394233283921e+04 2.627338351935975536e-01
4.405300000000000182e+03 1.211353322092611779e+04 2.615207680275138391e-01
4.408800000000000182e+03 1.223468781380126893e+04 2.605089226337921060e-01
4.412300000000000182e+03 1.231242801978994612e+04 2.615551188465215504e-01
4.415800000000000182e+03 1.215319704687028207e+04 2.595006036681934969e-01
4.419300000000000182e+03 1.230418367406921789e+04 2.587833071718477207e-01
4.422800000000000182e+03 1.232722519926399582e+04 2.588571919827282741e-01
4.426300000000000182e+03 1.215291400205667014e+04 2.584474026979006189e-01
4.429800000000000182e+03 1.215828659425200021e+04 2.573531068403117628e-01
4.433300000000000182e+03 1.215040050837873241e+04 2.571065052502056747e-01
4.436800000000000182e+03 1.262180395342660631e+04 2.536608695261024504e-01
4.440300000000000182e+03 1.212697874587658589e+04 2.576630539570473055e-01
4.443800000000000182e+03 1.213222924671088731e+04 2.561412728410843442e-01
4.447300000000000182e+03 1.240056130767601462e+04 2.544592041357685575e-01
4.450800000000000182e+03 1.222319371720421987e+04 2.541045936574445330e-01
4.454300000000000182e+03 1.241743567706440990e+04 2.516449265749911568e-01
4.457800000000000182e+03 1.252654977071312169e+04 2.504004545144169480e-01
4.461300000000000182e+03 1.252747356200399554e+04 2.505710389135406557e-01
4.464800000000000182e+03 1.210127355075945889e+04 2.503890908026961681e-01
4.468300000000000182e+03 1.180250897608303967e+04 2.518167288867811382e-01
4.471800000000000182e+03 1.204545408022608535e+04 2.516469442543879387e-01
4.475300000000000182e+03 1.197451254444088590e+04 2.496705414796912825e-01
4.478800000000000182e+03 1.257174890675259667e+04 2.456999122525707624e-01
4.482300000000000182e+03 1.245891465431740835e+04 2.475125828294376662e-01
4.485800000000000182e+03 1.264686807316598060e+04 2.455196653544384211e-01
4.489300000000000182e+03 1.273395748824649309e+04 2.450883192055685056e-01
4.492800000000000182e+03 1.269034312257844067e+04 2.460984664908471564e-01
4.496300000000000182e+03 1.287728083052441616e+04 2.451250136114373479e-01
4.499800000000000182e+03 1.274591580777580566e+04 2.446339342233049829e-01
4.503300000000000182e+03 1.269983893458421699e+04 2.449584196747160159e-01
4.506800000000000182e+03 1.291838624616040943e+04 2.444347930740494446e-01
4.510300000000000182e+03 1.286245236393103551e+04 2.448825178377559142e-01
4.513800000000000182e+03 1.275250554208424001e+04 2.431418953803726468e-01
4.517300000000000182e+03 1.296633628402316572e+04 2.413063477769784027e-01
4.520800000000000182e+03 1.310361915767423125e+04 2.393751290396069764e-01
4.524300000000000182e+03 1.296782912087063960e+04 2.403159332036893248e-01
4.527800000000000182e+03 1.333332015910811424e+04 2.366541475600947297e-01
4.531300000000000182e+03 1.297415637352405065e+04 2.377736160912906904e-01
4.534800000000000182e+03 1.304449120613396735e+04 2.383860370494886860e-01
4.538300000000000182e+03 1.313132081842031039e+04 2.378548990253043782e-01
4.541800000000000182e+03 1.318719323378521403e+04 2.363252816772851150e-01
4.545300000000000182e+03 1.302813164526629225e+04 2.379470850207215937e-01
4.548800000000000182e+03 1.331188876368758065e+04 2.357221138485277590e-01
4.552300000000000182e+03 1.328895014722101587e+04 2.337598782581951917e-01
4.555800000000000182e+03 1.329397511424317599e+04 2.358249547455372186e-01
4.559300000000000182e+03 1.340520106820287947e+04 2.338609884472221678e-01
4.562800000000000182e+03 1.316091378799903941e+04 2.332424436895529918e-01
4.566300000000000182e+03 1.323505570292470475e+04 2.335796317748194961e-01
4.569800000000000182e+03 1.308810114804883233e+04 2.345222590686836250e-01
4.573300000000000182e+03 1.332360847323647613e+04 2.316227068899330277e-01
4.576800000000000182e+03 1.322238009415860506e+04 2.321602210536906075e-01
4.580300000000000182e+03 1.353192464818384542e+04 2.303444584645801541e-01
4.583800000000000182e+03 1.313195278424415483e+04 2.315864620777642047e-01
4.587300000000000182e+03 1.355182119976094509e+04 2.290538781864149276e-01
4.590800000000000182e+03 1.352012062663265169e+04 2.274286205292961605e-01
4.594300000000000182e+03 1.325129208304510394e+04 2.279795118788842390e-01
4.597800000000000182e+03 1.365090286141567958e+04 2.258588574960684048e-01
4.601300000000000182e+03 1.333651309363746441e+04 2.264340822181800383e-01
4.604800000000000182e+03 1.347614139273568071e+04 2.254622579820761974e-01
4.608300000000000182e+03 1.353793393090344216e+04 2.262952359200877395e-01
4.611800000000000182e+03 1.325524774822391191e+04 2.267947876228650350e-01
4.615300000000000182e+03 1.337556240470608100e+04 2.230858196541042893e-01
4.618800000000000182e+03 1.344240015177265013e+04 2.254639826737409036e-01
4.622300000000000182e+03 1.333803604783089577e+04 2.226468298704159243e-01
4.625800000000000182e+03 1.306679922389496642e+04 2.245691364488487385e-01
4.629300000000000182e+03 1.338938030799128501e+04 2.212104011245862589e-01
4.632800000000000182e+03 1.359549743055477848e+04 2.186190847720403119e-01
4.636300000000000182e+03 1.356273575584683203e+04 2.192413562267596927e-01
4.639800000000000182e+03 1.347810295588476401e+04 2.194287665494112638e-01
4.643300000000000182e+03 1.336182400682470870e+04 2.204462372684445337e-01
4.646800000000000182e+03 1.343468454457437474e+04 2.200938214607167376e-01
4.650300000000000182e+03 1.364694202102495728e+04 2.178075008220109743e-01
4.653800000000000182e+03 1.338182729770369042e+04 2.179921903795592475e-01
4.657300000000000182e+03 1.396319131171503250e+04 2.159058388798119066e-01
4.660800000000000182e+03 1.352893526181454217e+04 2.178981845526998251e-01
4.664300000000000182e+03 1.379822593967416105e+04 2.142135580030675168e-01
4.667800000000000182e+03 1.352598019196427413e+04 2.159649631747385390e-01
4.671300000000000182e+03 1.382730909796631022e+04 2.141284111926334277e-01
4.674800000000000182e+03 1.358002319928259021e+04 2.143723978993261059e-01
4.678300000000000182e+03 1.369881122082135334e+04 2.155628924987819661e-01
4.681800000000000182e+03 1.354049343383621999e+04 2.155125222027412246e-01
4.685300000000000182e+03 1.381266319546386876e+04 2.133819627038942568e-01
4.688800000000000182e+03 1.350173878539111138e+04 2.132263961235630889e-01
4.692300000000000182e+03 1.345516890485130352e+04 2.141727310675579088e-01
4.695800000000000182e+03 1.393977320760784642e+04 2.134249156305599304e-01
4.699300000000000182e+03 1.365577413324210647e+04 2.102934042888289223e-01
4.702800000000000182e+03 1.370846009336479801e+04 2.085489130187297702e-01
4.706300000000000182e+03 1.349859202314611684e+04 2.087202224180461363e-01
4.709800000000000182e+03 1.330719767778741880e+04 2.096523319073527736e-01
4.713300000000000182e+03 1.361371827014325572e+04 2.074841483357277028e-01
4.716800000000000182e+03 1.314660048764034582e+04 2.091110816682744677e-01
4.720300000000000182e+03 1.320635475401121948e+04 2.093494326987615228e-01
4.723800000000000182e+03 1.338262636143963209e+04 2.095590583218468195e-01
4.727300000000000182e+03 1.355266607681123060e+04 2.078685611582933301e-01
4.730800000000000182e+03 1.359432619025044733e+04 2.062223645532503535e-01
4.734300000000000182e+03 1.372437012337594570e+04 2.047710064964916032e-01
4.737800000000000182e+03 1.358899403157789675e+04 2.066243216337974309e-01
4.741300000000000182e+03 1.323815519463696364e+04 2.077012366697540413e-01
4.744800000000000182e+03 1.319483601688037015e+04 2.070099519746966543e-01
4.748300000000000182e+03 1.344601282595997145e+04 2.058570442819113444e-01
4.751800000000000182e+03 1.344463643249234156e+04 2.050660061368514697e-01
4.755300000000000182e+03 1.372750638676114249e+04 2.041748198008066228e-01
4.758800000000000182e+03 1.373148192542876677e+04 2.044214271331736554e-01
4.762300000000000182e+03 1.368095513521513567e+04 2.039137710779195534e-01
4.765800000000000182e+03 1.363798929733674959e+04 2.035134197879304163e-01
4.769300000000000182e+03 1.376078728477291224e+04 2.022424572681027211e-01
4.772800000000000182e+03 1.365139216152779954e+04 2.037455099721592888e-01
4.776300000000000182e+03 1.357195945058697362e+04 2.006023185366775652e-01
4.779800000000000182e+03 1.365603169472847367e+04 2.014008267746831837e-01
4.783300000000000182e+03 1.342794775061116161e+04 2.021455787232631085e-01
4.786800000000000182e+03 1.358635966058975100e+04 2.004479842880756146e-01
4.790300000000000182e+03 1.336503443975035407e+04 2.014995891898885838e-01
4.793800000000000182e+03 1.348314989669788338e+04 2.009993690000639321e-01
4.797300000000000182e+03 1.362217564732668143e+04 1.996828828756479213e-01
4.800800000000000182e+03 1.338658853103525689e+04 1.986855121716177286e-01
4.804300000000000182e+03 1.326255234085456323e+04 2.005781057702259729e-01
4.807800000000000182e+03 1.344574456374308829e+04 1.996149940899543118e-01
4.811300000000000182e+03 1.339802751678012646e+04 1.991613272679507995e-01
4.814800000000000182e+03 1.325067093048645620e+04 1.994955776513895884e-01
4.818300000000000182e+03 1.320491516600831892e+04 1.996375713224597115e-01
4.821800000000000182e+03 1.327826625876135586e+04 1.990909496954107738e-01
4.825300000000000182e+03 1.343008323302828103e+04 1.991457914383708838e-01
4.828800000000000182e+03 1.325223996318935860e+04 1.988126871560249309e-01
4.832300000000000182e+03 1.284752924975951464e+04 2.012809882220708557e-01
4.835800000000000182e+03 1.295676904513688169e+04 1.963939540498600700e-01
4.839300000000000182e+03 1.238562160885532830e+04 1.981816763959386996e-01
4.842800000000000182e+03 1.255479586083527465e+04 1.947831842306510242e-01
4.846300000000000182e+03 1.218802954603368380e+04 1.937969030731582498e-01
4.849800000000000182e+03 1.179317999640796188e+04 1.934834546159152902e-01
4.853300000000000182e+03 1.175989203979459853e+04 1.932921376663953583e-01
4.856800000000000182e+03 1.119040161108508073e+04 1.912746245485461016e-01
4.860300000000000182e+03 1.116722503308551495e+04 1.892738763136438129e-01
4.863800000000000182e+03 1.127124994826490365e+04 1.823537151040784399e-01
4.867300000000000182e+03 1.127535911298379688e+04 1.778882779435216333e-01
4.870800000000000182e+03 1.100524575721897418e+04 1.793207317568918657e-01
4.874300000000000182e+03 1.139468078785135003e+04 1.818891169730577628e-01
4.877800000000000182e+03 1.154312080248378334e+04 1.851039517536617884e-01
4.881300000000000182e+03 1.171782876956477594e+04 1.909444946330421944e-01
4.884800000000000182e+03 1.246897359736344697e+04 1.933917807072689232e-01
4.888300000000000182e+03 1.249806408804411149e+04 1.967929513675421294e-01
4.891800000000000182e+03 1.271443099723723753e+04 1.953750501211624357e-01
4.895300000000000182e+03 1.319747312159967078e+04 1.909588958979578366e-01
4.898800000000000182e+03 1.318142338437322906e+04 1.899710131950955450e-01
4.902300000000000182e+03 1.342335263210133598e+04 1.882830437024563264e-01
4.905800000000000182e+03 1.351565617440455935e+04 1.873989559721810083e-01
4.909300000000000182e+03 1.352028765006596950e+04 1.874016590027988982e-01
4.912800000000000182e+03 1.338256491041528352e+04 1.864835888138286213e-01
4.916300000000000182e+03 1.313223320591954325e+04 1.877976986311789831e-01
4.919800000000000182e+03 1.344756531145572990e+04 1.834510273016641269e-01
4.923300000000000182e+03 1.292413437700280883e+04 1.868574386727173409e-01
4.926800000000000182e+03 1.307779324534594707e+04 1.851729022185386597e-01
4.930300000000000182e+03 1.302675317851007458e+04 1.842836080474511140e-01
4.933800000000000182e+03 1.302720595479449730e+04 1.852322698622887731e-01
4.937300000000000182e+03 1.315768069755247961e+04 1.839573373696944958e-01
4.940800000000000182e+03 1.296199334556711619e+04 1.852827901570250346e-01
4.944300000000000182e+03 1.318663620226444982e+04 1.832642874748720563e-01
4.947800000000000182e+03 1.326957494593123192e+04 1.835760969240295137e-01
4.951300000000000182e+03 1.330999078673501572e+04 1.831347788679251187e-01
4.954800000000000182e+03 1.322344040699055768e+04 1.830620251730797066e-01
4.958300000000000182e+03 1.317548744002730200e+04 1.841038368918987422e-01
4.961800000000000182e+03 1.315920253587117077e+04 1.846904551590262122e-01
4.965300000000000182e+03 1.332183867629532142e+04 1.810205481521600934e-01
4.968800000000000182e+03 1.313148534536022999e+04 1.833560307935094003e-01
4.972300000000000182e+03 1.318036605898993366e+04 1.832511681705575879e-01
4.975800000000000182e+03 1.309760863880818215e+04 1.812904212305527507e-01
4.979300000000000182e+03 1.325807877897953040e+04 1.828596896911445502e-01
4.982800000000000182e+03 1.291617775128813628e+04 1.828131778102804195e-01
4.986300000000000182e+03 1.317502817292824147e+04 1.830687381395743052e-01
4.989800000000000182e+03 1.319703436747102023e+04 1.792293934635862396e-01
4.993300000000000182e+03 1.281847346857778757e+04 1.829867206808344360e-01
4.996800000000000182e+03 1.287579274270488168e+04 1.809199779437055122e-01
5.000300000000000182e+03 1.287540682054808349e+04 1.805676462714258801e-01
5.003800000000000182e+03 1.271475248735626883e+04 1.800473733302044854e-01
5.007300000000000182e+03 1.269029563311851962e+04 1.799966354758761045e-01
5.010800000000000182e+03 1.290298823382252522e+04 1.795267947592721069e-01
5.014300000000000182e+03 1.261113944964551956e+04 1.800941872880048034e-01
5.017800000000000182e+03 1.260137723348983491e+04 1.784183282297897022e-01
5.021300000000000182e+03 1.279094685281938655e+04 1.794665282969551134e-01
5.024800000000000182e+03 1.323173130861557001e+04 1.783274203564121363e-01
5.028300000000000182e+03 1.267061519210893857e+04 1.819174812650766748e-01
5.031800000000000182e+03 1.266635685365119934e+04 1.836935417077751598e-01
5.035300000000000182e+03 1.241777961031108862e+04 1.821556111666738642e-01
5.038800000000000182e+03 1.257888599722928302e+04 1.803690818519934902e-01
5.042300000000000182e+03 1.225632638563327964e+04 1.803856716989413189e-01
5.045800000000000182e+03 1.252431757411239960e+04 1.773940142509886075e-01
5.049300000000000182e+03 1.250677510612777041e+04 1.789971452110692696e-01
5.052800000000000182e+03 1.272462632596390904e+04 1.755789471436149107e-01
5.056300000000000182e+03 1.274203951510949446e+04 1.751598779062277789e-01
5.059800000000000182e+03 1.231648820248869197e+04 1.777679956024250107e-01
5.063300000000000182e+03 1.267611657884066517e+04 1.770481854235163299e-01
5.066800000000000182e+03 1.276492573114961669e+04 1.763038141360341871e-01
5.070300000000000182e+03 1.256169827276520118e+04 1.773171069343065787e-01
5.073800000000000182e+03 1.249257984569756627e+04 1.778426228067147563e-01
5.077300000000000182e+03 1.284782777595638981e+04 1.747598541299091313e-01
5.080800000000000182e+03 1.277406256521094110e+04 1.752298048335708958e-01
5.084300000000000182e+03 1.228713977023589359e+04 1.776331965197752161e-01
5.087800000000000182e+03 1.270522998093110982e+04 1.730584435947170041e-01
5.091300000000000182e+03 1.277080281917901448e+04 1.734596147325727644e-01
5.094800000000000182e+03 1.269008303730830630e+04 1.728181080317743312e-01
5.098300000000000182e+03 1.275425548666983377e+04 1.732649066543195115e-01
5.101800000000000182e+03 1.289821894260635418e+04 1.714991032599342824e-01
5.105300000000000182e+03 1.262282046055568935e+04 1.721533429919404334e-01
5.108800000000000182e+03 1.255015949258658293e+04 1.729283507509692119e-01
5.112300000000000182e+03 1.262243420367728322e+04 1.723381563406316264e-01
5.115800000000000182e+03 1.262333404645604060e+04 1.719482783368476708e-01
5.119300000000000182e+03 1.294655273001950263e+04 1.692710567675222433e-01
5.122800000000000182e+03 1.282270179851440480e+04 1.690318744814602314e-01
5.126300000000000182e+03 1.260617067108095580e+04 1.698323294483015666e-01
5.129800000000000182e+03 1.232065119707611666e+04 1.710801308579132651e-01
5.133300000000000182e+03 1.273899944239436627e+04 1.695915742635936974e-01
5.136800000000000182e+03 1.273208507423643096e+04 1.671559736615186587e-01
5.140300000000000182e+03 1.280969881849041485e+04 1.677722041630596850e-01
5.143800000000000182e+03 1.265605160349565267e+04 1.702841468672745828e-01
5.147300000000000182e+03 1.262918300862607066e+04 1.678323529755336441e-01
5.150800000000000182e+03 1.286140664232288145e+04 1.687563509034450682e-01
5.154300000000000182e+03 1.259508139958062930e+04 1.673571758477322424e-01
5.157800000000000182e+03 1.269235560538697791e+04 1.673378059780890048e-01
5.161300000000000182e+03 1.257591209290615916e+04 1.696600475513078410e-01
5.164800000000000182e+03 1.286394357168414535e+04 1.665830237454097584e-01
5.168300000000000182e+03 1.280087018098124281e+04 1.646362224017709486e-01
5.171800000000000182e+03 1.254299002582800495e+04 1.677065993301775360e-01
5.175300000000000182e+03 1.249207825361572395e+04 1.671024438459990102e-01
5.178800000000000182e+03 1.243929367147294579e+04 1.664510674617980801e-01
5.182300000000000182e+03 1.262285659273641613e+04 1.655817389087404501e-01
5.185800000000000182e+03 1.251909770662473056e+04 1.656661262911767740e-01
5.189300000000000182e+03 1.255282803386056185e+04 1.662444671436111576e-01
5.192800000000000182e+03 1.255993833850919145e+04 1.649525369680389930e-01
5.196300000000000182e+03 1.248708838429188108e+04 1.655703318160762494e-01
5.199800000000000182e+03 1.253783070754618348e+04 1.634060684721080625e-01
5.203300000000000182e+03 1.239757975739628819e+04 1.653575793604228350e-01
5.206800000000000182e+03 1.259380035890104227e+04 1.654273930633814726e-01
5.210300000000000182e+03 1.200244855009216553e+04 1.659778758372037755e-01
5.213800000000000182e+03 1.255749085429118350e+04 1.634320083502963095e-01
5.217300000000000182e+03 1.219761486495110330e+04 1.646928677320588785e-01
5.220800000000000182e+03 1.201942048868097845e+04 1.668141373553396201e-01
5.224300000000000182e+03 1.240325733398415287e+04 1.641607831948429796e-01
5.227800000000000182e+03 1.226466892421895864e+04 1.639998932558281441e-01
5.231300000000000182e+03 1.215299576544535375e+04 1.646193987141212067e-01
5.234800000000000182e+03 1.225868104167195634e+04 1.648503449749730565e-01
5.238300000000000182e+03 1.223463665708281769e+04 1.651357237428574543e-01
5.241800000000000182e+03 1.229388474748178487e+04 1.639121384556087302e-01
5.245300000000000182e+03 1.240086504940085797e+04 1.643700304144543045e-01
5.248800000000000182e+03 1.236502074724229715e+04 1.655539709816814531e-01
5.252300000000000182e+03 1.234525513111408873e+04 1.642004209981122453e-01
5.255800000000000182e+03 1.183345593303355417e+04 1.665942734093410760e-01
5.259300000000000182e+03 1.219994873743507378e+04 1.649411249277122071e-01
5.262800000000000182e+03 1.212856619997426242e+04 1.635966068231031745e-01
5.266300000000000182e+03 1.217642863302509795e+04 1.613448597893692438e-01
5.269800000000000182e+03 1.204511795363640704e+04 1.627288278880616446e-01
5.273300000000000182e+03 1.200991621304837463e+04 1.652553851620643666e-01
5.276800000000000182e+03 1.190813551581673346e+04 1.631875776801569866e-01
5.280300000000000182e+03 1.192341988414235857e+04 1.636651294320565220e-01
5.283800000000000182e+03 1.179150532192572791e+04 1.657700826030369667e-01
5.287300000000000182e+03 1.219426216256970656e+04 1.623042060921013330e-01
5.290800000000000182e+03 1.200200362611481978e+04 1.651002449701514663e-01
5.294300000000000182e+03 1.183775749799476762e+04 1.651671523350260185e-01
5.297800000000000182e+03 1.177432943293103745e+04 1.643750743642758416e-01
5.301300000000000182e+03 1.174097845760722157e+04 1.663791210813523880e-01
5.304800000000000182e+03 1.204516054027386417e+04 1.633297272858949545e-01
5.308300000000000182e+03 1.190898249943077644e+04 1.623541462533075463e-01
5.311800000000000182e+03 1.180166278340793724e+04 1.640305861721418068e-01
5.315300000000000182e+03 1.190218790377763980e+04 1.627922256220385722e-01
5.318800000000000182e+03 1.185936250925828244e+04 1.620591362106847122e-01
5.322300000000000182e+03 1.186012331035935495e+04 1.631955729724293425e-01
5.325800000000000182e+03 1.199785451915676458e+04 1.612863147134739605e-01
5.329300000000000182e+03 1.198441665978539822e+04 1.596731691470725523e-01
5.332800000000000182e+03 1.176069124589417515e+04 1.615603262054886857e-01
5.336300000000000182e+03 1.189838691036229466e+04 1.597463655986946229e-01
5.339800000000000182e+03 1.184952552215502874e+04 1.620430408931872179e-01
5.343300000000000182e+03 1.175785390009890216e+04 1.613933991958398928e-01
5.346800000000000182e+03 1.170652689920024022e+04 1.612186474063386499e-01
5.350300000000000182e+03 1.179786926717405368e+04 1.611704037663510836e-01
5.353800000000000182e+03 1.157218766120624059e+04 1.607846417258157190e-01
5.357300000000000182e+03 1.170438767432538953e+04 1.619223946564744554e-01
5.360800000000000182e+03 1.156456057156014867e+04 1.600715882661377099e-01
5.364300000000000182e+03 1.190376168858225537e+04 1.570641846426075738e-01
5.367800000000000182e+03 1.157022345249365753e+04 1.609886631311993055e-01
5.371300000000000182e+03 1.162133806846987682e+04 1.604897375482005617e-01
5.374800000000000182e+03 1.157956295366348058e+04 1.604801521558255062e-01
5.378300000000000182e+03 1.154368045825574700e+04 1.588811461502031008e-01
5.381800000000000182e+03 1.160509723006849708e+04 1.599491369311603350e-01
5.385300000000000182e+03 1.148317185048227475e+04 1.595291255242567985e-01
5.388800000000000182e+03 1.130701224201424884e+04 1.601788391837063175e-01
5.392300000000000182e+03 1.165332225950440079e+04 1.603944070206945460e-01
5.395800000000000182e+03 1.133921336507424894e+04 1.594820417559632830e-01
5.399300000000000182e+03 1.164675909134647191e+04 1.578775295142986757e-01
5.402800000000000182e+03 1.167678166676387082e+04 1.588202752131594453e-01
5.406300000000000182e+03 1.129921754691248680e+04 1.608655767224414224e-01
5.409800000000000182e+03 1.132978104777939370e+04 1.611541712832435247e-01
5.413300000000000182e+03 1.132101416637985858e+04 1.604512226985428947e-01
5.416800000000000182e+03 1.132877929334499277e+04 1.588971630130391610e-01
5.420300000000000182e+03 1.113290608941009305e+04 1.591434098852915757e-01
5.423800000000000182e+03 1.108174854685928221e+04 1.603998850564545553e-01
5.427300000000000182e+03 1.124473284497453096e+04 1.585661254354252536e-01
5.430800000000000182e+03 1.101192006667322494e+04 1.611047977974634227e-01
5.434300000000000182e+03 1.133027398293828082e+04 1.587357186961738387e-01
5.437800000000000182e+03 1.116367831520982872e+04 1.593410461409585643e-01
5.441300000000000182e+03 1.120245268394663617e+04 1.588877687087076884e-01
5.444800000000000182e+03 1.106222461980405569e+04 1.580270809915902686e-01
5.448300000000000182e+03 1.122103422174531079e+04 1.566690631793868083e-01
5.451800000000000182e+03 1.095430496280200714e+04 1.588187003723059154e-01
5.455300000000000182e+03 1.104174227549761417e+04 1.580760760442574686e-01
5.458800000000000182e+03 1.104375457473006099e+04 1.581572879888894501e-01
5.462300000000000182e+03 1.110598167532036132e+04 1.574961690003967851e-01
5.465800000000000182e+03 1.086018760867904894e+04 1.581530527780687090e-01
5.469300000000000182e+03 1.107748340716999155e+04 1.566256590157942552e-01
5.472800000000000182e+03 1.117939141652473700e+04 1.569716975139991144e-01
5.476300000000000182e+03 1.091100861833363160e+04 1.563216773024597994e-01
5.479800000000000182e+03 1.090997936404758912e+04 1.565625169824361451e-01
5.483300000000000182e+03 1.110888932438648044e+04 1.535945144567663345e-01
5.486800000000000182e+03 1.091536721297063013e+04 1.562451785323609177e-01
5.490300000000000182e+03 1.110949848142854353e+04 1.541636145541299130e-01
5.493800000000000182e+03 1.092760323742052788e+04 1.550207196973387436e-01
5.497300000000000182e+03 1.089215188214926275e+04 1.553463517518740566e-01
5.500800000000000182e+03 1.093948533343126292e+04 1.563981278030676103e-01
5.504300000000000182e+03 1.089951898007980890e+04 1.562173215414613681e-01
5.507800000000000182e+03 1.093176932598723397e+04 1.559825281139386177e-01
5.511300000000000182e+03 1.095053743096413928e+04 1.537961398027068438e-01
5.514800000000000182e+03 1.081656114151264774e+04 1.541024860197733048e-01
5.518300000000000182e+03 1.088736161657766934e+04 1.532882169366431568e-01
5.521800000000000182e+03 1.072531004045663212e+04 1.557347107841866585e-01
5.525300000000000182e+03 1.078482319015588473e+04 1.548655980284655842e-01
5.528800000000000182e+03 1.069452300313815613e+04 1.541504590023903554e-01
5.532300000000000182e+03 1.092318964324880289e+04 1.528979372041895102e-01
5.535800000000000182e+03 1.088777491769671724e+04 1.541889941488203131e-01
5.539300000000000182e+03 1.078208172994227243e+04 1.517971995952105690e-01
5.542800000000000182e+03 1.066787926203834832e+04 1.527889265745203673e-01
5.546300000000000182e+03 1.059201916808054193e+04 1.533131353280274556e-01
5.549800000000000182e+03 1.052778403235283986e+04 1.526942839046898370e-01
5.553300000000000182e+03 1.059987277463312421e+04 1.533789024183572214e-01
5.556800000000000182e+03 1.080316190246356928e+04 1.520073722385620052e-01
5.560300000000000182e+03 1.055469231261331697e+04 1.538660867668829313e-01
5.563800000000000182e+03 1.039500725855921519e+04 1.555414722467977073e-01
5.567300000000000182e+03 1.050610341941377919e+04 1.530265583718030675e-01
5.570800000000000182e+03 1.062328014451688250e+04 1.520792758635560737e-01
5.574300000000000182e+03 1.059056177105675306e+04 1.542264671809605026e-01
5.577800000000000182e+03 1.048335665577602231e+04 1.516737795530031241e-01
5.581300000000000182e+03 1.033586240246444504e+04 1.531123510906579055e-01
5.584800000000000182e+03 1.024416272716509593e+04 1.538997037961365444e-01
5.588300000000000182e+03 1.039770489439627454e+04 1.548430534811462700e-01
5.591800000000000182e+03 1.047260059963122694e+04 1.530232490832990344e-01
5.595300000000000182e+03 1.035134664454110862e+04 1.530009241840184775e-01
5.598800000000000182e+03 1.043949853914302184e+04 1.529034848201391850e-01
5.602300000000000182e+03 1.027555516607915342e+04 1.535373071812041190e-01
5.605800000000000182e+03 1.044106762418011931e+04 1.523958271017112065e-01
5.609300000000000182e+03 1.015933606323665117e+04 1.536557289377012137e-01
5.612800000000000182e+03 1.004223678631666917e+04 1.529903409039442552e-01
5.616300000000000182e+03 1.021654686231938103e+04 1.543968441544943671e-01
5.619800000000000182e+03 1.027388197234365907e+04 1.528415463359967252e-01
5.623300000000000182e+03 1.014746880180598782e+04 1.546899198228382233e-01
5.626800000000000182e+03 1.020661109626276448e+04 1.558430158205280081e-01
5.630300000000000182e+03 1.027591727420438838e+04 1.526616092878126107e-01
5.633800000000000182e+03 1.019049503884843762e+04 1.560459475610333491e-01
5.637300000000000182e+03 1.001836406607313802e+04 1.548617164483784281e-01
5.640800000000000182e+03 1.030286737722316684e+04 1.522844111885717222e-01
5.644300000000000182e+03 1.017086739688554371e+04 1.515511915553002242e-01
5.647800000000000182e+03 1.011824141937321838e+04 1.530886940714012157e-01
5.651300000000000182e+03 9.902988530441014518e+03 1.526450784412280437e-01
5.654800000000000182e+03 1.024250800201852326e+04 1.526028699770207997e-01
5.658300000000000182e+03 9.900818199932224161e+03 1.538038383845375112e-01
5.661800000000000182e+03 1.004499951642522319e+04 1.527495812572783329e-01
5.665300000000000182e+03 9.919264330081101434e+03 1.525178908178547732e-01
5.668800000000000182e+03 1.002682015953049631e+04 1.527074573749735431e-01
5.672300000000000182e+03 9.868776184977208686e+03 1.534250544017607409e-01
5.675800000000000182e+03 9.879942504049908166e+03 1.527644181459119066e-01
5.679300000000000182e+03 9.911810921558162590e+03 1.547811797252216792e-01
5.682800000000000182e+03 9.709772976303722317e+03 1.537935061827732097e-01
5.686300000000000182e+03 9.747198131205006575e+03 1.559994384511637355e-01
5.689800000000000182e+03 9.541180165709665744e+03 1.559885189406895745e-01
5.693300000000000182e+03 9.767304539167516850e+03 1.553522220105534590e-01
5.696800000000000182e+03 9.786387331662856013e+03 1.551615247685074195e-01
5.700300000000000182e+03 9.922172349617641885e+03 1.545971627685976124e-01
5.703800000000000182e+03 9.735972141932137674e+03 1.527684791949150966e-01
5.707300000000000182e+03 9.494709287152345496e+03 1.572848345358021649e-01
5.710800000000000182e+03 9.676993227337981807e+03 1.550208388451167207e-01
5.714300000000000182e+03 9.632975623680307763e+03 1.541728905428199625e-01
5.717800000000000182e+03 9.927141487358427185e+03 1.512739477651188214e-01
5.721300000000000182e+03 9.498175021060120343e+03 1.552667751495566406e-01
5.724800000000000182e+03 9.631093178494060339e+03 1.544961549438961523e-01
5.728300000000000182e+03 9.632672958935883798e+03 1.546365161046846515e-01
5.731800000000000182e+03 9.588723720308413249e+03 1.553944454559807176e-01
5.735300000000000182e+03 9.715793850137530171e+03 1.525887172180158124e-01
5.738800000000000182e+03 9.506580869097397226e+03 1.561349077180900491e-01
5.742300000000000182e+03 9.554338404473313858e+03 1.533792534352765025e-01
5.745800000000000182e+03 9.634601848103317025e+03 1.534272268237431291e-01
5.749300000000000182e+03 9.455549867048628585e+03 1.503841560918096065e-01
5.752800000000000182e+03 9.405227005644312158e+03 1.532195585768647283e-01
5.756300000000000182e+03 9.659591418225967573e+03 1.521777193725867283e-01
5.759800000000000182e+03 9.480980578872566184e+03 1.513228578303049687e-01
5.763300000000000182e+03 9.727533384744354407e+03 1.495549714124725649e-01
5.766800000000000182e+03 9.484286784940844882e+03 1.510151043309678753e-01
5.770300000000000182e+03 9.730382056210873998e+03 1.493982417213619851e-01
5.773800000000000182e+03 9.513251260496348550e+03 1.497106247407121449e-01
5.777300000000000182e+03 9.621462315204895276e+03 1.499415174220816716e-01
5.780800000000000182e+03 9.501440534001390915e+03 1.475447345893202700e-01
5.784300000000000182e+03 9.268931316512840567e+03 1.491326791702416721e-01
5.787800000000000182e+03 9.534739755317916206e+03 1.483029383180964889e-01
5.791300000000000182e+03 9.439200461358528628e+03 1.482672652098865618e-01
5.794800000000000182e+03 9.371343965391755773e+03 1.486250314582389653e-01
5.798300000000000182e+03 9.682462946033198023e+03 1.448182322618842555e-01
5.801800000000000182e+03 9.578786838958576482e+03 1.443783981836566088e-01
5.805300000000000182e+03 9.435387939606118380e+03 1.479860222959451244e-01
5.808800000000000182e+03 9.426876097372329241e+03 1.446194073434726446e-01
5.812300000000000182e+03 9.425485362503344732e+03 1.459168818522826594e-01
5.815800000000000182e+03 9.412590365807447597e+03 1.452872445244824673e-01
5.819300000000000182e+03 9.477871375345132037e+03 1.454092474571890559e-01
5.822800000000000182e+03 9.521533559405563210e+03 1.433077258462610859e-01
5.826300000000000182e+03 9.257320254940970699e+03 1.460873008037942566e-01
5.829800000000000182e+03 9.448919083170361773e+03 1.435384512962582515e-01
5.833300000000000182e+03 9.536545459993440090e+03 1.420134622677062808e-01
5.836800000000000182e+03 9.338337893228686880e+03 1.428838299396968381e-01
5.840300000000000182e+03 9.462284376619241812e+03 1.444647642565571322e-01
5.843800000000000182e+03 9.354082815252742876e+03 1.426063858782197213e-01
5.847300000000000182e+03 9.279696391941977708e+03 1.420591660887034480e-01
5.850800000000000182e+03 9.503479265843721805e+03 1.419451378300508049e-01
5.854300000000000182e+03 9.136135166713485887e+03 1.433598607739993425e-01
5.857800000000000182e+03 9.237095367736537810e+03 1.422026786701759693e-01
5.861300000000000182e+03 8.983254638524595066e+03 1.426653353992689000e-01
5.864800000000000182e+03 8.889647337013331708e+03 1.448226110797330990e-01
5.868300000000000182e+03 8.885541373696913070e+03 1.427812136205813265e-01
5.871800000000000182e+03 8.669847100446682816e+03 1.455352447968039087e-01
5.875300000000000182e+03 8.643522179904290169e+03 1.477199975549732258e-01
5.878800000000000182e+03 8.550867927086710552e+03 1.500966606781225232e-01
5.882300000000000182e+03 8.287297857025103440e+03 1.544049413037638652e-01
5.885800000000000182e+03 8.283563036835523235e+03 1.554532757509313468e-01
5.889300000000000182e+03 8.233062189906186177e+03 1.585871836186427963e-01
5.892800000000000182e+03 8.295405159628755428e+03 1.586214408938616538e-01
5.896300000000000182e+03 8.067590256586096984e+03 1.604170463576648498e-01
5.899800000000000182e+03 8.149560603484881540e+03 1.584444109721080962e-01
5.903300000000000182e+03 8.080367466057345155e+03 1.561788034282688420e-01
5.906800000000000182e+03 8.283427136584869004e+03 1.570982580972339060e-01
5.910300000000000182e+03 8.221023418467098963e+03 1.574827225682463305e-01
5.913800000000000182e+03 8.070865963403169189e+03 1.582492954529480522e-01
5.917300000000000182e+03 8.138566965877022994e+03 1.563107026793794374e-01
5.920800000000000182e+03 8.204924799119393356e+03 1.559992052093852055e-01
5.924300000000000182e+03 7.844573800956157356e+03 1.553774773124799169e-01
5.927800000000000182e+03 8.173455134181344874e+03 1.534522333398255223e-01
5.931300000000000182e+03 8.057275178622785461e+03 1.540207190012144178e-01
5.934800000000000182e+03 7.971713779768374479e+03 1.555658199359385430e-01
5.938300000000000182e+03 7.956007463654993444e+03 1.558719948112437526e-01
5.941800000000000182e+03 7.889453239613359983e+03 1.545563757691024165e-01
5.945300000000000182e+03 7.700300968627847396e+03 1.559151077888232817e-01
5.948800000000000182e+03 7.715297022288867993e+03 1.550353696834525508e-01
5.952300000000000182e+03 7.618540516636337998e+03 1.557662535856946529e-01
5.955800000000000182e+03 7.929515885525392150e+03 1.518226505794194603e-01
5.959300000000000182e+03 7.827378545227701579e+03 1.492534158987914028e-01
5.962800000000000182e+03 7.900876073718930456e+03 1.503543898941170631e-01
5.966300000000000182e+03 7.930100084411616990e+03 1.475090938074765101e-01
5.969800000000000182e+03 7.809288509616296324e+03 1.494652506053586460e-01
5.973300000000000182e+03 7.919108234603259916e+03 1.485362987098500231e-01
5.976800000000000182e+03 7.788992066694390815e+03 1.477645851109378183e-01
5.980300000000000182e+03 7.753222513079845157e+03 1.475964989098419722e-01
5.983800000000000182e+03 7.853094840271379326e+03 1.461943163375952759e-01
5.987300000000000182e+03 7.745120299543684268e+03 1.472050897763320099e-01
5.990800000000000182e+03 7.771392066704299395e+03 1.451925669996156631e-01
5.994300000000000182e+03 7.976276374525776191e+03 1.407305703420289600e-01
5.997800000000000182e+03 7.767867607440280153e+03 1.443340808909626127e-01
