# wavelength angstroms, flux, ext coeff
5.551500000000000000e+03 3.238841862417119046e+03 1.675894885353501063e-01
5.558500000000000000e+03 3.366725288425282997e+03 1.578470416510761865e-01
5.565500000000000000e+03 3.398778463662928061e+03 1.525537174730315082e-01
5.572500000000000000e+03 3.424487528041168844e+03 1.517980037000780935e-01
5.579500000000000000e+03 3.423377411110659978e+03 1.519669044702877947e-01
5.586500000000000000e+03 3.459024144121039171e+03 1.529581077382402565e-01
5.593500000000000000e+03 3.504443645782849217e+03 1.535726767919198543e-01
5.600500000000000000e+03 3.557182313724061260e+03 1.520440497545224867e-01
5.607500000000000000e+03 3.619957926354353276e+03 1.524293383162041993e-01
5.614500000000000000e+03 3.615037381625819762e+03 1.535706314542328588e-01
5.621500000000000000e+03 3.663150469893824265e+03 1.555271039328302851e-01
5.628500000000000000e+03 3.715465883426191795e+03 1.548537781266904889e-01
5.635500000000000000e+03 3.738663477527426949e+03 1.531738986566651695e-01
5.642500000000000000e+03 3.755231376544680643e+03 1.542968000654966754e-01
5.649500000000000000e+03 3.787705654038575176e+03 1.526591787040433024e-01
5.656500000000000000e+03 3.775988694940091591e+03 1.527575939387488535e-01
5.663500000000000000e+03 3.798390528390619693e+03 1.528397243400525241e-01
5.670500000000000000e+03 3.843567153902545670e+03 1.529609929112165090e-01
5.677500000000000000e+03 3.840645321956670159e+03 1.534527677459215367e-01
5.684500000000000000e+03 3.899739473412897951e+03 1.546041897825145561e-01
5.691500000000000000e+03 3.934794708181917031e+03 1.541813257517377078e-01
5.698500000000000000e+03 3.894006129051995686e+03 1.532771759722021121e-01
5.705500000000000000e+03 3.919555387628228800e+03 1.543534930434897479e-01
5.712500000000000000e+03 3.939476520078520025e+03 1.540638380367867766e-01
5.719500000000000000e+03 4.036393054253589526e+03 1.519722113222912452e-01
5.726500000000000000e+03 4.080366340182608383e+03 1.547682697112308936e-01
5.733500000000000000e+03 4.140393518560600569e+03 1.526577807805783449e-01
5.740500000000000000e+03 4.121055864122005914e+03 1.522555918938381936e-01
5.747500000000000000e+03 4.105685252495572058e+03 1.505163561903462011e-01
5.754500000000000000e+03 4.113827251982161215e+03 1.527680775113621769e-01
5.761500000000000000e+03 4.184896241265379103e+03 1.499549401888941036e-01
5.768500000000000000e+03 4.185659815676052858e+03 1.496832357730248919e-01
5.775500000000000000e+03 4.182534841706920815e+03 1.498723208861548750e-01
5.782500000000000000e+03 4.230794426745557757e+03 1.494267892486498273e-01
5.789500000000000000e+03 4.244958407302809064e+03 1.476631560179458569e-01
5.796500000000000000e+03 4.297857531675074824e+03 1.483213969258616038e-01
5.803500000000000000e+03 4.285921410545702201e+03 1.460016809603165155e-01
5.810500000000000000e+03 4.389872109342082695e+03 1.445147928236430457e-01
5.817500000000000000e+03 4.401569673815255555e+03 1.453321526852902335e-01
5.824500000000000000e+03 4.416144853242105455e+03 1.439541591708288493e-01
5.831500000000000000e+03 4.420894698881547811e+03 1.444634857313066012e-01
5.838500000000000000e+03 4.397750139929599754e+03 1.419657359824366694e-01
5.845500000000000000e+03 4.429939055263736009e+03 1.427962455559349531e-01
5.852500000000000000e+03 4.446919427027170059e+03 1.431770908506789786e-01
5.859500000000000000e+03 4.426906034914063639e+03 1.428154390621789449e-01
5.866500000000000000e+03 4.442378348442212882e+03 1.436843581224050426e-01
5.873500000000000000e+03 4.396811298065676056e+03 1.483600985302283015e-01
5.880500000000000000e+03 4.291847284660049809e+03 1.538544590776859122e-01
5.887500000000000000e+03 4.256438774582862607e+03 1.543606343899305011e-01
5.894500000000000000e+03 4.261203563474768998e+03 1.554830409570858440e-01
5.901500000000000000e+03 4.278781812280670238e+03 1.569299142090301580e-01
5.908500000000000000e+03 4.325241200644753917e+03 1.574799191874776683e-01
5.915500000000000000e+03 4.342019001745642527e+03 1.568284084327086492e-01
5.922500000000000000e+03 4.359666037552034140e+03 1.545904169118633431e-01
5.929500000000000000e+03 4.384810545261923835e+03 1.569065825259868818e-01
5.936500000000000000e+03 4.398463864163624748e+03 1.560268941089069106e-01
5.943500000000000000e+03 4.378612668700237009e+03 1.519405502122548879e-01
5.950500000000000000e+03 4.398824490592789516e+03 1.530017797596171514e-01
5.957500000000000000e+03 4.464072599927218107e+03 1.527118156716746056e-01
5.964500000000000000e+03 4.459019075306617196e+03 1.506331002012949172e-01
5.971500000000000000e+03 4.477920903521860055e+03 1.504893176878648042e-01
5.978500000000000000e+03 4.505584672412687723e+03 1.481925232614468846e-01
5.985500000000000000e+03 4.524886875844657879e+03 1.457260644904018188e-01
5.992500000000000000e+03 4.535086874606521633e+03 1.454434567345808116e-01
5.999500000000000000e+03 4.501979816184828451e+03 1.425801979539789710e-01
6.006500000000000000e+03 4.515625269569809461e+03 1.435768497960154266e-01
6.013500000000000000e+03 4.567772237419794692e+03 1.404219452260087875e-01
6.020500000000000000e+03 4.546983497336820619e+03 1.389456465988622991e-01
6.027500000000000000e+03 4.583960116030954850e+03 1.393754465156146483e-01
6.034500000000000000e+03 4.549241757748316559e+03 1.404039234069172359e-01
6.041500000000000000e+03 4.621576751418320782e+03 1.394713538126869656e-01
6.048500000000000000e+03 4.645766978921876216e+03 1.382602481364965386e-01
6.055500000000000000e+03 4.695754381386380373e+03 1.358260079057306835e-01
6.062500000000000000e+03 4.679813370100402608e+03 1.384409124830515425e-01
6.069500000000000000e+03 4.674899623615384371e+03 1.367250713876812795e-01
6.076500000000000000e+03 4.673457657641034530e+03 1.356445110540837329e-01
6.083500000000000000e+03 4.698575579596237731e+03 1.326995684418489641e-01
6.090500000000000000e+03 4.670481426727031248e+03 1.331567032226325387e-01
6.097500000000000000e+03 4.671887739436307129e+03 1.327756518739671432e-01
6.104500000000000000e+03 4.689870711262121404e+03 1.314916701281099998e-01
6.111500000000000000e+03 4.692953910315545727e+03 1.310819360664487176e-01
6.118500000000000000e+03 4.678242463853332993e+03 1.303046117479826904e-01
6.125500000000000000e+03 4.621770481255849518e+03 1.306598191455815294e-01
6.132500000000000000e+03 4.662009322102544502e+03 1.255855343334854601e-01
6.139500000000000000e+03 4.645289061006995325e+03 1.281458048660319426e-01
6.146500000000000000e+03 4.665601556909483406e+03 1.255468606192443048e-01
6.153500000000000000e+03 4.668182816133409688e+03 1.266167133702810199e-01
6.160500000000000000e+03 4.656793179985302231e+03 1.249465948770284718e-01
6.167500000000000000e+03 4.686181331633986701e+03 1.226529310392020927e-01
6.174500000000000000e+03 4.684386998606254565e+03 1.245555921345513628e-01
6.181500000000000000e+03 4.770658842899896626e+03 1.202780935947847935e-01
6.188500000000000000e+03 4.800694371557184240e+03 1.231768772568540282e-01
6.195500000000000000e+03 4.833725100676447255e+03 1.209474056566101630e-01
6.202500000000000000e+03 4.837720952525652137e+03 1.200170090442961857e-01
6.209500000000000000e+03 4.894227570103071230e+03 1.180079222792047716e-01
6.216500000000000000e+03 4.806723138891991766e+03 1.201030019304248075e-01
6.223500000000000000e+03 4.838232870648432254e+03 1.179825732422716544e-01
6.230500000000000000e+03 4.783369684483894162e+03 1.179483412430802486e-01
6.237500000000000000e+03 4.790623147705317933e+03 1.150991496273308934e-01
6.244500000000000000e+03 4.737417722750748908e+03 1.140404723678029308e-01
6.251500000000000000e+03 4.728678078775744325e+03 1.154126105298038801e-01
6.258500000000000000e+03 4.765770689476528787e+03 1.176580398477832523e-01
6.265500000000000000e+03 4.772673239599794215e+03 1.226909285127509713e-01
6.272500000000000000e+03 4.750688443941020523e+03 1.252449073774449528e-01
6.279500000000000000e+03 4.739046330273879903e+03 1.251268693107944752e-01
6.286500000000000000e+03 4.713857905685154947e+03 1.261945976597591834e-01
6.293500000000000000e+03 4.696491329628202948e+03 1.276150658957314055e-01
6.300500000000000000e+03 4.725082752829612218e+03 1.209399628000399629e-01
6.307500000000000000e+03 4.787409772524762047e+03 1.210893422694495625e-01
6.314500000000000000e+03 4.818483886136787078e+03 1.181379772154035196e-01
6.321500000000000000e+03 4.818224231404469720e+03 1.152558666035564533e-01
6.328500000000000000e+03 4.849379977272432370e+03 1.156350457767180706e-01
6.335500000000000000e+03 4.841346433134204744e+03 1.119809599343457446e-01
6.342500000000000000e+03 4.909053476860778574e+03 1.098662534407802149e-01
6.349500000000000000e+03 4.903151638690525942e+03 1.069884253559232473e-01
6.356500000000000000e+03 4.905350005654664528e+03 1.082792362482714044e-01
6.363500000000000000e+03 4.937412080402220454e+03 1.068594825972356138e-01
6.370500000000000000e+03 4.942408362471637702e+03 1.054470403041210536e-01
6.377500000000000000e+03 4.977471860772271611e+03 1.052648605443032154e-01
6.384500000000000000e+03 4.946351261642104873e+03 1.080589539679892436e-01
6.391500000000000000e+03 4.928393629236942616e+03 1.046879560766144912e-01
6.398500000000000000e+03 4.969398650058264138e+03 1.057699655456218885e-01
6.405500000000000000e+03 4.965689406411975142e+03 1.021743547067032881e-01
6.412500000000000000e+03 4.905058284662865844e+03 1.034407480596438583e-01
6.419500000000000000e+03 4.953678409964867569e+03 1.034744446992709593e-01
6.426500000000000000e+03 4.979608019004781454e+03 1.018639532898224648e-01
6.433500000000000000e+03 4.946203245029740174e+03 1.017055085137995446e-01
6.440500000000000000e+03 4.953040922778609456e+03 1.018322917063089195e-01
6.447500000000000000e+03 4.978883962274929218e+03 1.035407493097302845e-01
6.454500000000000000e+03 4.944729969049116335e+03 1.034408411304578862e-01
6.461500000000000000e+03 4.910766498745148056e+03 1.044286624783523215e-01
6.468500000000000000e+03 4.833646532910887800e+03 1.093789042939474071e-01
6.475500000000000000e+03 4.838861601791360044e+03 1.097707467346295818e-01
6.482500000000000000e+03 4.795862035130000550e+03 1.101796895148994399e-01
6.489500000000000000e+03 4.812319225281477884e+03 1.073713384788549663e-01
6.496500000000000000e+03 4.863432538147476407e+03 1.074132715145011824e-01
6.503500000000000000e+03 4.866718460194218096e+03 1.089202185898727054e-01
6.510500000000000000e+03 4.853120430927912821e+03 1.048557643458198352e-01
6.517500000000000000e+03 4.846362764308716578e+03 1.044062961344200957e-01
6.524500000000000000e+03 4.845381679869309664e+03 1.065715161119965559e-01
6.531500000000000000e+03 4.739646066376265480e+03 1.080257350577868147e-01
6.538500000000000000e+03 4.640768791321889694e+03 1.049301816859863068e-01
6.545500000000000000e+03 4.417719724839675109e+03 1.033383479106068231e-01
6.552500000000000000e+03 4.232585132968233665e+03 9.884669947143219504e-02
6.559500000000000000e+03 4.048257954180685374e+03 8.668778928649160942e-02
6.566500000000000000e+03 3.917111475638091633e+03 7.017028603815285426e-02
6.573500000000000000e+03 4.005766389983313729e+03 7.308268300182597932e-02
6.580500000000000000e+03 4.232964454385948557e+03 8.942472118862679342e-02
6.587500000000000000e+03 4.486931899437836364e+03 1.025619410419841004e-01
6.594500000000000000e+03 4.754780700395798704e+03 1.034541040372803783e-01
6.601500000000000000e+03 4.867362748376759555e+03 9.614286251777230674e-02
6.608500000000000000e+03 5.014989353948258213e+03 9.389593054340067413e-02
6.615500000000000000e+03 5.036832200836375705e+03 9.096245952864040474e-02
6.622500000000000000e+03 5.085564128284211620e+03 8.936495318775500296e-02
6.629500000000000000e+03 5.091848966982315687e+03 8.792025951435558651e-02
6.636500000000000000e+03 5.127605041170691038e+03 8.919767344963373812e-02
6.643500000000000000e+03 5.130880549425128265e+03 8.680722578655637733e-02
6.650500000000000000e+03 5.175196346932716551e+03 8.579854853462179354e-02
6.657500000000000000e+03 5.139911083096228140e+03 8.463335360920129502e-02
6.664500000000000000e+03 5.113423956721060677e+03 8.643707190420149566e-02
6.671500000000000000e+03 5.143039712949102068e+03 8.221402223791479669e-02
6.678500000000000000e+03 5.158291352998306138e+03 8.319984285596762619e-02
6.685500000000000000e+03 5.190154256142952363e+03 8.217740879003754273e-02
6.692500000000000000e+03 5.173539826349645409e+03 8.373016701357947900e-02
6.699500000000000000e+03 5.183881999566801824e+03 8.141750220445075070e-02
6.706500000000000000e+03 5.137597184132594521e+03 8.254571466395557722e-02
6.713500000000000000e+03 5.120472639307411555e+03 8.211197015866368576e-02
6.720500000000000000e+03 5.183661020672097948e+03 8.157008297618124903e-02
6.727500000000000000e+03 5.154394273778156276e+03 8.132516611203277623e-02
6.734500000000000000e+03 5.136337018208273548e+03 8.160219254067653527e-02
6.741500000000000000e+03 5.146509899061341457e+03 7.994127298316894281e-02
6.748500000000000000e+03 5.117341788757594259e+03 8.253423614123901741e-02
6.755500000000000000e+03 5.149003084921838308e+03 8.006484710082817369e-02
6.762500000000000000e+03 5.168197826615051781e+03 8.023422728548787464e-02
6.769500000000000000e+03 5.130395146966131506e+03 8.027710365633411449e-02
6.776500000000000000e+03 5.143875281147079477e+03 7.887575837172199067e-02
6.783500000000000000e+03 5.140650896789570652e+03 7.941394489687449154e-02
6.790500000000000000e+03 5.115468435769969801e+03 7.792693260252264720e-02
6.797500000000000000e+03 5.186312362298305743e+03 7.832300046756271450e-02
6.804500000000000000e+03 5.151272011606115484e+03 7.706656058249654329e-02
6.811500000000000000e+03 5.104170566874562610e+03 7.944503650755009583e-02
6.818500000000000000e+03 5.134405684131647831e+03 7.908180319382074330e-02
6.825500000000000000e+03 5.134141940957005318e+03 7.641288126338489917e-02
6.832500000000000000e+03 5.105725808440673973e+03 7.926249119636773199e-02
6.839500000000000000e+03 5.130132325552444854e+03 7.593511678971398560e-02
6.846500000000000000e+03 5.072531872235176706e+03 8.463058945898473129e-02
6.853500000000000000e+03 4.849364200528537367e+03 1.038037692735853668e-01
6.860500000000000000e+03 4.440076004685914086e+03 1.188067206267292425e-01
6.867500000000000000e+03 4.115518929408767690e+03 9.654207523072912134e-02
6.874500000000000000e+03 3.941005457394394398e+03 1.065404541129737065e-01
6.881500000000000000e+03 3.919479684162893591e+03 1.487368399197993851e-01
6.888500000000000000e+03 4.076293220942556673e+03 1.409190127167561646e-01
6.895500000000000000e+03 4.181890192616406239e+03 1.221166860970062107e-01
6.902500000000000000e+03 4.259216928412088237e+03 1.160329195323066970e-01
6.909500000000000000e+03 4.392397540449343978e+03 1.114945062733732756e-01
6.916500000000000000e+03 4.530925720907768664e+03 1.093096240800225660e-01
6.923500000000000000e+03 4.602948185993127481e+03 1.056076615281743986e-01
6.930500000000000000e+03 4.610673420403553791e+03 1.034648326849101074e-01
6.937500000000000000e+03 4.636473016209590241e+03 1.013631003545125281e-01
6.944500000000000000e+03 4.645721960025336557e+03 1.009287422909561360e-01
6.951500000000000000e+03 4.702904603847094222e+03 9.630314413294896458e-02
6.958500000000000000e+03 4.792135400545720586e+03 8.842504695205338772e-02
6.965500000000000000e+03 4.915613327497184400e+03 8.498343148845570461e-02
6.972500000000000000e+03 4.898144187543246517e+03 8.645306735968745493e-02
6.979500000000000000e+03 4.904152166569456313e+03 8.411343461404033328e-02
6.986500000000000000e+03 4.821303277379282918e+03 8.473979551273282118e-02
6.993500000000000000e+03 4.772178306094589061e+03 8.571022824653901084e-02
7.000500000000000000e+03 4.775728496663533406e+03 8.870284040540461767e-02
7.007500000000000000e+03 4.723816003477640152e+03 8.814731503170600280e-02
7.014500000000000000e+03 4.706283650574770945e+03 8.843810764994254614e-02
7.021500000000000000e+03 4.722871258171299814e+03 8.541974369517578436e-02
7.028500000000000000e+03 4.774733539870308050e+03 8.319911623812074886e-02
7.035500000000000000e+03 4.769251302615440181e+03 8.482566272883075575e-02
7.042500000000000000e+03 4.781449906198058670e+03 8.380152514515624984e-02
7.049500000000000000e+03 4.847119468681082253e+03 7.895790577158660895e-02
7.056500000000000000e+03 4.815866541510878960e+03 7.843025477613327356e-02
7.063500000000000000e+03 4.843347554081754424e+03 7.455223672884149499e-02
7.070500000000000000e+03 4.844632393610552754e+03 7.624734961172990877e-02
7.077500000000000000e+03 4.864126840546517087e+03 7.539983283310473794e-02
7.084500000000000000e+03 4.884448816286318106e+03 7.415683204742243295e-02
7.091500000000000000e+03 4.814325894702190453e+03 7.357209097805671172e-02
7.098500000000000000e+03 4.827556511820880587e+03 7.080981651957612977e-02
7.105500000000000000e+03 4.784906093547920136e+03 7.007012684948867032e-02
7.112500000000000000e+03 4.774136289097356894e+03 6.966009179017215724e-02
7.119500000000000000e+03 4.777620025488503416e+03 6.967776549272305942e-02
7.126500000000000000e+03 4.794472261116718073e+03 6.974991682453107744e-02
7.133500000000000000e+03 4.794985453697152479e+03 7.038170005281260688e-02
7.140500000000000000e+03 4.772822109854417249e+03 7.222448164215135302e-02
7.147500000000000000e+03 4.724123926722460055e+03 7.682047571855725454e-02
7.154500000000000000e+03 4.596014602289203140e+03 8.899173162431953110e-02
7.161500000000000000e+03 4.424367622515320363e+03 1.023801546368428989e-01
7.168500000000000000e+03 4.145255429136521343e+03 1.117187534502319252e-01
7.175500000000000000e+03 3.941968934649697530e+03 1.205189032062523036e-01
7.182500000000000000e+03 3.784496049387917083e+03 1.273297019991443124e-01
7.189500000000000000e+03 3.698448250636970442e+03 1.336633238696382231e-01
7.196500000000000000e+03 3.747517571364726336e+03 1.247592543449589086e-01
7.203500000000000000e+03 3.922349868337178123e+03 1.145503103269060324e-01
7.210500000000000000e+03 4.101095781360593719e+03 1.184177173028678337e-01
7.217500000000000000e+03 4.225185709771515576e+03 1.157485489575065390e-01
7.224500000000000000e+03 4.211125699331601027e+03 1.114566992724125155e-01
7.231500000000000000e+03 4.127583096033284164e+03 1.018367003573175389e-01
7.238500000000000000e+03 3.985064231078308239e+03 1.041063867759485367e-01
7.245500000000000000e+03 3.884172268753044136e+03 1.166006655893926103e-01
7.252500000000000000e+03 3.940036016438184106e+03 1.204527470977040104e-01
7.259500000000000000e+03 3.937637040030704611e+03 1.227569676390493497e-01
7.266500000000000000e+03 3.961934072485715660e+03 1.180761932119588353e-01
7.273500000000000000e+03 3.949094286753387223e+03 1.130909207856152093e-01
7.280500000000000000e+03 3.966458236476672937e+03 1.139856215432696607e-01
7.287500000000000000e+03 3.970543633576948650e+03 1.141447446085981782e-01
7.294500000000000000e+03 4.010209794184097063e+03 1.103435306300432489e-01
7.301500000000000000e+03 3.985184724759854362e+03 1.093629645301648912e-01
7.308500000000000000e+03 4.042297494650463705e+03 1.037186332612064499e-01
7.315500000000000000e+03 4.126766343422283171e+03 9.916073361534677444e-02
7.322500000000000000e+03 4.266550355324521661e+03 9.162665088284251136e-02
7.329500000000000000e+03 4.314562568756579822e+03 8.606263972562840092e-02
7.336500000000000000e+03 4.402637034657482218e+03 7.816207930283645966e-02
7.343500000000000000e+03 4.404155500591689815e+03 7.697095187255874327e-02
7.350500000000000000e+03 4.409361293983768519e+03 7.408105272099914373e-02
7.357500000000000000e+03 4.367117938243301978e+03 7.649958959824409988e-02
7.364500000000000000e+03 4.444159734078499241e+03 7.267617883195409689e-02
7.371500000000000000e+03 4.428019982994096608e+03 7.245969513830419206e-02
7.378500000000000000e+03 4.417610917173452435e+03 6.829488039838017832e-02
7.385500000000000000e+03 4.425739241011103331e+03 6.657705581305771447e-02
7.392500000000000000e+03 4.368725269975941956e+03 6.827461270566284601e-02
7.399500000000000000e+03 4.364057520211876181e+03 6.475023480057448544e-02
7.406500000000000000e+03 4.363304769042666521e+03 6.260707526029136993e-02
7.413500000000000000e+03 4.390337989932268101e+03 6.081181820384507636e-02
7.420500000000000000e+03 4.374355557815175416e+03 5.818063868905443137e-02
7.427500000000000000e+03 4.399025180770700899e+03 5.860301522390563844e-02
7.434500000000000000e+03 4.424877290561275004e+03 5.752438314611026809e-02
7.441500000000000000e+03 4.423002602289720926e+03 5.512664756487713202e-02
7.448500000000000000e+03 4.383509495419053565e+03 5.676926140251281616e-02
7.455500000000000000e+03 4.384267645434854785e+03 5.612105132067435331e-02
7.462500000000000000e+03 4.429657573258151388e+03 5.239394941073147183e-02
7.469500000000000000e+03 4.367991209291722043e+03 5.510013336648889037e-02
7.476500000000000000e+03 4.406808788755661226e+03 5.294718596808931088e-02
7.483500000000000000e+03 4.375536514253319183e+03 5.530567709699272388e-02
7.490500000000000000e+03 4.375512343315015642e+03 5.467004349434841093e-02
7.497500000000000000e+03 4.347654940586265184e+03 5.460879071481303942e-02
7.504500000000000000e+03 4.306652505448136253e+03 5.268181202688957537e-02
7.511500000000000000e+03 4.300871332248016188e+03 5.369008066367519233e-02
7.518500000000000000e+03 4.298401642632190487e+03 5.303067861977441011e-02
7.525500000000000000e+03 4.313492302899102469e+03 5.172308886462962524e-02
7.532500000000000000e+03 4.271131191725064127e+03 5.444893731381856422e-02
7.539500000000000000e+03 4.245518508919939450e+03 5.379349197634391427e-02
7.546500000000000000e+03 4.244560248009361203e+03 5.266088892831000817e-02
7.553500000000000000e+03 4.241034799233959347e+03 5.184031734789796425e-02
7.560500000000000000e+03 4.188166043495800295e+03 5.353227137279489845e-02
7.567500000000000000e+03 4.161872430074358817e+03 5.636617420355500424e-02
7.574500000000000000e+03 4.050560051959307657e+03 7.645963648895430509e-02
7.581500000000000000e+03 3.632584597862433839e+03 1.260030284151079927e-01
7.588500000000000000e+03 2.872852709895943917e+03 1.763660090848784001e-01
7.595500000000000000e+03 2.023578552772239618e+03 1.347106636074258401e-01
7.602500000000000000e+03 1.377923169506911790e+03 7.734546378463381944e-02
7.609500000000000000e+03 1.187005920793725409e+03 2.533449140543671541e-01
7.616500000000000000e+03 1.301887382821810888e+03 4.063098978491234137e-01
7.623500000000000000e+03 1.504608758033156846e+03 3.654491522340712617e-01
7.630500000000000000e+03 1.596569602788501243e+03 2.806400936689291137e-01
7.637500000000000000e+03 1.652821342290571010e+03 2.546792904083099440e-01
7.644500000000000000e+03 1.911053777912593887e+03 2.345118671107445096e-01
7.651500000000000000e+03 2.234672799061835576e+03 2.019934785091886120e-01
7.658500000000000000e+03 2.622863830914472146e+03 1.656699513637811538e-01
7.665500000000000000e+03 2.935825882076390826e+03 1.330069106869891105e-01
7.672500000000000000e+03 3.207992033173136861e+03 1.100551381027669029e-01
7.679500000000000000e+03 3.412499091998900894e+03 9.194839652269226615e-02
7.686500000000000000e+03 3.532997567772673847e+03 7.994146251087690114e-02
7.693500000000000000e+03 3.700134531264130601e+03 6.924005175653176469e-02
7.700500000000000000e+03 3.717882300400585791e+03 6.615312951728957724e-02
7.707500000000000000e+03 3.764220248382388945e+03 5.971817013175628047e-02
7.714500000000000000e+03 3.797636435539763625e+03 5.536902136657047974e-02
7.721500000000000000e+03 3.785656684150295405e+03 5.461905186652665778e-02
7.728500000000000000e+03 3.779008230729362367e+03 5.347965460185103576e-02
7.735500000000000000e+03 3.791519290487523904e+03 5.418751304043381567e-02
7.742500000000000000e+03 3.776939598351072163e+03 5.030489646390898933e-02
7.749500000000000000e+03 3.785469467206599347e+03 5.065689098566282522e-02
7.756500000000000000e+03 3.721868726489531127e+03 5.019913319911647326e-02
7.763500000000000000e+03 3.686018788579518969e+03 4.832293290563430266e-02
7.770500000000000000e+03 3.709106734268056698e+03 4.646539582239323646e-02
7.777500000000000000e+03 3.707621755805495013e+03 4.760068887736338544e-02
7.784500000000000000e+03 3.724454661968076380e+03 4.776668333564685481e-02
7.791500000000000000e+03 3.699274123025596055e+03 4.907725288084881232e-02
7.798500000000000000e+03 3.694622097065914659e+03 5.114014467670464220e-02
7.805500000000000000e+03 3.687897038890518161e+03 4.788222524913259004e-02
7.812500000000000000e+03 3.674522124012949917e+03 4.868717080308853501e-02
7.819500000000000000e+03 3.686395415402237631e+03 4.674938629152726455e-02
7.826500000000000000e+03 3.611499022627599970e+03 4.695875178072889122e-02
7.833500000000000000e+03 3.579479359527217184e+03 4.974824454017663655e-02
7.840500000000000000e+03 3.594986149972425665e+03 4.553030546682124147e-02
7.847500000000000000e+03 3.548334896400623620e+03 4.946114847781248741e-02
7.854500000000000000e+03 3.533732058772546225e+03 4.842192506632222310e-02
7.861500000000000000e+03 3.514718876514713429e+03 5.150429515327877711e-02
7.868500000000000000e+03 3.498739707686580459e+03 5.073958228081446031e-02
7.875500000000000000e+03 3.425763150342795143e+03 5.491051879973881528e-02
7.882500000000000000e+03 3.409165862038779778e+03 5.719381043305070411e-02
7.889500000000000000e+03 3.394857070338498488e+03 5.690835509725503810e-02
7.896500000000000000e+03 3.324022351393890858e+03 5.628289372457191686e-02
7.903500000000000000e+03 3.337712115465958050e+03 5.892716418564760555e-02
7.910500000000000000e+03 3.302462280170136182e+03 5.960069400021671127e-02
7.917500000000000000e+03 3.301891919636109833e+03 5.620126089160166344e-02
7.924500000000000000e+03 3.287255107307661547e+03 5.634719364348424187e-02
7.931500000000000000e+03 3.292309415204601919e+03 5.206855440148252384e-02
7.938500000000000000e+03 3.276827008506301809e+03 5.475540250638538664e-02
7.945500000000000000e+03 3.274336903085696122e+03 5.401611481007831395e-02
7.952500000000000000e+03 3.246631125090194473e+03 5.478492782213222057e-02
7.959500000000000000e+03 3.223309902709317157e+03 5.548886157542106540e-02
7.966500000000000000e+03 3.240551892154834604e+03 5.741527737840054074e-02
7.973500000000000000e+03 3.250881415853412364e+03 5.525440025735228744e-02
7.980500000000000000e+03 3.205351593478253562e+03 5.645723246815770313e-02
7.987500000000000000e+03 3.194349426195077285e+03 5.297534962762819044e-02
7.994500000000000000e+03 3.194451845692105053e+03 5.487765997468013746e-02
8.001500000000000000e+03 3.191400314988039099e+03 5.564775947825881253e-02
8.008500000000000000e+03 3.111080767854050464e+03 5.765719718046959097e-02
8.015500000000000000e+03 3.103323700567596916e+03 5.961049050472511796e-02
8.022500000000000000e+03 3.132320192268055507e+03 5.769801872511100965e-02
8.029500000000000000e+03 3.088635310797600141e+03 5.529826247391764205e-02
8.036500000000000000e+03 3.097210207943245223e+03 5.515895735059682392e-02
8.043500000000000000e+03 3.107549330427082168e+03 5.065544261772431112e-02
8.050500000000000000e+03 3.107908040532024643e+03 5.470609096417818756e-02
8.057500000000000000e+03 3.119173283293355780e+03 5.092002383604804505e-02
8.064500000000000000e+03 3.097273574943840686e+03 5.055017219206535406e-02
8.071500000000000000e+03 3.078964493963955192e+03 4.959463020418798662e-02
8.078500000000000000e+03 3.069002441312701649e+03 4.930994930756628369e-02
8.085500000000000000e+03 3.044057699049315488e+03 5.273218079422729854e-02
8.092500000000000000e+03 3.017786643810411533e+03 5.277716126278628878e-02
8.099500000000000000e+03 2.985113395260235848e+03 5.521213332149601388e-02
8.106500000000000000e+03 2.928830767958046181e+03 5.874019903679233989e-02
8.113500000000000000e+03 2.920472063616589367e+03 6.481264458389303373e-02
8.120500000000000000e+03 2.810396769285555365e+03 7.484540996388791556e-02
8.127500000000000000e+03 2.720887434393723652e+03 8.093996583017959434e-02
8.134500000000000000e+03 2.637599577462700381e+03 8.667971252418747719e-02
8.141500000000000000e+03 2.521203300148847575e+03 9.817234578289459057e-02
8.148500000000000000e+03 2.474033724855612945e+03 1.048113828707180756e-01
8.155500000000000000e+03 2.393264190865014371e+03 1.051683809604349873e-01
8.162500000000000000e+03 2.365286786228207802e+03 1.039688536415383086e-01
8.169500000000000000e+03 2.326631300425918653e+03 1.105857102254425711e-01
8.176500000000000000e+03 2.319026919263094896e+03 1.083710869781476654e-01
8.183500000000000000e+03 2.393528681368108664e+03 1.018938646127246772e-01
8.190500000000000000e+03 2.409904783968678657e+03 9.293218514109319317e-02
8.197500000000000000e+03 2.485755450239319998e+03 7.966360822123008667e-02
8.204500000000000000e+03 2.522406504727047377e+03 9.080996637255434045e-02
8.211500000000000000e+03 2.508424980695269369e+03 1.006989798624012833e-01
8.218500000000000000e+03 2.398035100402430544e+03 1.011580871293662753e-01
8.225500000000000000e+03 2.284496880244949807e+03 7.829682119041042609e-02
8.232500000000000000e+03 2.284347705533803946e+03 7.806804805357164811e-02
8.239500000000000000e+03 2.402033988158947977e+03 9.745523357062427228e-02
8.246500000000000000e+03 2.525912415699551275e+03 9.086028051535723071e-02
8.253500000000000000e+03 2.597923073971075155e+03 7.457592540937119097e-02
8.260500000000000000e+03 2.535144401815276979e+03 7.553216089739532568e-02
8.267500000000000000e+03 2.523428195450110707e+03 7.975169053563120614e-02
8.274500000000000000e+03 2.476621134825388708e+03 7.715779090191521306e-02
8.281500000000000000e+03 2.443504612169413576e+03 7.950395284674854901e-02
8.288500000000000000e+03 2.431448194673632315e+03 8.195611627794827103e-02
8.295500000000000000e+03 2.452768268812238603e+03 7.923069023209740325e-02
8.302500000000000000e+03 2.486758868423768035e+03 7.513703110516518902e-02
8.309500000000000000e+03 2.492648455060359993e+03 7.876650186891870353e-02
8.316500000000000000e+03 2.484035108756464069e+03 7.024523791744567702e-02
8.323500000000000000e+03 2.459600108313773489e+03 6.696258951785302727e-02
8.330500000000000000e+03 2.476796762948425567e+03 7.031463573182832050e-02
8.337500000000000000e+03 2.525816456206032854e+03 6.505280531951579404e-02
8.344500000000000000e+03 2.568576667819775139e+03 6.203259562123224907e-02
8.351500000000000000e+03 2.555861078377016383e+03 6.029111743299773313e-02
8.358500000000000000e+03 2.602315970896186627e+03 5.536499452483089473e-02
8.365500000000000000e+03 2.604108791166836909e+03 5.368853596568071845e-02
8.372500000000000000e+03 2.619129744349897010e+03 5.339582683843970001e-02
8.379500000000000000e+03 2.634332278541467531e+03 5.044629504193630376e-02
8.386500000000000000e+03 2.600588476832309425e+03 4.789412632526557356e-02
8.393500000000000000e+03 2.569079875678329245e+03 4.907583124106867922e-02
8.400500000000000000e+03 2.625441145914713161e+03 4.697444389323739838e-02
8.407500000000000000e+03 2.589613366740249603e+03 4.672472798001530564e-02
8.414500000000000000e+03 2.570658737459597432e+03 4.604787184207405348e-02
8.421500000000000000e+03 2.624544030462467617e+03 4.273261381080404459e-02
8.428500000000000000e+03 2.585736348212794383e+03 4.742195768133616873e-02
8.435500000000000000e+03 2.571199269471603657e+03 4.407162472051904395e-02
8.442500000000000000e+03 2.551157860555685602e+03 4.162564432578232110e-02
8.449500000000000000e+03 2.590968463060294653e+03 4.097414366808763142e-02
8.456500000000000000e+03 2.584190163262772330e+03 3.858392247924533752e-02
8.463500000000000000e+03 2.561897236400790007e+03 3.627434476252520967e-02
8.470500000000000000e+03 2.565076588859010826e+03 4.020420417262228485e-02
8.477500000000000000e+03 2.556824138282914646e+03 4.035064020951429492e-02
8.484500000000000000e+03 2.538980382406698936e+03 4.520770493254199635e-02
8.491500000000000000e+03 2.481275226578130059e+03 4.588471944975129613e-02
8.498500000000000000e+03 2.469247150710632468e+03 4.149631195772848780e-02
8.505500000000000000e+03 2.469545528576351899e+03 3.571599457723199228e-02
8.512500000000000000e+03 2.500966312669781473e+03 3.676223830894408823e-02
8.519500000000000000e+03 2.504255488244384196e+03 3.998132916548466365e-02
8.526500000000000000e+03 2.480112519375702504e+03 4.487707669113605302e-02
8.533500000000000000e+03 2.467048530291639054e+03 4.515851480134032425e-02
8.540500000000000000e+03 2.430619020918756178e+03 3.677270733162325833e-02
8.547500000000000000e+03 2.407799657647464301e+03 2.887345628956511021e-02
8.554500000000000000e+03 2.432261311213169847e+03 3.076586324660566737e-02
8.561500000000000000e+03 2.474087456780102457e+03 3.930064599247243273e-02
8.568500000000000000e+03 2.464520008897207845e+03 4.797060373158128221e-02
8.575500000000000000e+03 2.476107007803811030e+03 4.343464506143099313e-02
8.582500000000000000e+03 2.463790003584631449e+03 3.817521916611082283e-02
8.589500000000000000e+03 2.452081986780439365e+03 3.359844711277267665e-02
8.596500000000000000e+03 2.449217763120739164e+03 3.244066773268101944e-02
8.603500000000000000e+03 2.447530827331066575e+03 2.877608903803666879e-02
8.610500000000000000e+03 2.415142536635103625e+03 3.140181781833584901e-02
8.617500000000000000e+03 2.435969405296129025e+03 3.545031817146879899e-02
8.624500000000000000e+03 2.470917824188019495e+03 4.186298925061744669e-02
8.631500000000000000e+03 2.452182299952655285e+03 4.402669027698159071e-02
8.638500000000000000e+03 2.457985106759721930e+03 4.535654987650993009e-02
8.645500000000000000e+03 2.440661050483633517e+03 4.290556568161080220e-02
8.652500000000000000e+03 2.358845775774007052e+03 3.718104468970294396e-02
8.659500000000000000e+03 2.330420184640321622e+03 3.257640851973703233e-02
8.666500000000000000e+03 2.291972871655154449e+03 2.158200514923172206e-02
8.673500000000000000e+03 2.276486471865054682e+03 2.050168683161039673e-02
8.680500000000000000e+03 2.312434644548842698e+03 2.934779349427677972e-02
8.687500000000000000e+03 2.314324762082187590e+03 4.138353699455219609e-02
8.694500000000000000e+03 2.365846840563141541e+03 4.011736441972810902e-02
8.701500000000000000e+03 2.396734174346340296e+03 4.135083527349082966e-02
8.708500000000000000e+03 2.414749441547349306e+03 3.960076196733951920e-02
8.715500000000000000e+03 2.403939529387956100e+03 4.243535437120227877e-02
8.722500000000000000e+03 2.390518839905634195e+03 4.213693851613715957e-02
8.729500000000000000e+03 2.355117921073283014e+03 4.014617463530635588e-02
8.736500000000000000e+03 2.324862132095604466e+03 3.514569577266858647e-02
8.743500000000000000e+03 2.313315527509716958e+03 2.145584534735547888e-02
8.750500000000000000e+03 2.280266558538276968e+03 1.735028815552200343e-02
8.757500000000000000e+03 2.284481636953137240e+03 2.194604733393073007e-02
8.764500000000000000e+03 2.317058095266380406e+03 3.326935583329038854e-02
8.771500000000000000e+03 2.335158519014115427e+03 3.834563910006725390e-02
8.778500000000000000e+03 2.384703996458250458e+03 3.592782200605943582e-02
8.785500000000000000e+03 2.329885191930338351e+03 3.900074215800389266e-02
8.792500000000000000e+03 2.373884858591261036e+03 3.827044067872201194e-02
8.799500000000000000e+03 2.357898524650711352e+03 4.029744204583966816e-02
8.806500000000000000e+03 2.339553873349475452e+03 3.576017975331691190e-02
8.813500000000000000e+03 2.337381204372618868e+03 3.465370361687918066e-02
8.820500000000000000e+03 2.325748576886778210e+03 3.613784099399708349e-02
8.827500000000000000e+03 2.312017490589850695e+03 3.846006770447062822e-02
8.834500000000000000e+03 2.270356767247509651e+03 3.936402385462497988e-02
8.841500000000000000e+03 2.235416060484655191e+03 3.922035035013509557e-02
8.848500000000000000e+03 2.230880490132517025e+03 3.611401669575394630e-02
8.855500000000000000e+03 2.159685561852604224e+03 3.272107881822987341e-02
8.862500000000000000e+03 2.136273265568557235e+03 2.149827738976624325e-02
8.869500000000000000e+03 2.114397023778691619e+03 1.860522475732567793e-02
8.876500000000000000e+03 2.176181961624846281e+03 2.323060586553588741e-02
8.883500000000000000e+03 2.165391001871867502e+03 3.851162492147069266e-02
8.890500000000000000e+03 2.203160639280385567e+03 4.272405011565061361e-02
8.897500000000000000e+03 2.240059949695896648e+03 4.170166716130114387e-02
8.904500000000000000e+03 2.225490012270094667e+03 4.189548871485613418e-02
8.911500000000000000e+03 2.252836377031686879e+03 4.311033958272633693e-02
8.918500000000000000e+03 2.192765074870858371e+03 4.450119578136953191e-02
8.925500000000000000e+03 2.187234455327337855e+03 4.700170875791274266e-02
8.932500000000000000e+03 2.119849174886030596e+03 5.682589573581975362e-02
8.939500000000000000e+03 2.074913462923984753e+03 6.819440054499019410e-02
8.946500000000000000e+03 2.015652618342500318e+03 7.463298835562327815e-02
8.953500000000000000e+03 1.900650965365308366e+03 8.360981625795316230e-02
8.960500000000000000e+03 1.848112674461066945e+03 9.146897864755959562e-02
8.967500000000000000e+03 1.761303195293492081e+03 9.879401209365701320e-02
8.974500000000000000e+03 1.699418698220646093e+03 1.147443326822089604e-01
8.981500000000000000e+03 1.610430625203724276e+03 1.251297784185622375e-01
8.988500000000000000e+03 1.560973465779266007e+03 1.088197378653891767e-01
8.995500000000000000e+03 1.504077934507479767e+03 1.206461004682971155e-01
9.002500000000000000e+03 1.492632527903766459e+03 1.135989784085703475e-01
9.009500000000000000e+03 1.512194826419027549e+03 9.266431913663313036e-02
9.016500000000000000e+03 1.558001201315113804e+03 8.409753838993670738e-02
9.023500000000000000e+03 1.598701636505498527e+03 7.940235926312062820e-02
9.030500000000000000e+03 1.716338324019569200e+03 8.638451685730820506e-02
9.037500000000000000e+03 1.802293959429360029e+03 8.715242537806942857e-02
9.044500000000000000e+03 1.861453694009577021e+03 8.442718550862519933e-02
9.051500000000000000e+03 1.872500255992402799e+03 8.908684281158989193e-02
9.058500000000000000e+03 1.781546726844982004e+03 9.801741307281686133e-02
9.065500000000000000e+03 1.691996015411743883e+03 9.479306753402379215e-02
9.072500000000000000e+03 1.625956166369993070e+03 9.780342835422900505e-02
9.079500000000000000e+03 1.547234076200322534e+03 1.138220093003176336e-01
9.086500000000000000e+03 1.528226841530119145e+03 1.190528720653523942e-01
9.093500000000000000e+03 1.529772562534452845e+03 1.233854467963236695e-01
9.100500000000000000e+03 1.581641730241145751e+03 1.094457310270629535e-01
9.107500000000000000e+03 1.587346262274947321e+03 1.151926045588712588e-01
9.114500000000000000e+03 1.587666909334397587e+03 1.276609272061089428e-01
9.121500000000000000e+03 1.555527771959804568e+03 1.286438361126223395e-01
9.128500000000000000e+03 1.510835535238516059e+03 1.205156452362800973e-01
9.135500000000000000e+03 1.523853695299525953e+03 1.186145793934059028e-01
9.142500000000000000e+03 1.485395838765381995e+03 1.463475715148339351e-01
9.149500000000000000e+03 1.483389473174436716e+03 1.292532726621485883e-01
9.156500000000000000e+03 1.488393585380505556e+03 1.185837839104259134e-01
9.163500000000000000e+03 1.484247074653605523e+03 1.421788880658512444e-01
9.170500000000000000e+03 1.519125005039230700e+03 1.267284219401516587e-01
9.177500000000000000e+03 1.536573720995598933e+03 1.058192156669953699e-01
9.184500000000000000e+03 1.589674053448529094e+03 1.094089982981744646e-01
9.191500000000000000e+03 1.642162058769797795e+03 9.715443878930532517e-02
9.198500000000000000e+03 1.671928910116839916e+03 8.927402216059225626e-02
9.205500000000000000e+03 1.670683389270094722e+03 8.906330199048650975e-02
9.212500000000000000e+03 1.614919749569960914e+03 7.990109706222668640e-02
9.219500000000000000e+03 1.558469292310349147e+03 6.744548056330390562e-02
9.226500000000000000e+03 1.506714192880964902e+03 6.704739683891641766e-02
9.233500000000000000e+03 1.492489224643392390e+03 6.687545234471092837e-02
9.240500000000000000e+03 1.494777780828271943e+03 7.839699059874098708e-02
9.247500000000000000e+03 1.519097250583083223e+03 9.078327411624591281e-02
9.254500000000000000e+03 1.569087913553807994e+03 9.835937950194555135e-02
9.261500000000000000e+03 1.564317621867164235e+03 1.057371483549857105e-01
9.268500000000000000e+03 1.502855729783219203e+03 1.224902916659665469e-01
9.275500000000000000e+03 1.415247531340927480e+03 1.293550544954109316e-01
9.282500000000000000e+03 1.290710259719698115e+03 1.497869359917059773e-01
9.289500000000000000e+03 1.179390500518540648e+03 1.878122665009396286e-01
9.296500000000000000e+03 1.079354633471441730e+03 2.024992684424515577e-01
9.303500000000000000e+03 9.861564122191467732e+02 2.228172800421198974e-01
9.310500000000000000e+03 8.470859232948680528e+02 2.560118162143880105e-01
9.317500000000000000e+03 7.254271319739675619e+02 2.715248252154404685e-01
9.324500000000000000e+03 6.217307316618075674e+02 3.288184105804116131e-01
9.331500000000000000e+03 5.210622590312451621e+02 3.733560190149468050e-01
9.338500000000000000e+03 5.030300220955278405e+02 3.344261146574000199e-01
9.345500000000000000e+03 4.997392360457965310e+02 3.539462081239552749e-01
9.352500000000000000e+03 5.099628448695972338e+02 3.822426776448045738e-01
9.359500000000000000e+03 5.297725537010646804e+02 3.759471343727561199e-01
9.366500000000000000e+03 5.566320942275883681e+02 3.523079231666134681e-01
9.373500000000000000e+03 5.782332571475913028e+02 3.031335288107584458e-01
9.380500000000000000e+03 6.917523886202543508e+02 2.564905218792872810e-01
9.387500000000000000e+03 8.466805334540507602e+02 2.566542027371367385e-01
9.394500000000000000e+03 9.157672603712883301e+02 2.742992673693838701e-01
9.401500000000000000e+03 9.835977521271350952e+02 2.304190592367224566e-01
9.408500000000000000e+03 9.126417822319756397e+02 2.223143159096077348e-01
9.415500000000000000e+03 8.370495019900332636e+02 2.527146270967344788e-01
9.422500000000000000e+03 8.077546973045625691e+02 2.500038604724669766e-01
9.429500000000000000e+03 7.568830137935715356e+02 2.459602649873564861e-01
9.436500000000000000e+03 6.842997750623060256e+02 2.530608686116802009e-01
9.443500000000000000e+03 7.056026402669823483e+02 2.495836213485242983e-01
9.450500000000000000e+03 6.909146290929090810e+02 2.987358255620929381e-01
9.457500000000000000e+03 7.121063907033294527e+02 2.619708809497093838e-01
9.464500000000000000e+03 7.199532142017962997e+02 2.752251684894355122e-01
9.471500000000000000e+03 7.368083711143056007e+02 2.815529260542639078e-01
9.478500000000000000e+03 7.923512653949081823e+02 2.419800347993277534e-01
9.485500000000000000e+03 7.490304071629017244e+02 2.796361410283502158e-01
9.492500000000000000e+03 7.553114664451645694e+02 2.472767823515255592e-01
9.499500000000000000e+03 7.630196964521323935e+02 1.994978034443116444e-01
9.506500000000000000e+03 7.377818974548563347e+02 2.921844598511388891e-01
9.513500000000000000e+03 7.411478689137110223e+02 2.960214327374783294e-01
9.520500000000000000e+03 7.541930213455834746e+02 2.233113040669649496e-01
9.527500000000000000e+03 7.449888545254223118e+02 2.452267675554551107e-01
9.534500000000000000e+03 7.174970086581839723e+02 2.786085707803784284e-01
9.541500000000000000e+03 7.206360693347369306e+02 2.316253855494449787e-01
9.548500000000000000e+03 7.182086745783188917e+02 2.066717359333802850e-01
9.555500000000000000e+03 6.975144267514436933e+02 2.096721287101801223e-01
9.562500000000000000e+03 7.319315845580325686e+02 2.083060684536426899e-01
9.569500000000000000e+03 7.841294181982332248e+02 2.288421104794915450e-01
9.576500000000000000e+03 8.011556329649984036e+02 2.538078934956961574e-01
9.583500000000000000e+03 8.238711719402547260e+02 2.147787688805542772e-01
9.590500000000000000e+03 8.296200733526063686e+02 1.792643796259260625e-01
9.597500000000000000e+03 8.467770742116377960e+02 2.010289286924249741e-01
9.604500000000000000e+03 8.647190114622995907e+02 2.214495572459770356e-01
9.611500000000000000e+03 9.230211870838454615e+02 2.043752031858918627e-01
9.618500000000000000e+03 9.788183318169236600e+02 1.689988333968538148e-01
9.625500000000000000e+03 9.614198221414507088e+02 1.698923595501998229e-01
9.632500000000000000e+03 9.505957607269491518e+02 1.805120550912779342e-01
9.639500000000000000e+03 9.775633154639415352e+02 1.439222635552052099e-01
9.646500000000000000e+03 9.759974477252262659e+02 1.565487031039808907e-01
9.653500000000000000e+03 1.007745497698602662e+03 1.693703725679397143e-01
9.660500000000000000e+03 1.046401333734529771e+03 1.351842659644770794e-01
9.667500000000000000e+03 1.093878925829582840e+03 1.184480084375093140e-01
9.674500000000000000e+03 1.173917494841068674e+03 1.153126642234862803e-01
9.681500000000000000e+03 1.226442172377314364e+03 9.825117564149105087e-02
9.688500000000000000e+03 1.264569606343398846e+03 9.073997791280333236e-02
9.695500000000000000e+03 1.280650696340422883e+03 8.357330067956438013e-02
9.702500000000000000e+03 1.288562607366198563e+03 7.340590044982446549e-02
9.709500000000000000e+03 1.281530675970412858e+03 7.997311358137446091e-02
9.716500000000000000e+03 1.248743289935553776e+03 8.823272782639919598e-02
9.723500000000000000e+03 1.224625586723224160e+03 8.991548902931126297e-02
9.730500000000000000e+03 1.164643183721835385e+03 9.732773118106183285e-02
9.737500000000000000e+03 1.148994563617724907e+03 9.592442645490519004e-02
9.744500000000000000e+03 1.094420843908561437e+03 1.087874384463185934e-01
9.751500000000000000e+03 1.098588717980090223e+03 1.042415272088249717e-01
9.758500000000000000e+03 1.118710822847283680e+03 9.323099365309422959e-02
9.765500000000000000e+03 1.136363706562756533e+03 1.006361231565241626e-01
9.772500000000000000e+03 1.151217160492255971e+03 1.029513741938663102e-01
9.779500000000000000e+03 1.153170846975665881e+03 9.005244253307288782e-02
9.786500000000000000e+03 1.167308469638077213e+03 8.145096737201962256e-02
9.793500000000000000e+03 1.155769062902971655e+03 7.610165553219096213e-02
9.800500000000000000e+03 1.179287144569338807e+03 7.346169008166299197e-02
9.807500000000000000e+03 1.187063830316542408e+03 7.970972647420439261e-02
9.814500000000000000e+03 1.205581358325391648e+03 7.371150899946386781e-02
9.821500000000000000e+03 1.222820569716638829e+03 5.718581701911173987e-02
9.828500000000000000e+03 1.203303794159110339e+03 5.725651264922482220e-02
9.835500000000000000e+03 1.223480844437827727e+03 6.165770846001983330e-02
9.842500000000000000e+03 1.220435315738174495e+03 5.288989305704208665e-02
9.849500000000000000e+03 1.215452993953469559e+03 4.610172689460939610e-02
9.856500000000000000e+03 1.224359919508158782e+03 4.636642494786469976e-02
9.863500000000000000e+03 1.216394195481608222e+03 4.248719408610569098e-02
9.870500000000000000e+03 1.202322395945296876e+03 4.066146642312600673e-02
9.877500000000000000e+03 1.209608523653475231e+03 3.524103634627422793e-02
9.884500000000000000e+03 1.227464957273212576e+03 3.599896114667429370e-02
9.891500000000000000e+03 1.194197121619879681e+03 3.529211290796237244e-02
9.898500000000000000e+03 1.213432439404932211e+03 3.106773186575723100e-02
9.905500000000000000e+03 1.185303196345114429e+03 3.184530945796112955e-02
9.912500000000000000e+03 1.175889184613545922e+03 3.167697824848978577e-02
9.919500000000000000e+03 1.170919032406333372e+03 3.142840079968477890e-02
9.926500000000000000e+03 1.179403047257889966e+03 3.060665228797622775e-02
9.933500000000000000e+03 1.153417951605360713e+03 3.062453401270290657e-02
9.940500000000000000e+03 1.136973578613565678e+03 3.005904693023578322e-02
9.947500000000000000e+03 1.149235765906649249e+03 2.552887968282441244e-02
9.954500000000000000e+03 1.104438587203219640e+03 2.885083486367014810e-02
9.961500000000000000e+03 1.098660663251605683e+03 2.658641706371058996e-02
9.968500000000000000e+03 1.087871470836116941e+03 2.841674557386738437e-02
9.975500000000000000e+03 1.064163487214958650e+03 2.501006995592589682e-02
9.982500000000000000e+03 1.048234518807730865e+03 2.692667644844265462e-02
9.989500000000000000e+03 1.022971473156855836e+03 2.764068090572152636e-02
9.996500000000000000e+03 1.054485934857081247e+03 2.020203771174631027e-02
