# wavelength angstroms, flux, ext coeff
5.551500000000000000e+03 2.126865249780535669e+04 1.675894885353501063e-01
5.558500000000000000e+03 2.290638655509290038e+04 1.578470416510761865e-01
5.565500000000000000e+03 2.329646231328462454e+04 1.525537174730315082e-01
5.572500000000000000e+03 2.337398419343532078e+04 1.517980037000780935e-01
5.579500000000000000e+03 2.378507571183125401e+04 1.519669044702877947e-01
5.586500000000000000e+03 2.384705354041113605e+04 1.529581077382402565e-01
5.593500000000000000e+03 2.350351548049170378e+04 1.535726767919198543e-01
5.600500000000000000e+03 2.395951252468362873e+04 1.520440497545224867e-01
5.607500000000000000e+03 2.436489089027261434e+04 1.524293383162041993e-01
5.614500000000000000e+03 2.442828200599815318e+04 1.535706314542328588e-01
5.621500000000000000e+03 2.419488746109223575e+04 1.555271039328302851e-01
5.628500000000000000e+03 2.427477295476070140e+04 1.548537781266904889e-01
5.635500000000000000e+03 2.464784947574599937e+04 1.531738986566651695e-01
5.642500000000000000e+03 2.462546249986438852e+04 1.542968000654966754e-01
5.649500000000000000e+03 2.496200236638162460e+04 1.526591787040433024e-01
5.656500000000000000e+03 2.490271541191084179e+04 1.527575939387488535e-01
5.663500000000000000e+03 2.496237831327454478e+04 1.528397243400525241e-01
5.670500000000000000e+03 2.493059011516809551e+04 1.529609929112165090e-01
5.677500000000000000e+03 2.482137908249523753e+04 1.534527677459215367e-01
5.684500000000000000e+03 2.514912937453007180e+04 1.546041897825145561e-01
5.691500000000000000e+03 2.507608801967513136e+04 1.541813257517377078e-01
5.698500000000000000e+03 2.521756560118333073e+04 1.532771759722021121e-01
5.705500000000000000e+03 2.524344830888785145e+04 1.543534930434897479e-01
5.712500000000000000e+03 2.517244630495785532e+04 1.540638380367867766e-01
5.719500000000000000e+03 2.572139023376604382e+04 1.519722113222912452e-01
5.726500000000000000e+03 2.544852217476258738e+04 1.547682697112308936e-01
5.733500000000000000e+03 2.580094330850244296e+04 1.526577807805783449e-01
5.740500000000000000e+03 2.564166783920379021e+04 1.522555918938381936e-01
5.747500000000000000e+03 2.590887341116808238e+04 1.505163561903462011e-01
5.754500000000000000e+03 2.583694089615896519e+04 1.527680775113621769e-01
5.761500000000000000e+03 2.615797570548783551e+04 1.499549401888941036e-01
5.768500000000000000e+03 2.647812232341617346e+04 1.496832357730248919e-01
5.775500000000000000e+03 2.639324756477473056e+04 1.498723208861548750e-01
5.782500000000000000e+03 2.645151676425302867e+04 1.494267892486498273e-01
5.789500000000000000e+03 2.688646852523459529e+04 1.476631560179458569e-01
5.796500000000000000e+03 2.673235555283066060e+04 1.483213969258616038e-01
5.803500000000000000e+03 2.683076144669798305e+04 1.460016809603165155e-01
5.810500000000000000e+03 2.657319367752232938e+04 1.445147928236430457e-01
5.817500000000000000e+03 2.703426387272724605e+04 1.453321526852902335e-01
5.824500000000000000e+03 2.734262416636787384e+04 1.439541591708288493e-01
5.831500000000000000e+03 2.732010128604087731e+04 1.444634857313066012e-01
5.838500000000000000e+03 2.751063205479950557e+04 1.419657359824366694e-01
5.845500000000000000e+03 2.730363154004352691e+04 1.427962455559349531e-01
5.852500000000000000e+03 2.649667718228076410e+04 1.431770908506789786e-01
5.859500000000000000e+03 2.697565278653715359e+04 1.428154390621789449e-01
5.866500000000000000e+03 2.681489753780113097e+04 1.436843581224050426e-01
5.873500000000000000e+03 2.641120754383013991e+04 1.483600985302283015e-01
5.880500000000000000e+03 2.550741433424127172e+04 1.538544590776859122e-01
5.887500000000000000e+03 2.542874782041856452e+04 1.543606343899305011e-01
5.894500000000000000e+03 2.552008236277144897e+04 1.554830409570858440e-01
5.901500000000000000e+03 2.581266847952630269e+04 1.569299142090301580e-01
5.908500000000000000e+03 2.579917136103356825e+04 1.574799191874776683e-01
5.915500000000000000e+03 2.544409259653395202e+04 1.568284084327086492e-01
5.922500000000000000e+03 2.563645341120674857e+04 1.545904169118633431e-01
5.929500000000000000e+03 2.564114884902274935e+04 1.569065825259868818e-01
5.936500000000000000e+03 2.540305708800715729e+04 1.560268941089069106e-01
5.943500000000000000e+03 2.570414875410539753e+04 1.519405502122548879e-01
5.950500000000000000e+03 2.574862399797904072e+04 1.530017797596171514e-01
5.957500000000000000e+03 2.577541954208141397e+04 1.527118156716746056e-01
5.964500000000000000e+03 2.592931007483417125e+04 1.506331002012949172e-01
5.971500000000000000e+03 2.625848960023886684e+04 1.504893176878648042e-01
5.978500000000000000e+03 2.602468202065278456e+04 1.481925232614468846e-01
5.985500000000000000e+03 2.638002322676196491e+04 1.457260644904018188e-01
5.992500000000000000e+03 2.664702533633459461e+04 1.454434567345808116e-01
5.999500000000000000e+03 2.687323777763105682e+04 1.425801979539789710e-01
6.006500000000000000e+03 2.687117996042555387e+04 1.435768497960154266e-01
6.013500000000000000e+03 2.718955793965715930e+04 1.404219452260087875e-01
6.020500000000000000e+03 2.693990252899966436e+04 1.389456465988622991e-01
6.027500000000000000e+03 2.734313664868127307e+04 1.393754465156146483e-01
6.034500000000000000e+03 2.693167177839556825e+04 1.404039234069172359e-01
6.041500000000000000e+03 2.698279079870916394e+04 1.394713538126869656e-01
6.048500000000000000e+03 2.711124062428377511e+04 1.382602481364965386e-01
6.055500000000000000e+03 2.748513222324864182e+04 1.358260079057306835e-01
6.062500000000000000e+03 2.713448841428733431e+04 1.384409124830515425e-01
6.069500000000000000e+03 2.740485086462986146e+04 1.367250713876812795e-01
6.076500000000000000e+03 2.769520499071619633e+04 1.356445110540837329e-01
6.083500000000000000e+03 2.767653873884699715e+04 1.326995684418489641e-01
6.090500000000000000e+03 2.768620567129091069e+04 1.331567032226325387e-01
6.097500000000000000e+03 2.775629068421144257e+04 1.327756518739671432e-01
6.104500000000000000e+03 2.781291351943631162e+04 1.314916701281099998e-01
6.111500000000000000e+03 2.777338376810618865e+04 1.310819360664487176e-01
6.118500000000000000e+03 2.781704270145862392e+04 1.303046117479826904e-01
6.125500000000000000e+03 2.751296480373558370e+04 1.306598191455815294e-01
6.132500000000000000e+03 2.830397169911234596e+04 1.255855343334854601e-01
6.139500000000000000e+03 2.788735522080292867e+04 1.281458048660319426e-01
6.146500000000000000e+03 2.785973812391124375e+04 1.255468606192443048e-01
6.153500000000000000e+03 2.751161806491606694e+04 1.266167133702810199e-01
6.160500000000000000e+03 2.826113629593123187e+04 1.249465948770284718e-01
6.167500000000000000e+03 2.840540469520500483e+04 1.226529310392020927e-01
6.174500000000000000e+03 2.809963832717974947e+04 1.245555921345513628e-01
6.181500000000000000e+03 2.803707596097765781e+04 1.202780935947847935e-01
6.188500000000000000e+03 2.809438788408655455e+04 1.231768772568540282e-01
6.195500000000000000e+03 2.816701678504416486e+04 1.209474056566101630e-01
6.202500000000000000e+03 2.825411445944821025e+04 1.200170090442961857e-01
6.209500000000000000e+03 2.916623883299394947e+04 1.180079222792047716e-01
6.216500000000000000e+03 2.802464057842163675e+04 1.201030019304248075e-01
6.223500000000000000e+03 2.861717084952231380e+04 1.179825732422716544e-01
6.230500000000000000e+03 2.839185128087846533e+04 1.179483412430802486e-01
6.237500000000000000e+03 2.825734141415208433e+04 1.150991496273308934e-01
6.244500000000000000e+03 2.847565199425589890e+04 1.140404723678029308e-01
6.251500000000000000e+03 2.843875149388361751e+04 1.154126105298038801e-01
6.258500000000000000e+03 2.819084091303113382e+04 1.176580398477832523e-01
6.265500000000000000e+03 2.786641822267726457e+04 1.226909285127509713e-01
6.272500000000000000e+03 2.721549145539020537e+04 1.252449073774449528e-01
6.279500000000000000e+03 2.674837264372723075e+04 1.251268693107944752e-01
6.286500000000000000e+03 2.625513004658584396e+04 1.261945976597591834e-01
6.293500000000000000e+03 2.681941982789923713e+04 1.276150658957314055e-01
6.300500000000000000e+03 2.722839109913187713e+04 1.209399628000399629e-01
6.307500000000000000e+03 2.734999977681972450e+04 1.210893422694495625e-01
6.314500000000000000e+03 2.792691420125090008e+04 1.181379772154035196e-01
6.321500000000000000e+03 2.835934604663603386e+04 1.152558666035564533e-01
6.328500000000000000e+03 2.780595838366928001e+04 1.156350457767180706e-01
6.335500000000000000e+03 2.801328388457408437e+04 1.119809599343457446e-01
6.342500000000000000e+03 2.839278055881885302e+04 1.098662534407802149e-01
6.349500000000000000e+03 2.842109674183187235e+04 1.069884253559232473e-01
6.356500000000000000e+03 2.886697744579749269e+04 1.082792362482714044e-01
6.363500000000000000e+03 2.891307324150380373e+04 1.068594825972356138e-01
6.370500000000000000e+03 2.879546195454091139e+04 1.054470403041210536e-01
6.377500000000000000e+03 2.864446372042623989e+04 1.052648605443032154e-01
6.384500000000000000e+03 2.842381146476399590e+04 1.080589539679892436e-01
6.391500000000000000e+03 2.883219441146195823e+04 1.046879560766144912e-01
6.398500000000000000e+03 2.817779271716612493e+04 1.057699655456218885e-01
6.405500000000000000e+03 2.908560561897755179e+04 1.021743547067032881e-01
6.412500000000000000e+03 2.872528102852842130e+04 1.034407480596438583e-01
6.419500000000000000e+03 2.866599388519414788e+04 1.034744446992709593e-01
6.426500000000000000e+03 2.894774656573039465e+04 1.018639532898224648e-01
6.433500000000000000e+03 2.894300233710847169e+04 1.017055085137995446e-01
6.440500000000000000e+03 2.898829510947235394e+04 1.018322917063089195e-01
6.447500000000000000e+03 2.899496157961211429e+04 1.035407493097302845e-01
6.454500000000000000e+03 2.853174921738272315e+04 1.034408411304578862e-01
6.461500000000000000e+03 2.855218082004466487e+04 1.044286624783523215e-01
6.468500000000000000e+03 2.744093561164104904e+04 1.093789042939474071e-01
6.475500000000000000e+03 2.736401408055189677e+04 1.097707467346295818e-01
6.482500000000000000e+03 2.733353951185530605e+04 1.101796895148994399e-01
6.489500000000000000e+03 2.733166199617909660e+04 1.073713384788549663e-01
6.496500000000000000e+03 2.744044571820889905e+04 1.074132715145011824e-01
6.503500000000000000e+03 2.734847907271662916e+04 1.089202185898727054e-01
6.510500000000000000e+03 2.773807002429609565e+04 1.048557643458198352e-01
6.517500000000000000e+03 2.776260217312079112e+04 1.044062961344200957e-01
6.524500000000000000e+03 2.732928026067294195e+04 1.065715161119965559e-01
6.531500000000000000e+03 2.719060081673722016e+04 1.080257350577868147e-01
6.538500000000000000e+03 2.732130232751802032e+04 1.049301816859863068e-01
6.545500000000000000e+03 2.665828148761815100e+04 1.033383479106068231e-01
6.552500000000000000e+03 2.669856795911263544e+04 9.884669947143219504e-02
6.559500000000000000e+03 2.625408246394860907e+04 8.668778928649160942e-02
6.566500000000000000e+03 2.735739894552348414e+04 7.017028603815285426e-02
6.573500000000000000e+03 2.716756667251525505e+04 7.308268300182597932e-02
6.580500000000000000e+03 2.675588107077614404e+04 8.942472118862679342e-02
6.587500000000000000e+03 2.666375517859502361e+04 1.025619410419841004e-01
6.594500000000000000e+03 2.721356159505282267e+04 1.034541040372803783e-01
6.601500000000000000e+03 2.832838935101602328e+04 9.614286251777230674e-02
6.608500000000000000e+03 2.803471679984080401e+04 9.389593054340067413e-02
6.615500000000000000e+03 2.852950939385176753e+04 9.096245952864040474e-02
6.622500000000000000e+03 2.843958114409702102e+04 8.936495318775500296e-02
6.629500000000000000e+03 2.860680811959830316e+04 8.792025951435558651e-02
6.636500000000000000e+03 2.845921167580280962e+04 8.919767344963373812e-02
6.643500000000000000e+03 2.860961060630590146e+04 8.680722578655637733e-02
6.650500000000000000e+03 2.897461862371442840e+04 8.579854853462179354e-02
6.657500000000000000e+03 2.908702639495497715e+04 8.463335360920129502e-02
6.664500000000000000e+03 2.858791923949952252e+04 8.643707190420149566e-02
6.671500000000000000e+03 2.842250547050958630e+04 8.221402223791479669e-02
6.678500000000000000e+03 2.878103999096747793e+04 8.319984285596762619e-02
6.685500000000000000e+03 2.888053041049562671e+04 8.217740879003754273e-02
6.692500000000000000e+03 2.845929896498882590e+04 8.373016701357947900e-02
6.699500000000000000e+03 2.865514993856721412e+04 8.141750220445075070e-02
6.706500000000000000e+03 2.838871516893351509e+04 8.254571466395557722e-02
6.713500000000000000e+03 2.828684751277303076e+04 8.211197015866368576e-02
6.720500000000000000e+03 2.915173967796068973e+04 8.157008297618124903e-02
6.727500000000000000e+03 2.891708741456514690e+04 8.132516611203277623e-02
6.734500000000000000e+03 2.870817640340816797e+04 8.160219254067653527e-02
6.741500000000000000e+03 2.861402671469654160e+04 7.994127298316894281e-02
6.748500000000000000e+03 2.818528398814322281e+04 8.253423614123901741e-02
6.755500000000000000e+03 2.871302245925882016e+04 8.006484710082817369e-02
6.762500000000000000e+03 2.860168049170045924e+04 8.023422728548787464e-02
6.769500000000000000e+03 2.878770684887601965e+04 8.027710365633411449e-02
6.776500000000000000e+03 2.837833334872508931e+04 7.887575837172199067e-02
6.783500000000000000e+03 2.813015605972167032e+04 7.941394489687449154e-02
6.790500000000000000e+03 2.786900731232426187e+04 7.792693260252264720e-02
6.797500000000000000e+03 2.861062197722409110e+04 7.832300046756271450e-02
6.804500000000000000e+03 2.841137460142701457e+04 7.706656058249654329e-02
6.811500000000000000e+03 2.779987748640532300e+04 7.944503650755009583e-02
6.818500000000000000e+03 2.811687883907408832e+04 7.908180319382074330e-02
6.825500000000000000e+03 2.859330786530522892e+04 7.641288126338489917e-02
6.832500000000000000e+03 2.774850758676731857e+04 7.926249119636773199e-02
6.839500000000000000e+03 2.801494865588781249e+04 7.593511678971398560e-02
6.846500000000000000e+03 2.708330686333506310e+04 8.463058945898473129e-02
6.853500000000000000e+03 2.499770509843529362e+04 1.038037692735853668e-01
6.860500000000000000e+03 2.207498216068422698e+04 1.188067206267292425e-01
6.867500000000000000e+03 2.168621492964405843e+04 9.654207523072912134e-02
6.874500000000000000e+03 1.981171818271059965e+04 1.065404541129737065e-01
6.881500000000000000e+03 1.817157554207618159e+04 1.487368399197993851e-01
6.888500000000000000e+03 1.917993047469212252e+04 1.409190127167561646e-01
6.895500000000000000e+03 2.040581318675582952e+04 1.221166860970062107e-01
6.902500000000000000e+03 2.123501050483885047e+04 1.160329195323066970e-01
6.909500000000000000e+03 2.211648446725054964e+04 1.114945062733732756e-01
6.916500000000000000e+03 2.252247443533472324e+04 1.093096240800225660e-01
6.923500000000000000e+03 2.339927789555018535e+04 1.056076615281743986e-01
6.930500000000000000e+03 2.317449306046708443e+04 1.034648326849101074e-01
6.937500000000000000e+03 2.361341500563946829e+04 1.013631003545125281e-01
6.944500000000000000e+03 2.326842233459685667e+04 1.009287422909561360e-01
6.951500000000000000e+03 2.390641870850036503e+04 9.630314413294896458e-02
6.958500000000000000e+03 2.459473817315333145e+04 8.842504695205338772e-02
6.965500000000000000e+03 2.565106755707668344e+04 8.498343148845570461e-02
6.972500000000000000e+03 2.558073315852361702e+04 8.645306735968745493e-02
6.979500000000000000e+03 2.515817070648011941e+04 8.411343461404033328e-02
6.986500000000000000e+03 2.463041832082881228e+04 8.473979551273282118e-02
6.993500000000000000e+03 2.473051942535236230e+04 8.571022824653901084e-02
7.000500000000000000e+03 2.436494807240700175e+04 8.870284040540461767e-02
7.007500000000000000e+03 2.427831037361713970e+04 8.814731503170600280e-02
7.014500000000000000e+03 2.438317030837715720e+04 8.843810764994254614e-02
7.021500000000000000e+03 2.449686632577589626e+04 8.541974369517578436e-02
7.028500000000000000e+03 2.461506869687996368e+04 8.319911623812074886e-02
7.035500000000000000e+03 2.469658157659575954e+04 8.482566272883075575e-02
7.042500000000000000e+03 2.411267353252312023e+04 8.380152514515624984e-02
7.049500000000000000e+03 2.526184984057089605e+04 7.895790577158660895e-02
7.056500000000000000e+03 2.491782559663326174e+04 7.843025477613327356e-02
7.063500000000000000e+03 2.525887677972848905e+04 7.455223672884149499e-02
7.070500000000000000e+03 2.510222364131028371e+04 7.624734961172990877e-02
7.077500000000000000e+03 2.476428704704736811e+04 7.539983283310473794e-02
7.084500000000000000e+03 2.504901595891541365e+04 7.415683204742243295e-02
7.091500000000000000e+03 2.509470041704202595e+04 7.357209097805671172e-02
7.098500000000000000e+03 2.502683055147011328e+04 7.080981651957612977e-02
7.105500000000000000e+03 2.542249995092489189e+04 7.007012684948867032e-02
7.112500000000000000e+03 2.552839983228040728e+04 6.966009179017215724e-02
7.119500000000000000e+03 2.524655157944211896e+04 6.967776549272305942e-02
7.126500000000000000e+03 2.504673693603237189e+04 6.974991682453107744e-02
7.133500000000000000e+03 2.503907890240566121e+04 7.038170005281260688e-02
7.140500000000000000e+03 2.441604214023534951e+04 7.222448164215135302e-02
7.147500000000000000e+03 2.420933098761273868e+04 7.682047571855725454e-02
7.154500000000000000e+03 2.289151690983286608e+04 8.899173162431953110e-02
7.161500000000000000e+03 2.127096416754729944e+04 1.023801546368428989e-01
7.168500000000000000e+03 1.982062281190968133e+04 1.117187534502319252e-01
7.175500000000000000e+03 1.839711898339605250e+04 1.205189032062523036e-01
7.182500000000000000e+03 1.726700099000116461e+04 1.273297019991443124e-01
7.189500000000000000e+03 1.656916310328859981e+04 1.336633238696382231e-01
7.196500000000000000e+03 1.751789061330919139e+04 1.247592543449589086e-01
7.203500000000000000e+03 1.828984575051017237e+04 1.145503103269060324e-01
7.210500000000000000e+03 1.891815686388754330e+04 1.184177173028678337e-01
7.217500000000000000e+03 1.938339854857160026e+04 1.157485489575065390e-01
7.224500000000000000e+03 1.916060759449480975e+04 1.114566992724125155e-01
7.231500000000000000e+03 1.940240249577197392e+04 1.018367003573175389e-01
7.238500000000000000e+03 1.880854310216026715e+04 1.041063867759485367e-01
7.245500000000000000e+03 1.807884442761545142e+04 1.166006655893926103e-01
7.252500000000000000e+03 1.778319584939110791e+04 1.204527470977040104e-01
7.259500000000000000e+03 1.773784863965079057e+04 1.227569676390493497e-01
7.266500000000000000e+03 1.790020997549094318e+04 1.180761932119588353e-01
7.273500000000000000e+03 1.821606181768119495e+04 1.130909207856152093e-01
7.280500000000000000e+03 1.820266944636034168e+04 1.139856215432696607e-01
7.287500000000000000e+03 1.820050702239022576e+04 1.141447446085981782e-01
7.294500000000000000e+03 1.827587397408133620e+04 1.103435306300432489e-01
7.301500000000000000e+03 1.872574967612566979e+04 1.093629645301648912e-01
7.308500000000000000e+03 1.901625165219369228e+04 1.037186332612064499e-01
7.315500000000000000e+03 1.916600495752807547e+04 9.916073361534677444e-02
7.322500000000000000e+03 1.998858163877248080e+04 9.162665088284251136e-02
7.329500000000000000e+03 2.088392642592672564e+04 8.606263972562840092e-02
7.336500000000000000e+03 2.140981835694705296e+04 7.816207930283645966e-02
7.343500000000000000e+03 2.141971504094998818e+04 7.697095187255874327e-02
7.350500000000000000e+03 2.145162646205873898e+04 7.408105272099914373e-02
7.357500000000000000e+03 2.123105884672227330e+04 7.649958959824409988e-02
7.364500000000000000e+03 2.140782139810402441e+04 7.267617883195409689e-02
7.371500000000000000e+03 2.144354394197357396e+04 7.245969513830419206e-02
7.378500000000000000e+03 2.199585989916999824e+04 6.829488039838017832e-02
7.385500000000000000e+03 2.210189079295907140e+04 6.657705581305771447e-02
7.392500000000000000e+03 2.169597251138888532e+04 6.827461270566284601e-02
7.399500000000000000e+03 2.195416373000550448e+04 6.475023480057448544e-02
7.406500000000000000e+03 2.209512132473540987e+04 6.260707526029136993e-02
7.413500000000000000e+03 2.214331710544043381e+04 6.081181820384507636e-02
7.420500000000000000e+03 2.217814376550889210e+04 5.818063868905443137e-02
7.427500000000000000e+03 2.220070700449966898e+04 5.860301522390563844e-02
7.434500000000000000e+03 2.247992720122391620e+04 5.752438314611026809e-02
7.441500000000000000e+03 2.230861132174684462e+04 5.512664756487713202e-02
7.448500000000000000e+03 2.216547719258387224e+04 5.676926140251281616e-02
7.455500000000000000e+03 2.242749650672976350e+04 5.612105132067435331e-02
7.462500000000000000e+03 2.225185500178410803e+04 5.239394941073147183e-02
7.469500000000000000e+03 2.213474917410791022e+04 5.510013336648889037e-02
7.476500000000000000e+03 2.211123719985828939e+04 5.294718596808931088e-02
7.483500000000000000e+03 2.185853368690576463e+04 5.530567709699272388e-02
7.490500000000000000e+03 2.175085224641254899e+04 5.467004349434841093e-02
7.497500000000000000e+03 2.146469325252537237e+04 5.460879071481303942e-02
7.504500000000000000e+03 2.159561515800490815e+04 5.268181202688957537e-02
7.511500000000000000e+03 2.164221575527326422e+04 5.369008066367519233e-02
7.518500000000000000e+03 2.159109593980540376e+04 5.303067861977441011e-02
7.525500000000000000e+03 2.125720479571598116e+04 5.172308886462962524e-02
7.532500000000000000e+03 2.108356004532990846e+04 5.444893731381856422e-02
7.539500000000000000e+03 2.083855864098389429e+04 5.379349197634391427e-02
7.546500000000000000e+03 2.062887075874227958e+04 5.266088892831000817e-02
7.553500000000000000e+03 2.100642988921090728e+04 5.184031734789796425e-02
7.560500000000000000e+03 2.035023081325966996e+04 5.353227137279489845e-02
7.567500000000000000e+03 2.055425828653796998e+04 5.636617420355500424e-02
7.574500000000000000e+03 1.890969465975071944e+04 7.645963648895430509e-02
7.581500000000000000e+03 1.523517766255976858e+04 1.260030284151079927e-01
7.588500000000000000e+03 1.084525473374549802e+04 1.763660090848784001e-01
7.595500000000000000e+03 8.404182841230816848e+03 1.347106636074258401e-01
7.602500000000000000e+03 6.716523733714354421e+03 7.734546378463381944e-02
7.609500000000000000e+03 3.852229925037097473e+03 2.533449140543671541e-01
7.616500000000000000e+03 3.020084017559595395e+03 4.063098978491234137e-01
7.623500000000000000e+03 3.662866394469530405e+03 3.654491522340712617e-01
7.630500000000000000e+03 4.682970927618757742e+03 2.806400936689291137e-01
7.637500000000000000e+03 5.219203423112235214e+03 2.546792904083099440e-01
7.644500000000000000e+03 6.252792044431061186e+03 2.345118671107445096e-01
7.651500000000000000e+03 7.919366367625631028e+03 2.019934785091886120e-01
7.658500000000000000e+03 9.925863332164228268e+03 1.656699513637811538e-01
7.665500000000000000e+03 1.205906489077580591e+04 1.330069106869891105e-01
7.672500000000000000e+03 1.369347882217949882e+04 1.100551381027669029e-01
7.679500000000000000e+03 1.520724834422872846e+04 9.194839652269226615e-02
7.686500000000000000e+03 1.634566187856341276e+04 7.994146251087690114e-02
7.693500000000000000e+03 1.731072094136106898e+04 6.924005175653176469e-02
7.700500000000000000e+03 1.740798357106282128e+04 6.615312951728957724e-02
7.707500000000000000e+03 1.781758951019214874e+04 5.971817013175628047e-02
7.714500000000000000e+03 1.815212557531697530e+04 5.536902136657047974e-02
7.721500000000000000e+03 1.826532102102796125e+04 5.461905186652665778e-02
7.728500000000000000e+03 1.813798954011928072e+04 5.347965460185103576e-02
7.735500000000000000e+03 1.777317021512743668e+04 5.418751304043381567e-02
7.742500000000000000e+03 1.804352254531675862e+04 5.030489646390898933e-02
7.749500000000000000e+03 1.842884125793141720e+04 5.065689098566282522e-02
7.756500000000000000e+03 1.779081319628284109e+04 5.019913319911647326e-02
7.763500000000000000e+03 1.791630050649518671e+04 4.832293290563430266e-02
7.770500000000000000e+03 1.793352508874315390e+04 4.646539582239323646e-02
7.777500000000000000e+03 1.772185508054345701e+04 4.760068887736338544e-02
7.784500000000000000e+03 1.788618198051422951e+04 4.776668333564685481e-02
7.791500000000000000e+03 1.769275595313563826e+04 4.907725288084881232e-02
7.798500000000000000e+03 1.756288384443237010e+04 5.114014467670464220e-02
7.805500000000000000e+03 1.775524351679505708e+04 4.788222524913259004e-02
7.812500000000000000e+03 1.735836527202390062e+04 4.868717080308853501e-02
7.819500000000000000e+03 1.756921329414481443e+04 4.674938629152726455e-02
7.826500000000000000e+03 1.719460931221240753e+04 4.695875178072889122e-02
7.833500000000000000e+03 1.733352437447913690e+04 4.974824454017663655e-02
7.840500000000000000e+03 1.713856669840714312e+04 4.553030546682124147e-02
7.847500000000000000e+03 1.669907663405593121e+04 4.946114847781248741e-02
7.854500000000000000e+03 1.653321428396367628e+04 4.842192506632222310e-02
7.861500000000000000e+03 1.657804213802812228e+04 5.150429515327877711e-02
7.868500000000000000e+03 1.620063927352748215e+04 5.073958228081446031e-02
7.875500000000000000e+03 1.598043136910088833e+04 5.491051879973881528e-02
7.882500000000000000e+03 1.592864181137672313e+04 5.719381043305070411e-02
7.889500000000000000e+03 1.554032654864761571e+04 5.690835509725503810e-02
7.896500000000000000e+03 1.570886881133142560e+04 5.628289372457191686e-02
7.903500000000000000e+03 1.544046887839906049e+04 5.892716418564760555e-02
7.910500000000000000e+03 1.522359314195055595e+04 5.960069400021671127e-02
7.917500000000000000e+03 1.543102249534529619e+04 5.620126089160166344e-02
7.924500000000000000e+03 1.530631405680945136e+04 5.634719364348424187e-02
7.931500000000000000e+03 1.517329068741582523e+04 5.206855440148252384e-02
7.938500000000000000e+03 1.491238499060594950e+04 5.475540250638538664e-02
7.945500000000000000e+03 1.506760864162768848e+04 5.401611481007831395e-02
7.952500000000000000e+03 1.468776727950916938e+04 5.478492782213222057e-02
7.959500000000000000e+03 1.468733511334760806e+04 5.548886157542106540e-02
7.966500000000000000e+03 1.455815735406427666e+04 5.741527737840054074e-02
7.973500000000000000e+03 1.453141453149055633e+04 5.525440025735228744e-02
7.980500000000000000e+03 1.459152690319274916e+04 5.645723246815770313e-02
7.987500000000000000e+03 1.450903086926838841e+04 5.297534962762819044e-02
7.994500000000000000e+03 1.461955404698271013e+04 5.487765997468013746e-02
8.001500000000000000e+03 1.416058674445302313e+04 5.564775947825881253e-02
8.008500000000000000e+03 1.394081705386434805e+04 5.765719718046959097e-02
8.015500000000000000e+03 1.382462095328256873e+04 5.961049050472511796e-02
8.022500000000000000e+03 1.408524881331202232e+04 5.769801872511100965e-02
8.029500000000000000e+03 1.376776783128013449e+04 5.529826247391764205e-02
8.036500000000000000e+03 1.392699346738696840e+04 5.515895735059682392e-02
8.043500000000000000e+03 1.417108456378827213e+04 5.065544261772431112e-02
8.050500000000000000e+03 1.377076472685282715e+04 5.470609096417818756e-02
8.057500000000000000e+03 1.395825847152005008e+04 5.092002383604804505e-02
8.064500000000000000e+03 1.384455064023084378e+04 5.055017219206535406e-02
8.071500000000000000e+03 1.387228912444260277e+04 4.959463020418798662e-02
8.078500000000000000e+03 1.384859379850376172e+04 4.930994930756628369e-02
8.085500000000000000e+03 1.358654726177571138e+04 5.273218079422729854e-02
8.092500000000000000e+03 1.349981428463824159e+04 5.277716126278628878e-02
8.099500000000000000e+03 1.312160820449444327e+04 5.521213332149601388e-02
8.106500000000000000e+03 1.297775123617305508e+04 5.874019903679233989e-02
8.113500000000000000e+03 1.260462686739650599e+04 6.481264458389303373e-02
8.120500000000000000e+03 1.176273505560405647e+04 7.484540996388791556e-02
8.127500000000000000e+03 1.131309616576133521e+04 8.093996583017959434e-02
8.134500000000000000e+03 1.065906017701435849e+04 8.667971252418747719e-02
8.141500000000000000e+03 1.014041922573648844e+04 9.817234578289459057e-02
8.148500000000000000e+03 9.711315247050615653e+03 1.048113828707180756e-01
8.155500000000000000e+03 9.336083856535360610e+03 1.051683809604349873e-01
8.162500000000000000e+03 9.338733943797555185e+03 1.039688536415383086e-01
8.169500000000000000e+03 9.194728384511345212e+03 1.105857102254425711e-01
8.176500000000000000e+03 9.182127827829954185e+03 1.083710869781476654e-01
8.183500000000000000e+03 9.417134123284453381e+03 1.018938646127246772e-01
8.190500000000000000e+03 9.783805790890413846e+03 9.293218514109319317e-02
8.197500000000000000e+03 1.027057446976492793e+04 7.966360822123008667e-02
8.204500000000000000e+03 1.027064587296909849e+04 9.080996637255434045e-02
8.211500000000000000e+03 9.824738831196073079e+03 1.006989798624012833e-01
8.218500000000000000e+03 9.463740982705274291e+03 1.011580871293662753e-01
8.225500000000000000e+03 9.551094699053668592e+03 7.829682119041042609e-02
8.232500000000000000e+03 9.506974682687676250e+03 7.806804805357164811e-02
8.239500000000000000e+03 9.331968804671576436e+03 9.745523357062427228e-02
8.246500000000000000e+03 1.009577779078702406e+04 9.086028051535723071e-02
8.253500000000000000e+03 1.072220953713525159e+04 7.457592540937119097e-02
8.260500000000000000e+03 1.052702393966670206e+04 7.553216089739532568e-02
8.267500000000000000e+03 1.028136120317790665e+04 7.975169053563120614e-02
8.274500000000000000e+03 9.879917759386238686e+03 7.715779090191521306e-02
8.281500000000000000e+03 9.779997670530630785e+03 7.950395284674854901e-02
8.288500000000000000e+03 9.667432987499187220e+03 8.195611627794827103e-02
8.295500000000000000e+03 1.000389264682012981e+04 7.923069023209740325e-02
8.302500000000000000e+03 1.023804762973799188e+04 7.513703110516518902e-02
8.309500000000000000e+03 1.004707491990228846e+04 7.876650186891870353e-02
8.316500000000000000e+03 1.028738999312399574e+04 7.024523791744567702e-02
8.323500000000000000e+03 1.038747101589014892e+04 6.696258951785302727e-02
8.330500000000000000e+03 1.022357856506782082e+04 7.031463573182832050e-02
8.337500000000000000e+03 1.054784567751727627e+04 6.505280531951579404e-02
8.344500000000000000e+03 1.079497679561390396e+04 6.203259562123224907e-02
8.351500000000000000e+03 1.065660553432439156e+04 6.029111743299773313e-02
8.358500000000000000e+03 1.102519305021255241e+04 5.536499452483089473e-02
8.365500000000000000e+03 1.123347331490033321e+04 5.368853596568071845e-02
8.372500000000000000e+03 1.089532795689407794e+04 5.339582683843970001e-02
8.379500000000000000e+03 1.112849379696229698e+04 5.044629504193630376e-02
8.386500000000000000e+03 1.130380510787047569e+04 4.789412632526557356e-02
8.393500000000000000e+03 1.111594683118784815e+04 4.907583124106867922e-02
8.400500000000000000e+03 1.119536550040795009e+04 4.697444389323739838e-02
8.407500000000000000e+03 1.109063909161678930e+04 4.672472798001530564e-02
8.414500000000000000e+03 1.100270521577567524e+04 4.604787184207405348e-02
8.421500000000000000e+03 1.133354636474375002e+04 4.273261381080404459e-02
8.428500000000000000e+03 1.106674755656484558e+04 4.742195768133616873e-02
8.435500000000000000e+03 1.116995672232882862e+04 4.407162472051904395e-02
8.442500000000000000e+03 1.112326040785061923e+04 4.162564432578232110e-02
8.449500000000000000e+03 1.112761955929819669e+04 4.097414366808763142e-02
8.456500000000000000e+03 1.127887715807360291e+04 3.858392247924533752e-02
8.463500000000000000e+03 1.116100469749904005e+04 3.627434476252520967e-02
8.470500000000000000e+03 1.109074481799166642e+04 4.020420417262228485e-02
8.477500000000000000e+03 1.114886427726477632e+04 4.035064020951429492e-02
8.484500000000000000e+03 1.076673678868468232e+04 4.520770493254199635e-02
8.491500000000000000e+03 1.062153754242980904e+04 4.588471944975129613e-02
8.498500000000000000e+03 1.090500019496376080e+04 4.149631195772848780e-02
8.505500000000000000e+03 1.103905694320957627e+04 3.571599457723199228e-02
8.512500000000000000e+03 1.078273337591416930e+04 3.676223830894408823e-02
8.519500000000000000e+03 1.069126895539428733e+04 3.998132916548466365e-02
8.526500000000000000e+03 1.063496428625154294e+04 4.487707669113605302e-02
8.533500000000000000e+03 1.052895910314811226e+04 4.515851480134032425e-02
8.540500000000000000e+03 1.082986399090538907e+04 3.677270733162325833e-02
8.547500000000000000e+03 1.098469464202378367e+04 2.887345628956511021e-02
8.554500000000000000e+03 1.082375638634276584e+04 3.076586324660566737e-02
8.561500000000000000e+03 1.063985504153383408e+04 3.930064599247243273e-02
8.568500000000000000e+03 1.048411725452940118e+04 4.797060373158128221e-02
8.575500000000000000e+03 1.045225134740400063e+04 4.343464506143099313e-02
8.582500000000000000e+03 1.054205996547743598e+04 3.817521916611082283e-02
8.589500000000000000e+03 1.065165075157707543e+04 3.359844711277267665e-02
8.596500000000000000e+03 1.056632025962135958e+04 3.244066773268101944e-02
8.603500000000000000e+03 1.071030374028900223e+04 2.877608903803666879e-02
8.610500000000000000e+03 1.054350050942368762e+04 3.140181781833584901e-02
8.617500000000000000e+03 1.052081658219177189e+04 3.545031817146879899e-02
8.624500000000000000e+03 1.027203210170866623e+04 4.186298925061744669e-02
8.631500000000000000e+03 1.028579665220282186e+04 4.402669027698159071e-02
8.638500000000000000e+03 1.012372510404854984e+04 4.535654987650993009e-02
8.645500000000000000e+03 1.001541549922833110e+04 4.290556568161080220e-02
8.652500000000000000e+03 1.020942372984888971e+04 3.718104468970294396e-02
8.659500000000000000e+03 1.007178559185832273e+04 3.257640851973703233e-02
8.666500000000000000e+03 1.031710296295934677e+04 2.158200514923172206e-02
8.673500000000000000e+03 1.042256076774062603e+04 2.050168683161039673e-02
8.680500000000000000e+03 1.035848146995136631e+04 2.934779349427677972e-02
8.687500000000000000e+03 9.949979003931159241e+03 4.138353699455219609e-02
8.694500000000000000e+03 9.855632926292588309e+03 4.011736441972810902e-02
8.701500000000000000e+03 9.983161718714731251e+03 4.135083527349082966e-02
8.708500000000000000e+03 1.008456837146408907e+04 3.960076196733951920e-02
8.715500000000000000e+03 9.828026058897517942e+03 4.243535437120227877e-02
8.722500000000000000e+03 9.765306280360553501e+03 4.213693851613715957e-02
8.729500000000000000e+03 9.731384784880667212e+03 4.014617463530635588e-02
8.736500000000000000e+03 9.531668124987430929e+03 3.514569577266858647e-02
8.743500000000000000e+03 1.007887897318339674e+04 2.145584534735547888e-02
8.750500000000000000e+03 9.897810017512065315e+03 1.735028815552200343e-02
8.757500000000000000e+03 9.773861491802485034e+03 2.194604733393073007e-02
8.764500000000000000e+03 9.477098806622618213e+03 3.326935583329038854e-02
8.771500000000000000e+03 9.467244859222571904e+03 3.834563910006725390e-02
8.778500000000000000e+03 9.646507510551431551e+03 3.592782200605943582e-02
8.785500000000000000e+03 9.598765491396579819e+03 3.900074215800389266e-02
8.792500000000000000e+03 9.889530443982797806e+03 3.827044067872201194e-02
8.799500000000000000e+03 9.699266262349641693e+03 4.029744204583966816e-02
8.806500000000000000e+03 9.890932725883554667e+03 3.576017975331691190e-02
8.813500000000000000e+03 1.000972227045553882e+04 3.465370361687918066e-02
8.820500000000000000e+03 9.744027870169644302e+03 3.613784099399708349e-02
8.827500000000000000e+03 9.533594485320889362e+03 3.846006770447062822e-02
8.834500000000000000e+03 9.389039176207375931e+03 3.936402385462497988e-02
8.841500000000000000e+03 9.183441043806102243e+03 3.922035035013509557e-02
8.848500000000000000e+03 9.168472934917208477e+03 3.611401669575394630e-02
8.855500000000000000e+03 9.061118683426340795e+03 3.272107881822987341e-02
8.862500000000000000e+03 8.933835211407711540e+03 2.149827738976624325e-02
8.869500000000000000e+03 9.099040133935102858e+03 1.860522475732567793e-02
8.876500000000000000e+03 9.310252942687173345e+03 2.323060586553588741e-02
8.883500000000000000e+03 8.944817818250328855e+03 3.851162492147069266e-02
8.890500000000000000e+03 9.021248324312595287e+03 4.272405011565061361e-02
8.897500000000000000e+03 8.999638388406718150e+03 4.170166716130114387e-02
8.904500000000000000e+03 9.003930488582574981e+03 4.189548871485613418e-02
8.911500000000000000e+03 9.072179135329692144e+03 4.311033958272633693e-02
8.918500000000000000e+03 8.939778957982032807e+03 4.450119578136953191e-02
8.925500000000000000e+03 8.694453615963966513e+03 4.700170875791274266e-02
8.932500000000000000e+03 8.243761551902676729e+03 5.682589573581975362e-02
8.939500000000000000e+03 7.865501715703248919e+03 6.819440054499019410e-02
8.946500000000000000e+03 7.417463500918279351e+03 7.463298835562327815e-02
8.953500000000000000e+03 6.936205213977690619e+03 8.360981625795316230e-02
8.960500000000000000e+03 6.558875313037025990e+03 9.146897864755959562e-02
8.967500000000000000e+03 6.300395372030235194e+03 9.879401209365701320e-02
8.974500000000000000e+03 5.790392039269252564e+03 1.147443326822089604e-01
8.981500000000000000e+03 5.368008242579176112e+03 1.251297784185622375e-01
8.988500000000000000e+03 5.322646330247557671e+03 1.088197378653891767e-01
8.995500000000000000e+03 5.032074562214623256e+03 1.206461004682971155e-01
9.002500000000000000e+03 5.103357940439496815e+03 1.135989784085703475e-01
9.009500000000000000e+03 5.394227012481792372e+03 9.266431913663313036e-02
9.016500000000000000e+03 5.616480588912968415e+03 8.409753838993670738e-02
9.023500000000000000e+03 5.879292526073835688e+03 7.940235926312062820e-02
9.030500000000000000e+03 6.141018508885234041e+03 8.638451685730820506e-02
9.037500000000000000e+03 6.526309694842493627e+03 8.715242537806942857e-02
9.044500000000000000e+03 6.615320348885306885e+03 8.442718550862519933e-02
9.051500000000000000e+03 6.610477474773463655e+03 8.908684281158989193e-02
9.058500000000000000e+03 6.175231285014587229e+03 9.801741307281686133e-02
9.065500000000000000e+03 5.862662518612761232e+03 9.479306753402379215e-02
9.072500000000000000e+03 5.579713600858909558e+03 9.780342835422900505e-02
9.079500000000000000e+03 5.312711783697256578e+03 1.138220093003176336e-01
9.086500000000000000e+03 5.282251587357159224e+03 1.190528720653523942e-01
9.093500000000000000e+03 5.098898234373033119e+03 1.233854467963236695e-01
9.100500000000000000e+03 5.329114682961173457e+03 1.094457310270629535e-01
9.107500000000000000e+03 5.280085944818521966e+03 1.151926045588712588e-01
9.114500000000000000e+03 5.105289335792097518e+03 1.276609272061089428e-01
9.121500000000000000e+03 5.086719602720939292e+03 1.286438361126223395e-01
9.128500000000000000e+03 4.951629952058536219e+03 1.205156452362800973e-01
9.135500000000000000e+03 4.941775725554108249e+03 1.186145793934059028e-01
9.142500000000000000e+03 4.589731139058812005e+03 1.463475715148339351e-01
9.149500000000000000e+03 4.667909457804636986e+03 1.292532726621485883e-01
9.156500000000000000e+03 4.913034133104756620e+03 1.185837839104259134e-01
9.163500000000000000e+03 4.664888801687096020e+03 1.421788880658512444e-01
9.170500000000000000e+03 4.781928160540965109e+03 1.267284219401516587e-01
9.177500000000000000e+03 5.178120335040262944e+03 1.058192156669953699e-01
9.184500000000000000e+03 5.316838988886011066e+03 1.094089982981744646e-01
9.191500000000000000e+03 5.566385047971060885e+03 9.715443878930532517e-02
9.198500000000000000e+03 5.897315382605384002e+03 8.927402216059225626e-02
9.205500000000000000e+03 5.799362515388691463e+03 8.906330199048650975e-02
9.212500000000000000e+03 5.714656919045646646e+03 7.990109706222668640e-02
9.219500000000000000e+03 5.657149724295236410e+03 6.744548056330390562e-02
9.226500000000000000e+03 5.631947817840728021e+03 6.704739683891641766e-02
9.233500000000000000e+03 5.423746934398760459e+03 6.687545234471092837e-02
9.240500000000000000e+03 5.298928445743326847e+03 7.839699059874098708e-02
9.247500000000000000e+03 5.283810666430642414e+03 9.078327411624591281e-02
9.254500000000000000e+03 5.360404236126854812e+03 9.835937950194555135e-02
9.261500000000000000e+03 5.321131452012631598e+03 1.057371483549857105e-01
9.268500000000000000e+03 4.845846153955979389e+03 1.224902916659665469e-01
9.275500000000000000e+03 4.493725460476404805e+03 1.293550544954109316e-01
9.282500000000000000e+03 3.951645721411388877e+03 1.497869359917059773e-01
9.289500000000000000e+03 3.214141624059458536e+03 1.878122665009396286e-01
9.296500000000000000e+03 2.853346521802121515e+03 2.024992684424515577e-01
9.303500000000000000e+03 2.479460811149043366e+03 2.228172800421198974e-01
9.310500000000000000e+03 1.994558791450785293e+03 2.560118162143880105e-01
9.317500000000000000e+03 1.671904024625244801e+03 2.715248252154404685e-01
9.324500000000000000e+03 1.256715401984356049e+03 3.288184105804116131e-01
9.331500000000000000e+03 9.677977074677928613e+02 3.733560190149468050e-01
9.338500000000000000e+03 9.933839022853508141e+02 3.344261146574000199e-01
9.345500000000000000e+03 9.286650766235184165e+02 3.539462081239552749e-01
9.352500000000000000e+03 9.271112467382604336e+02 3.822426776448045738e-01
9.359500000000000000e+03 9.562083006094954953e+02 3.759471343727561199e-01
9.366500000000000000e+03 1.033932013269937670e+03 3.523079231666134681e-01
9.373500000000000000e+03 1.228176271348340151e+03 3.031335288107584458e-01
9.380500000000000000e+03 1.586255383101974758e+03 2.564905218792872810e-01
9.387500000000000000e+03 1.944412303714070731e+03 2.566542027371367385e-01
9.394500000000000000e+03 2.025141011254021123e+03 2.742992673693838701e-01
9.401500000000000000e+03 2.361806163158122217e+03 2.304190592367224566e-01
9.408500000000000000e+03 2.323827758431638358e+03 2.223143159096077348e-01
9.415500000000000000e+03 1.992277187949732252e+03 2.527146270967344788e-01
9.422500000000000000e+03 1.923274760942200601e+03 2.500038604724669766e-01
9.429500000000000000e+03 1.786865854245672381e+03 2.459602649873564861e-01
9.436500000000000000e+03 1.632271283513158096e+03 2.530608686116802009e-01
9.443500000000000000e+03 1.658782448962025455e+03 2.495836213485242983e-01
9.450500000000000000e+03 1.485869224608357399e+03 2.987358255620929381e-01
9.457500000000000000e+03 1.645322957508770287e+03 2.619708809497093838e-01
9.464500000000000000e+03 1.563257604078288523e+03 2.752251684894355122e-01
9.471500000000000000e+03 1.608903329170059123e+03 2.815529260542639078e-01
9.478500000000000000e+03 1.866443571312084259e+03 2.419800347993277534e-01
9.485500000000000000e+03 1.673299414294415556e+03 2.796361410283502158e-01
9.492500000000000000e+03 1.730515548438589803e+03 2.472767823515255592e-01
9.499500000000000000e+03 1.933743719244278282e+03 1.994978034443116444e-01
9.506500000000000000e+03 1.569156013185993743e+03 2.921844598511388891e-01
9.513500000000000000e+03 1.531023152579821499e+03 2.960214327374783294e-01
9.520500000000000000e+03 1.811391040261994476e+03 2.233113040669649496e-01
9.527500000000000000e+03 1.752927047113416393e+03 2.452267675554551107e-01
9.534500000000000000e+03 1.563354058116965916e+03 2.786085707803784284e-01
9.541500000000000000e+03 1.763162662106816015e+03 2.316253855494449787e-01
9.548500000000000000e+03 1.821826367460677147e+03 2.066717359333802850e-01
9.555500000000000000e+03 1.803018834483448700e+03 2.096721287101801223e-01
9.562500000000000000e+03 1.860084888970375005e+03 2.083060684536426899e-01
9.569500000000000000e+03 1.936586315253852717e+03 2.288421104794915450e-01
9.576500000000000000e+03 1.849945286282161305e+03 2.538078934956961574e-01
9.583500000000000000e+03 2.037807976710815865e+03 2.147787688805542772e-01
9.590500000000000000e+03 2.220821748828381260e+03 1.792643796259260625e-01
9.597500000000000000e+03 2.149123824614805471e+03 2.010289286924249741e-01
9.604500000000000000e+03 2.128749891179416409e+03 2.214495572459770356e-01
9.611500000000000000e+03 2.434320756211487605e+03 2.043752031858918627e-01
9.618500000000000000e+03 2.651061582948254454e+03 1.689988333968538148e-01
9.625500000000000000e+03 2.625353287671025555e+03 1.698923595501998229e-01
9.632500000000000000e+03 2.595824837498408215e+03 1.805120550912779342e-01
9.639500000000000000e+03 2.848123337613925287e+03 1.439222635552052099e-01
9.646500000000000000e+03 2.790576711735180652e+03 1.565487031039808907e-01
9.653500000000000000e+03 2.764937002494453736e+03 1.693703725679397143e-01
9.660500000000000000e+03 3.072948719994112707e+03 1.351842659644770794e-01
9.667500000000000000e+03 3.405993910328991205e+03 1.184480084375093140e-01
9.674500000000000000e+03 3.584016195673219499e+03 1.153126642234862803e-01
9.681500000000000000e+03 3.930473539886531398e+03 9.825117564149105087e-02
9.688500000000000000e+03 4.104446951548518882e+03 9.073997791280333236e-02
9.695500000000000000e+03 4.184122314309196554e+03 8.357330067956438013e-02
9.702500000000000000e+03 4.315935501865701553e+03 7.340590044982446549e-02
9.709500000000000000e+03 4.217151358902872744e+03 7.997311358137446091e-02
9.716500000000000000e+03 3.922585373855838498e+03 8.823272782639919598e-02
9.723500000000000000e+03 3.912946739361156688e+03 8.991548902931126297e-02
9.730500000000000000e+03 3.632647044700695460e+03 9.732773118106183285e-02
9.737500000000000000e+03 3.609113366332032911e+03 9.592442645490519004e-02
9.744500000000000000e+03 3.420615626283733036e+03 1.087874384463185934e-01
9.751500000000000000e+03 3.395818068768688590e+03 1.042415272088249717e-01
9.758500000000000000e+03 3.549469544952850356e+03 9.323099365309422959e-02
9.765500000000000000e+03 3.503107020044788896e+03 1.006361231565241626e-01
9.772500000000000000e+03 3.522264379343801465e+03 1.029513741938663102e-01
9.779500000000000000e+03 3.660093387155751316e+03 9.005244253307288782e-02
9.786500000000000000e+03 3.765256364697031586e+03 8.145096737201962256e-02
9.793500000000000000e+03 3.755701189128933493e+03 7.610165553219096213e-02
9.800500000000000000e+03 3.792092166726863979e+03 7.346169008166299197e-02
9.807500000000000000e+03 3.767995409796608783e+03 7.970972647420439261e-02
9.814500000000000000e+03 3.955445500927865851e+03 7.371150899946386781e-02
9.821500000000000000e+03 4.122907555562194830e+03 5.718581701911173987e-02
9.828500000000000000e+03 4.126804684473109774e+03 5.725651264922482220e-02
9.835500000000000000e+03 4.062585175635194446e+03 6.165770846001983330e-02
9.842500000000000000e+03 4.074571225908745419e+03 5.288989305704208665e-02
9.849500000000000000e+03 4.180068755573325689e+03 4.610172689460939610e-02
9.856500000000000000e+03 4.266461591006522212e+03 4.636642494786469976e-02
9.863500000000000000e+03 4.303451683391868755e+03 4.248719408610569098e-02
9.870500000000000000e+03 4.327202462894377277e+03 4.066146642312600673e-02
9.877500000000000000e+03 4.310600729272118770e+03 3.524103634627422793e-02
9.884500000000000000e+03 4.438736478889667524e+03 3.599896114667429370e-02
9.891500000000000000e+03 4.321808631290220546e+03 3.529211290796237244e-02
9.898500000000000000e+03 4.306957622962550886e+03 3.106773186575723100e-02
9.905500000000000000e+03 4.228850368176650591e+03 3.184530945796112955e-02
9.912500000000000000e+03 4.287411407052382856e+03 3.167697824848978577e-02
9.919500000000000000e+03 4.141957766440626983e+03 3.142840079968477890e-02
9.926500000000000000e+03 4.172157661544498296e+03 3.060665228797622775e-02
9.933500000000000000e+03 4.097751091621700652e+03 3.062453401270290657e-02
9.940500000000000000e+03 4.101769188768686035e+03 3.005904693023578322e-02
9.947500000000000000e+03 4.086939860931631301e+03 2.552887968282441244e-02
9.954500000000000000e+03 3.936103469538562422e+03 2.885083486367014810e-02
9.961500000000000000e+03 3.904883524135161224e+03 2.658641706371058996e-02
9.968500000000000000e+03 3.936132449162346802e+03 2.841674557386738437e-02
9.975500000000000000e+03 3.832144731303643312e+03 2.501006995592589682e-02
9.982500000000000000e+03 3.770699116036688338e+03 2.692667644844265462e-02
9.989500000000000000e+03 3.769364443699307685e+03 2.764068090572152636e-02
9.996500000000000000e+03 3.873154168169653076e+03 2.020203771174631027e-02
