# wavelength angstroms, flux, ext coeff
5.551500000000000000e+03 8.382628741977116078e+03 1.675894885353501063e-01
5.558500000000000000e+03 8.873493482195091929e+03 1.578470416510761865e-01
5.565500000000000000e+03 9.236889330095300465e+03 1.525537174730315082e-01
5.572500000000000000e+03 9.379304864616940904e+03 1.517980037000780935e-01
5.579500000000000000e+03 9.388925057805286997e+03 1.519669044702877947e-01
5.586500000000000000e+03 9.298304879196362890e+03 1.529581077382402565e-01
5.593500000000000000e+03 8.937200074356267578e+03 1.535726767919198543e-01
5.600500000000000000e+03 8.706714951581421701e+03 1.520440497545224867e-01
5.607500000000000000e+03 8.452116452595408191e+03 1.524293383162041993e-01
5.614500000000000000e+03 8.390299928596523387e+03 1.535706314542328588e-01
5.621500000000000000e+03 8.612687499526977263e+03 1.555271039328302851e-01
5.628500000000000000e+03 9.255590428993220485e+03 1.548537781266904889e-01
5.635500000000000000e+03 9.708533299772283499e+03 1.531738986566651695e-01
5.642500000000000000e+03 1.002078304334596578e+04 1.542968000654966754e-01
5.649500000000000000e+03 1.051865085174204614e+04 1.526591787040433024e-01
5.656500000000000000e+03 1.079921492515475256e+04 1.527575939387488535e-01
5.663500000000000000e+03 1.087526905174901185e+04 1.528397243400525241e-01
5.670500000000000000e+03 1.122763053304426103e+04 1.529609929112165090e-01
5.677500000000000000e+03 1.149749991686187605e+04 1.534527677459215367e-01
5.684500000000000000e+03 1.190707045224845751e+04 1.546041897825145561e-01
5.691500000000000000e+03 1.221805105165579334e+04 1.541813257517377078e-01
5.698500000000000000e+03 1.223947640695933660e+04 1.532771759722021121e-01
5.705500000000000000e+03 1.247859573500816259e+04 1.543534930434897479e-01
5.712500000000000000e+03 1.287089379152267793e+04 1.540638380367867766e-01
5.719500000000000000e+03 1.341218874220314865e+04 1.519722113222912452e-01
5.726500000000000000e+03 1.383691222799028219e+04 1.547682697112308936e-01
5.733500000000000000e+03 1.430043102116273985e+04 1.526577807805783449e-01
5.740500000000000000e+03 1.441464312093143599e+04 1.522555918938381936e-01
5.747500000000000000e+03 1.438216920052619935e+04 1.505163561903462011e-01
5.754500000000000000e+03 1.415339313219475480e+04 1.527680775113621769e-01
5.761500000000000000e+03 1.400926790647809321e+04 1.499549401888941036e-01
5.768500000000000000e+03 1.378688691601890059e+04 1.496832357730248919e-01
5.775500000000000000e+03 1.387628238292569404e+04 1.498723208861548750e-01
5.782500000000000000e+03 1.426764334178755416e+04 1.494267892486498273e-01
5.789500000000000000e+03 1.424128438312400613e+04 1.476631560179458569e-01
5.796500000000000000e+03 1.436600991554085158e+04 1.483213969258616038e-01
5.803500000000000000e+03 1.441559021247151759e+04 1.460016809603165155e-01
5.810500000000000000e+03 1.450931205113858596e+04 1.445147928236430457e-01
5.817500000000000000e+03 1.458668482126882373e+04 1.453321526852902335e-01
5.824500000000000000e+03 1.488836636206744333e+04 1.439541591708288493e-01
5.831500000000000000e+03 1.529477765432356500e+04 1.444634857313066012e-01
5.838500000000000000e+03 1.521086253550928450e+04 1.419657359824366694e-01
5.845500000000000000e+03 1.519814203687959525e+04 1.427962455559349531e-01
5.852500000000000000e+03 1.501914002797514513e+04 1.431770908506789786e-01
5.859500000000000000e+03 1.483047461755670520e+04 1.428154390621789449e-01
5.866500000000000000e+03 1.467750435578419820e+04 1.436843581224050426e-01
5.873500000000000000e+03 1.390359789261171863e+04 1.483600985302283015e-01
5.880500000000000000e+03 1.328302472826970188e+04 1.538544590776859122e-01
5.887500000000000000e+03 1.288953040245970078e+04 1.543606343899305011e-01
5.894500000000000000e+03 1.288975151940870637e+04 1.554830409570858440e-01
5.901500000000000000e+03 1.306258018984510090e+04 1.569299142090301580e-01
5.908500000000000000e+03 1.358673422811013916e+04 1.574799191874776683e-01
5.915500000000000000e+03 1.377915682959122205e+04 1.568284084327086492e-01
5.922500000000000000e+03 1.397865267570081232e+04 1.545904169118633431e-01
5.929500000000000000e+03 1.417323103297531634e+04 1.569065825259868818e-01
5.936500000000000000e+03 1.396487135077455605e+04 1.560268941089069106e-01
5.943500000000000000e+03 1.426403393102799055e+04 1.519405502122548879e-01
5.950500000000000000e+03 1.458679020687987213e+04 1.530017797596171514e-01
5.957500000000000000e+03 1.461574381864161842e+04 1.527118156716746056e-01
5.964500000000000000e+03 1.520832211625882519e+04 1.506331002012949172e-01
5.971500000000000000e+03 1.547436053269544755e+04 1.504893176878648042e-01
5.978500000000000000e+03 1.574403494872518240e+04 1.481925232614468846e-01
5.985500000000000000e+03 1.610571487027835792e+04 1.457260644904018188e-01
5.992500000000000000e+03 1.632131868330056204e+04 1.454434567345808116e-01
5.999500000000000000e+03 1.667418673298966314e+04 1.425801979539789710e-01
6.006500000000000000e+03 1.696445797799361389e+04 1.435768497960154266e-01
6.013500000000000000e+03 1.723089018672380189e+04 1.404219452260087875e-01
6.020500000000000000e+03 1.763086306167206567e+04 1.389456465988622991e-01
6.027500000000000000e+03 1.812758600403567470e+04 1.393754465156146483e-01
6.034500000000000000e+03 1.843947040054597528e+04 1.404039234069172359e-01
6.041500000000000000e+03 1.884046040181249555e+04 1.394713538126869656e-01
6.048500000000000000e+03 1.912789098789351192e+04 1.382602481364965386e-01
6.055500000000000000e+03 1.946082326866887161e+04 1.358260079057306835e-01
6.062500000000000000e+03 1.969541483894543489e+04 1.384409124830515425e-01
6.069500000000000000e+03 2.006665734691094622e+04 1.367250713876812795e-01
6.076500000000000000e+03 2.028669660085750365e+04 1.356445110540837329e-01
6.083500000000000000e+03 2.032169077390483653e+04 1.326995684418489641e-01
6.090500000000000000e+03 2.026936265267607814e+04 1.331567032226325387e-01
6.097500000000000000e+03 2.053704873930413669e+04 1.327756518739671432e-01
6.104500000000000000e+03 2.063839429438206935e+04 1.314916701281099998e-01
6.111500000000000000e+03 2.041997126264891267e+04 1.310819360664487176e-01
6.118500000000000000e+03 2.033089282390660446e+04 1.303046117479826904e-01
6.125500000000000000e+03 2.032318372748315596e+04 1.306598191455815294e-01
6.132500000000000000e+03 2.055339086879946990e+04 1.255855343334854601e-01
6.139500000000000000e+03 2.059025465583672849e+04 1.281458048660319426e-01
6.146500000000000000e+03 2.039260560822389743e+04 1.255468606192443048e-01
6.153500000000000000e+03 1.928881402421048188e+04 1.266167133702810199e-01
6.160500000000000000e+03 1.795338651650493193e+04 1.249465948770284718e-01
6.167500000000000000e+03 1.662016747473453142e+04 1.226529310392020927e-01
6.174500000000000000e+03 1.589379398983916508e+04 1.245555921345513628e-01
6.181500000000000000e+03 1.606206572256380423e+04 1.202780935947847935e-01
6.188500000000000000e+03 1.638328162771225470e+04 1.231768772568540282e-01
6.195500000000000000e+03 1.651424681739047810e+04 1.209474056566101630e-01
6.202500000000000000e+03 1.613035536412021429e+04 1.200170090442961857e-01
6.209500000000000000e+03 1.601020416773359284e+04 1.180079222792047716e-01
6.216500000000000000e+03 1.525436782579689680e+04 1.201030019304248075e-01
6.223500000000000000e+03 1.515471677619627917e+04 1.179825732422716544e-01
6.230500000000000000e+03 1.494205569195332464e+04 1.179483412430802486e-01
6.237500000000000000e+03 1.526031715013070425e+04 1.150991496273308934e-01
6.244500000000000000e+03 1.563004085351657886e+04 1.140404723678029308e-01
6.251500000000000000e+03 1.582164841915606303e+04 1.154126105298038801e-01
6.258500000000000000e+03 1.616945492055477189e+04 1.176580398477832523e-01
6.265500000000000000e+03 1.628938982450018921e+04 1.226909285127509713e-01
6.272500000000000000e+03 1.651325138553086799e+04 1.252449073774449528e-01
6.279500000000000000e+03 1.699409271540241025e+04 1.251268693107944752e-01
6.286500000000000000e+03 1.756569156386234681e+04 1.261945976597591834e-01
6.293500000000000000e+03 1.808614053757023794e+04 1.276150658957314055e-01
6.300500000000000000e+03 1.876168868132087664e+04 1.209399628000399629e-01
6.307500000000000000e+03 1.916520064067466956e+04 1.210893422694495625e-01
6.314500000000000000e+03 1.963928649878212673e+04 1.181379772154035196e-01
6.321500000000000000e+03 2.006971610093910567e+04 1.152558666035564533e-01
6.328500000000000000e+03 1.999411814851765666e+04 1.156350457767180706e-01
6.335500000000000000e+03 2.008371739289396282e+04 1.119809599343457446e-01
6.342500000000000000e+03 2.044209674616374468e+04 1.098662534407802149e-01
6.349500000000000000e+03 2.066374207792128072e+04 1.069884253559232473e-01
6.356500000000000000e+03 2.083294850906169086e+04 1.082792362482714044e-01
6.363500000000000000e+03 2.110945624611523453e+04 1.068594825972356138e-01
6.370500000000000000e+03 2.135375987068693939e+04 1.054470403041210536e-01
6.377500000000000000e+03 2.144643968305810995e+04 1.052648605443032154e-01
6.384500000000000000e+03 2.121567521945924091e+04 1.080589539679892436e-01
6.391500000000000000e+03 2.145907803934987533e+04 1.046879560766144912e-01
6.398500000000000000e+03 2.145390451849437522e+04 1.057699655456218885e-01
6.405500000000000000e+03 2.127256809073553814e+04 1.021743547067032881e-01
6.412500000000000000e+03 2.138606475880819926e+04 1.034407480596438583e-01
6.419500000000000000e+03 2.142255664060139679e+04 1.034744446992709593e-01
6.426500000000000000e+03 2.159164924181390961e+04 1.018639532898224648e-01
6.433500000000000000e+03 2.138988176943510189e+04 1.017055085137995446e-01
6.440500000000000000e+03 2.124960445060791244e+04 1.018322917063089195e-01
6.447500000000000000e+03 2.106652063957537030e+04 1.035407493097302845e-01
6.454500000000000000e+03 2.117787526213561432e+04 1.034408411304578862e-01
6.461500000000000000e+03 2.105150544967581664e+04 1.044286624783523215e-01
6.468500000000000000e+03 2.077604406684290734e+04 1.093789042939474071e-01
6.475500000000000000e+03 2.063170501872068780e+04 1.097707467346295818e-01
6.482500000000000000e+03 2.038331633915126076e+04 1.101796895148994399e-01
6.489500000000000000e+03 2.117192645831868504e+04 1.073713384788549663e-01
6.496500000000000000e+03 2.142284495410909949e+04 1.074132715145011824e-01
6.503500000000000000e+03 2.186538805788622631e+04 1.089202185898727054e-01
6.510500000000000000e+03 2.244601670807166374e+04 1.048557643458198352e-01
6.517500000000000000e+03 2.274752074064860790e+04 1.044062961344200957e-01
6.524500000000000000e+03 2.294449580759655873e+04 1.065715161119965559e-01
6.531500000000000000e+03 2.285035886114912864e+04 1.080257350577868147e-01
6.538500000000000000e+03 2.324132622135426573e+04 1.049301816859863068e-01
6.545500000000000000e+03 2.306303469231618874e+04 1.033383479106068231e-01
6.552500000000000000e+03 2.331008535763002510e+04 9.884669947143219504e-02
6.559500000000000000e+03 2.383955042774490357e+04 8.668778928649160942e-02
6.566500000000000000e+03 2.434283341401147482e+04 7.017028603815285426e-02
6.573500000000000000e+03 2.466136953882341550e+04 7.308268300182597932e-02
6.580500000000000000e+03 2.432776158454436882e+04 8.942472118862679342e-02
6.587500000000000000e+03 2.375229863883938378e+04 1.025619410419841004e-01
6.594500000000000000e+03 2.416602504532958119e+04 1.034541040372803783e-01
6.601500000000000000e+03 2.426306248221759597e+04 9.614286251777230674e-02
6.608500000000000000e+03 2.431987629239445596e+04 9.389593054340067413e-02
6.615500000000000000e+03 2.446221286779190268e+04 9.096245952864040474e-02
6.622500000000000000e+03 2.451719089510488629e+04 8.936495318775500296e-02
6.629500000000000000e+03 2.461488717653449567e+04 8.792025951435558651e-02
6.636500000000000000e+03 2.473631454505363945e+04 8.919767344963373812e-02
6.643500000000000000e+03 2.486886699301044428e+04 8.680722578655637733e-02
6.650500000000000000e+03 2.495617455188450185e+04 8.579854853462179354e-02
6.657500000000000000e+03 2.438812609157758561e+04 8.463335360920129502e-02
6.664500000000000000e+03 2.361792574488444006e+04 8.643707190420149566e-02
6.671500000000000000e+03 2.278718911185334946e+04 8.221402223791479669e-02
6.678500000000000000e+03 2.167066085058621320e+04 8.319984285596762619e-02
6.685500000000000000e+03 2.082457182156954150e+04 8.217740879003754273e-02
6.692500000000000000e+03 1.975261201526816149e+04 8.373016701357947900e-02
6.699500000000000000e+03 1.893475743211576992e+04 8.141750220445075070e-02
6.706500000000000000e+03 1.821667230093130638e+04 8.254571466395557722e-02
6.713500000000000000e+03 1.783621041319034703e+04 8.211197015866368576e-02
6.720500000000000000e+03 1.768032738672049891e+04 8.157008297618124903e-02
6.727500000000000000e+03 1.732044578996884593e+04 8.132516611203277623e-02
6.734500000000000000e+03 1.742642023190208783e+04 8.160219254067653527e-02
6.741500000000000000e+03 1.732615621136451591e+04 7.994127298316894281e-02
6.748500000000000000e+03 1.711988460368977030e+04 8.253423614123901741e-02
6.755500000000000000e+03 1.718435131550850201e+04 8.006484710082817369e-02
6.762500000000000000e+03 1.717896752785629724e+04 8.023422728548787464e-02
6.769500000000000000e+03 1.701800717993657236e+04 8.027710365633411449e-02
6.776500000000000000e+03 1.697304875656111108e+04 7.887575837172199067e-02
6.783500000000000000e+03 1.708295513653085072e+04 7.941394489687449154e-02
6.790500000000000000e+03 1.697525910506995206e+04 7.792693260252264720e-02
6.797500000000000000e+03 1.714856940562302771e+04 7.832300046756271450e-02
6.804500000000000000e+03 1.763466102976864931e+04 7.706656058249654329e-02
6.811500000000000000e+03 1.784641097203687968e+04 7.944503650755009583e-02
6.818500000000000000e+03 1.842438187445349104e+04 7.908180319382074330e-02
6.825500000000000000e+03 1.884885574417089811e+04 7.641288126338489917e-02
6.832500000000000000e+03 1.887300463708364623e+04 7.926249119636773199e-02
6.839500000000000000e+03 1.958997298414806937e+04 7.593511678971398560e-02
6.846500000000000000e+03 1.915823433434662365e+04 8.463058945898473129e-02
6.853500000000000000e+03 1.827489039521385348e+04 1.038037692735853668e-01
6.860500000000000000e+03 1.691504136858489801e+04 1.188067206267292425e-01
6.867500000000000000e+03 1.624622123445247234e+04 9.654207523072912134e-02
6.874500000000000000e+03 1.571148115828622940e+04 1.065404541129737065e-01
6.881500000000000000e+03 1.558528612861919282e+04 1.487368399197993851e-01
6.888500000000000000e+03 1.656953741204234393e+04 1.409190127167561646e-01
6.895500000000000000e+03 1.775756611014434020e+04 1.221166860970062107e-01
6.902500000000000000e+03 1.892374447895307094e+04 1.160329195323066970e-01
6.909500000000000000e+03 1.996181253703128823e+04 1.114945062733732756e-01
6.916500000000000000e+03 2.075059169651977936e+04 1.093096240800225660e-01
6.923500000000000000e+03 2.130283822301100008e+04 1.056076615281743986e-01
6.930500000000000000e+03 2.188368534634339812e+04 1.034648326849101074e-01
6.937500000000000000e+03 2.247953649386178586e+04 1.013631003545125281e-01
6.944500000000000000e+03 2.324618978566764781e+04 1.009287422909561360e-01
6.951500000000000000e+03 2.422750781356849257e+04 9.630314413294896458e-02
6.958500000000000000e+03 2.523714795996275279e+04 8.842504695205338772e-02
6.965500000000000000e+03 2.642152797328037559e+04 8.498343148845570461e-02
6.972500000000000000e+03 2.707305206659162286e+04 8.645306735968745493e-02
6.979500000000000000e+03 2.728818093309281176e+04 8.411343461404033328e-02
6.986500000000000000e+03 2.768784326041848544e+04 8.473979551273282118e-02
6.993500000000000000e+03 2.807481023728080982e+04 8.571022824653901084e-02
7.000500000000000000e+03 2.878363113784799862e+04 8.870284040540461767e-02
7.007500000000000000e+03 2.904802004093256619e+04 8.814731503170600280e-02
7.014500000000000000e+03 2.971420862323546316e+04 8.843810764994254614e-02
7.021500000000000000e+03 3.014447089684075763e+04 8.541974369517578436e-02
7.028500000000000000e+03 3.078500528159110763e+04 8.319911623812074886e-02
7.035500000000000000e+03 3.116479966545586649e+04 8.482566272883075575e-02
7.042500000000000000e+03 3.179548395596633782e+04 8.380152514515624984e-02
7.049500000000000000e+03 3.221453103051119979e+04 7.895790577158660895e-02
7.056500000000000000e+03 3.203442098105180048e+04 7.843025477613327356e-02
7.063500000000000000e+03 3.176382381228073427e+04 7.455223672884149499e-02
7.070500000000000000e+03 3.017962287447097333e+04 7.624734961172990877e-02
7.077500000000000000e+03 2.790286889732390773e+04 7.539983283310473794e-02
7.084500000000000000e+03 2.522091742225940106e+04 7.415683204742243295e-02
7.091500000000000000e+03 2.255450113390691331e+04 7.357209097805671172e-02
7.098500000000000000e+03 2.055106546565466124e+04 7.080981651957612977e-02
7.105500000000000000e+03 1.896975553400257559e+04 7.007012684948867032e-02
7.112500000000000000e+03 1.781466508080030690e+04 6.966009179017215724e-02
7.119500000000000000e+03 1.734513745328683581e+04 6.967776549272305942e-02
7.126500000000000000e+03 1.713490097405838242e+04 6.974991682453107744e-02
7.133500000000000000e+03 1.696035778548562666e+04 7.038170005281260688e-02
7.140500000000000000e+03 1.665652710835356265e+04 7.222448164215135302e-02
7.147500000000000000e+03 1.635291564383260993e+04 7.682047571855725454e-02
7.154500000000000000e+03 1.586638414196185295e+04 8.899173162431953110e-02
7.161500000000000000e+03 1.529735460419520678e+04 1.023801546368428989e-01
7.168500000000000000e+03 1.445555742722467949e+04 1.117187534502319252e-01
7.175500000000000000e+03 1.389820924373366688e+04 1.205189032062523036e-01
7.182500000000000000e+03 1.349749863314670256e+04 1.273297019991443124e-01
7.189500000000000000e+03 1.309062234170922238e+04 1.336633238696382231e-01
7.196500000000000000e+03 1.363807643871275468e+04 1.247592543449589086e-01
7.203500000000000000e+03 1.431139031488481487e+04 1.145503103269060324e-01
7.210500000000000000e+03 1.514106315746486871e+04 1.184177173028678337e-01
7.217500000000000000e+03 1.609361465464278081e+04 1.157485489575065390e-01
7.224500000000000000e+03 1.670605488430991318e+04 1.114566992724125155e-01
7.231500000000000000e+03 1.712554470080925239e+04 1.018367003573175389e-01
7.238500000000000000e+03 1.708165812286010987e+04 1.041063867759485367e-01
7.245500000000000000e+03 1.730781937532754091e+04 1.166006655893926103e-01
7.252500000000000000e+03 1.794287753739911568e+04 1.204527470977040104e-01
7.259500000000000000e+03 1.842231838936580243e+04 1.227569676390493497e-01
7.266500000000000000e+03 1.938188687242626838e+04 1.180761932119588353e-01
7.273500000000000000e+03 1.987775989086977643e+04 1.130909207856152093e-01
7.280500000000000000e+03 2.066779186006189411e+04 1.139856215432696607e-01
7.287500000000000000e+03 2.136294864938079263e+04 1.141447446085981782e-01
7.294500000000000000e+03 2.224606786065676715e+04 1.103435306300432489e-01
7.301500000000000000e+03 2.315143994783991366e+04 1.093629645301648912e-01
7.308500000000000000e+03 2.414571469678342328e+04 1.037186332612064499e-01
7.315500000000000000e+03 2.552158032955969247e+04 9.916073361534677444e-02
7.322500000000000000e+03 2.672281472837543697e+04 9.162665088284251136e-02
7.329500000000000000e+03 2.812548801336566248e+04 8.606263972562840092e-02
7.336500000000000000e+03 2.951347244768187375e+04 7.816207930283645966e-02
7.343500000000000000e+03 3.008957373283950074e+04 7.697095187255874327e-02
7.350500000000000000e+03 3.102391216844145674e+04 7.408105272099914373e-02
7.357500000000000000e+03 3.140869922007087007e+04 7.649958959824409988e-02
7.364500000000000000e+03 3.227203344222003943e+04 7.267617883195409689e-02
7.371500000000000000e+03 3.311080120994475874e+04 7.245969513830419206e-02
7.378500000000000000e+03 3.381274497603875352e+04 6.829488039838017832e-02
7.385500000000000000e+03 3.476261390224304341e+04 6.657705581305771447e-02
7.392500000000000000e+03 3.525123535455712408e+04 6.827461270566284601e-02
7.399500000000000000e+03 3.596212037557188887e+04 6.475023480057448544e-02
7.406500000000000000e+03 3.674150232578030409e+04 6.260707526029136993e-02
7.413500000000000000e+03 3.720702391101653484e+04 6.081181820384507636e-02
7.420500000000000000e+03 3.755873345858751418e+04 5.818063868905443137e-02
7.427500000000000000e+03 3.816396815704911569e+04 5.860301522390563844e-02
7.434500000000000000e+03 3.851268792753155140e+04 5.752438314611026809e-02
7.441500000000000000e+03 3.847635180824413692e+04 5.512664756487713202e-02
7.448500000000000000e+03 3.850258082433421805e+04 5.676926140251281616e-02
7.455500000000000000e+03 3.879653008563346521e+04 5.612105132067435331e-02
7.462500000000000000e+03 3.972362671316447086e+04 5.239394941073147183e-02
7.469500000000000000e+03 3.960997807878177264e+04 5.510013336648889037e-02
7.476500000000000000e+03 4.062617338719616237e+04 5.294718596808931088e-02
7.483500000000000000e+03 4.029273969438079075e+04 5.530567709699272388e-02
7.490500000000000000e+03 4.082814510219527438e+04 5.467004349434841093e-02
7.497500000000000000e+03 4.035821252859614469e+04 5.460879071481303942e-02
7.504500000000000000e+03 4.151957664153908263e+04 5.268181202688957537e-02
7.511500000000000000e+03 4.156036424133391847e+04 5.369008066367519233e-02
7.518500000000000000e+03 4.172784611931411200e+04 5.303067861977441011e-02
7.525500000000000000e+03 4.175499078580644709e+04 5.172308886462962524e-02
7.532500000000000000e+03 4.193653302750724106e+04 5.444893731381856422e-02
7.539500000000000000e+03 4.218734322676588636e+04 5.379349197634391427e-02
7.546500000000000000e+03 4.176817394287873321e+04 5.266088892831000817e-02
7.553500000000000000e+03 4.231182741197962605e+04 5.184031734789796425e-02
7.560500000000000000e+03 4.175891893238663761e+04 5.353227137279489845e-02
7.567500000000000000e+03 4.207632134865679836e+04 5.636617420355500424e-02
7.574500000000000000e+03 4.014214864300614136e+04 7.645963648895430509e-02
7.581500000000000000e+03 3.513564775156192627e+04 1.260030284151079927e-01
7.588500000000000000e+03 2.668064907193734325e+04 1.763660090848784001e-01
7.595500000000000000e+03 1.900431973180470231e+04 1.347106636074258401e-01
7.602500000000000000e+03 1.320055010853334534e+04 7.734546378463381944e-02
7.609500000000000000e+03 9.767003965220674218e+03 2.533449140543671541e-01
7.616500000000000000e+03 9.601172924935646734e+03 4.063098978491234137e-01
7.623500000000000000e+03 1.095419731923012296e+04 3.654491522340712617e-01
7.630500000000000000e+03 1.166222051399235897e+04 2.806400936689291137e-01
7.637500000000000000e+03 1.178102280198759036e+04 2.546792904083099440e-01
7.644500000000000000e+03 1.295879581613671871e+04 2.345118671107445096e-01
7.651500000000000000e+03 1.531740870766246917e+04 2.019934785091886120e-01
7.658500000000000000e+03 1.793029687734832260e+04 1.656699513637811538e-01
7.665500000000000000e+03 2.004005252658030440e+04 1.330069106869891105e-01
7.672500000000000000e+03 2.158167794262740426e+04 1.100551381027669029e-01
7.679500000000000000e+03 2.298231141207120891e+04 9.194839652269226615e-02
7.686500000000000000e+03 2.366216194098647975e+04 7.994146251087690114e-02
7.693500000000000000e+03 2.412740996428557628e+04 6.924005175653176469e-02
7.700500000000000000e+03 2.439950184903671106e+04 6.615312951728957724e-02
7.707500000000000000e+03 2.483919439091526510e+04 5.971817013175628047e-02
7.714500000000000000e+03 2.474469860217997120e+04 5.536902136657047974e-02
7.721500000000000000e+03 2.492273652970407056e+04 5.461905186652665778e-02
7.728500000000000000e+03 2.499237654408056551e+04 5.347965460185103576e-02
7.735500000000000000e+03 2.476600264824550686e+04 5.418751304043381567e-02
7.742500000000000000e+03 2.517683018622711097e+04 5.030489646390898933e-02
7.749500000000000000e+03 2.527054739352389515e+04 5.065689098566282522e-02
7.756500000000000000e+03 2.501620553421987643e+04 5.019913319911647326e-02
7.763500000000000000e+03 2.481371597681298590e+04 4.832293290563430266e-02
7.770500000000000000e+03 2.473731061522906020e+04 4.646539582239323646e-02
7.777500000000000000e+03 2.526924577829908958e+04 4.760068887736338544e-02
7.784500000000000000e+03 2.554631946355205946e+04 4.776668333564685481e-02
7.791500000000000000e+03 2.586416222824779470e+04 4.907725288084881232e-02
7.798500000000000000e+03 2.607992923894142223e+04 5.114014467670464220e-02
7.805500000000000000e+03 2.597487349629876553e+04 4.788222524913259004e-02
7.812500000000000000e+03 2.566859493303862837e+04 4.868717080308853501e-02
7.819500000000000000e+03 2.566451423734268610e+04 4.674938629152726455e-02
7.826500000000000000e+03 2.526024826611348180e+04 4.695875178072889122e-02
7.833500000000000000e+03 2.473283257521910127e+04 4.974824454017663655e-02
7.840500000000000000e+03 2.462269405347652355e+04 4.553030546682124147e-02
7.847500000000000000e+03 2.398047238663393364e+04 4.946114847781248741e-02
7.854500000000000000e+03 2.455588655941833349e+04 4.842192506632222310e-02
7.861500000000000000e+03 2.463095412497100551e+04 5.150429515327877711e-02
7.868500000000000000e+03 2.503581869398071649e+04 5.073958228081446031e-02
7.875500000000000000e+03 2.484046888369460066e+04 5.491051879973881528e-02
7.882500000000000000e+03 2.478307516839922027e+04 5.719381043305070411e-02
7.889500000000000000e+03 2.446585365785596150e+04 5.690835509725503810e-02
7.896500000000000000e+03 2.405330822974371040e+04 5.628289372457191686e-02
7.903500000000000000e+03 2.400192718639644954e+04 5.892716418564760555e-02
7.910500000000000000e+03 2.430157586069012177e+04 5.960069400021671127e-02
7.917500000000000000e+03 2.489207326648952221e+04 5.620126089160166344e-02
7.924500000000000000e+03 2.488870711398765343e+04 5.634719364348424187e-02
7.931500000000000000e+03 2.555589352734919157e+04 5.206855440148252384e-02
7.938500000000000000e+03 2.607192952778058316e+04 5.475540250638538664e-02
7.945500000000000000e+03 2.604187769879283223e+04 5.401611481007831395e-02
7.952500000000000000e+03 2.600280172237399165e+04 5.478492782213222057e-02
7.959500000000000000e+03 2.620494078673990225e+04 5.548886157542106540e-02
7.966500000000000000e+03 2.630672027209546650e+04 5.741527737840054074e-02
7.973500000000000000e+03 2.679909156236458148e+04 5.525440025735228744e-02
7.980500000000000000e+03 2.710536408079646935e+04 5.645723246815770313e-02
7.987500000000000000e+03 2.773961072903712557e+04 5.297534962762819044e-02
7.994500000000000000e+03 2.803529687808782910e+04 5.487765997468013746e-02
8.001500000000000000e+03 2.868252099239056770e+04 5.564775947825881253e-02
8.008500000000000000e+03 2.867915432501373289e+04 5.765719718046959097e-02
8.015500000000000000e+03 2.890322520164042726e+04 5.961049050472511796e-02
8.022500000000000000e+03 2.873289327573038099e+04 5.769801872511100965e-02
8.029500000000000000e+03 2.866263989112809577e+04 5.529826247391764205e-02
8.036500000000000000e+03 2.906361109912122265e+04 5.515895735059682392e-02
8.043500000000000000e+03 2.969679298313330219e+04 5.065544261772431112e-02
8.050500000000000000e+03 2.974130383946093934e+04 5.470609096417818756e-02
8.057500000000000000e+03 3.082874463760877552e+04 5.092002383604804505e-02
8.064500000000000000e+03 3.116588946758532620e+04 5.055017219206535406e-02
8.071500000000000000e+03 3.139556575664062984e+04 4.959463020418798662e-02
8.078500000000000000e+03 3.152608530221720866e+04 4.930994930756628369e-02
8.085500000000000000e+03 3.152463407376597752e+04 5.273218079422729854e-02
8.092500000000000000e+03 3.150356532180302383e+04 5.277716126278628878e-02
8.099500000000000000e+03 3.155810655294147000e+04 5.521213332149601388e-02
8.106500000000000000e+03 3.179723165229232836e+04 5.874019903679233989e-02
8.113500000000000000e+03 3.163530346881841979e+04 6.481264458389303373e-02
8.120500000000000000e+03 3.073878457232748042e+04 7.484540996388791556e-02
8.127500000000000000e+03 3.034899732128251344e+04 8.093996583017959434e-02
8.134500000000000000e+03 2.955787610418424811e+04 8.667971252418747719e-02
8.141500000000000000e+03 2.824572434447832347e+04 9.817234578289459057e-02
8.148500000000000000e+03 2.735468965549782297e+04 1.048113828707180756e-01
8.155500000000000000e+03 2.704736499541481317e+04 1.051683809604349873e-01
8.162500000000000000e+03 2.668342038384309853e+04 1.039688536415383086e-01
8.169500000000000000e+03 2.660510425037634923e+04 1.105857102254425711e-01
8.176500000000000000e+03 2.666565582465086482e+04 1.083710869781476654e-01
8.183500000000000000e+03 2.698553007584171064e+04 1.018938646127246772e-01
8.190500000000000000e+03 2.794821383265754048e+04 9.293218514109319317e-02
8.197500000000000000e+03 2.945406752954385229e+04 7.966360822123008667e-02
8.204500000000000000e+03 3.012678319585265854e+04 9.080996637255434045e-02
8.211500000000000000e+03 3.032227243026168071e+04 1.006989798624012833e-01
8.218500000000000000e+03 2.935033662941073999e+04 1.011580871293662753e-01
8.225500000000000000e+03 2.889568413571054407e+04 7.829682119041042609e-02
8.232500000000000000e+03 2.848796246114802489e+04 7.806804805357164811e-02
8.239500000000000000e+03 2.928794529039960253e+04 9.745523357062427228e-02
8.246500000000000000e+03 3.087980088300774878e+04 9.086028051535723071e-02
8.253500000000000000e+03 3.160249144012512988e+04 7.457592540937119097e-02
8.260500000000000000e+03 3.160308962895465811e+04 7.553216089739532568e-02
8.267500000000000000e+03 3.133062935761443441e+04 7.975169053563120614e-02
8.274500000000000000e+03 3.049092278165362586e+04 7.715779090191521306e-02
8.281500000000000000e+03 3.017775788277366519e+04 7.950395284674854901e-02
8.288500000000000000e+03 3.019493100534522455e+04 8.195611627794827103e-02
8.295500000000000000e+03 3.021058608422056204e+04 7.923069023209740325e-02
8.302500000000000000e+03 3.049514952466180330e+04 7.513703110516518902e-02
8.309500000000000000e+03 3.011269228190803551e+04 7.876650186891870353e-02
8.316500000000000000e+03 3.019264787634969980e+04 7.024523791744567702e-02
8.323500000000000000e+03 2.980048364357592800e+04 6.696258951785302727e-02
8.330500000000000000e+03 2.983764024425083699e+04 7.031463573182832050e-02
8.337500000000000000e+03 3.054536547611213609e+04 6.505280531951579404e-02
8.344500000000000000e+03 3.121734391358018547e+04 6.203259562123224907e-02
8.351500000000000000e+03 3.154680538291030098e+04 6.029111743299773313e-02
8.358500000000000000e+03 3.134653381777034519e+04 5.536499452483089473e-02
8.365500000000000000e+03 3.182936971982030445e+04 5.368853596568071845e-02
8.372500000000000000e+03 3.189318970600203829e+04 5.339582683843970001e-02
8.379500000000000000e+03 3.130697177913911219e+04 5.044629504193630376e-02
8.386500000000000000e+03 3.124750584387956042e+04 4.789412632526557356e-02
8.393500000000000000e+03 3.126869905419249699e+04 4.907583124106867922e-02
8.400500000000000000e+03 3.111853510868296144e+04 4.697444389323739838e-02
8.407500000000000000e+03 3.063938488054406480e+04 4.672472798001530564e-02
8.414500000000000000e+03 2.999470318129480438e+04 4.604787184207405348e-02
8.421500000000000000e+03 2.882871915157026524e+04 4.273261381080404459e-02
8.428500000000000000e+03 2.651416150834076325e+04 4.742195768133616873e-02
8.435500000000000000e+03 2.505098334669414908e+04 4.407162472051904395e-02
8.442500000000000000e+03 2.348711061034581871e+04 4.162564432578232110e-02
8.449500000000000000e+03 2.251919394669535905e+04 4.097414366808763142e-02
8.456500000000000000e+03 2.220675867164910596e+04 3.858392247924533752e-02
8.463500000000000000e+03 2.257151929546194515e+04 3.627434476252520967e-02
8.470500000000000000e+03 2.272115063680211097e+04 4.020420417262228485e-02
8.477500000000000000e+03 2.300798173058481916e+04 4.035064020951429492e-02
8.484500000000000000e+03 2.275637690998256585e+04 4.520770493254199635e-02
8.491500000000000000e+03 2.251314670593215487e+04 4.588471944975129613e-02
8.498500000000000000e+03 2.272965855701466353e+04 4.149631195772848780e-02
8.505500000000000000e+03 2.275359185053393230e+04 3.571599457723199228e-02
8.512500000000000000e+03 2.282860690110081850e+04 3.676223830894408823e-02
8.519500000000000000e+03 2.320456331014186799e+04 3.998132916548466365e-02
8.526500000000000000e+03 2.318760447661854778e+04 4.487707669113605302e-02
8.533500000000000000e+03 2.365968464532434518e+04 4.515851480134032425e-02
8.540500000000000000e+03 2.389016096525688408e+04 3.677270733162325833e-02
8.547500000000000000e+03 2.492844081485887000e+04 2.887345628956511021e-02
8.554500000000000000e+03 2.487080729575006990e+04 3.076586324660566737e-02
8.561500000000000000e+03 2.488566735556812637e+04 3.930064599247243273e-02
8.568500000000000000e+03 2.485390990720503396e+04 4.797060373158128221e-02
8.575500000000000000e+03 2.519273013242512025e+04 4.343464506143099313e-02
8.582500000000000000e+03 2.617394876355975430e+04 3.817521916611082283e-02
8.589500000000000000e+03 2.657854985329262490e+04 3.359844711277267665e-02
8.596500000000000000e+03 2.705658702260952850e+04 3.244066773268101944e-02
8.603500000000000000e+03 2.765970670387055725e+04 2.877608903803666879e-02
8.610500000000000000e+03 2.809661116710220085e+04 3.140181781833584901e-02
8.617500000000000000e+03 2.831505046751628834e+04 3.545031817146879899e-02
8.624500000000000000e+03 2.833964321178108730e+04 4.186298925061744669e-02
8.631500000000000000e+03 2.823406066175338492e+04 4.402669027698159071e-02
8.638500000000000000e+03 2.870971534057947792e+04 4.535654987650993009e-02
8.645500000000000000e+03 2.913099124059541282e+04 4.290556568161080220e-02
8.652500000000000000e+03 2.893144742725974720e+04 3.718104468970294396e-02
8.659500000000000000e+03 2.920555939571090857e+04 3.257640851973703233e-02
8.666500000000000000e+03 2.960781622619658447e+04 2.158200514923172206e-02
8.673500000000000000e+03 2.961209443240903056e+04 2.050168683161039673e-02
8.680500000000000000e+03 2.990816827083118187e+04 2.934779349427677972e-02
8.687500000000000000e+03 2.990686444627603487e+04 4.138353699455219609e-02
8.694500000000000000e+03 3.069189446441077598e+04 4.011736441972810902e-02
8.701500000000000000e+03 3.110481592191080563e+04 4.135083527349082966e-02
8.708500000000000000e+03 3.176879095030637109e+04 3.960076196733951920e-02
8.715500000000000000e+03 3.211614737788892307e+04 4.243535437120227877e-02
8.722500000000000000e+03 3.177124725817093349e+04 4.213693851613715957e-02
8.729500000000000000e+03 3.215493026342858866e+04 4.014617463530635588e-02
8.736500000000000000e+03 3.274572766451701682e+04 3.514569577266858647e-02
8.743500000000000000e+03 3.347337527377357765e+04 2.145584534735547888e-02
8.750500000000000000e+03 3.376862085388838750e+04 1.735028815552200343e-02
8.757500000000000000e+03 3.357404399795153586e+04 2.194604733393073007e-02
8.764500000000000000e+03 3.330705924604592292e+04 3.326935583329038854e-02
8.771500000000000000e+03 3.319377031374596845e+04 3.834563910006725390e-02
8.778500000000000000e+03 3.358244041772785567e+04 3.592782200605943582e-02
8.785500000000000000e+03 3.324786985582475609e+04 3.900074215800389266e-02
8.792500000000000000e+03 3.359432502225394273e+04 3.827044067872201194e-02
8.799500000000000000e+03 3.360132133277978573e+04 4.029744204583966816e-02
8.806500000000000000e+03 3.377067870566627971e+04 3.576017975331691190e-02
8.813500000000000000e+03 3.368062607047014171e+04 3.465370361687918066e-02
8.820500000000000000e+03 3.362603292358664476e+04 3.613784099399708349e-02
8.827500000000000000e+03 3.366138109304940008e+04 3.846006770447062822e-02
8.834500000000000000e+03 3.351389013852316566e+04 3.936402385462497988e-02
8.841500000000000000e+03 3.349520084163203137e+04 3.922035035013509557e-02
8.848500000000000000e+03 3.404757515471872466e+04 3.611401669575394630e-02
8.855500000000000000e+03 3.411116203912527999e+04 3.272107881822987341e-02
8.862500000000000000e+03 3.524665244716516463e+04 2.149827738976624325e-02
8.869500000000000000e+03 3.485778665382799227e+04 1.860522475732567793e-02
8.876500000000000000e+03 3.464723151624880120e+04 2.323060586553588741e-02
8.883500000000000000e+03 3.382956778317016142e+04 3.851162492147069266e-02
8.890500000000000000e+03 3.399709495653639897e+04 4.272405011565061361e-02
8.897500000000000000e+03 3.411616192774396768e+04 4.170166716130114387e-02
8.904500000000000000e+03 3.406076066691411688e+04 4.189548871485613418e-02
8.911500000000000000e+03 3.395784500521466543e+04 4.311033958272633693e-02
8.918500000000000000e+03 3.346822178114199778e+04 4.450119578136953191e-02
8.925500000000000000e+03 3.282603211392984667e+04 4.700170875791274266e-02
8.932500000000000000e+03 3.205049995192523784e+04 5.682589573581975362e-02
8.939500000000000000e+03 3.134225335548848307e+04 6.819440054499019410e-02
8.946500000000000000e+03 2.980715528947324128e+04 7.463298835562327815e-02
8.953500000000000000e+03 2.868179097239167822e+04 8.360981625795316230e-02
8.960500000000000000e+03 2.726036078040139182e+04 9.146897864755959562e-02
8.967500000000000000e+03 2.617907341922156411e+04 9.879401209365701320e-02
8.974500000000000000e+03 2.526818990266261244e+04 1.147443326822089604e-01
8.981500000000000000e+03 2.405806773854046332e+04 1.251297784185622375e-01
8.988500000000000000e+03 2.404638302730541182e+04 1.088197378653891767e-01
8.995500000000000000e+03 2.361563528608020351e+04 1.206461004682971155e-01
9.002500000000000000e+03 2.428076726784798302e+04 1.135989784085703475e-01
9.009500000000000000e+03 2.543753752507212994e+04 9.266431913663313036e-02
9.016500000000000000e+03 2.595825920422890704e+04 8.409753838993670738e-02
9.023500000000000000e+03 2.703912075430263212e+04 7.940235926312062820e-02
9.030500000000000000e+03 2.806809892487268371e+04 8.638451685730820506e-02
9.037500000000000000e+03 2.909598430398572236e+04 8.715242537806942857e-02
9.044500000000000000e+03 2.944972404666096190e+04 8.442718550862519933e-02
9.051500000000000000e+03 2.940501280678737385e+04 8.908684281158989193e-02
9.058500000000000000e+03 2.790852477194747189e+04 9.801741307281686133e-02
9.065500000000000000e+03 2.663461751230949812e+04 9.479306753402379215e-02
9.072500000000000000e+03 2.537316093167084910e+04 9.780342835422900505e-02
9.079500000000000000e+03 2.438210613247669608e+04 1.138220093003176336e-01
9.086500000000000000e+03 2.413100844080261595e+04 1.190528720653523942e-01
9.093500000000000000e+03 2.395437358698374737e+04 1.233854467963236695e-01
9.100500000000000000e+03 2.466488736846855318e+04 1.094457310270629535e-01
9.107500000000000000e+03 2.465356888337088822e+04 1.151926045588712588e-01
9.114500000000000000e+03 2.441166090461083149e+04 1.276609272061089428e-01
9.121500000000000000e+03 2.399745393119560686e+04 1.286438361126223395e-01
9.128500000000000000e+03 2.363664491409995753e+04 1.205156452362800973e-01
9.135500000000000000e+03 2.334482087049089387e+04 1.186145793934059028e-01
9.142500000000000000e+03 2.277513595834266380e+04 1.463475715148339351e-01
9.149500000000000000e+03 2.310599711004989513e+04 1.292532726621485883e-01
9.156500000000000000e+03 2.361664836140657644e+04 1.185837839104259134e-01
9.163500000000000000e+03 2.316344669339905158e+04 1.421788880658512444e-01
9.170500000000000000e+03 2.364182504659832921e+04 1.267284219401516587e-01
9.177500000000000000e+03 2.461747238269887384e+04 1.058192156669953699e-01
9.184500000000000000e+03 2.535884973000186437e+04 1.094089982981744646e-01
9.191500000000000000e+03 2.661093882896333162e+04 9.715443878930532517e-02
9.198500000000000000e+03 2.719000971652053704e+04 8.927402216059225626e-02
9.205500000000000000e+03 2.682361618602087037e+04 8.906330199048650975e-02
9.212500000000000000e+03 2.624056671767595253e+04 7.990109706222668640e-02
9.219500000000000000e+03 2.624373841610879026e+04 6.744548056330390562e-02
9.226500000000000000e+03 2.570929758411225703e+04 6.704739683891641766e-02
9.233500000000000000e+03 2.558616603196546930e+04 6.687545234471092837e-02
9.240500000000000000e+03 2.462641114517902315e+04 7.839699059874098708e-02
9.247500000000000000e+03 2.414135073244198793e+04 9.078327411624591281e-02
9.254500000000000000e+03 2.380069837366402862e+04 9.835937950194555135e-02
9.261500000000000000e+03 2.375300056800579841e+04 1.057371483549857105e-01
9.268500000000000000e+03 2.222789507964020231e+04 1.224902916659665469e-01
9.275500000000000000e+03 2.021588457399452818e+04 1.293550544954109316e-01
9.282500000000000000e+03 1.808480198396003470e+04 1.497869359917059773e-01
9.289500000000000000e+03 1.566792290641457657e+04 1.878122665009396286e-01
9.296500000000000000e+03 1.416091890841487293e+04 2.024992684424515577e-01
9.303500000000000000e+03 1.269442508656466271e+04 2.228172800421198974e-01
9.310500000000000000e+03 1.095030227159615242e+04 2.560118162143880105e-01
9.317500000000000000e+03 9.415054131472777954e+03 2.715248252154404685e-01
9.324500000000000000e+03 7.639626185219441140e+03 3.288184105804116131e-01
9.331500000000000000e+03 6.335979464332535827e+03 3.733560190149468050e-01
9.338500000000000000e+03 6.156043037377128712e+03 3.344261146574000199e-01
9.345500000000000000e+03 6.096992289963910480e+03 3.539462081239552749e-01
9.352500000000000000e+03 6.237584242400815128e+03 3.822426776448045738e-01
9.359500000000000000e+03 6.390817545031186455e+03 3.759471343727561199e-01
9.366500000000000000e+03 6.543596415337300641e+03 3.523079231666134681e-01
9.373500000000000000e+03 7.262138123306710440e+03 3.031335288107584458e-01
9.380500000000000000e+03 9.019863546389100520e+03 2.564905218792872810e-01
9.387500000000000000e+03 1.130801140828492862e+04 2.566542027371367385e-01
9.394500000000000000e+03 1.237723894203281088e+04 2.742992673693838701e-01
9.401500000000000000e+03 1.341969228669452423e+04 2.304190592367224566e-01
9.408500000000000000e+03 1.300497593981112550e+04 2.223143159096077348e-01
9.415500000000000000e+03 1.177191876081613191e+04 2.527146270967344788e-01
9.422500000000000000e+03 1.095296353445559362e+04 2.500038604724669766e-01
9.429500000000000000e+03 1.009685926043870677e+04 2.459602649873564861e-01
9.436500000000000000e+03 9.356454500001986162e+03 2.530608686116802009e-01
9.443500000000000000e+03 9.485947270967961231e+03 2.495836213485242983e-01
9.450500000000000000e+03 9.084846412246961336e+03 2.987358255620929381e-01
9.457500000000000000e+03 9.873094294516293303e+03 2.619708809497093838e-01
9.464500000000000000e+03 9.954431335702785873e+03 2.752251684894355122e-01
9.471500000000000000e+03 1.029950143443115667e+04 2.815529260542639078e-01
9.478500000000000000e+03 1.128182727441570023e+04 2.419800347993277534e-01
9.485500000000000000e+03 1.069203942258908319e+04 2.796361410283502158e-01
9.492500000000000000e+03 1.081019800202854094e+04 2.472767823515255592e-01
9.499500000000000000e+03 1.138486311529902923e+04 1.994978034443116444e-01
9.506500000000000000e+03 1.037194659472711646e+04 2.921844598511388891e-01
9.513500000000000000e+03 1.058255413497294285e+04 2.960214327374783294e-01
9.520500000000000000e+03 1.134226581376018294e+04 2.233113040669649496e-01
9.527500000000000000e+03 1.130168596357657225e+04 2.452267675554551107e-01
9.534500000000000000e+03 1.138857411168629551e+04 2.786085707803784284e-01
9.541500000000000000e+03 1.208376674102791367e+04 2.316253855494449787e-01
9.548500000000000000e+03 1.221287819167508133e+04 2.066717359333802850e-01
9.555500000000000000e+03 1.189082074982378435e+04 2.096721287101801223e-01
9.562500000000000000e+03 1.222798716378607241e+04 2.083060684536426899e-01
9.569500000000000000e+03 1.255567881499873874e+04 2.288421104794915450e-01
9.576500000000000000e+03 1.254568684739823038e+04 2.538078934956961574e-01
9.583500000000000000e+03 1.285618964507714918e+04 2.147787688805542772e-01
9.590500000000000000e+03 1.299737862255730215e+04 1.792643796259260625e-01
9.597500000000000000e+03 1.318512217538565346e+04 2.010289286924249741e-01
9.604500000000000000e+03 1.372329371434111090e+04 2.214495572459770356e-01
9.611500000000000000e+03 1.471214182378227088e+04 2.043752031858918627e-01
9.618500000000000000e+03 1.586433970726979715e+04 1.689988333968538148e-01
9.625500000000000000e+03 1.574526060216157930e+04 1.698923595501998229e-01
9.632500000000000000e+03 1.559580619816010767e+04 1.805120550912779342e-01
9.639500000000000000e+03 1.635811604918980629e+04 1.439222635552052099e-01
9.646500000000000000e+03 1.609191936729073132e+04 1.565487031039808907e-01
9.653500000000000000e+03 1.629044325991142250e+04 1.693703725679397143e-01
9.660500000000000000e+03 1.726158821108246048e+04 1.351842659644770794e-01
9.667500000000000000e+03 1.849812325380330731e+04 1.184480084375093140e-01
9.674500000000000000e+03 1.997707772966173798e+04 1.153126642234862803e-01
9.681500000000000000e+03 2.164751469198833001e+04 9.825117564149105087e-02
9.688500000000000000e+03 2.234329735096724835e+04 9.073997791280333236e-02
9.695500000000000000e+03 2.276993354687135070e+04 8.357330067956438013e-02
9.702500000000000000e+03 2.289100319016208960e+04 7.340590044982446549e-02
9.709500000000000000e+03 2.264593864625362767e+04 7.997311358137446091e-02
9.716500000000000000e+03 2.191083719707224009e+04 8.823272782639919598e-02
9.723500000000000000e+03 2.117877264867974372e+04 8.991548902931126297e-02
9.730500000000000000e+03 2.029658894250071899e+04 9.732773118106183285e-02
9.737500000000000000e+03 1.968407685649802079e+04 9.592442645490519004e-02
9.744500000000000000e+03 1.926445412285659040e+04 1.087874384463185934e-01
9.751500000000000000e+03 1.942414071713045632e+04 1.042415272088249717e-01
9.758500000000000000e+03 2.010393406260335178e+04 9.323099365309422959e-02
9.765500000000000000e+03 2.017229007221705615e+04 1.006361231565241626e-01
9.772500000000000000e+03 2.065992461864554571e+04 1.029513741938663102e-01
9.779500000000000000e+03 2.072152233090130539e+04 9.005244253307288782e-02
9.786500000000000000e+03 2.067526647801264699e+04 8.145096737201962256e-02
9.793500000000000000e+03 2.074696697384567960e+04 7.610165553219096213e-02
9.800500000000000000e+03 2.122385803286925511e+04 7.346169008166299197e-02
9.807500000000000000e+03 2.179717870202977429e+04 7.970972647420439261e-02
9.814500000000000000e+03 2.213653743428939197e+04 7.371150899946386781e-02
9.821500000000000000e+03 2.278818139676475039e+04 5.718581701911173987e-02
9.828500000000000000e+03 2.250077380859812547e+04 5.725651264922482220e-02
9.835500000000000000e+03 2.270880917241611314e+04 6.165770846001983330e-02
9.842500000000000000e+03 2.298245944305179364e+04 5.288989305704208665e-02
9.849500000000000000e+03 2.333443419613396691e+04 4.610172689460939610e-02
9.856500000000000000e+03 2.373495580981408420e+04 4.636642494786469976e-02
9.863500000000000000e+03 2.367643506733145477e+04 4.248719408610569098e-02
9.870500000000000000e+03 2.364794790280490633e+04 4.066146642312600673e-02
9.877500000000000000e+03 2.379816574956912154e+04 3.524103634627422793e-02
9.884500000000000000e+03 2.388687424263699359e+04 3.599896114667429370e-02
9.891500000000000000e+03 2.348572092006380990e+04 3.529211290796237244e-02
9.898500000000000000e+03 2.364457079585186511e+04 3.106773186575723100e-02
9.905500000000000000e+03 2.332159830180373683e+04 3.184530945796112955e-02
9.912500000000000000e+03 2.309347201739775483e+04 3.167697824848978577e-02
9.919500000000000000e+03 2.277126585091320521e+04 3.142840079968477890e-02
9.926500000000000000e+03 2.294306111015958231e+04 3.060665228797622775e-02
9.933500000000000000e+03 2.287030849369493080e+04 3.062453401270290657e-02
9.940500000000000000e+03 2.250239300652277961e+04 3.005904693023578322e-02
9.947500000000000000e+03 2.256438528257666985e+04 2.552887968282441244e-02
9.954500000000000000e+03 2.207650586056707834e+04 2.885083486367014810e-02
9.961500000000000000e+03 2.192705871531418234e+04 2.658641706371058996e-02
9.968500000000000000e+03 2.157310573039741575e+04 2.841674557386738437e-02
9.975500000000000000e+03 2.150247888345477986e+04 2.501006995592589682e-02
9.982500000000000000e+03 2.135258221230611161e+04 2.692667644844265462e-02
9.989500000000000000e+03 2.101590581726240271e+04 2.764068090572152636e-02
9.996500000000000000e+03 2.121437953696392287e+04 2.020203771174631027e-02
