# wavelength angstroms, flux, ext coeff
5.551500000000000000e+03 8.744044929282339581e+03 1.675894885353501063e-01
5.558500000000000000e+03 9.090811675521556026e+03 1.578470416510761865e-01
5.565500000000000000e+03 9.286157096762164656e+03 1.525537174730315082e-01
5.572500000000000000e+03 9.308283705976929923e+03 1.517980037000780935e-01
5.579500000000000000e+03 9.314816963506566026e+03 1.519669044702877947e-01
5.586500000000000000e+03 9.417615079641587727e+03 1.529581077382402565e-01
5.593500000000000000e+03 9.460272773065566071e+03 1.535726767919198543e-01
5.600500000000000000e+03 9.578878110627527349e+03 1.520440497545224867e-01
5.607500000000000000e+03 9.705709323313720233e+03 1.524293383162041993e-01
5.614500000000000000e+03 9.576402288803006741e+03 1.535706314542328588e-01
5.621500000000000000e+03 9.722012787932197170e+03 1.555271039328302851e-01
5.628500000000000000e+03 9.734891925153606280e+03 1.548537781266904889e-01
5.635500000000000000e+03 9.876898680323169174e+03 1.531738986566651695e-01
5.642500000000000000e+03 9.814053560575121082e+03 1.542968000654966754e-01
5.649500000000000000e+03 9.904912667642416636e+03 1.526591787040433024e-01
5.656500000000000000e+03 9.932547746287689733e+03 1.527575939387488535e-01
5.663500000000000000e+03 9.933089719752762903e+03 1.528397243400525241e-01
5.670500000000000000e+03 1.004520682122684411e+04 1.529609929112165090e-01
5.677500000000000000e+03 1.000917813610160556e+04 1.534527677459215367e-01
5.684500000000000000e+03 1.007238819316050103e+04 1.546041897825145561e-01
5.691500000000000000e+03 1.015205264722404354e+04 1.541813257517377078e-01
5.698500000000000000e+03 1.010556541405834469e+04 1.532771759722021121e-01
5.705500000000000000e+03 1.016550465532125236e+04 1.543534930434897479e-01
5.712500000000000000e+03 1.025669375991602101e+04 1.540638380367867766e-01
5.719500000000000000e+03 1.024036071928609999e+04 1.519722113222912452e-01
5.726500000000000000e+03 1.025289138779065252e+04 1.547682697112308936e-01
5.733500000000000000e+03 1.048003768327333637e+04 1.526577807805783449e-01
5.740500000000000000e+03 1.036133875886592796e+04 1.522555918938381936e-01
5.747500000000000000e+03 1.055706941012716743e+04 1.505163561903462011e-01
5.754500000000000000e+03 1.038541239442422011e+04 1.527680775113621769e-01
5.761500000000000000e+03 1.061057505838510770e+04 1.499549401888941036e-01
5.768500000000000000e+03 1.059020521047942384e+04 1.496832357730248919e-01
5.775500000000000000e+03 1.057371967934129316e+04 1.498723208861548750e-01
5.782500000000000000e+03 1.054980712125940045e+04 1.494267892486498273e-01
5.789500000000000000e+03 1.060237678387242340e+04 1.476631560179458569e-01
5.796500000000000000e+03 1.078825960848496288e+04 1.483213969258616038e-01
5.803500000000000000e+03 1.075027902407069632e+04 1.460016809603165155e-01
5.810500000000000000e+03 1.087478392041562620e+04 1.445147928236430457e-01
5.817500000000000000e+03 1.074943006331609467e+04 1.453321526852902335e-01
5.824500000000000000e+03 1.088737347286539261e+04 1.439541591708288493e-01
5.831500000000000000e+03 1.094795297986402329e+04 1.444634857313066012e-01
5.838500000000000000e+03 1.081806071183149652e+04 1.419657359824366694e-01
5.845500000000000000e+03 1.091623783437566090e+04 1.427962455559349531e-01
5.852500000000000000e+03 1.090598741744965264e+04 1.431770908506789786e-01
5.859500000000000000e+03 1.074907309802715645e+04 1.428154390621789449e-01
5.866500000000000000e+03 1.071825024608241984e+04 1.436843581224050426e-01
5.873500000000000000e+03 1.064636717913061329e+04 1.483600985302283015e-01
5.880500000000000000e+03 1.042390215009230997e+04 1.538544590776859122e-01
5.887500000000000000e+03 1.054315133040877481e+04 1.543606343899305011e-01
5.894500000000000000e+03 1.051298326810957769e+04 1.554830409570858440e-01
5.901500000000000000e+03 1.051212169877596716e+04 1.569299142090301580e-01
5.908500000000000000e+03 1.055996588513815914e+04 1.574799191874776683e-01
5.915500000000000000e+03 1.035668221398221249e+04 1.568284084327086492e-01
5.922500000000000000e+03 1.068279433803128632e+04 1.545904169118633431e-01
5.929500000000000000e+03 1.057569617214202663e+04 1.569065825259868818e-01
5.936500000000000000e+03 1.049792110990666333e+04 1.560268941089069106e-01
5.943500000000000000e+03 1.038445274174550832e+04 1.519405502122548879e-01
5.950500000000000000e+03 1.039435357323830976e+04 1.530017797596171514e-01
5.957500000000000000e+03 1.059062271242659335e+04 1.527118156716746056e-01
5.964500000000000000e+03 1.067053191791355675e+04 1.506331002012949172e-01
5.971500000000000000e+03 1.072715059631436270e+04 1.504893176878648042e-01
5.978500000000000000e+03 1.067809772845539919e+04 1.481925232614468846e-01
5.985500000000000000e+03 1.078741091561461326e+04 1.457260644904018188e-01
5.992500000000000000e+03 1.069321179849456894e+04 1.454434567345808116e-01
5.999500000000000000e+03 1.077054339838973465e+04 1.425801979539789710e-01
6.006500000000000000e+03 1.080421502355007033e+04 1.435768497960154266e-01
6.013500000000000000e+03 1.083491109220087674e+04 1.404219452260087875e-01
6.020500000000000000e+03 1.085546406046562333e+04 1.389456465988622991e-01
6.027500000000000000e+03 1.081102505486264272e+04 1.393754465156146483e-01
6.034500000000000000e+03 1.082904009390529609e+04 1.404039234069172359e-01
6.041500000000000000e+03 1.080279509768497701e+04 1.394713538126869656e-01
6.048500000000000000e+03 1.093164432663688967e+04 1.382602481364965386e-01
6.055500000000000000e+03 1.089127318913122326e+04 1.358260079057306835e-01
6.062500000000000000e+03 1.083703385965770394e+04 1.384409124830515425e-01
6.069500000000000000e+03 1.083482758980469043e+04 1.367250713876812795e-01
6.076500000000000000e+03 1.094523189051381269e+04 1.356445110540837329e-01
6.083500000000000000e+03 1.100927245758629397e+04 1.326995684418489641e-01
6.090500000000000000e+03 1.097418667214210473e+04 1.331567032226325387e-01
6.097500000000000000e+03 1.090443592899155374e+04 1.327756518739671432e-01
6.104500000000000000e+03 1.082402641169633171e+04 1.314916701281099998e-01
6.111500000000000000e+03 1.101463588026009529e+04 1.310819360664487176e-01
6.118500000000000000e+03 1.101245133694936885e+04 1.303046117479826904e-01
6.125500000000000000e+03 1.101592088579936171e+04 1.306598191455815294e-01
6.132500000000000000e+03 1.098806980454697259e+04 1.255855343334854601e-01
6.139500000000000000e+03 1.099800444537406838e+04 1.281458048660319426e-01
6.146500000000000000e+03 1.094731083406738981e+04 1.255468606192443048e-01
6.153500000000000000e+03 1.081188196382087153e+04 1.266167133702810199e-01
6.160500000000000000e+03 1.105311005114914587e+04 1.249465948770284718e-01
6.167500000000000000e+03 1.104712173371396420e+04 1.226529310392020927e-01
6.174500000000000000e+03 1.100101843761967211e+04 1.245555921345513628e-01
6.181500000000000000e+03 1.108258998876801707e+04 1.202780935947847935e-01
6.188500000000000000e+03 1.107101482297821349e+04 1.231768772568540282e-01
6.195500000000000000e+03 1.106546315421543295e+04 1.209474056566101630e-01
6.202500000000000000e+03 1.100223404236967508e+04 1.200170090442961857e-01
6.209500000000000000e+03 1.104146304294931542e+04 1.180079222792047716e-01
6.216500000000000000e+03 1.096343324202889380e+04 1.201030019304248075e-01
6.223500000000000000e+03 1.095788648338811981e+04 1.179825732422716544e-01
6.230500000000000000e+03 1.109717205294713676e+04 1.179483412430802486e-01
6.237500000000000000e+03 1.109882013564306544e+04 1.150991496273308934e-01
6.244500000000000000e+03 1.093277467006273946e+04 1.140404723678029308e-01
6.251500000000000000e+03 1.104799592494479293e+04 1.154126105298038801e-01
6.258500000000000000e+03 1.095116176988476946e+04 1.176580398477832523e-01
6.265500000000000000e+03 1.069930641689528238e+04 1.226909285127509713e-01
6.272500000000000000e+03 1.057445597674642522e+04 1.252449073774449528e-01
6.279500000000000000e+03 1.054106682424063365e+04 1.251268693107944752e-01
6.286500000000000000e+03 1.055140024484891546e+04 1.261945976597591834e-01
6.293500000000000000e+03 1.055258748964434199e+04 1.276150658957314055e-01
6.300500000000000000e+03 1.072109978004285767e+04 1.209399628000399629e-01
6.307500000000000000e+03 1.068409013366014005e+04 1.210893422694495625e-01
6.314500000000000000e+03 1.091600598408918268e+04 1.181379772154035196e-01
6.321500000000000000e+03 1.084104399752119389e+04 1.152558666035564533e-01
6.328500000000000000e+03 1.084032161384475694e+04 1.156350457767180706e-01
6.335500000000000000e+03 1.081763138404834899e+04 1.119809599343457446e-01
6.342500000000000000e+03 1.089551840478361555e+04 1.098662534407802149e-01
6.349500000000000000e+03 1.082787658913341329e+04 1.069884253559232473e-01
6.356500000000000000e+03 1.079707956575461685e+04 1.082792362482714044e-01
6.363500000000000000e+03 1.088329541869271634e+04 1.068594825972356138e-01
6.370500000000000000e+03 1.101904881607913012e+04 1.054470403041210536e-01
6.377500000000000000e+03 1.089382125446440114e+04 1.052648605443032154e-01
6.384500000000000000e+03 1.083123450556346506e+04 1.080589539679892436e-01
6.391500000000000000e+03 1.090860890212971026e+04 1.046879560766144912e-01
6.398500000000000000e+03 1.094216370433416523e+04 1.057699655456218885e-01
6.405500000000000000e+03 1.105327844722137343e+04 1.021743547067032881e-01
6.412500000000000000e+03 1.092933180893226017e+04 1.034407480596438583e-01
6.419500000000000000e+03 1.093247040821608607e+04 1.034744446992709593e-01
6.426500000000000000e+03 1.103232168104435914e+04 1.018639532898224648e-01
6.433500000000000000e+03 1.095696028666669008e+04 1.017055085137995446e-01
6.440500000000000000e+03 1.091361614041116627e+04 1.018322917063089195e-01
6.447500000000000000e+03 1.089202704772921788e+04 1.035407493097302845e-01
6.454500000000000000e+03 1.078721348416088404e+04 1.034408411304578862e-01
6.461500000000000000e+03 1.085173052453314085e+04 1.044286624783523215e-01
6.468500000000000000e+03 1.061169956447815457e+04 1.093789042939474071e-01
6.475500000000000000e+03 1.043343857952425788e+04 1.097707467346295818e-01
6.482500000000000000e+03 1.050345321268295811e+04 1.101796895148994399e-01
6.489500000000000000e+03 1.049333257136280372e+04 1.073713384788549663e-01
6.496500000000000000e+03 1.063359188122531305e+04 1.074132715145011824e-01
6.503500000000000000e+03 1.047923910651160986e+04 1.089202185898727054e-01
6.510500000000000000e+03 1.050341493257568800e+04 1.048557643458198352e-01
6.517500000000000000e+03 1.057114463479923870e+04 1.044062961344200957e-01
6.524500000000000000e+03 1.046094169822810727e+04 1.065715161119965559e-01
6.531500000000000000e+03 1.020928336410082193e+04 1.080257350577868147e-01
6.538500000000000000e+03 1.011706513911708316e+04 1.049301816859863068e-01
6.545500000000000000e+03 9.701732890969826258e+03 1.033383479106068231e-01
6.552500000000000000e+03 9.455726907719594237e+03 9.884669947143219504e-02
6.559500000000000000e+03 9.159537349118443672e+03 8.668778928649160942e-02
6.566500000000000000e+03 8.953409656725356399e+03 7.017028603815285426e-02
6.573500000000000000e+03 9.156579457082927547e+03 7.308268300182597932e-02
6.580500000000000000e+03 9.450356933171706260e+03 8.942472118862679342e-02
6.587500000000000000e+03 9.830090484668098725e+03 1.025619410419841004e-01
6.594500000000000000e+03 1.038947734212839896e+04 1.034541040372803783e-01
6.601500000000000000e+03 1.059149857097686981e+04 9.614286251777230674e-02
6.608500000000000000e+03 1.069744899168881057e+04 9.389593054340067413e-02
6.615500000000000000e+03 1.064921792182954960e+04 9.096245952864040474e-02
6.622500000000000000e+03 1.061902131723508865e+04 8.936495318775500296e-02
6.629500000000000000e+03 1.079404770103721421e+04 8.792025951435558651e-02
6.636500000000000000e+03 1.083019138923164610e+04 8.919767344963373812e-02
6.643500000000000000e+03 1.086406674578678212e+04 8.680722578655637733e-02
6.650500000000000000e+03 1.082540859064677170e+04 8.579854853462179354e-02
6.657500000000000000e+03 1.081142088799728481e+04 8.463335360920129502e-02
6.664500000000000000e+03 1.076331216214074084e+04 8.643707190420149566e-02
6.671500000000000000e+03 1.073250870509070774e+04 8.221402223791479669e-02
6.678500000000000000e+03 1.070385126157205377e+04 8.319984285596762619e-02
6.685500000000000000e+03 1.077617671217118732e+04 8.217740879003754273e-02
6.692500000000000000e+03 1.066838445466799203e+04 8.373016701357947900e-02
6.699500000000000000e+03 1.079987781080629247e+04 8.141750220445075070e-02
6.706500000000000000e+03 1.066780278115745568e+04 8.254571466395557722e-02
6.713500000000000000e+03 1.066199932581502435e+04 8.211197015866368576e-02
6.720500000000000000e+03 1.081577892465479636e+04 8.157008297618124903e-02
6.727500000000000000e+03 1.062949950924583754e+04 8.132516611203277623e-02
6.734500000000000000e+03 1.067064284051903087e+04 8.160219254067653527e-02
6.741500000000000000e+03 1.067445830503512116e+04 7.994127298316894281e-02
6.748500000000000000e+03 1.059707214612781900e+04 8.253423614123901741e-02
6.755500000000000000e+03 1.060972198774614299e+04 8.006484710082817369e-02
6.762500000000000000e+03 1.051665164335356167e+04 8.023422728548787464e-02
6.769500000000000000e+03 1.042474689222758388e+04 8.027710365633411449e-02
6.776500000000000000e+03 1.050765219825150416e+04 7.887575837172199067e-02
6.783500000000000000e+03 1.053086072823599898e+04 7.941394489687449154e-02
6.790500000000000000e+03 1.050856199155983268e+04 7.792693260252264720e-02
6.797500000000000000e+03 1.055714276573442476e+04 7.832300046756271450e-02
6.804500000000000000e+03 1.042848630141961803e+04 7.706656058249654329e-02
6.811500000000000000e+03 1.035286890698917887e+04 7.944503650755009583e-02
6.818500000000000000e+03 1.047158182514221153e+04 7.908180319382074330e-02
6.825500000000000000e+03 1.032307443771275393e+04 7.641288126338489917e-02
6.832500000000000000e+03 1.042323802369645637e+04 7.926249119636773199e-02
6.839500000000000000e+03 1.037009767187593206e+04 7.593511678971398560e-02
6.846500000000000000e+03 1.024999216559103843e+04 8.463058945898473129e-02
6.853500000000000000e+03 9.871388608063436550e+03 1.038037692735853668e-01
6.860500000000000000e+03 8.881024667765155755e+03 1.188067206267292425e-01
6.867500000000000000e+03 8.182114865655774338e+03 9.654207523072912134e-02
6.874500000000000000e+03 7.819667533117687526e+03 1.065404541129737065e-01
6.881500000000000000e+03 7.710915422583170766e+03 1.487368399197993851e-01
6.888500000000000000e+03 8.061221163233552943e+03 1.409190127167561646e-01
6.895500000000000000e+03 8.290418759794465586e+03 1.221166860970062107e-01
6.902500000000000000e+03 8.541321338820702294e+03 1.160329195323066970e-01
6.909500000000000000e+03 8.783859294842572126e+03 1.114945062733732756e-01
6.916500000000000000e+03 8.984964447665211992e+03 1.093096240800225660e-01
6.923500000000000000e+03 9.093814331690784456e+03 1.056076615281743986e-01
6.930500000000000000e+03 9.143752917822059317e+03 1.034648326849101074e-01
6.937500000000000000e+03 9.125930915664923305e+03 1.013631003545125281e-01
6.944500000000000000e+03 9.118619062385796497e+03 1.009287422909561360e-01
6.951500000000000000e+03 9.320559455507933308e+03 9.630314413294896458e-02
6.958500000000000000e+03 9.517099959692348421e+03 8.842504695205338772e-02
6.965500000000000000e+03 9.649298582348108539e+03 8.498343148845570461e-02
6.972500000000000000e+03 9.662530834002896881e+03 8.645306735968745493e-02
6.979500000000000000e+03 9.659788543332449990e+03 8.411343461404033328e-02
6.986500000000000000e+03 9.437555551819223183e+03 8.473979551273282118e-02
6.993500000000000000e+03 9.403164458495788494e+03 8.571022824653901084e-02
7.000500000000000000e+03 9.307568816908369627e+03 8.870284040540461767e-02
7.007500000000000000e+03 9.398397230116936043e+03 8.814731503170600280e-02
7.014500000000000000e+03 9.347830597557791407e+03 8.843810764994254614e-02
7.021500000000000000e+03 9.338193716539451998e+03 8.541974369517578436e-02
7.028500000000000000e+03 9.365232936139642334e+03 8.319911623812074886e-02
7.035500000000000000e+03 9.376247467868746753e+03 8.482566272883075575e-02
7.042500000000000000e+03 9.406368710669368738e+03 8.380152514515624984e-02
7.049500000000000000e+03 9.473578117358862073e+03 7.895790577158660895e-02
7.056500000000000000e+03 9.383031063970904142e+03 7.843025477613327356e-02
7.063500000000000000e+03 9.285302821090392172e+03 7.455223672884149499e-02
7.070500000000000000e+03 9.376820354184130338e+03 7.624734961172990877e-02
7.077500000000000000e+03 9.402651033535983515e+03 7.539983283310473794e-02
7.084500000000000000e+03 9.489904246966709252e+03 7.415683204742243295e-02
7.091500000000000000e+03 9.406400380763059729e+03 7.357209097805671172e-02
7.098500000000000000e+03 9.391973147689113830e+03 7.080981651957612977e-02
7.105500000000000000e+03 9.408567420083969409e+03 7.007012684948867032e-02
7.112500000000000000e+03 9.409529505963604606e+03 6.966009179017215724e-02
7.119500000000000000e+03 9.364787109419468834e+03 6.967776549272305942e-02
7.126500000000000000e+03 9.396271555738940151e+03 6.974991682453107744e-02
7.133500000000000000e+03 9.218242099747700195e+03 7.038170005281260688e-02
7.140500000000000000e+03 9.232665764593337371e+03 7.222448164215135302e-02
7.147500000000000000e+03 9.158470271890895674e+03 7.682047571855725454e-02
7.154500000000000000e+03 8.810043215935693297e+03 8.899173162431953110e-02
7.161500000000000000e+03 8.419273362161744444e+03 1.023801546368428989e-01
7.168500000000000000e+03 7.987223155743029565e+03 1.117187534502319252e-01
7.175500000000000000e+03 7.578120546734894560e+03 1.205189032062523036e-01
7.182500000000000000e+03 7.346114871976657014e+03 1.273297019991443124e-01
7.189500000000000000e+03 7.005544312015687865e+03 1.336633238696382231e-01
7.196500000000000000e+03 7.196441050765879481e+03 1.247592543449589086e-01
7.203500000000000000e+03 7.436704373630902410e+03 1.145503103269060324e-01
7.210500000000000000e+03 7.782228998896788653e+03 1.184177173028678337e-01
7.217500000000000000e+03 8.000727084184892192e+03 1.157485489575065390e-01
7.224500000000000000e+03 7.965320670596256605e+03 1.114566992724125155e-01
7.231500000000000000e+03 7.831063965145103793e+03 1.018367003573175389e-01
7.238500000000000000e+03 7.475687178044438951e+03 1.041063867759485367e-01
7.245500000000000000e+03 7.328179690381440196e+03 1.166006655893926103e-01
7.252500000000000000e+03 7.318945772263800791e+03 1.204527470977040104e-01
7.259500000000000000e+03 7.317673100292652634e+03 1.227569676390493497e-01
7.266500000000000000e+03 7.401945589228743302e+03 1.180761932119588353e-01
7.273500000000000000e+03 7.335519705881183654e+03 1.130909207856152093e-01
7.280500000000000000e+03 7.406871575867287902e+03 1.139856215432696607e-01
7.287500000000000000e+03 7.395309711753227020e+03 1.141447446085981782e-01
7.294500000000000000e+03 7.538088920683518154e+03 1.103435306300432489e-01
7.301500000000000000e+03 7.506984190566390680e+03 1.093629645301648912e-01
7.308500000000000000e+03 7.563005058219082457e+03 1.037186332612064499e-01
7.315500000000000000e+03 7.717016531231715817e+03 9.916073361534677444e-02
7.322500000000000000e+03 7.805913190294287233e+03 9.162665088284251136e-02
7.329500000000000000e+03 8.089993061853075233e+03 8.606263972562840092e-02
7.336500000000000000e+03 8.181709055209857070e+03 7.816207930283645966e-02
7.343500000000000000e+03 8.185983599987052912e+03 7.697095187255874327e-02
7.350500000000000000e+03 8.265891665218248818e+03 7.408105272099914373e-02
7.357500000000000000e+03 8.091647447448812272e+03 7.649958959824409988e-02
7.364500000000000000e+03 8.186187072611000076e+03 7.267617883195409689e-02
7.371500000000000000e+03 8.249343331969852443e+03 7.245969513830419206e-02
7.378500000000000000e+03 8.283779769848830256e+03 6.829488039838017832e-02
7.385500000000000000e+03 8.278908940640259971e+03 6.657705581305771447e-02
7.392500000000000000e+03 8.261737137585834716e+03 6.827461270566284601e-02
7.399500000000000000e+03 8.199291559092580428e+03 6.475023480057448544e-02
7.406500000000000000e+03 8.269771478524255144e+03 6.260707526029136993e-02
7.413500000000000000e+03 8.155735419956617079e+03 6.081181820384507636e-02
7.420500000000000000e+03 8.218637822625829358e+03 5.818063868905443137e-02
7.427500000000000000e+03 8.317950931389314064e+03 5.860301522390563844e-02
7.434500000000000000e+03 8.235813642884057117e+03 5.752438314611026809e-02
7.441500000000000000e+03 8.237985196690338853e+03 5.512664756487713202e-02
7.448500000000000000e+03 8.189872350384196579e+03 5.676926140251281616e-02
7.455500000000000000e+03 8.103259912015128066e+03 5.612105132067435331e-02
7.462500000000000000e+03 8.215476018381728863e+03 5.239394941073147183e-02
7.469500000000000000e+03 8.031036032559407431e+03 5.510013336648889037e-02
7.476500000000000000e+03 8.131176331388652216e+03 5.294718596808931088e-02
7.483500000000000000e+03 8.033864907811696867e+03 5.530567709699272388e-02
7.490500000000000000e+03 8.082616252727562824e+03 5.467004349434841093e-02
7.497500000000000000e+03 7.991067788071666655e+03 5.460879071481303942e-02
7.504500000000000000e+03 7.968464881639973100e+03 5.268181202688957537e-02
7.511500000000000000e+03 7.846087714853435500e+03 5.369008066367519233e-02
7.518500000000000000e+03 7.961418443459977425e+03 5.303067861977441011e-02
7.525500000000000000e+03 7.839229858630123090e+03 5.172308886462962524e-02
7.532500000000000000e+03 7.768231004478014256e+03 5.444893731381856422e-02
7.539500000000000000e+03 7.646070722185615523e+03 5.379349197634391427e-02
7.546500000000000000e+03 7.723314566008643851e+03 5.266088892831000817e-02
7.553500000000000000e+03 7.685368224965814079e+03 5.184031734789796425e-02
7.560500000000000000e+03 7.642266708885672415e+03 5.353227137279489845e-02
7.567500000000000000e+03 7.539007428369831359e+03 5.636617420355500424e-02
7.574500000000000000e+03 7.244271424490536447e+03 7.645963648895430509e-02
7.581500000000000000e+03 6.530927089725544647e+03 1.260030284151079927e-01
7.588500000000000000e+03 4.938972171829890613e+03 1.763660090848784001e-01
7.595500000000000000e+03 3.522924918442058242e+03 1.347106636074258401e-01
7.602500000000000000e+03 2.486457871146425532e+03 7.734546378463381944e-02
7.609500000000000000e+03 2.057210510078681637e+03 2.533449140543671541e-01
7.616500000000000000e+03 2.122320023693274379e+03 4.063098978491234137e-01
7.623500000000000000e+03 2.474676383760793669e+03 3.654491522340712617e-01
7.630500000000000000e+03 2.636792582809045598e+03 2.806400936689291137e-01
7.637500000000000000e+03 2.834773501280444179e+03 2.546792904083099440e-01
7.644500000000000000e+03 3.222497616457337699e+03 2.345118671107445096e-01
7.651500000000000000e+03 3.838109341875257542e+03 2.019934785091886120e-01
7.658500000000000000e+03 4.587978699453299669e+03 1.656699513637811538e-01
7.665500000000000000e+03 5.194592140698729963e+03 1.330069106869891105e-01
7.672500000000000000e+03 5.702044345939112645e+03 1.100551381027669029e-01
7.679500000000000000e+03 6.000346656439314756e+03 9.194839652269226615e-02
7.686500000000000000e+03 6.384683887463364044e+03 7.994146251087690114e-02
7.693500000000000000e+03 6.563659558771991215e+03 6.924005175653176469e-02
7.700500000000000000e+03 6.646785587326536188e+03 6.615312951728957724e-02
7.707500000000000000e+03 6.791457301203613497e+03 5.971817013175628047e-02
7.714500000000000000e+03 6.797351342380165079e+03 5.536902136657047974e-02
7.721500000000000000e+03 6.723193970221966993e+03 5.461905186652665778e-02
7.728500000000000000e+03 6.753803825346444683e+03 5.347965460185103576e-02
7.735500000000000000e+03 6.712967294660987136e+03 5.418751304043381567e-02
7.742500000000000000e+03 6.626267478757024946e+03 5.030489646390898933e-02
7.749500000000000000e+03 6.709561596333686794e+03 5.065689098566282522e-02
7.756500000000000000e+03 6.666109270114822721e+03 5.019913319911647326e-02
7.763500000000000000e+03 6.578756022508573551e+03 4.832293290563430266e-02
7.770500000000000000e+03 6.503163585130790125e+03 4.646539582239323646e-02
7.777500000000000000e+03 6.487907259387176964e+03 4.760068887736338544e-02
7.784500000000000000e+03 6.475003615389369770e+03 4.776668333564685481e-02
7.791500000000000000e+03 6.416769403398712711e+03 4.907725288084881232e-02
7.798500000000000000e+03 6.419078029999886894e+03 5.114014467670464220e-02
7.805500000000000000e+03 6.394678969563959072e+03 4.788222524913259004e-02
7.812500000000000000e+03 6.418857257129921891e+03 4.868717080308853501e-02
7.819500000000000000e+03 6.432903501378574219e+03 4.674938629152726455e-02
7.826500000000000000e+03 6.296946494332803013e+03 4.695875178072889122e-02
7.833500000000000000e+03 6.257258622330163234e+03 4.974824454017663655e-02
7.840500000000000000e+03 6.251791899401321643e+03 4.553030546682124147e-02
7.847500000000000000e+03 6.140787759230061056e+03 4.946114847781248741e-02
7.854500000000000000e+03 6.207419567424100023e+03 4.842192506632222310e-02
7.861500000000000000e+03 6.085017762892678547e+03 5.150429515327877711e-02
7.868500000000000000e+03 6.088326775095239100e+03 5.073958228081446031e-02
7.875500000000000000e+03 5.963473498412583467e+03 5.491051879973881528e-02
7.882500000000000000e+03 5.969278176070336485e+03 5.719381043305070411e-02
7.889500000000000000e+03 5.813379260180032361e+03 5.690835509725503810e-02
7.896500000000000000e+03 5.734981530889624082e+03 5.628289372457191686e-02
7.903500000000000000e+03 5.824661347957094222e+03 5.892716418564760555e-02
7.910500000000000000e+03 5.747374191169510596e+03 5.960069400021671127e-02
7.917500000000000000e+03 5.690043830138021804e+03 5.620126089160166344e-02
7.924500000000000000e+03 5.684577056170141987e+03 5.634719364348424187e-02
7.931500000000000000e+03 5.678934567816820163e+03 5.206855440148252384e-02
7.938500000000000000e+03 5.707491738208884271e+03 5.475540250638538664e-02
7.945500000000000000e+03 5.690302634851404036e+03 5.401611481007831395e-02
7.952500000000000000e+03 5.613225236306375336e+03 5.478492782213222057e-02
7.959500000000000000e+03 5.564628453019323388e+03 5.548886157542106540e-02
7.966500000000000000e+03 5.547385088411446304e+03 5.741527737840054074e-02
7.973500000000000000e+03 5.560424028481914320e+03 5.525440025735228744e-02
7.980500000000000000e+03 5.444325449172729350e+03 5.645723246815770313e-02
7.987500000000000000e+03 5.401683868453942523e+03 5.297534962762819044e-02
7.994500000000000000e+03 5.451969691506578783e+03 5.487765997468013746e-02
8.001500000000000000e+03 5.435332015370424415e+03 5.564775947825881253e-02
8.008500000000000000e+03 5.298141333609055437e+03 5.765719718046959097e-02
8.015500000000000000e+03 5.348802703245168232e+03 5.961049050472511796e-02
8.022500000000000000e+03 5.343913804601790616e+03 5.769801872511100965e-02
8.029500000000000000e+03 5.286184762580767710e+03 5.529826247391764205e-02
8.036500000000000000e+03 5.221847086772872899e+03 5.515895735059682392e-02
8.043500000000000000e+03 5.292755133484542057e+03 5.065544261772431112e-02
8.050500000000000000e+03 5.358919049224595256e+03 5.470609096417818756e-02
8.057500000000000000e+03 5.296629851521518503e+03 5.092002383604804505e-02
8.064500000000000000e+03 5.242852808798641490e+03 5.055017219206535406e-02
8.071500000000000000e+03 5.269808340928840153e+03 4.959463020418798662e-02
8.078500000000000000e+03 5.246784673922860748e+03 4.930994930756628369e-02
8.085500000000000000e+03 5.150460407570121788e+03 5.273218079422729854e-02
8.092500000000000000e+03 5.128821471444567578e+03 5.277716126278628878e-02
8.099500000000000000e+03 5.028260306801535990e+03 5.521213332149601388e-02
8.106500000000000000e+03 4.923088252177734830e+03 5.874019903679233989e-02
8.113500000000000000e+03 4.865312623240548419e+03 6.481264458389303373e-02
8.120500000000000000e+03 4.621779855076131753e+03 7.484540996388791556e-02
8.127500000000000000e+03 4.499375039208370254e+03 8.093996583017959434e-02
8.134500000000000000e+03 4.349703732562716141e+03 8.667971252418747719e-02
8.141500000000000000e+03 4.194550663627379436e+03 9.817234578289459057e-02
8.148500000000000000e+03 4.086082444081224367e+03 1.048113828707180756e-01
8.155500000000000000e+03 3.958656322030760293e+03 1.051683809604349873e-01
8.162500000000000000e+03 3.844024626260054902e+03 1.039688536415383086e-01
8.169500000000000000e+03 3.735791988209998635e+03 1.105857102254425711e-01
8.176500000000000000e+03 3.794626857430954260e+03 1.083710869781476654e-01
8.183500000000000000e+03 3.960284063312162289e+03 1.018938646127246772e-01
8.190500000000000000e+03 4.020694025298241741e+03 9.293218514109319317e-02
8.197500000000000000e+03 4.109250198828656721e+03 7.966360822123008667e-02
8.204500000000000000e+03 4.221344052331481180e+03 9.080996637255434045e-02
8.211500000000000000e+03 4.119114378797788049e+03 1.006989798624012833e-01
8.218500000000000000e+03 3.962018407283849228e+03 1.011580871293662753e-01
8.225500000000000000e+03 3.819574952577110707e+03 7.829682119041042609e-02
8.232500000000000000e+03 3.736737080979044549e+03 7.806804805357164811e-02
8.239500000000000000e+03 3.958914771431566805e+03 9.745523357062427228e-02
8.246500000000000000e+03 4.151180562148520039e+03 9.086028051535723071e-02
8.253500000000000000e+03 4.263529259449373967e+03 7.457592540937119097e-02
8.260500000000000000e+03 4.203488457413835022e+03 7.553216089739532568e-02
8.267500000000000000e+03 4.114261558748925381e+03 7.975169053563120614e-02
8.274500000000000000e+03 3.970324666193516805e+03 7.715779090191521306e-02
8.281500000000000000e+03 3.940521017922385909e+03 7.950395284674854901e-02
8.288500000000000000e+03 4.045970484984589348e+03 8.195611627794827103e-02
8.295500000000000000e+03 3.935753611350511619e+03 7.923069023209740325e-02
8.302500000000000000e+03 4.103571138509528282e+03 7.513703110516518902e-02
8.309500000000000000e+03 4.060644908470364953e+03 7.876650186891870353e-02
8.316500000000000000e+03 4.074321177122675635e+03 7.024523791744567702e-02
8.323500000000000000e+03 4.091489019163359899e+03 6.696258951785302727e-02
8.330500000000000000e+03 4.127543814100649797e+03 7.031463573182832050e-02
8.337500000000000000e+03 4.156712516811796377e+03 6.505280531951579404e-02
8.344500000000000000e+03 4.119209322425547725e+03 6.203259562123224907e-02
8.351500000000000000e+03 4.197648443521599802e+03 6.029111743299773313e-02
8.358500000000000000e+03 4.241080721995450403e+03 5.536499452483089473e-02
8.365500000000000000e+03 4.290422862744059785e+03 5.368853596568071845e-02
8.372500000000000000e+03 4.251109594863939492e+03 5.339582683843970001e-02
8.379500000000000000e+03 4.303297476117790211e+03 5.044629504193630376e-02
8.386500000000000000e+03 4.231251162137831670e+03 4.789412632526557356e-02
8.393500000000000000e+03 4.167339509957412702e+03 4.907583124106867922e-02
8.400500000000000000e+03 4.215480559730421191e+03 4.697444389323739838e-02
8.407500000000000000e+03 4.175955096817482627e+03 4.672472798001530564e-02
8.414500000000000000e+03 4.178974440799566764e+03 4.604787184207405348e-02
8.421500000000000000e+03 4.243548824889868229e+03 4.273261381080404459e-02
8.428500000000000000e+03 4.070594908085489351e+03 4.742195768133616873e-02
8.435500000000000000e+03 4.115284341173663961e+03 4.407162472051904395e-02
8.442500000000000000e+03 4.107395949116114934e+03 4.162564432578232110e-02
8.449500000000000000e+03 4.101015617934216607e+03 4.097414366808763142e-02
8.456500000000000000e+03 4.112938453479417149e+03 3.858392247924533752e-02
8.463500000000000000e+03 4.031826595838495905e+03 3.627434476252520967e-02
8.470500000000000000e+03 4.033798443033354943e+03 4.020420417262228485e-02
8.477500000000000000e+03 4.097685609610860411e+03 4.035064020951429492e-02
8.484500000000000000e+03 3.972472083849133924e+03 4.520770493254199635e-02
8.491500000000000000e+03 3.971079716329238636e+03 4.588471944975129613e-02
8.498500000000000000e+03 4.013177766634042200e+03 4.149631195772848780e-02
8.505500000000000000e+03 3.961535130858289904e+03 3.571599457723199228e-02
8.512500000000000000e+03 4.010621873494499141e+03 3.676223830894408823e-02
8.519500000000000000e+03 4.086392360551634738e+03 3.998132916548466365e-02
8.526500000000000000e+03 3.930575077636592141e+03 4.487707669113605302e-02
8.533500000000000000e+03 3.894251472249784456e+03 4.515851480134032425e-02
8.540500000000000000e+03 3.910840411432895507e+03 3.677270733162325833e-02
8.547500000000000000e+03 3.935362054663702111e+03 2.887345628956511021e-02
8.554500000000000000e+03 3.878807086965593498e+03 3.076586324660566737e-02
8.561500000000000000e+03 3.940805341215626413e+03 3.930064599247243273e-02
8.568500000000000000e+03 3.884393921458457498e+03 4.797060373158128221e-02
8.575500000000000000e+03 3.939811552280268188e+03 4.343464506143099313e-02
8.582500000000000000e+03 3.844114470994997191e+03 3.817521916611082283e-02
8.589500000000000000e+03 3.825242575812605082e+03 3.359844711277267665e-02
8.596500000000000000e+03 3.753233103949266024e+03 3.244066773268101944e-02
8.603500000000000000e+03 3.905274301330993239e+03 2.877608903803666879e-02
8.610500000000000000e+03 3.737780746231749163e+03 3.140181781833584901e-02
8.617500000000000000e+03 3.810160516568341336e+03 3.545031817146879899e-02
8.624500000000000000e+03 3.893464011617288179e+03 4.186298925061744669e-02
8.631500000000000000e+03 3.939508166618878931e+03 4.402669027698159071e-02
8.638500000000000000e+03 3.851295087001877164e+03 4.535654987650993009e-02
8.645500000000000000e+03 3.849359395168425181e+03 4.290556568161080220e-02
8.652500000000000000e+03 3.735289843318087605e+03 3.718104468970294396e-02
8.659500000000000000e+03 3.569404632802073138e+03 3.257640851973703233e-02
8.666500000000000000e+03 3.660401904390929758e+03 2.158200514923172206e-02
8.673500000000000000e+03 3.705414650007841374e+03 2.050168683161039673e-02
8.680500000000000000e+03 3.718212859205570112e+03 2.934779349427677972e-02
8.687500000000000000e+03 3.713479262178796944e+03 4.138353699455219609e-02
8.694500000000000000e+03 3.884108275616322771e+03 4.011736441972810902e-02
8.701500000000000000e+03 3.934327075434204744e+03 4.135083527349082966e-02
8.708500000000000000e+03 3.902333502974084695e+03 3.960076196733951920e-02
8.715500000000000000e+03 3.903411230558510852e+03 4.243535437120227877e-02
8.722500000000000000e+03 3.858622077304761206e+03 4.213693851613715957e-02
8.729500000000000000e+03 3.759495298577646736e+03 4.014617463530635588e-02
8.736500000000000000e+03 3.631544994388242685e+03 3.514569577266858647e-02
8.743500000000000000e+03 3.616505465408971304e+03 2.145584534735547888e-02
8.750500000000000000e+03 3.500618531697731669e+03 1.735028815552200343e-02
8.757500000000000000e+03 3.518551791293592032e+03 2.194604733393073007e-02
8.764500000000000000e+03 3.538187311581763879e+03 3.326935583329038854e-02
8.771500000000000000e+03 3.705695264347981720e+03 3.834563910006725390e-02
8.778500000000000000e+03 3.748783628373799274e+03 3.592782200605943582e-02
8.785500000000000000e+03 3.773268475428143574e+03 3.900074215800389266e-02
8.792500000000000000e+03 3.854054666003544753e+03 3.827044067872201194e-02
8.799500000000000000e+03 3.845412150913108690e+03 4.029744204583966816e-02
8.806500000000000000e+03 3.789641826439172746e+03 3.576017975331691190e-02
8.813500000000000000e+03 3.916349370099289899e+03 3.465370361687918066e-02
8.820500000000000000e+03 3.816564868994810240e+03 3.613784099399708349e-02
8.827500000000000000e+03 3.770234394496614186e+03 3.846006770447062822e-02
8.834500000000000000e+03 3.627414773442209025e+03 3.936402385462497988e-02
8.841500000000000000e+03 3.588869521007102321e+03 3.922035035013509557e-02
8.848500000000000000e+03 3.482778775874951407e+03 3.611401669575394630e-02
8.855500000000000000e+03 3.242489060252140462e+03 3.272107881822987341e-02
8.862500000000000000e+03 3.254675899250158636e+03 2.149827738976624325e-02
8.869500000000000000e+03 3.214546241290234775e+03 1.860522475732567793e-02
8.876500000000000000e+03 3.303200037366901597e+03 2.323060586553588741e-02
8.883500000000000000e+03 3.402471196903309192e+03 3.851162492147069266e-02
8.890500000000000000e+03 3.451920892985664977e+03 4.272405011565061361e-02
8.897500000000000000e+03 3.608764187260296694e+03 4.170166716130114387e-02
8.904500000000000000e+03 3.572073600493375125e+03 4.189548871485613418e-02
8.911500000000000000e+03 3.594029452501395554e+03 4.311033958272633693e-02
8.918500000000000000e+03 3.548877446076760862e+03 4.450119578136953191e-02
8.925500000000000000e+03 3.482458112991924736e+03 4.700170875791274266e-02
8.932500000000000000e+03 3.469481794053872818e+03 5.682589573581975362e-02
8.939500000000000000e+03 3.394772628275188254e+03 6.819440054499019410e-02
8.946500000000000000e+03 3.256578578374329936e+03 7.463298835562327815e-02
8.953500000000000000e+03 3.042540643370179168e+03 8.360981625795316230e-02
8.960500000000000000e+03 2.915282444740446863e+03 9.146897864755959562e-02
8.967500000000000000e+03 2.743081038598306804e+03 9.879401209365701320e-02
8.974500000000000000e+03 2.690492400248717786e+03 1.147443326822089604e-01
8.981500000000000000e+03 2.469623274212959586e+03 1.251297784185622375e-01
8.988500000000000000e+03 2.428828172203059239e+03 1.088197378653891767e-01
8.995500000000000000e+03 2.262412102078069438e+03 1.206461004682971155e-01
9.002500000000000000e+03 2.213509846427433786e+03 1.135989784085703475e-01
9.009500000000000000e+03 2.228156986423522085e+03 9.266431913663313036e-02
9.016500000000000000e+03 2.305726877573993988e+03 8.409753838993670738e-02
9.023500000000000000e+03 2.336206942236380655e+03 7.940235926312062820e-02
9.030500000000000000e+03 2.486708198650322629e+03 8.638451685730820506e-02
9.037500000000000000e+03 2.657608461517806973e+03 8.715242537806942857e-02
9.044500000000000000e+03 2.819602944317844504e+03 8.442718550862519933e-02
9.051500000000000000e+03 2.884609407247145555e+03 8.908684281158989193e-02
9.058500000000000000e+03 2.752699485853541773e+03 9.801741307281686133e-02
9.065500000000000000e+03 2.663118805212178813e+03 9.479306753402379215e-02
9.072500000000000000e+03 2.624429594305673618e+03 9.780342835422900505e-02
9.079500000000000000e+03 2.436813026039240867e+03 1.138220093003176336e-01
9.086500000000000000e+03 2.442405023879774944e+03 1.190528720653523942e-01
9.093500000000000000e+03 2.427502045047071988e+03 1.233854467963236695e-01
9.100500000000000000e+03 2.517161585944024409e+03 1.094457310270629535e-01
9.107500000000000000e+03 2.516009930593428180e+03 1.151926045588712588e-01
9.114500000000000000e+03 2.444673007542181495e+03 1.276609272061089428e-01
9.121500000000000000e+03 2.446812032047141656e+03 1.286438361126223395e-01
9.128500000000000000e+03 2.337043641024043154e+03 1.205156452362800973e-01
9.135500000000000000e+03 2.377258154951251981e+03 1.186145793934059028e-01
9.142500000000000000e+03 2.256363265688988122e+03 1.463475715148339351e-01
9.149500000000000000e+03 2.306915080114557895e+03 1.292532726621485883e-01
9.156500000000000000e+03 2.267988262707852300e+03 1.185837839104259134e-01
9.163500000000000000e+03 2.259304022835438900e+03 1.421788880658512444e-01
9.170500000000000000e+03 2.289024068418014394e+03 1.267284219401516587e-01
9.177500000000000000e+03 2.326631951690812457e+03 1.058192156669953699e-01
9.184500000000000000e+03 2.420423917197800165e+03 1.094089982981744646e-01
9.191500000000000000e+03 2.496945527662170207e+03 9.715443878930532517e-02
9.198500000000000000e+03 2.553472433798666771e+03 8.927402216059225626e-02
9.205500000000000000e+03 2.559574443263039484e+03 8.906330199048650975e-02
9.212500000000000000e+03 2.407242646303130641e+03 7.990109706222668640e-02
9.219500000000000000e+03 2.315387177174826775e+03 6.744548056330390562e-02
9.226500000000000000e+03 2.226382902405819095e+03 6.704739683891641766e-02
9.233500000000000000e+03 2.130143772088532842e+03 6.687545234471092837e-02
9.240500000000000000e+03 2.159915023306024523e+03 7.839699059874098708e-02
9.247500000000000000e+03 2.240228855495625339e+03 9.078327411624591281e-02
9.254500000000000000e+03 2.280293366865128064e+03 9.835937950194555135e-02
9.261500000000000000e+03 2.379946715519430199e+03 1.057371483549857105e-01
9.268500000000000000e+03 2.262028012750559355e+03 1.224902916659665469e-01
9.275500000000000000e+03 2.132539820001377848e+03 1.293550544954109316e-01
9.282500000000000000e+03 1.938025767209292326e+03 1.497869359917059773e-01
9.289500000000000000e+03 1.743014260073374771e+03 1.878122665009396286e-01
9.296500000000000000e+03 1.583402100731649625e+03 2.024992684424515577e-01
9.303500000000000000e+03 1.464828259758589638e+03 2.228172800421198974e-01
9.310500000000000000e+03 1.249995898017986292e+03 2.560118162143880105e-01
9.317500000000000000e+03 1.032031410860889991e+03 2.715248252154404685e-01
9.324500000000000000e+03 8.671627204860843676e+02 3.288184105804116131e-01
9.331500000000000000e+03 7.410105953699660404e+02 3.733560190149468050e-01
9.338500000000000000e+03 6.996125030608785664e+02 3.344261146574000199e-01
9.345500000000000000e+03 6.965413145792737168e+02 3.539462081239552749e-01
9.352500000000000000e+03 7.141613219157677577e+02 3.822426776448045738e-01
9.359500000000000000e+03 7.300299965290122373e+02 3.759471343727561199e-01
9.366500000000000000e+03 8.074295140018360826e+02 3.523079231666134681e-01
9.373500000000000000e+03 8.282107835763818002e+02 3.031335288107584458e-01
9.380500000000000000e+03 9.780193141707489985e+02 2.564905218792872810e-01
9.387500000000000000e+03 1.258263811427527116e+03 2.566542027371367385e-01
9.394500000000000000e+03 1.345992003618515582e+03 2.742992673693838701e-01
9.401500000000000000e+03 1.468868134495800177e+03 2.304190592367224566e-01
9.408500000000000000e+03 1.378747102660122664e+03 2.223143159096077348e-01
9.415500000000000000e+03 1.253373848386858072e+03 2.527146270967344788e-01
9.422500000000000000e+03 1.214098151529264896e+03 2.500038604724669766e-01
9.429500000000000000e+03 1.130323909469052751e+03 2.459602649873564861e-01
9.436500000000000000e+03 9.800941117524744186e+02 2.530608686116802009e-01
9.443500000000000000e+03 1.030289602127557828e+03 2.495836213485242983e-01
9.450500000000000000e+03 1.003597047509291542e+03 2.987358255620929381e-01
9.457500000000000000e+03 1.029191783016596901e+03 2.619708809497093838e-01
9.464500000000000000e+03 1.002499312589300189e+03 2.752251684894355122e-01
9.471500000000000000e+03 1.037189522976987519e+03 2.815529260542639078e-01
9.478500000000000000e+03 1.156329324272641998e+03 2.419800347993277534e-01
9.485500000000000000e+03 1.070266636718073869e+03 2.796361410283502158e-01
9.492500000000000000e+03 1.094211129201770291e+03 2.472767823515255592e-01
9.499500000000000000e+03 1.106524271025595908e+03 1.994978034443116444e-01
9.506500000000000000e+03 1.008928793135384126e+03 2.921844598511388891e-01
9.513500000000000000e+03 9.977831999596236301e+02 2.960214327374783294e-01
9.520500000000000000e+03 1.078318684317289808e+03 2.233113040669649496e-01
9.527500000000000000e+03 1.040779214295423571e+03 2.452267675554551107e-01
9.534500000000000000e+03 9.587085215700110439e+02 2.786085707803784284e-01
9.541500000000000000e+03 9.588187403905375277e+02 2.316253855494449787e-01
9.548500000000000000e+03 9.737549223961949565e+02 2.066717359333802850e-01
9.555500000000000000e+03 9.508747938897472523e+02 2.096721287101801223e-01
9.562500000000000000e+03 9.950601656310788030e+02 2.083060684536426899e-01
9.569500000000000000e+03 1.070597704830216571e+03 2.288421104794915450e-01
9.576500000000000000e+03 1.107123632385239262e+03 2.538078934956961574e-01
9.583500000000000000e+03 1.156199545683129145e+03 2.147787688805542772e-01
9.590500000000000000e+03 1.224437027028389139e+03 1.792643796259260625e-01
9.597500000000000000e+03 1.236894349845880470e+03 2.010289286924249741e-01
9.604500000000000000e+03 1.229226972170517683e+03 2.214495572459770356e-01
9.611500000000000000e+03 1.345685845593638987e+03 2.043752031858918627e-01
9.618500000000000000e+03 1.450880247695664593e+03 1.689988333968538148e-01
9.625500000000000000e+03 1.409074818424699060e+03 1.698923595501998229e-01
9.632500000000000000e+03 1.355609807248240031e+03 1.805120550912779342e-01
9.639500000000000000e+03 1.437790983697912225e+03 1.439222635552052099e-01
9.646500000000000000e+03 1.424661736499750759e+03 1.565487031039808907e-01
9.653500000000000000e+03 1.477394519650502389e+03 1.693703725679397143e-01
9.660500000000000000e+03 1.524314370873494909e+03 1.351842659644770794e-01
9.667500000000000000e+03 1.602213268618638267e+03 1.184480084375093140e-01
9.674500000000000000e+03 1.698706733669738924e+03 1.153126642234862803e-01
9.681500000000000000e+03 1.873905923318366376e+03 9.825117564149105087e-02
9.688500000000000000e+03 1.847825987831925431e+03 9.073997791280333236e-02
9.695500000000000000e+03 1.870320934226073859e+03 8.357330067956438013e-02
9.702500000000000000e+03 1.896402291861761569e+03 7.340590044982446549e-02
9.709500000000000000e+03 1.875389293976903218e+03 7.997311358137446091e-02
9.716500000000000000e+03 1.855299053395471674e+03 8.823272782639919598e-02
9.723500000000000000e+03 1.773249014844267322e+03 8.991548902931126297e-02
9.730500000000000000e+03 1.682463199244982434e+03 9.732773118106183285e-02
9.737500000000000000e+03 1.664513021916701973e+03 9.592442645490519004e-02
9.744500000000000000e+03 1.600951930284007176e+03 1.087874384463185934e-01
9.751500000000000000e+03 1.579768746752176185e+03 1.042415272088249717e-01
9.758500000000000000e+03 1.644293770617384553e+03 9.323099365309422959e-02
9.765500000000000000e+03 1.611826326670440494e+03 1.006361231565241626e-01
9.772500000000000000e+03 1.687927986214278235e+03 1.029513741938663102e-01
9.779500000000000000e+03 1.691116190110604521e+03 9.005244253307288782e-02
9.786500000000000000e+03 1.658253555321396561e+03 8.145096737201962256e-02
9.793500000000000000e+03 1.660141763570978810e+03 7.610165553219096213e-02
9.800500000000000000e+03 1.686762793681687072e+03 7.346169008166299197e-02
9.807500000000000000e+03 1.728305228849834975e+03 7.970972647420439261e-02
9.814500000000000000e+03 1.718970908057247016e+03 7.371150899946386781e-02
9.821500000000000000e+03 1.839909967427678112e+03 5.718581701911173987e-02
9.828500000000000000e+03 1.760060414547627715e+03 5.725651264922482220e-02
9.835500000000000000e+03 1.789086068353523842e+03 6.165770846001983330e-02
9.842500000000000000e+03 1.769217272582455053e+03 5.288989305704208665e-02
9.849500000000000000e+03 1.751440669541912257e+03 4.610172689460939610e-02
9.856500000000000000e+03 1.769849883756298823e+03 4.636642494786469976e-02
9.863500000000000000e+03 1.779223915395149106e+03 4.248719408610569098e-02
9.870500000000000000e+03 1.747338941875408864e+03 4.066146642312600673e-02
9.877500000000000000e+03 1.746281494668255391e+03 3.524103634627422793e-02
9.884500000000000000e+03 1.827852422810961343e+03 3.599896114667429370e-02
9.891500000000000000e+03 1.720876899809296674e+03 3.529211290796237244e-02
9.898500000000000000e+03 1.856037816216988404e+03 3.106773186575723100e-02
9.905500000000000000e+03 1.685619647599615519e+03 3.184530945796112955e-02
9.912500000000000000e+03 1.758345424086601270e+03 3.167697824848978577e-02
9.919500000000000000e+03 1.681695394926319523e+03 3.142840079968477890e-02
9.926500000000000000e+03 1.697641731689655899e+03 3.060665228797622775e-02
9.933500000000000000e+03 1.698225299564741135e+03 3.062453401270290657e-02
9.940500000000000000e+03 1.627363226986817153e+03 3.005904693023578322e-02
9.947500000000000000e+03 1.646557283857914626e+03 2.552887968282441244e-02
9.954500000000000000e+03 1.617814339075921453e+03 2.885083486367014810e-02
9.961500000000000000e+03 1.582577110039713261e+03 2.658641706371058996e-02
9.968500000000000000e+03 1.602795994092115052e+03 2.841674557386738437e-02
9.975500000000000000e+03 1.514588044195202656e+03 2.501006995592589682e-02
9.982500000000000000e+03 1.505853448939195005e+03 2.692667644844265462e-02
9.989500000000000000e+03 1.477301520479260944e+03 2.764068090572152636e-02
9.996500000000000000e+03 1.506025455617659645e+03 2.020203771174631027e-02
