# wavelength angstroms, flux, ext coeff
5.551500000000000000e+03 5.835891300926766235e+03 1.675894885353501063e-01
5.558500000000000000e+03 6.158978569464931752e+03 1.578470416510761865e-01
5.565500000000000000e+03 6.251864752501170187e+03 1.525537174730315082e-01
5.572500000000000000e+03 6.348760156666556213e+03 1.517980037000780935e-01
5.579500000000000000e+03 6.393716636344068320e+03 1.519669044702877947e-01
5.586500000000000000e+03 6.425244430463486424e+03 1.529581077382402565e-01
5.593500000000000000e+03 6.540140673013736887e+03 1.535726767919198543e-01
5.600500000000000000e+03 6.534823507411765604e+03 1.520440497545224867e-01
5.607500000000000000e+03 6.553721440858826099e+03 1.524293383162041993e-01
5.614500000000000000e+03 6.652787064688563078e+03 1.535706314542328588e-01
5.621500000000000000e+03 6.589295041046298138e+03 1.555271039328302851e-01
5.628500000000000000e+03 6.813124477153482985e+03 1.548537781266904889e-01
5.635500000000000000e+03 6.713357433581146324e+03 1.531738986566651695e-01
5.642500000000000000e+03 6.730936981446913705e+03 1.542968000654966754e-01
5.649500000000000000e+03 6.796999230749162052e+03 1.526591787040433024e-01
5.656500000000000000e+03 6.890107671362473411e+03 1.527575939387488535e-01
5.663500000000000000e+03 6.875189366682324362e+03 1.528397243400525241e-01
5.670500000000000000e+03 6.994163747459370825e+03 1.529609929112165090e-01
5.677500000000000000e+03 6.956650892580939399e+03 1.534527677459215367e-01
5.684500000000000000e+03 6.996972013451591920e+03 1.546041897825145561e-01
5.691500000000000000e+03 6.992187359658841160e+03 1.541813257517377078e-01
5.698500000000000000e+03 7.014949817778225224e+03 1.532771759722021121e-01
5.705500000000000000e+03 7.064566751292951267e+03 1.543534930434897479e-01
5.712500000000000000e+03 7.088240628988913159e+03 1.540638380367867766e-01
5.719500000000000000e+03 7.181900598501528293e+03 1.519722113222912452e-01
5.726500000000000000e+03 7.157095803781327959e+03 1.547682697112308936e-01
5.733500000000000000e+03 7.185786858935943201e+03 1.526577807805783449e-01
5.740500000000000000e+03 7.269227434412660841e+03 1.522555918938381936e-01
5.747500000000000000e+03 7.238781299661298362e+03 1.505163561903462011e-01
5.754500000000000000e+03 7.244169805766644458e+03 1.527680775113621769e-01
5.761500000000000000e+03 7.367295848067743464e+03 1.499549401888941036e-01
5.768500000000000000e+03 7.366563867929728985e+03 1.496832357730248919e-01
5.775500000000000000e+03 7.369346667279945905e+03 1.498723208861548750e-01
5.782500000000000000e+03 7.351623024355254529e+03 1.494267892486498273e-01
5.789500000000000000e+03 7.487416787970801124e+03 1.476631560179458569e-01
5.796500000000000000e+03 7.435873635381128224e+03 1.483213969258616038e-01
5.803500000000000000e+03 7.468287534617171332e+03 1.460016809603165155e-01
5.810500000000000000e+03 7.695201784418713032e+03 1.445147928236430457e-01
5.817500000000000000e+03 7.531984727885895154e+03 1.453321526852902335e-01
5.824500000000000000e+03 7.745626719189731375e+03 1.439541591708288493e-01
5.831500000000000000e+03 7.626039031322837218e+03 1.444634857313066012e-01
5.838500000000000000e+03 7.690710569657507222e+03 1.419657359824366694e-01
5.845500000000000000e+03 7.755969752016683742e+03 1.427962455559349531e-01
5.852500000000000000e+03 7.671442960015204335e+03 1.431770908506789786e-01
5.859500000000000000e+03 7.841045967286931955e+03 1.428154390621789449e-01
5.866500000000000000e+03 7.836294400348721865e+03 1.436843581224050426e-01
5.873500000000000000e+03 7.647269441753847786e+03 1.483600985302283015e-01
5.880500000000000000e+03 7.341623821787847191e+03 1.538544590776859122e-01
5.887500000000000000e+03 7.312509457881560593e+03 1.543606343899305011e-01
5.894500000000000000e+03 7.359002376481757892e+03 1.554830409570858440e-01
5.901500000000000000e+03 7.280498070320676561e+03 1.569299142090301580e-01
5.908500000000000000e+03 7.314130573692740654e+03 1.574799191874776683e-01
5.915500000000000000e+03 7.294330790345841706e+03 1.568284084327086492e-01
5.922500000000000000e+03 7.301441597201874174e+03 1.545904169118633431e-01
5.929500000000000000e+03 7.324589958097526505e+03 1.569065825259868818e-01
5.936500000000000000e+03 7.446929376870461056e+03 1.560268941089069106e-01
5.943500000000000000e+03 7.513985299808941818e+03 1.519405502122548879e-01
5.950500000000000000e+03 7.414272908892269697e+03 1.530017797596171514e-01
5.957500000000000000e+03 7.391076085716894340e+03 1.527118156716746056e-01
5.964500000000000000e+03 7.597818582160259211e+03 1.506331002012949172e-01
5.971500000000000000e+03 7.560015289640479750e+03 1.504893176878648042e-01
5.978500000000000000e+03 7.723302731928473804e+03 1.481925232614468846e-01
5.985500000000000000e+03 7.540474451512088308e+03 1.457260644904018188e-01
5.992500000000000000e+03 7.752195294369890689e+03 1.454434567345808116e-01
5.999500000000000000e+03 7.672429811604070892e+03 1.425801979539789710e-01
6.006500000000000000e+03 7.766056730810933004e+03 1.435768497960154266e-01
6.013500000000000000e+03 7.692035304845412611e+03 1.404219452260087875e-01
6.020500000000000000e+03 7.773330762958012201e+03 1.389456465988622991e-01
6.027500000000000000e+03 7.946234433519942286e+03 1.393754465156146483e-01
6.034500000000000000e+03 7.877082221525288332e+03 1.404039234069172359e-01
6.041500000000000000e+03 7.874098179667618751e+03 1.394713538126869656e-01
6.048500000000000000e+03 7.992770332499758297e+03 1.382602481364965386e-01
6.055500000000000000e+03 7.855901670898520024e+03 1.358260079057306835e-01
6.062500000000000000e+03 7.939044638669569395e+03 1.384409124830515425e-01
6.069500000000000000e+03 7.888907856479014299e+03 1.367250713876812795e-01
6.076500000000000000e+03 7.933779433734558552e+03 1.356445110540837329e-01
6.083500000000000000e+03 8.014950459552458597e+03 1.326995684418489641e-01
6.090500000000000000e+03 7.986068243540716139e+03 1.331567032226325387e-01
6.097500000000000000e+03 7.963436301639221711e+03 1.327756518739671432e-01
6.104500000000000000e+03 7.943234862497914946e+03 1.314916701281099998e-01
6.111500000000000000e+03 8.017221281874571105e+03 1.310819360664487176e-01
6.118500000000000000e+03 8.053841034900647173e+03 1.303046117479826904e-01
6.125500000000000000e+03 7.919329356748994542e+03 1.306598191455815294e-01
6.132500000000000000e+03 8.141951901458594875e+03 1.255855343334854601e-01
6.139500000000000000e+03 7.927344890919191130e+03 1.281458048660319426e-01
6.146500000000000000e+03 8.113071339272334626e+03 1.255468606192443048e-01
6.153500000000000000e+03 7.929240276754405386e+03 1.266167133702810199e-01
6.160500000000000000e+03 8.065626393952171384e+03 1.249465948770284718e-01
6.167500000000000000e+03 8.170282161948432076e+03 1.226529310392020927e-01
6.174500000000000000e+03 8.054358271967253131e+03 1.245555921345513628e-01
6.181500000000000000e+03 8.246698622507978143e+03 1.202780935947847935e-01
6.188500000000000000e+03 8.251307816421025564e+03 1.231768772568540282e-01
6.195500000000000000e+03 8.317719351922474743e+03 1.209474056566101630e-01
6.202500000000000000e+03 8.338489362539967260e+03 1.200170090442961857e-01
6.209500000000000000e+03 8.260675583415639267e+03 1.180079222792047716e-01
6.216500000000000000e+03 8.241526976998535247e+03 1.201030019304248075e-01
6.223500000000000000e+03 8.144104971253626900e+03 1.179825732422716544e-01
6.230500000000000000e+03 8.254804598629016255e+03 1.179483412430802486e-01
6.237500000000000000e+03 8.410711745878930742e+03 1.150991496273308934e-01
6.244500000000000000e+03 8.565643229768880701e+03 1.140404723678029308e-01
6.251500000000000000e+03 8.209480273982662766e+03 1.154126105298038801e-01
6.258500000000000000e+03 8.143503830952783574e+03 1.176580398477832523e-01
6.265500000000000000e+03 8.157769884767898475e+03 1.226909285127509713e-01
6.272500000000000000e+03 7.745218873386458654e+03 1.252449073774449528e-01
6.279500000000000000e+03 7.898975444956719912e+03 1.251268693107944752e-01
6.286500000000000000e+03 7.985431046435202916e+03 1.261945976597591834e-01
6.293500000000000000e+03 7.877803230917118526e+03 1.276150658957314055e-01
6.300500000000000000e+03 8.077741438192497299e+03 1.209399628000399629e-01
6.307500000000000000e+03 8.074258489098298014e+03 1.210893422694495625e-01
6.314500000000000000e+03 8.129405538170771251e+03 1.181379772154035196e-01
6.321500000000000000e+03 8.228033209415478268e+03 1.152558666035564533e-01
6.328500000000000000e+03 8.382829614575475716e+03 1.156350457767180706e-01
6.335500000000000000e+03 8.326831636512044497e+03 1.119809599343457446e-01
6.342500000000000000e+03 8.421904301220924026e+03 1.098662534407802149e-01
6.349500000000000000e+03 8.367830157801223322e+03 1.069884253559232473e-01
6.356500000000000000e+03 8.185845453730221379e+03 1.082792362482714044e-01
6.363500000000000000e+03 8.504095077553301962e+03 1.068594825972356138e-01
6.370500000000000000e+03 8.395270119205260926e+03 1.054470403041210536e-01
6.377500000000000000e+03 8.409330594955456036e+03 1.052648605443032154e-01
6.384500000000000000e+03 8.495712370010547602e+03 1.080589539679892436e-01
6.391500000000000000e+03 8.531042782993908986e+03 1.046879560766144912e-01
6.398500000000000000e+03 8.559326321114167513e+03 1.057699655456218885e-01
6.405500000000000000e+03 8.545687783348052108e+03 1.021743547067032881e-01
6.412500000000000000e+03 8.537402681411893354e+03 1.034407480596438583e-01
6.419500000000000000e+03 8.429924806941977295e+03 1.034744446992709593e-01
6.426500000000000000e+03 8.544557662154502395e+03 1.018639532898224648e-01
6.433500000000000000e+03 8.499272381310045603e+03 1.017055085137995446e-01
6.440500000000000000e+03 8.518481964518839959e+03 1.018322917063089195e-01
6.447500000000000000e+03 8.336760836605988516e+03 1.035407493097302845e-01
6.454500000000000000e+03 8.311025467532264884e+03 1.034408411304578862e-01
6.461500000000000000e+03 8.336032105225362102e+03 1.044286624783523215e-01
6.468500000000000000e+03 8.118543783849635474e+03 1.093789042939474071e-01
6.475500000000000000e+03 8.127095391031524741e+03 1.097707467346295818e-01
6.482500000000000000e+03 7.965358798040141664e+03 1.101796895148994399e-01
6.489500000000000000e+03 8.125658502563082038e+03 1.073713384788549663e-01
6.496500000000000000e+03 8.068572676227373449e+03 1.074132715145011824e-01
6.503500000000000000e+03 8.062861992476791784e+03 1.089202185898727054e-01
6.510500000000000000e+03 8.147331491695175828e+03 1.048557643458198352e-01
6.517500000000000000e+03 7.945301802642524308e+03 1.044062961344200957e-01
6.524500000000000000e+03 7.780610719870333924e+03 1.065715161119965559e-01
6.531500000000000000e+03 7.562839434822978546e+03 1.080257350577868147e-01
6.538500000000000000e+03 7.336113784795623360e+03 1.049301816859863068e-01
6.545500000000000000e+03 6.874659826280067136e+03 1.033383479106068231e-01
6.552500000000000000e+03 6.549925716278593427e+03 9.884669947143219504e-02
6.559500000000000000e+03 6.212207518714790240e+03 8.668778928649160942e-02
6.566500000000000000e+03 6.210405735377044948e+03 7.017028603815285426e-02
6.573500000000000000e+03 6.403018719142452937e+03 7.308268300182597932e-02
6.580500000000000000e+03 6.710193278978291346e+03 8.942472118862679342e-02
6.587500000000000000e+03 7.063673914812608928e+03 1.025619410419841004e-01
6.594500000000000000e+03 7.524641577248939939e+03 1.034541040372803783e-01
6.601500000000000000e+03 8.050761319898192596e+03 9.614286251777230674e-02
6.608500000000000000e+03 8.184594935447577882e+03 9.389593054340067413e-02
6.615500000000000000e+03 8.384757673421707295e+03 9.096245952864040474e-02
6.622500000000000000e+03 8.234458356654855379e+03 8.936495318775500296e-02
6.629500000000000000e+03 8.662848127391067464e+03 8.792025951435558651e-02
6.636500000000000000e+03 8.615283296204872386e+03 8.919767344963373812e-02
6.643500000000000000e+03 8.572323331793837497e+03 8.680722578655637733e-02
6.650500000000000000e+03 8.690003341200057548e+03 8.579854853462179354e-02
6.657500000000000000e+03 8.732102016678025393e+03 8.463335360920129502e-02
6.664500000000000000e+03 8.537505122707085320e+03 8.643707190420149566e-02
6.671500000000000000e+03 8.766780563669803087e+03 8.221402223791479669e-02
6.678500000000000000e+03 8.625854259919629840e+03 8.319984285596762619e-02
6.685500000000000000e+03 8.700267144660781923e+03 8.217740879003754273e-02
6.692500000000000000e+03 8.793545449236651621e+03 8.373016701357947900e-02
6.699500000000000000e+03 8.732635774342074001e+03 8.141750220445075070e-02
6.706500000000000000e+03 8.606557602901832070e+03 8.254571466395557722e-02
6.713500000000000000e+03 8.562655863083311488e+03 8.211197015866368576e-02
6.720500000000000000e+03 8.691559106424145284e+03 8.157008297618124903e-02
6.727500000000000000e+03 8.727824759137125511e+03 8.132516611203277623e-02
6.734500000000000000e+03 8.566090611034484027e+03 8.160219254067653527e-02
6.741500000000000000e+03 8.639115769330624971e+03 7.994127298316894281e-02
6.748500000000000000e+03 8.476934844269233508e+03 8.253423614123901741e-02
6.755500000000000000e+03 8.622945510919136723e+03 8.006484710082817369e-02
6.762500000000000000e+03 8.758386607387563345e+03 8.023422728548787464e-02
6.769500000000000000e+03 8.539779307586890354e+03 8.027710365633411449e-02
6.776500000000000000e+03 8.655791756080769119e+03 7.887575837172199067e-02
6.783500000000000000e+03 8.721792481775917622e+03 7.941394489687449154e-02
6.790500000000000000e+03 8.652115397734452927e+03 7.792693260252264720e-02
6.797500000000000000e+03 8.619197261225421244e+03 7.832300046756271450e-02
6.804500000000000000e+03 8.606366539900114731e+03 7.706656058249654329e-02
6.811500000000000000e+03 8.519244144306048838e+03 7.944503650755009583e-02
6.818500000000000000e+03 8.573108274733336657e+03 7.908180319382074330e-02
6.825500000000000000e+03 8.602067710193414314e+03 7.641288126338489917e-02
6.832500000000000000e+03 8.596880603954499747e+03 7.926249119636773199e-02
6.839500000000000000e+03 8.708481392677273107e+03 7.593511678971398560e-02
6.846500000000000000e+03 8.387190251901352894e+03 8.463058945898473129e-02
6.853500000000000000e+03 7.861409458859528968e+03 1.038037692735853668e-01
6.860500000000000000e+03 6.990879649346001315e+03 1.188067206267292425e-01
6.867500000000000000e+03 6.621272493004298667e+03 9.654207523072912134e-02
6.874500000000000000e+03 6.210413326571758262e+03 1.065404541129737065e-01
6.881500000000000000e+03 5.778555059893075850e+03 1.487368399197993851e-01
6.888500000000000000e+03 6.049217193195774598e+03 1.409190127167561646e-01
6.895500000000000000e+03 6.366189076028355885e+03 1.221166860970062107e-01
6.902500000000000000e+03 6.818234742252744581e+03 1.160329195323066970e-01
6.909500000000000000e+03 6.853673823603066921e+03 1.114945062733732756e-01
6.916500000000000000e+03 7.085807437279166152e+03 1.093096240800225660e-01
6.923500000000000000e+03 7.189732312850887865e+03 1.056076615281743986e-01
6.930500000000000000e+03 7.265142101691627431e+03 1.034648326849101074e-01
6.937500000000000000e+03 7.414758621426352875e+03 1.013631003545125281e-01
6.944500000000000000e+03 7.293054891776891964e+03 1.009287422909561360e-01
6.951500000000000000e+03 7.571752172536978833e+03 9.630314413294896458e-02
6.958500000000000000e+03 7.688420447239881469e+03 8.842504695205338772e-02
6.965500000000000000e+03 7.943122514781421160e+03 8.498343148845570461e-02
6.972500000000000000e+03 7.852952248698380572e+03 8.645306735968745493e-02
6.979500000000000000e+03 7.922753200464181646e+03 8.411343461404033328e-02
6.986500000000000000e+03 7.749981858751765685e+03 8.473979551273282118e-02
6.993500000000000000e+03 7.705155419374826124e+03 8.571022824653901084e-02
7.000500000000000000e+03 7.713903713487015921e+03 8.870284040540461767e-02
7.007500000000000000e+03 7.743280164181844157e+03 8.814731503170600280e-02
7.014500000000000000e+03 7.534840021747663741e+03 8.843810764994254614e-02
7.021500000000000000e+03 7.582903232866576218e+03 8.541974369517578436e-02
7.028500000000000000e+03 7.658554960124114587e+03 8.319911623812074886e-02
7.035500000000000000e+03 7.722123331095865069e+03 8.482566272883075575e-02
7.042500000000000000e+03 7.883276401996957247e+03 8.380152514515624984e-02
7.049500000000000000e+03 7.932439074737885676e+03 7.895790577158660895e-02
7.056500000000000000e+03 7.788584582699032580e+03 7.843025477613327356e-02
7.063500000000000000e+03 7.948206912253269365e+03 7.455223672884149499e-02
7.070500000000000000e+03 7.842623274848127949e+03 7.624734961172990877e-02
7.077500000000000000e+03 7.861644066720906267e+03 7.539983283310473794e-02
7.084500000000000000e+03 8.066068080019075751e+03 7.415683204742243295e-02
7.091500000000000000e+03 7.917206275362121232e+03 7.357209097805671172e-02
7.098500000000000000e+03 7.849715152086730086e+03 7.080981651957612977e-02
7.105500000000000000e+03 7.962283857014930618e+03 7.007012684948867032e-02
7.112500000000000000e+03 7.818448619913940092e+03 6.966009179017215724e-02
7.119500000000000000e+03 7.898586523320193010e+03 6.967776549272305942e-02
7.126500000000000000e+03 7.838992261848971793e+03 6.974991682453107744e-02
7.133500000000000000e+03 7.892338068469251084e+03 7.038170005281260688e-02
7.140500000000000000e+03 7.728451855070103193e+03 7.222448164215135302e-02
7.147500000000000000e+03 7.522311577334667163e+03 7.682047571855725454e-02
7.154500000000000000e+03 7.270628853699578031e+03 8.899173162431953110e-02
7.161500000000000000e+03 6.814361426215309621e+03 1.023801546368428989e-01
7.168500000000000000e+03 6.350641698701359928e+03 1.117187534502319252e-01
7.175500000000000000e+03 5.979582023894380654e+03 1.205189032062523036e-01
7.182500000000000000e+03 5.628050892465329525e+03 1.273297019991443124e-01
7.189500000000000000e+03 5.417438853723191642e+03 1.336633238696382231e-01
7.196500000000000000e+03 5.579996942950570883e+03 1.247592543449589086e-01
7.203500000000000000e+03 5.926032788715494462e+03 1.145503103269060324e-01
7.210500000000000000e+03 6.127720731838569009e+03 1.184177173028678337e-01
7.217500000000000000e+03 6.326626400000684953e+03 1.157485489575065390e-01
7.224500000000000000e+03 6.232620397397906345e+03 1.114566992724125155e-01
7.231500000000000000e+03 6.274754171627541837e+03 1.018367003573175389e-01
7.238500000000000000e+03 6.006113305946738365e+03 1.041063867759485367e-01
7.245500000000000000e+03 5.791519178302913133e+03 1.166006655893926103e-01
7.252500000000000000e+03 5.780302122353850791e+03 1.204527470977040104e-01
7.259500000000000000e+03 5.795950371348807494e+03 1.227569676390493497e-01
7.266500000000000000e+03 5.873655772157825595e+03 1.180761932119588353e-01
7.273500000000000000e+03 5.872066838091469435e+03 1.130909207856152093e-01
7.280500000000000000e+03 5.924714745147530266e+03 1.139856215432696607e-01
7.287500000000000000e+03 5.974020223848015121e+03 1.141447446085981782e-01
7.294500000000000000e+03 6.101464871058362405e+03 1.103435306300432489e-01
7.301500000000000000e+03 6.010742372201953913e+03 1.093629645301648912e-01
7.308500000000000000e+03 6.201739455206255116e+03 1.037186332612064499e-01
7.315500000000000000e+03 6.300952329995779110e+03 9.916073361534677444e-02
7.322500000000000000e+03 6.497816569732482094e+03 9.162665088284251136e-02
7.329500000000000000e+03 6.727336563730007583e+03 8.606263972562840092e-02
7.336500000000000000e+03 6.888849849374889345e+03 7.816207930283645966e-02
7.343500000000000000e+03 6.820479348957534967e+03 7.697095187255874327e-02
7.350500000000000000e+03 6.992417271389249436e+03 7.408105272099914373e-02
7.357500000000000000e+03 6.902466489508925406e+03 7.649958959824409988e-02
7.364500000000000000e+03 7.052512527045394563e+03 7.267617883195409689e-02
7.371500000000000000e+03 6.990253281950409473e+03 7.245969513830419206e-02
7.378500000000000000e+03 7.139317298648937140e+03 6.829488039838017832e-02
7.385500000000000000e+03 7.202216346894245362e+03 6.657705581305771447e-02
7.392500000000000000e+03 6.938902402669185904e+03 6.827461270566284601e-02
7.399500000000000000e+03 7.064057688373547535e+03 6.475023480057448544e-02
7.406500000000000000e+03 7.055795086825845829e+03 6.260707526029136993e-02
7.413500000000000000e+03 7.168656806189649615e+03 6.081181820384507636e-02
7.420500000000000000e+03 7.230942144208868740e+03 5.818063868905443137e-02
7.427500000000000000e+03 7.265155143762412990e+03 5.860301522390563844e-02
7.434500000000000000e+03 7.245428276895515410e+03 5.752438314611026809e-02
7.441500000000000000e+03 7.287096634271148105e+03 5.512664756487713202e-02
7.448500000000000000e+03 7.183050111462386667e+03 5.676926140251281616e-02
7.455500000000000000e+03 7.129700694796788412e+03 5.612105132067435331e-02
7.462500000000000000e+03 7.086662360051216638e+03 5.239394941073147183e-02
7.469500000000000000e+03 7.101759150074787613e+03 5.510013336648889037e-02
7.476500000000000000e+03 6.986691300425010922e+03 5.294718596808931088e-02
7.483500000000000000e+03 7.061878668641076729e+03 5.530567709699272388e-02
7.490500000000000000e+03 7.006851629106287874e+03 5.467004349434841093e-02
7.497500000000000000e+03 7.074213181456877464e+03 5.460879071481303942e-02
7.504500000000000000e+03 6.983092414889038992e+03 5.268181202688957537e-02
7.511500000000000000e+03 6.924258067224640399e+03 5.369008066367519233e-02
7.518500000000000000e+03 6.949637229911455506e+03 5.303067861977441011e-02
7.525500000000000000e+03 7.009286607596743124e+03 5.172308886462962524e-02
7.532500000000000000e+03 6.881547348358261843e+03 5.444893731381856422e-02
7.539500000000000000e+03 6.838918036153442699e+03 5.379349197634391427e-02
7.546500000000000000e+03 6.735073608002114270e+03 5.266088892831000817e-02
7.553500000000000000e+03 6.700354341392870083e+03 5.184031734789796425e-02
7.560500000000000000e+03 6.728911332630704237e+03 5.353227137279489845e-02
7.567500000000000000e+03 6.534930480831936620e+03 5.636617420355500424e-02
7.574500000000000000e+03 6.135007828194535250e+03 7.645963648895430509e-02
7.581500000000000000e+03 5.075342506850252903e+03 1.260030284151079927e-01
7.588500000000000000e+03 3.668479895258073611e+03 1.763660090848784001e-01
7.595500000000000000e+03 2.756535982888619856e+03 1.347106636074258401e-01
7.602500000000000000e+03 2.185291859631848638e+03 7.734546378463381944e-02
7.609500000000000000e+03 1.399967993570355020e+03 2.533449140543671541e-01
7.616500000000000000e+03 1.101875899152176999e+03 4.063098978491234137e-01
7.623500000000000000e+03 1.402115816905819884e+03 3.654491522340712617e-01
7.630500000000000000e+03 1.687824738715924695e+03 2.806400936689291137e-01
7.637500000000000000e+03 1.876453144488118824e+03 2.546792904083099440e-01
7.644500000000000000e+03 2.239652199088460293e+03 2.345118671107445096e-01
7.651500000000000000e+03 2.804836035097673630e+03 2.019934785091886120e-01
7.658500000000000000e+03 3.472417632307188342e+03 1.656699513637811538e-01
7.665500000000000000e+03 4.130514298507963758e+03 1.330069106869891105e-01
7.672500000000000000e+03 4.616231617340943558e+03 1.100551381027669029e-01
7.679500000000000000e+03 5.145098780424254073e+03 9.194839652269226615e-02
7.686500000000000000e+03 5.376342268230760965e+03 7.994146251087690114e-02
7.693500000000000000e+03 5.698081616355132610e+03 6.924005175653176469e-02
7.700500000000000000e+03 5.709838289124692892e+03 6.615312951728957724e-02
7.707500000000000000e+03 5.974663075974068306e+03 5.971817013175628047e-02
7.714500000000000000e+03 5.944895982386447940e+03 5.536902136657047974e-02
7.721500000000000000e+03 5.949213208789285090e+03 5.461905186652665778e-02
7.728500000000000000e+03 5.993860098771057892e+03 5.347965460185103576e-02
7.735500000000000000e+03 6.032212264489434347e+03 5.418751304043381567e-02
7.742500000000000000e+03 6.049928613992016835e+03 5.030489646390898933e-02
7.749500000000000000e+03 6.082340196112784724e+03 5.065689098566282522e-02
7.756500000000000000e+03 5.890438522703575472e+03 5.019913319911647326e-02
7.763500000000000000e+03 5.921924685511123243e+03 4.832293290563430266e-02
7.770500000000000000e+03 5.826204659788971185e+03 4.646539582239323646e-02
7.777500000000000000e+03 5.947345969702154434e+03 4.760068887736338544e-02
7.784500000000000000e+03 5.822027394486640333e+03 4.776668333564685481e-02
7.791500000000000000e+03 5.855685458433111307e+03 4.907725288084881232e-02
7.798500000000000000e+03 5.757438602929129047e+03 5.114014467670464220e-02
7.805500000000000000e+03 5.824122852564383720e+03 4.788222524913259004e-02
7.812500000000000000e+03 5.741160362261386581e+03 4.868717080308853501e-02
7.819500000000000000e+03 5.905115065724855413e+03 4.674938629152726455e-02
7.826500000000000000e+03 5.648583003414320046e+03 4.695875178072889122e-02
7.833500000000000000e+03 5.556058448400918678e+03 4.974824454017663655e-02
7.840500000000000000e+03 5.629925084861612959e+03 4.553030546682124147e-02
7.847500000000000000e+03 5.632454627576567873e+03 4.946114847781248741e-02
7.854500000000000000e+03 5.505180543537674566e+03 4.842192506632222310e-02
7.861500000000000000e+03 5.464161976399272135e+03 5.150429515327877711e-02
7.868500000000000000e+03 5.399046562920271754e+03 5.073958228081446031e-02
7.875500000000000000e+03 5.289616182223717260e+03 5.491051879973881528e-02
7.882500000000000000e+03 5.320660152625569026e+03 5.719381043305070411e-02
7.889500000000000000e+03 5.210240036663556566e+03 5.690835509725503810e-02
7.896500000000000000e+03 5.081742349325808391e+03 5.628289372457191686e-02
7.903500000000000000e+03 5.167353817368826640e+03 5.892716418564760555e-02
7.910500000000000000e+03 5.058470244418487709e+03 5.960069400021671127e-02
7.917500000000000000e+03 5.171605965573613503e+03 5.620126089160166344e-02
7.924500000000000000e+03 5.085358686779531126e+03 5.634719364348424187e-02
7.931500000000000000e+03 5.206651166109591941e+03 5.206855440148252384e-02
7.938500000000000000e+03 5.118162735755809081e+03 5.475540250638538664e-02
7.945500000000000000e+03 5.082196014673764694e+03 5.401611481007831395e-02
7.952500000000000000e+03 4.937459339469980478e+03 5.478492782213222057e-02
7.959500000000000000e+03 4.915403632226687478e+03 5.548886157542106540e-02
7.966500000000000000e+03 4.983054321412646459e+03 5.741527737840054074e-02
7.973500000000000000e+03 4.925278571617801390e+03 5.525440025735228744e-02
7.980500000000000000e+03 4.830052759172314836e+03 5.645723246815770313e-02
7.987500000000000000e+03 4.853113354346161032e+03 5.297534962762819044e-02
7.994500000000000000e+03 4.828943526437818946e+03 5.487765997468013746e-02
8.001500000000000000e+03 4.851716431067760823e+03 5.564775947825881253e-02
8.008500000000000000e+03 4.776685738658372429e+03 5.765719718046959097e-02
8.015500000000000000e+03 4.750940758537240981e+03 5.961049050472511796e-02
8.022500000000000000e+03 4.748966973426729965e+03 5.769801872511100965e-02
8.029500000000000000e+03 4.702115880183668196e+03 5.529826247391764205e-02
8.036500000000000000e+03 4.699904181092153522e+03 5.515895735059682392e-02
8.043500000000000000e+03 4.747656438129205526e+03 5.065544261772431112e-02
8.050500000000000000e+03 4.805807051020245126e+03 5.470609096417818756e-02
8.057500000000000000e+03 4.802278737512137013e+03 5.092002383604804505e-02
8.064500000000000000e+03 4.722739395860409786e+03 5.055017219206535406e-02
8.071500000000000000e+03 4.803567378449529315e+03 4.959463020418798662e-02
8.078500000000000000e+03 4.610458679054512686e+03 4.930994930756628369e-02
8.085500000000000000e+03 4.671795053535873194e+03 5.273218079422729854e-02
8.092500000000000000e+03 4.605736099996977828e+03 5.277716126278628878e-02
8.099500000000000000e+03 4.437077777540137504e+03 5.521213332149601388e-02
8.106500000000000000e+03 4.417395163945540844e+03 5.874019903679233989e-02
8.113500000000000000e+03 4.261518517327125664e+03 6.481264458389303373e-02
8.120500000000000000e+03 4.133023513022762927e+03 7.484540996388791556e-02
8.127500000000000000e+03 3.920737048298071386e+03 8.093996583017959434e-02
8.134500000000000000e+03 3.724745266937448832e+03 8.667971252418747719e-02
8.141500000000000000e+03 3.529636838861646083e+03 9.817234578289459057e-02
8.148500000000000000e+03 3.403425759406497491e+03 1.048113828707180756e-01
8.155500000000000000e+03 3.289113855583844270e+03 1.051683809604349873e-01
8.162500000000000000e+03 3.242488663991829526e+03 1.039688536415383086e-01
8.169500000000000000e+03 3.150131286896660640e+03 1.105857102254425711e-01
8.176500000000000000e+03 3.222040346949849663e+03 1.083710869781476654e-01
8.183500000000000000e+03 3.300591594943708969e+03 1.018938646127246772e-01
8.190500000000000000e+03 3.323039888804902148e+03 9.293218514109319317e-02
8.197500000000000000e+03 3.630672468055821355e+03 7.966360822123008667e-02
8.204500000000000000e+03 3.643176152274592368e+03 9.080996637255434045e-02
8.211500000000000000e+03 3.507370962437564231e+03 1.006989798624012833e-01
8.218500000000000000e+03 3.342242472877399450e+03 1.011580871293662753e-01
8.225500000000000000e+03 3.312717234539672063e+03 7.829682119041042609e-02
8.232500000000000000e+03 3.257360786304413068e+03 7.806804805357164811e-02
8.239500000000000000e+03 3.327480714568890107e+03 9.745523357062427228e-02
8.246500000000000000e+03 3.645769311197671414e+03 9.086028051535723071e-02
8.253500000000000000e+03 3.839843070106247069e+03 7.457592540937119097e-02
8.260500000000000000e+03 3.724339101619368648e+03 7.553216089739532568e-02
8.267500000000000000e+03 3.596086357646765464e+03 7.975169053563120614e-02
8.274500000000000000e+03 3.526122253142659247e+03 7.715779090191521306e-02
8.281500000000000000e+03 3.469635218824385447e+03 7.950395284674854901e-02
8.288500000000000000e+03 3.496307515298123690e+03 8.195611627794827103e-02
8.295500000000000000e+03 3.567547825106550590e+03 7.923069023209740325e-02
8.302500000000000000e+03 3.636005960147319456e+03 7.513703110516518902e-02
8.309500000000000000e+03 3.575903018810899539e+03 7.876650186891870353e-02
8.316500000000000000e+03 3.660801966755471312e+03 7.024523791744567702e-02
8.323500000000000000e+03 3.643517004733793783e+03 6.696258951785302727e-02
8.330500000000000000e+03 3.630956983243097511e+03 7.031463573182832050e-02
8.337500000000000000e+03 3.814468533491614835e+03 6.505280531951579404e-02
8.344500000000000000e+03 3.724550897743783025e+03 6.203259562123224907e-02
8.351500000000000000e+03 3.755044957267619338e+03 6.029111743299773313e-02
8.358500000000000000e+03 3.870566145137133844e+03 5.536499452483089473e-02
8.365500000000000000e+03 3.863671587635009473e+03 5.368853596568071845e-02
8.372500000000000000e+03 3.823245463277149611e+03 5.339582683843970001e-02
8.379500000000000000e+03 3.950549591480612435e+03 5.044629504193630376e-02
8.386500000000000000e+03 3.919425052241416779e+03 4.789412632526557356e-02
8.393500000000000000e+03 3.901555757318124051e+03 4.907583124106867922e-02
8.400500000000000000e+03 3.891758354327643247e+03 4.697444389323739838e-02
8.407500000000000000e+03 3.845349438898268090e+03 4.672472798001530564e-02
8.414500000000000000e+03 3.849732126088661516e+03 4.604787184207405348e-02
8.421500000000000000e+03 3.988384842086480603e+03 4.273261381080404459e-02
8.428500000000000000e+03 3.691024127828795372e+03 4.742195768133616873e-02
8.435500000000000000e+03 3.781134371718536840e+03 4.407162472051904395e-02
8.442500000000000000e+03 3.739749243188236960e+03 4.162564432578232110e-02
8.449500000000000000e+03 3.707275159715376958e+03 4.097414366808763142e-02
8.456500000000000000e+03 3.809924206468866942e+03 3.858392247924533752e-02
8.463500000000000000e+03 3.777561821581344702e+03 3.627434476252520967e-02
8.470500000000000000e+03 3.724421136627404849e+03 4.020420417262228485e-02
8.477500000000000000e+03 3.818115934849713085e+03 4.035064020951429492e-02
8.484500000000000000e+03 3.651875406762183957e+03 4.520770493254199635e-02
8.491500000000000000e+03 3.630204009563961336e+03 4.588471944975129613e-02
8.498500000000000000e+03 3.635391191854084809e+03 4.149631195772848780e-02
8.505500000000000000e+03 3.677591652415985664e+03 3.571599457723199228e-02
8.512500000000000000e+03 3.691840837843840291e+03 3.676223830894408823e-02
8.519500000000000000e+03 3.681897256716676566e+03 3.998132916548466365e-02
8.526500000000000000e+03 3.541239508721788297e+03 4.487707669113605302e-02
8.533500000000000000e+03 3.584209527464155599e+03 4.515851480134032425e-02
8.540500000000000000e+03 3.625959929189170452e+03 3.677270733162325833e-02
8.547500000000000000e+03 3.584426119187203312e+03 2.887345628956511021e-02
8.554500000000000000e+03 3.602844761413192373e+03 3.076586324660566737e-02
8.561500000000000000e+03 3.666861149895612016e+03 3.930064599247243273e-02
8.568500000000000000e+03 3.661032468586911364e+03 4.797060373158128221e-02
8.575500000000000000e+03 3.620054385600567457e+03 4.343464506143099313e-02
8.582500000000000000e+03 3.514115391808562435e+03 3.817521916611082283e-02
8.589500000000000000e+03 3.555467859089618742e+03 3.359844711277267665e-02
8.596500000000000000e+03 3.503278629207662561e+03 3.244066773268101944e-02
8.603500000000000000e+03 3.626641183966469271e+03 2.877608903803666879e-02
8.610500000000000000e+03 3.513918097857707380e+03 3.140181781833584901e-02
8.617500000000000000e+03 3.578279792827104302e+03 3.545031817146879899e-02
8.624500000000000000e+03 3.696123353060414047e+03 4.186298925061744669e-02
8.631500000000000000e+03 3.698930179794181186e+03 4.402669027698159071e-02
8.638500000000000000e+03 3.629147208197705822e+03 4.535654987650993009e-02
8.645500000000000000e+03 3.542636948762768952e+03 4.290556568161080220e-02
8.652500000000000000e+03 3.428212923275601952e+03 3.718104468970294396e-02
8.659500000000000000e+03 3.308674902656014183e+03 3.257640851973703233e-02
8.666500000000000000e+03 3.421716586302265569e+03 2.158200514923172206e-02
8.673500000000000000e+03 3.399848389929801669e+03 2.050168683161039673e-02
8.680500000000000000e+03 3.433898946080113546e+03 2.934779349427677972e-02
8.687500000000000000e+03 3.490071962136320508e+03 4.138353699455219609e-02
8.694500000000000000e+03 3.627201269981406767e+03 4.011736441972810902e-02
8.701500000000000000e+03 3.653440603936239313e+03 4.135083527349082966e-02
8.708500000000000000e+03 3.742850076162474579e+03 3.960076196733951920e-02
8.715500000000000000e+03 3.661240817292899465e+03 4.243535437120227877e-02
8.722500000000000000e+03 3.688082724646559655e+03 4.213693851613715957e-02
8.729500000000000000e+03 3.478706121850947511e+03 4.014617463530635588e-02
8.736500000000000000e+03 3.405341466854109058e+03 3.514569577266858647e-02
8.743500000000000000e+03 3.393963333112951204e+03 2.145584534735547888e-02
8.750500000000000000e+03 3.289241263638454711e+03 1.735028815552200343e-02
8.757500000000000000e+03 3.262887773906804341e+03 2.194604733393073007e-02
8.764500000000000000e+03 3.355853190426535093e+03 3.326935583329038854e-02
8.771500000000000000e+03 3.467581521247183900e+03 3.834563910006725390e-02
8.778500000000000000e+03 3.658406953743778558e+03 3.592782200605943582e-02
8.785500000000000000e+03 3.640857779028066489e+03 3.900074215800389266e-02
8.792500000000000000e+03 3.703178364043852071e+03 3.827044067872201194e-02
8.799500000000000000e+03 3.754053628534844393e+03 4.029744204583966816e-02
8.806500000000000000e+03 3.807406832599935569e+03 3.576017975331691190e-02
8.813500000000000000e+03 3.780489050389229305e+03 3.465370361687918066e-02
8.820500000000000000e+03 3.664407604723228815e+03 3.613784099399708349e-02
8.827500000000000000e+03 3.602091774562741648e+03 3.846006770447062822e-02
8.834500000000000000e+03 3.508019190791757865e+03 3.936402385462497988e-02
8.841500000000000000e+03 3.346173421958068502e+03 3.922035035013509557e-02
8.848500000000000000e+03 3.237545363183586687e+03 3.611401669575394630e-02
8.855500000000000000e+03 3.134572106863056433e+03 3.272107881822987341e-02
8.862500000000000000e+03 3.014532138992935415e+03 2.149827738976624325e-02
8.869500000000000000e+03 3.029476173110843774e+03 1.860522475732567793e-02
8.876500000000000000e+03 3.155708443919652382e+03 2.323060586553588741e-02
8.883500000000000000e+03 3.182742494816849103e+03 3.851162492147069266e-02
8.890500000000000000e+03 3.259468056081874238e+03 4.272405011565061361e-02
8.897500000000000000e+03 3.355221124821830472e+03 4.170166716130114387e-02
8.904500000000000000e+03 3.386390512186963406e+03 4.189548871485613418e-02
8.911500000000000000e+03 3.517152646275924326e+03 4.311033958272633693e-02
8.918500000000000000e+03 3.472328786183610191e+03 4.450119578136953191e-02
8.925500000000000000e+03 3.497537219651552732e+03 4.700170875791274266e-02
8.932500000000000000e+03 3.312946840436764433e+03 5.682589573581975362e-02
8.939500000000000000e+03 3.170697567096265630e+03 6.819440054499019410e-02
8.946500000000000000e+03 3.094249303077680906e+03 7.463298835562327815e-02
8.953500000000000000e+03 2.825301658441554991e+03 8.360981625795316230e-02
8.960500000000000000e+03 2.717623933272502200e+03 9.146897864755959562e-02
8.967500000000000000e+03 2.500001233027516264e+03 9.879401209365701320e-02
8.974500000000000000e+03 2.363738565734156964e+03 1.147443326822089604e-01
8.981500000000000000e+03 2.163621800689835709e+03 1.251297784185622375e-01
8.988500000000000000e+03 2.074130251117248463e+03 1.088197378653891767e-01
8.995500000000000000e+03 1.909404635932188512e+03 1.206461004682971155e-01
9.002500000000000000e+03 1.824873581219442030e+03 1.135989784085703475e-01
9.009500000000000000e+03 1.901058084522942636e+03 9.266431913663313036e-02
9.016500000000000000e+03 1.956210849914746404e+03 8.409753838993670738e-02
9.023500000000000000e+03 2.055067527579744365e+03 7.940235926312062820e-02
9.030500000000000000e+03 2.171246317534270020e+03 8.638451685730820506e-02
9.037500000000000000e+03 2.388308553794693125e+03 8.715242537806942857e-02
9.044500000000000000e+03 2.545601466890048414e+03 8.442718550862519933e-02
9.051500000000000000e+03 2.653659719977611076e+03 8.908684281158989193e-02
9.058500000000000000e+03 2.536282793815010791e+03 9.801741307281686133e-02
9.065500000000000000e+03 2.434712236081458741e+03 9.479306753402379215e-02
9.072500000000000000e+03 2.342460728642010054e+03 9.780342835422900505e-02
9.079500000000000000e+03 2.173676293242021529e+03 1.138220093003176336e-01
9.086500000000000000e+03 2.174592842441511948e+03 1.190528720653523942e-01
9.093500000000000000e+03 2.120409715308374416e+03 1.233854467963236695e-01
9.100500000000000000e+03 2.294018308055459784e+03 1.094457310270629535e-01
9.107500000000000000e+03 2.253587661303701225e+03 1.151926045588712588e-01
9.114500000000000000e+03 2.183123065224649508e+03 1.276609272061089428e-01
9.121500000000000000e+03 2.196611353433567274e+03 1.286438361126223395e-01
9.128500000000000000e+03 2.122140779080812536e+03 1.205156452362800973e-01
9.135500000000000000e+03 2.095118380164821247e+03 1.186145793934059028e-01
9.142500000000000000e+03 1.959796234223503689e+03 1.463475715148339351e-01
9.149500000000000000e+03 2.035853488178349153e+03 1.292532726621485883e-01
9.156500000000000000e+03 2.085045497617189085e+03 1.185837839104259134e-01
9.163500000000000000e+03 1.989104751002272678e+03 1.421788880658512444e-01
9.170500000000000000e+03 2.018943479698991496e+03 1.267284219401516587e-01
9.177500000000000000e+03 2.119771353885847020e+03 1.058192156669953699e-01
9.184500000000000000e+03 2.156203854214256808e+03 1.094089982981744646e-01
9.191500000000000000e+03 2.223684601026158361e+03 9.715443878930532517e-02
9.198500000000000000e+03 2.296954834019509690e+03 8.927402216059225626e-02
9.205500000000000000e+03 2.208185118292681636e+03 8.906330199048650975e-02
9.212500000000000000e+03 2.117493839359147842e+03 7.990109706222668640e-02
9.219500000000000000e+03 2.031562193342945875e+03 6.744548056330390562e-02
9.226500000000000000e+03 1.976718957578937761e+03 6.704739683891641766e-02
9.233500000000000000e+03 1.923730409465841376e+03 6.687545234471092837e-02
9.240500000000000000e+03 1.859361866933665169e+03 7.839699059874098708e-02
9.247500000000000000e+03 1.943048912447279690e+03 9.078327411624591281e-02
9.254500000000000000e+03 1.976417779811907167e+03 9.835937950194555135e-02
9.261500000000000000e+03 2.010247780155249529e+03 1.057371483549857105e-01
9.268500000000000000e+03 1.958381233946049178e+03 1.224902916659665469e-01
9.275500000000000000e+03 1.881170220308488297e+03 1.293550544954109316e-01
9.282500000000000000e+03 1.672656865638397903e+03 1.497869359917059773e-01
9.289500000000000000e+03 1.412439347153335802e+03 1.878122665009396286e-01
9.296500000000000000e+03 1.257611013461513267e+03 2.024992684424515577e-01
9.303500000000000000e+03 1.164508326383214126e+03 2.228172800421198974e-01
9.310500000000000000e+03 9.407865925661337769e+02 2.560118162143880105e-01
9.317500000000000000e+03 7.637590770111755774e+02 2.715248252154404685e-01
9.324500000000000000e+03 5.976646593872216044e+02 3.288184105804116131e-01
9.331500000000000000e+03 4.761474477732210744e+02 3.733560190149468050e-01
9.338500000000000000e+03 4.881240506398825119e+02 3.344261146574000199e-01
9.345500000000000000e+03 4.647296906944957300e+02 3.539462081239552749e-01
9.352500000000000000e+03 4.504809245478550679e+02 3.822426776448045738e-01
9.359500000000000000e+03 4.639818912665058974e+02 3.759471343727561199e-01
9.366500000000000000e+03 5.454509370592232926e+02 3.523079231666134681e-01
9.373500000000000000e+03 5.976267349199555383e+02 3.031335288107584458e-01
9.380500000000000000e+03 7.316220127756660077e+02 2.564905218792872810e-01
9.387500000000000000e+03 9.232413140368716995e+02 2.566542027371367385e-01
9.394500000000000000e+03 9.560164552028488743e+02 2.742992673693838701e-01
9.401500000000000000e+03 1.123539902062045940e+03 2.304190592367224566e-01
9.408500000000000000e+03 1.075733348702317471e+03 2.223143159096077348e-01
9.415500000000000000e+03 9.245843466552972814e+02 2.527146270967344788e-01
9.422500000000000000e+03 9.171239569960540621e+02 2.500038604724669766e-01
9.429500000000000000e+03 8.487082247488990561e+02 2.459602649873564861e-01
9.436500000000000000e+03 7.737717929244744255e+02 2.530608686116802009e-01
9.443500000000000000e+03 8.040393714506776632e+02 2.495836213485242983e-01
9.450500000000000000e+03 7.196151605046716213e+02 2.987358255620929381e-01
9.457500000000000000e+03 7.764333631028711125e+02 2.619708809497093838e-01
9.464500000000000000e+03 7.487998135162301878e+02 2.752251684894355122e-01
9.471500000000000000e+03 7.575810288279277529e+02 2.815529260542639078e-01
9.478500000000000000e+03 8.835438519242429720e+02 2.419800347993277534e-01
9.485500000000000000e+03 7.608984441421858946e+02 2.796361410283502158e-01
9.492500000000000000e+03 8.066755012912475422e+02 2.472767823515255592e-01
9.499500000000000000e+03 8.776578294212066567e+02 1.994978034443116444e-01
9.506500000000000000e+03 7.049577083941371711e+02 2.921844598511388891e-01
9.513500000000000000e+03 6.855234565942970448e+02 2.960214327374783294e-01
9.520500000000000000e+03 8.034277111773005799e+02 2.233113040669649496e-01
9.527500000000000000e+03 7.411255815595147851e+02 2.452267675554551107e-01
9.534500000000000000e+03 6.396908227641558824e+02 2.786085707803784284e-01
9.541500000000000000e+03 6.768239047136336239e+02 2.316253855494449787e-01
9.548500000000000000e+03 7.312248871384244922e+02 2.066717359333802850e-01
9.555500000000000000e+03 6.823486799780830552e+02 2.096721287101801223e-01
9.562500000000000000e+03 7.326313510058431575e+02 2.083060684536426899e-01
9.569500000000000000e+03 7.842189666040289922e+02 2.288421104794915450e-01
9.576500000000000000e+03 8.001527757590257579e+02 2.538078934956961574e-01
9.583500000000000000e+03 8.878349758935825093e+02 2.147787688805542772e-01
9.590500000000000000e+03 1.015454213765783720e+03 1.792643796259260625e-01
9.597500000000000000e+03 9.981188649215780515e+02 2.010289286924249741e-01
9.604500000000000000e+03 9.569654911013811898e+02 2.214495572459770356e-01
9.611500000000000000e+03 1.071058120541961443e+03 2.043752031858918627e-01
9.618500000000000000e+03 1.232493477939261311e+03 1.689988333968538148e-01
9.625500000000000000e+03 1.193543874498897139e+03 1.698923595501998229e-01
9.632500000000000000e+03 1.138326474940593016e+03 1.805120550912779342e-01
9.639500000000000000e+03 1.229905486546875636e+03 1.439222635552052099e-01
9.646500000000000000e+03 1.252424701892514804e+03 1.565487031039808907e-01
9.653500000000000000e+03 1.265437258327232939e+03 1.693703725679397143e-01
9.660500000000000000e+03 1.367542496568486285e+03 1.351842659644770794e-01
9.667500000000000000e+03 1.471575628338600609e+03 1.184480084375093140e-01
9.674500000000000000e+03 1.560965386527096371e+03 1.153126642234862803e-01
9.681500000000000000e+03 1.747603883016545979e+03 9.825117564149105087e-02
9.688500000000000000e+03 1.790697499705052223e+03 9.073997791280333236e-02
9.695500000000000000e+03 1.813086402966892592e+03 8.357330067956438013e-02
9.702500000000000000e+03 1.874280580503867213e+03 7.340590044982446549e-02
9.709500000000000000e+03 1.875016159721938493e+03 7.997311358137446091e-02
9.716500000000000000e+03 1.787688258893413149e+03 8.823272782639919598e-02
9.723500000000000000e+03 1.701649492845315308e+03 8.991548902931126297e-02
9.730500000000000000e+03 1.613854676168212791e+03 9.732773118106183285e-02
9.737500000000000000e+03 1.622658696098470045e+03 9.592442645490519004e-02
9.744500000000000000e+03 1.503681635709858483e+03 1.087874384463185934e-01
9.751500000000000000e+03 1.495426299100939332e+03 1.042415272088249717e-01
9.758500000000000000e+03 1.610573453070832556e+03 9.323099365309422959e-02
9.765500000000000000e+03 1.562948645972864824e+03 1.006361231565241626e-01
9.772500000000000000e+03 1.645739103334114816e+03 1.029513741938663102e-01
9.779500000000000000e+03 1.657516344097764431e+03 9.005244253307288782e-02
9.786500000000000000e+03 1.678833936956119032e+03 8.145096737201962256e-02
9.793500000000000000e+03 1.669518778864750857e+03 7.610165553219096213e-02
9.800500000000000000e+03 1.661563932192470702e+03 7.346169008166299197e-02
9.807500000000000000e+03 1.678557518730222228e+03 7.970972647420439261e-02
9.814500000000000000e+03 1.735604509921285171e+03 7.371150899946386781e-02
9.821500000000000000e+03 1.900759072609981331e+03 5.718581701911173987e-02
9.828500000000000000e+03 1.808604533991025392e+03 5.725651264922482220e-02
9.835500000000000000e+03 1.803304979729168736e+03 6.165770846001983330e-02
9.842500000000000000e+03 1.827334331382159462e+03 5.288989305704208665e-02
9.849500000000000000e+03 1.775007528009223279e+03 4.610172689460939610e-02
9.856500000000000000e+03 1.806963859060093000e+03 4.636642494786469976e-02
9.863500000000000000e+03 1.844791877498999156e+03 4.248719408610569098e-02
9.870500000000000000e+03 1.825242278971311634e+03 4.066146642312600673e-02
9.877500000000000000e+03 1.834070496769221563e+03 3.524103634627422793e-02
9.884500000000000000e+03 1.930932685631753884e+03 3.599896114667429370e-02
9.891500000000000000e+03 1.812624475637647947e+03 3.529211290796237244e-02
9.898500000000000000e+03 1.919673112432893276e+03 3.106773186575723100e-02
9.905500000000000000e+03 1.808762691016089548e+03 3.184530945796112955e-02
9.912500000000000000e+03 1.807907029154588827e+03 3.167697824848978577e-02
9.919500000000000000e+03 1.747470784820862718e+03 3.142840079968477890e-02
9.926500000000000000e+03 1.835544530248401543e+03 3.060665228797622775e-02
9.933500000000000000e+03 1.813571619759890382e+03 3.062453401270290657e-02
9.940500000000000000e+03 1.736496742777292411e+03 3.005904693023578322e-02
9.947500000000000000e+03 1.744268576046456474e+03 2.552887968282441244e-02
9.954500000000000000e+03 1.735833580920515942e+03 2.885083486367014810e-02
9.961500000000000000e+03 1.684067655349193274e+03 2.658641706371058996e-02
9.968500000000000000e+03 1.663425050976410375e+03 2.841674557386738437e-02
9.975500000000000000e+03 1.648191481746517638e+03 2.501006995592589682e-02
9.982500000000000000e+03 1.592039052933376297e+03 2.692667644844265462e-02
9.989500000000000000e+03 1.581612529981977104e+03 2.764068090572152636e-02
9.996500000000000000e+03 1.597350510632703163e+03 2.020203771174631027e-02
