# wavelength angstroms, flux, ext coeff
3.001800000000000182e+03 1.721390954817574037e-01 0.000000000000000000e+00
3.005300000000000182e+03 2.909566432116145740e-01 0.000000000000000000e+00
3.008800000000000182e+03 6.701755961434141540e+00 8.255472046111509421e-01
3.012300000000000182e+03 2.266465043806482527e+01 5.845297676750036420e-01
3.015800000000000182e+03 3.821972850062758109e-01 0.000000000000000000e+00
3.019300000000000182e+03 4.688775269392234657e-01 0.000000000000000000e+00
3.022800000000000182e+03 3.395409027633584098e-01 1.715021481968852068e+00
3.026300000000000182e+03 1.277277324400063740e+01 8.240908639484911813e-01
3.029800000000000182e+03 1.313938509067492078e+01 8.530796222010494922e-01
3.033300000000000182e+03 1.764131335853312166e+00 0.000000000000000000e+00
3.036800000000000182e+03 2.393940249902229700e-01 1.920268050733554777e+00
3.040300000000000182e+03 4.821597996871465952e+00 1.184290032398323422e+00
3.043800000000000182e+03 4.134722209708047332e-03 2.997804030265753816e+00
3.047300000000000182e+03 3.130077673225987400e+00 0.000000000000000000e+00
3.050800000000000182e+03 1.888896699087328601e+00 1.472808093580368016e+00
3.054300000000000182e+03 1.698005689399992191e+00 1.521035942906846294e+00
3.057800000000000182e+03 1.218514280536496353e+00 1.616359064348204200e+00
3.061300000000000182e+03 7.075692333091064157e+00 1.198786235269278855e+00
3.064800000000000182e+03 3.875771621840211345e-02 2.533305830157729588e+00
3.068300000000000182e+03 2.783637964521828767e+00 1.462554971134571558e+00
3.071800000000000182e+03 2.114737666528188953e+00 1.542012209876648221e+00
3.075300000000000182e+03 1.000305116267130173e-01 2.312298122483531060e+00
3.078800000000000182e+03 1.333451884132794141e-01 2.266039368739608761e+00
3.082300000000000182e+03 1.821237107750765249e-01 2.179656816440250999e+00
3.085800000000000182e+03 1.445062224894164027e+00 1.672069236450087315e+00
3.089300000000000182e+03 1.086832597937310352e+00 1.749869153478736727e+00
3.092800000000000182e+03 6.710347555678385589e+00 1.328235677371639500e+00
3.096300000000000182e+03 3.804164650342931608e+00 1.472122689973050180e+00
3.099800000000000182e+03 6.484179098716321699e-01 1.897591226696670352e+00
3.103300000000000182e+03 7.555370681564477220e-01 1.871676586417690302e+00
3.106800000000000182e+03 3.962213715660657165e+00 1.471846694008416945e+00
3.110300000000000182e+03 1.035720610063589175e+00 1.793355661741834695e+00
3.113800000000000182e+03 1.137253513505852354e+00 1.771645719581687262e+00
3.117300000000000182e+03 1.232118885989381685e+00 1.749434856983282049e+00
3.120800000000000182e+03 1.549365712363815151e+00 1.710775598039333545e+00
3.124300000000000182e+03 1.018405383365010763e+01 1.271070431367312015e+00
3.127800000000000182e+03 1.978353515675233876e+00 1.646568261435746638e+00
3.131300000000000182e+03 1.134230894761791397e+01 1.262653436758739645e+00
3.134800000000000182e+03 3.072172601317128215e+00 1.539426042511522041e+00
3.138300000000000182e+03 1.181591967143087807e+01 1.255705044076291799e+00
3.141800000000000182e+03 1.127359896443480203e+01 1.257936509840865247e+00
3.145300000000000182e+03 4.231888886978665276e+00 1.484434256424990606e+00
3.148800000000000182e+03 6.611587768363303752e+00 1.388092650505106995e+00
3.152300000000000182e+03 1.642438176418684037e+01 1.187889389820042885e+00
3.155800000000000182e+03 1.644508495319579922e+01 1.196136052184592291e+00
3.159300000000000182e+03 1.810295409224477936e+01 1.176532578013607555e+00
3.162800000000000182e+03 1.050068878583076959e+01 1.297880466427439705e+00
3.166300000000000182e+03 9.725544815995007752e+00 1.310875118063430600e+00
3.169800000000000182e+03 1.295634450010342675e+01 1.250422713179121681e+00
3.173300000000000182e+03 1.702164952333368930e+01 1.194252106229095833e+00
3.176800000000000182e+03 1.192188948859753772e+01 1.273995678005080734e+00
3.180300000000000182e+03 1.893003870919382337e+01 1.160916458330922829e+00
3.183800000000000182e+03 1.423766421726411302e+01 1.228395810613745143e+00
3.187300000000000182e+03 1.568818384077965611e+01 1.203316931868754214e+00
3.190800000000000182e+03 2.802170699329412074e+01 1.077548702413015036e+00
3.194300000000000182e+03 1.958015688525496856e+01 1.178093990845336725e+00
3.197800000000000182e+03 2.131977751513175434e+01 1.156146859207214384e+00
3.201300000000000182e+03 2.219827923560084315e+01 1.137115022119618457e+00
3.204800000000000182e+03 2.313081143050961686e+01 1.130950963418250188e+00
3.208300000000000182e+03 4.112194847656218144e+01 1.012467842223133907e+00
3.211800000000000182e+03 3.015320883949896213e+01 1.084047906228412517e+00
3.215300000000000182e+03 3.229281785250524450e+01 1.082594771298940328e+00
3.218800000000000182e+03 3.667465333367391622e+01 1.024725251933069181e+00
3.222300000000000182e+03 3.446297772136672677e+01 1.057886735002088630e+00
3.225800000000000182e+03 3.611630105363988719e+01 1.030337532793781374e+00
3.229300000000000182e+03 3.765762664730168297e+01 1.033462982164588650e+00
3.232800000000000182e+03 3.962190075059446315e+01 1.011999964857193124e+00
3.236300000000000182e+03 4.411917808023557086e+01 9.963415912841181443e-01
3.239800000000000182e+03 6.722021724875426685e+01 9.161456116627720858e-01
3.243300000000000182e+03 5.125299157773411451e+01 9.798856760676232236e-01
3.246800000000000182e+03 5.261995318674864563e+01 9.722003365342589687e-01
3.250300000000000182e+03 7.404977739840209949e+01 8.994999093989427541e-01
3.253800000000000182e+03 6.901132732968235928e+01 9.047904692839050522e-01
3.257300000000000182e+03 6.031935741271819751e+01 9.472269584918143748e-01
3.260800000000000182e+03 7.050536039095750596e+01 9.071662656432417648e-01
3.264300000000000182e+03 6.826685313616017936e+01 9.207397196915674265e-01
3.267800000000000182e+03 9.632266245584899877e+01 8.470691983921544432e-01
3.271300000000000182e+03 9.249246948238108246e+01 8.565671745251191016e-01
3.274800000000000182e+03 7.463173133664849956e+01 9.038445790967745141e-01
3.278300000000000182e+03 7.477323610378874719e+01 8.991324615575675416e-01
3.281800000000000182e+03 7.738327429504370514e+01 8.975736123088668972e-01
3.285300000000000182e+03 9.331827351058859676e+01 8.570191697452990143e-01
3.288800000000000182e+03 9.037764157662469700e+01 8.611613341964415858e-01
3.292300000000000182e+03 9.488026258163783666e+01 8.596980513792583656e-01
3.295800000000000182e+03 9.603517805314010047e+01 8.522574662167332615e-01
3.299300000000000182e+03 1.124518012191512213e+02 8.259177819029216439e-01
3.302800000000000182e+03 1.022566591226889869e+02 8.395269137484481226e-01
3.306300000000000182e+03 1.061441339495989808e+02 8.369093003072629600e-01
3.309800000000000182e+03 1.079996170066684016e+02 8.373635753830637185e-01
3.313300000000000182e+03 1.212969890501655783e+02 8.078458227527298696e-01
3.316800000000000182e+03 1.372133966889503824e+02 7.833401754092524927e-01
3.320300000000000182e+03 1.204163823308972354e+02 8.186627090694927888e-01
3.323800000000000182e+03 1.542767927705370994e+02 7.646440379438129709e-01
3.327300000000000182e+03 1.488004298143561641e+02 7.739702963844117267e-01
3.330800000000000182e+03 1.576030418594279183e+02 7.567306549218645317e-01
3.334300000000000182e+03 1.356759153312139290e+02 7.918462514968487298e-01
3.337800000000000182e+03 1.333257611257788540e+02 7.879229330324334368e-01
3.341300000000000182e+03 1.377533967145019744e+02 7.888091464475234238e-01
3.344800000000000182e+03 1.612560964854874896e+02 7.581942411410389493e-01
3.348300000000000182e+03 1.560396449796910758e+02 7.740536558488281260e-01
3.351800000000000182e+03 1.509014964408358423e+02 7.687077802930589732e-01
3.355300000000000182e+03 1.614426407796705973e+02 7.531583125794195643e-01
3.358800000000000182e+03 1.670646119610142080e+02 7.568509703058605709e-01
3.362300000000000182e+03 1.710818199355751688e+02 7.369762802422166192e-01
3.365800000000000182e+03 1.700026986279239622e+02 7.527704404419235384e-01
3.369300000000000182e+03 1.780888988698255559e+02 7.461064004051802812e-01
3.372800000000000182e+03 1.728029316184648394e+02 7.497934821305294317e-01
3.376300000000000182e+03 1.796924976901058812e+02 7.414698069187812823e-01
3.379800000000000182e+03 1.894648415649400874e+02 7.311015705192359659e-01
3.383300000000000182e+03 2.163781801837883165e+02 7.021609404943399690e-01
3.386800000000000182e+03 1.972362930584056926e+02 7.233297439712434995e-01
3.390300000000000182e+03 2.057555299454152475e+02 7.236035767656929796e-01
3.393800000000000182e+03 2.104412182542737355e+02 7.113510138089719215e-01
3.397300000000000182e+03 2.361160208617816920e+02 6.904632669978461035e-01
3.400800000000000182e+03 2.148768847356554090e+02 7.065992846066693200e-01
3.404300000000000182e+03 2.100604103712306312e+02 7.076897190885548250e-01
3.407800000000000182e+03 2.581251110855339448e+02 6.780410682587236781e-01
3.411300000000000182e+03 2.292393832708440868e+02 6.970896643152503236e-01
3.414800000000000182e+03 2.591621016975535667e+02 6.715179464284705135e-01
3.418300000000000182e+03 2.452198542895372668e+02 6.921342155462576473e-01
3.421800000000000182e+03 2.515128890926635563e+02 6.840055839470211563e-01
3.425300000000000182e+03 2.710112346373934429e+02 6.706788023568925894e-01
3.428800000000000182e+03 2.612561826112763583e+02 6.755303377176544721e-01
3.432300000000000182e+03 2.613527479005850864e+02 6.779774574616205252e-01
3.435800000000000182e+03 2.683943552733339288e+02 6.685626999396192538e-01
3.439300000000000182e+03 2.943122938512173619e+02 6.524721976482378283e-01
3.442800000000000182e+03 2.711261027948730202e+02 6.697215508821697805e-01
3.446300000000000182e+03 2.853449819999235046e+02 6.619724467605071494e-01
3.449800000000000182e+03 3.069608528436918959e+02 6.428852254858014037e-01
3.453300000000000182e+03 2.869437760320175244e+02 6.565113493069250072e-01
3.456800000000000182e+03 3.301774396989706020e+02 6.306494395014096144e-01
3.460300000000000182e+03 2.942731384460952881e+02 6.535370994427037727e-01
3.463800000000000182e+03 3.028524033489255771e+02 6.511831477789360445e-01
3.467300000000000182e+03 2.984723116010749209e+02 6.498928461470409035e-01
3.470800000000000182e+03 3.130459802043645254e+02 6.433439567339204190e-01
3.474300000000000182e+03 3.356553352275439011e+02 6.269342254774696865e-01
3.477800000000000182e+03 3.191892206950784043e+02 6.420336163133676388e-01
3.481300000000000182e+03 3.356461619817029600e+02 6.337350615830749101e-01
3.484800000000000182e+03 3.302717757787023061e+02 6.342746316203753398e-01
3.488300000000000182e+03 3.658074349986865741e+02 6.132739957216999382e-01
3.491800000000000182e+03 3.493895858963044816e+02 6.247071782984420230e-01
3.495300000000000182e+03 3.790819976673850533e+02 6.112626331569824822e-01
3.498800000000000182e+03 3.590355647918559612e+02 6.209952826474853804e-01
3.502300000000000182e+03 4.004013515025048946e+02 6.023086337622065578e-01
3.505800000000000182e+03 3.827997179511112336e+02 6.080765558382362768e-01
3.509300000000000182e+03 3.625465659707817281e+02 6.170593381339283257e-01
3.512800000000000182e+03 3.718958369468240335e+02 6.168045171441427499e-01
3.516300000000000182e+03 4.089850819451496022e+02 5.999927851479194274e-01
3.519800000000000182e+03 4.019363271677160583e+02 6.036497556870902281e-01
3.523300000000000182e+03 4.180314354793852658e+02 5.956136100858316906e-01
3.526800000000000182e+03 4.310029843133639815e+02 5.920450023517779270e-01
3.530300000000000182e+03 4.350315059470925121e+02 5.883971019640458211e-01
3.533800000000000182e+03 4.160563318496706415e+02 6.000280834264184460e-01
3.537300000000000182e+03 4.041781809143180340e+02 5.959396306896462825e-01
3.540800000000000182e+03 4.390663380167288778e+02 5.938076178034197294e-01
3.544300000000000182e+03 4.593120973735397570e+02 5.856982482944960156e-01
3.547800000000000182e+03 4.556769742093158584e+02 5.830085726122203882e-01
3.551300000000000182e+03 4.813293469384393575e+02 5.752960893739127446e-01
3.554800000000000182e+03 4.579163609809284594e+02 5.857362356980806428e-01
3.558300000000000182e+03 4.483523851568449459e+02 5.845564794310857959e-01
3.561800000000000182e+03 4.714089699968052400e+02 5.766080409594265266e-01
3.565300000000000182e+03 4.659370210492100455e+02 5.746338741084489055e-01
3.568800000000000182e+03 5.065445496688255957e+02 5.589073077197802553e-01
3.572300000000000182e+03 4.896538443066049808e+02 5.726459179938990784e-01
3.575800000000000182e+03 4.886150825034609966e+02 5.688879279286790380e-01
3.579300000000000182e+03 4.830400917908983160e+02 5.697639415075869129e-01
3.582800000000000182e+03 4.871084391192766248e+02 5.661216573240687167e-01
3.586300000000000182e+03 5.468718292195035247e+02 5.470419139232198802e-01
3.589800000000000182e+03 5.153293639949771432e+02 5.621127156100950151e-01
3.593300000000000182e+03 5.213157436940192611e+02 5.551727694508267197e-01
3.596800000000000182e+03 5.284536302751361063e+02 5.539399172090119228e-01
3.600300000000000182e+03 5.150638054797361747e+02 5.573389555812024998e-01
3.603800000000000182e+03 5.334618414980513990e+02 5.539064960088926348e-01
3.607300000000000182e+03 5.554841845720563924e+02 5.508888291109401703e-01
3.610800000000000182e+03 5.411314432884582857e+02 5.498922492003993634e-01
3.614300000000000182e+03 5.592744115307732500e+02 5.467823382311508551e-01
3.617800000000000182e+03 5.874993807967903194e+02 5.414909886785009840e-01
3.621300000000000182e+03 5.756730804191618063e+02 5.415340540734023822e-01
3.624800000000000182e+03 6.124462252715604791e+02 5.309234510877811619e-01
3.628300000000000182e+03 5.862199213402485611e+02 5.377544160531985140e-01
3.631800000000000182e+03 5.859651096335827560e+02 5.390787910392911275e-01
3.635300000000000182e+03 6.120418530530569114e+02 5.322232568925312490e-01
3.638800000000000182e+03 6.126609223471187988e+02 5.309287590020563830e-01
3.642300000000000182e+03 6.447086095886648991e+02 5.259765038145172156e-01
3.645800000000000182e+03 6.760647554426731176e+02 5.188070697578509582e-01
3.649300000000000182e+03 6.782124861416087924e+02 5.189327169342422552e-01
3.652800000000000182e+03 7.035729362371978368e+02 5.151652012764651456e-01
3.656300000000000182e+03 6.617217856256689856e+02 5.231645808316437440e-01
3.659800000000000182e+03 6.544867956938722955e+02 5.226502060991022880e-01
3.663300000000000182e+03 6.624734020713658538e+02 5.211172617689947550e-01
3.666800000000000182e+03 6.808082441664724911e+02 5.168163831673375785e-01
3.670300000000000182e+03 6.693007466017338629e+02 5.183670230364090248e-01
3.673800000000000182e+03 6.587369141669013288e+02 5.160003702353804789e-01
3.677300000000000182e+03 6.931523457697929871e+02 5.118935429836175555e-01
3.680800000000000182e+03 6.616365572836640467e+02 5.083608388668283684e-01
3.684300000000000182e+03 6.651885184352668148e+02 5.077303604063320153e-01
3.687800000000000182e+03 6.637669302087284677e+02 5.040042572932502685e-01
3.691300000000000182e+03 6.713860170727923560e+02 5.011980607404648014e-01
3.694800000000000182e+03 7.024074044099203320e+02 4.966931627574044938e-01
3.698300000000000182e+03 7.016250373542626448e+02 4.946532877389914207e-01
3.701800000000000182e+03 7.249147272519215903e+02 4.940635935437214243e-01
3.705300000000000182e+03 7.342957425583419990e+02 4.896069422992964104e-01
3.708800000000000182e+03 7.577712438583812400e+02 4.878317428209487105e-01
3.712300000000000182e+03 7.221142387133711509e+02 4.961789628768802918e-01
3.715800000000000182e+03 7.478122391319955113e+02 4.911560625704141647e-01
3.719300000000000182e+03 7.405028224417787897e+02 4.891308750990847609e-01
3.722800000000000182e+03 7.985637317764253567e+02 4.747106353489103925e-01
3.726300000000000182e+03 8.284112155036789318e+02 4.727501299587785200e-01
3.729800000000000182e+03 8.600603045662791146e+02 4.691450062482032668e-01
3.733300000000000182e+03 8.145201265208183941e+02 4.800159482493284169e-01
3.736800000000000182e+03 8.526599565939574177e+02 4.771933879919493804e-01
3.740300000000000182e+03 8.848490582512476976e+02 4.789615495821096247e-01
3.743800000000000182e+03 9.447643175248051648e+02 4.764657528537910025e-01
3.747300000000000182e+03 9.946882565172627437e+02 4.792247870930348985e-01
3.750800000000000182e+03 1.050822154596094379e+03 4.694073010676223512e-01
3.754300000000000182e+03 1.012388608422313609e+03 4.768371604964499744e-01
3.757800000000000182e+03 1.071027140601311885e+03 4.666751980934935595e-01
3.761300000000000182e+03 1.070942365635397209e+03 4.670321269372403883e-01
3.764800000000000182e+03 1.079639708539534013e+03 4.681373673684136039e-01
3.768300000000000182e+03 1.186336660309380932e+03 4.566135614169988255e-01
3.771800000000000182e+03 1.156369788319206236e+03 4.638487395135035829e-01
3.775300000000000182e+03 1.200787057138105183e+03 4.591732584714273702e-01
3.778800000000000182e+03 1.270548524742132258e+03 4.600194209654104305e-01
3.782300000000000182e+03 1.301573607076566532e+03 4.595008477872283836e-01
3.785800000000000182e+03 1.385437724644021046e+03 4.576951896482537863e-01
3.789300000000000182e+03 1.473295234728626156e+03 4.506923358728996964e-01
3.792800000000000182e+03 1.539865880592001986e+03 4.527752625858725843e-01
3.796300000000000182e+03 1.613096171519975087e+03 4.491742249424835465e-01
3.799800000000000182e+03 1.638475452521183115e+03 4.534635388576236381e-01
3.803300000000000182e+03 1.713562309621761187e+03 4.551545798248000096e-01
3.806800000000000182e+03 1.773215471470141438e+03 4.523061549641915202e-01
3.810300000000000182e+03 1.769036579413648951e+03 4.549738333424472869e-01
3.813800000000000182e+03 1.792181314419868613e+03 4.478381104070028873e-01
3.817300000000000182e+03 1.739469613179986936e+03 4.420847285303098895e-01
3.820800000000000182e+03 1.656980556475432650e+03 4.397727387267618693e-01
3.824300000000000182e+03 1.655944043314999135e+03 4.255962993611164813e-01
3.827800000000000182e+03 1.637563165535533699e+03 4.234229619134926570e-01
3.831300000000000182e+03 1.665548514518483444e+03 4.231500747078796310e-01
3.834800000000000182e+03 1.722600577956543930e+03 4.258657279495110526e-01
3.838300000000000182e+03 1.780246919931837283e+03 4.318082024081639769e-01
3.841800000000000182e+03 1.985550216745064063e+03 4.265180528983226749e-01
3.845300000000000182e+03 2.065531582663322752e+03 4.337030520451294890e-01
3.848800000000000182e+03 2.209134340186655663e+03 4.338296852237741863e-01
3.852300000000000182e+03 2.379151864182075315e+03 4.292784452730985523e-01
3.855800000000000182e+03 2.499033499782862691e+03 4.310401279632092852e-01
3.859300000000000182e+03 2.627987513874844353e+03 4.282691200279490351e-01
3.862800000000000182e+03 2.657220111719013403e+03 4.316701247076550341e-01
3.866300000000000182e+03 2.703937911774648910e+03 4.322205223735801627e-01
3.869800000000000182e+03 2.658542420381106695e+03 4.347005838834889224e-01
3.873300000000000182e+03 2.594484483652377094e+03 4.286179135909513049e-01
3.876800000000000182e+03 2.359121674407318551e+03 4.239315628329278218e-01
3.880300000000000182e+03 2.186507381205613456e+03 4.133859514410992420e-01
3.883800000000000182e+03 1.975913813772528783e+03 4.026777533250252561e-01
3.887300000000000182e+03 1.865748375694959577e+03 3.884696334571678400e-01
3.890800000000000182e+03 1.863713036970965049e+03 3.850807549991721590e-01
3.894300000000000182e+03 1.986234385564209560e+03 3.842963437908324398e-01
3.897800000000000182e+03 2.107325295268569789e+03 4.001522263563745963e-01
3.901300000000000182e+03 2.412167962809099663e+03 4.079317689538499714e-01
3.904800000000000182e+03 2.625184279283203978e+03 4.191158822408689866e-01
3.908300000000000182e+03 2.910853099614986149e+03 4.178937729968395520e-01
3.911800000000000182e+03 3.020160459277722111e+03 4.182725319296005662e-01
3.915300000000000182e+03 3.174757531855225352e+03 4.093283101757732578e-01
3.918800000000000182e+03 3.225146294274670254e+03 4.036605136784005010e-01
3.922300000000000182e+03 3.097228377078276480e+03 4.015310674888968312e-01
3.925800000000000182e+03 3.170221478551554810e+03 3.906312776663345421e-01
3.929300000000000182e+03 3.174177122858419807e+03 3.857660554079052617e-01
3.932800000000000182e+03 3.241855223363849746e+03 3.861876675902745637e-01
3.936300000000000182e+03 3.285178230921419527e+03 3.909087907711863985e-01
3.939800000000000182e+03 3.370810428080221754e+03 3.926904850962127935e-01
3.943300000000000182e+03 3.367496182881654477e+03 3.984828090572903325e-01
3.946800000000000182e+03 3.354888814543072840e+03 4.006810943491217469e-01
3.950300000000000182e+03 3.186958628765117737e+03 4.074571573743422381e-01
3.953800000000000182e+03 3.005245777014059968e+03 4.032615004868165265e-01
3.957300000000000182e+03 2.767532997247547883e+03 3.919264283303385277e-01
3.960800000000000182e+03 2.534217454748636555e+03 3.825027593204345377e-01
3.964300000000000182e+03 2.292330822313549106e+03 3.641054662800519703e-01
3.967800000000000182e+03 2.201444264730845134e+03 3.535220884160744648e-01
3.971300000000000182e+03 2.200073031396556871e+03 3.467554132317058335e-01
3.974800000000000182e+03 2.326633228780821810e+03 3.555415769259123726e-01
3.978300000000000182e+03 2.490099834061859838e+03 3.681272705127515144e-01
3.981800000000000182e+03 2.775941991342419442e+03 3.768932527041922165e-01
3.985300000000000182e+03 3.106008967144256076e+03 3.829699930660731000e-01
3.988800000000000182e+03 3.455542382482403809e+03 3.826192059787098532e-01
3.992300000000000182e+03 3.672662363425343756e+03 3.842886738690953208e-01
3.995800000000000182e+03 3.902842704195778879e+03 3.796643127066364198e-01
3.999300000000000182e+03 4.050646665423131708e+03 3.755717545138982927e-01
4.002800000000000182e+03 4.198323969701073111e+03 3.730316178560338924e-01
4.006300000000000182e+03 4.376951649879869365e+03 3.716302649030172600e-01
4.009800000000000182e+03 4.422565569104375754e+03 3.702194743044324166e-01
4.013300000000000182e+03 4.519910963470670140e+03 3.707350334966250660e-01
4.016800000000000182e+03 4.620158209889406862e+03 3.673580185458987790e-01
4.020300000000000182e+03 4.650702822838901739e+03 3.656145886261946698e-01
4.023800000000000182e+03 4.679712369143396245e+03 3.636077946490990920e-01
4.027300000000000182e+03 4.785571409297568607e+03 3.637844560275352301e-01
4.030800000000000182e+03 4.892285164246019121e+03 3.627457144051337012e-01
4.034300000000000182e+03 4.739430806127385949e+03 3.604874043435543629e-01
4.037800000000000182e+03 4.938076805264293398e+03 3.579087729425312614e-01
4.041300000000000182e+03 4.863237049456691238e+03 3.598542000838412247e-01
4.044800000000000182e+03 4.886112561748970620e+03 3.588504442317060339e-01
4.048300000000000182e+03 4.972458710225238974e+03 3.560910942069581697e-01
4.051800000000000182e+03 4.997667036109877699e+03 3.558962706824658762e-01
4.055300000000000182e+03 4.966772686046532726e+03 3.541448649288670425e-01
4.058800000000000182e+03 4.968894334137068654e+03 3.531289752920329095e-01
4.062300000000000182e+03 4.854997837087037624e+03 3.532365264864912868e-01
4.065800000000000182e+03 4.873727482288966712e+03 3.519323668501678215e-01
4.069300000000000182e+03 4.698342390721008996e+03 3.522136792557510332e-01
4.072800000000000182e+03 4.625385735185363046e+03 3.487407039801307951e-01
4.076300000000000182e+03 4.365506743072218342e+03 3.495874739129249398e-01
4.079800000000000182e+03 4.268713284026975998e+03 3.461777635276918064e-01
4.083300000000000182e+03 3.979520660860354383e+03 3.442924229948191028e-01
4.086800000000000182e+03 3.740621857326830650e+03 3.447440669064326668e-01
4.090300000000000182e+03 3.535145006053276120e+03 3.456432912134539959e-01
4.093800000000000182e+03 3.364106509334343173e+03 3.447286824635620306e-01
4.097300000000000182e+03 3.201000159955317940e+03 3.386716416025070675e-01
4.100800000000000182e+03 3.113326978138236427e+03 3.323206715499232300e-01
4.104300000000000182e+03 2.953589487246727458e+03 3.281950129011665385e-01
4.107800000000000182e+03 3.014751287908679842e+03 3.219322581410668516e-01
4.111300000000000182e+03 3.102499496530599117e+03 3.201103054376140400e-01
4.114800000000000182e+03 3.422780218960753700e+03 3.226478627970419399e-01
4.118300000000000182e+03 3.675353333841483618e+03 3.274640579392645301e-01
4.121800000000000182e+03 4.071032431487089070e+03 3.333823599634413437e-01
4.125300000000000182e+03 4.382811106645935070e+03 3.387525930869783042e-01
4.128800000000000182e+03 4.767854107975901570e+03 3.382649119658375780e-01
4.132300000000000182e+03 5.007321909819930625e+03 3.358388023189584626e-01
4.135800000000000182e+03 5.383470169086724127e+03 3.313122643487079744e-01
4.139300000000000182e+03 5.368255349194289010e+03 3.296236823369337321e-01
4.142800000000000182e+03 5.424225317801062374e+03 3.300131313299003999e-01
4.146300000000000182e+03 5.617792783262067132e+03 3.244433050634418225e-01
4.149800000000000182e+03 5.742723839254439554e+03 3.255595554994224483e-01
4.153300000000000182e+03 5.722000452483064691e+03 3.242768214663717119e-01
4.156800000000000182e+03 5.801642461028960497e+03 3.238680881674528278e-01
4.160300000000000182e+03 5.845336291974393134e+03 3.216039947603350213e-01
4.163800000000000182e+03 5.866496230461186315e+03 3.218840110575115210e-01
4.167300000000000182e+03 6.013145490981510193e+03 3.203216421986322393e-01
4.170800000000000182e+03 6.005473807828673671e+03 3.186196716902782167e-01
4.174300000000000182e+03 5.947925699341170912e+03 3.171558002190578152e-01
4.177800000000000182e+03 6.076912382107138910e+03 3.172531608529584046e-01
4.181300000000000182e+03 6.038872377220141971e+03 3.160666916700108908e-01
4.184800000000000182e+03 6.145529229225382551e+03 3.134580427604791164e-01
4.188300000000000182e+03 6.076390732702581772e+03 3.158824162357281584e-01
4.191800000000000182e+03 6.226705830999379032e+03 3.116573727032082575e-01
4.195300000000000182e+03 6.175363036103658487e+03 3.131578755024230221e-01
4.198800000000000182e+03 6.199029358892320488e+03 3.122277204229422787e-01
4.202300000000000182e+03 6.169948885176519070e+03 3.095283237709600677e-01
4.205800000000000182e+03 6.224811171341911177e+03 3.097516079483254581e-01
4.209300000000000182e+03 6.341520007016906675e+03 3.087482318059559527e-01
4.212800000000000182e+03 6.325274177679721106e+03 3.050031584652571626e-01
4.216300000000000182e+03 6.247113628783261447e+03 3.076697966995158295e-01
4.219800000000000182e+03 6.301604043023703525e+03 3.049198090347948198e-01
4.223300000000000182e+03 6.341348736015353097e+03 3.046366327383270289e-01
4.226800000000000182e+03 6.419889816488870565e+03 3.011455637261719054e-01
4.230300000000000182e+03 6.438282845231186002e+03 3.014103264247164349e-01
4.233800000000000182e+03 6.446221289028650062e+03 3.018855326114319171e-01
4.237300000000000182e+03 6.466092072716661278e+03 3.002787457991236697e-01
4.240800000000000182e+03 6.465810970608165917e+03 2.995664143277503855e-01
4.244300000000000182e+03 6.485890183216469268e+03 3.001254738991886439e-01
4.247800000000000182e+03 6.548178164296276918e+03 2.971143636065438076e-01
4.251300000000000182e+03 6.603130255574089460e+03 2.993689358379827969e-01
4.254800000000000182e+03 6.608835263655522795e+03 2.964409569104242692e-01
4.258300000000000182e+03 6.545899426638401565e+03 2.966736870249010449e-01
4.261800000000000182e+03 6.639911511777891974e+03 2.939559571478182476e-01
4.265300000000000182e+03 6.507624490054201488e+03 2.924964616751786761e-01
4.268800000000000182e+03 6.627766638601673549e+03 2.930159783204764889e-01
4.272300000000000182e+03 6.643139382579120138e+03 2.897358763883594035e-01
4.275800000000000182e+03 6.569867062702034673e+03 2.901614759117219777e-01
4.279300000000000182e+03 6.674877859516146600e+03 2.902092869553848931e-01
4.282800000000000182e+03 6.633112368068979777e+03 2.904634267009564286e-01
4.286300000000000182e+03 6.723543969028963147e+03 2.911577837855153228e-01
4.289800000000000182e+03 6.689854671926106676e+03 2.889051145601245207e-01
4.293300000000000182e+03 6.655367365953045010e+03 2.871903746394374735e-01
4.296800000000000182e+03 6.622435867313611197e+03 2.874728891137568465e-01
4.300300000000000182e+03 6.559714238885280793e+03 2.873550176488652297e-01
4.303800000000000182e+03 6.498182100863452433e+03 2.852135964315168359e-01
4.307300000000000182e+03 6.356734710323299623e+03 2.851547332788135214e-01
4.310800000000000182e+03 6.122669372839516654e+03 2.850331211264330866e-01
4.314300000000000182e+03 5.936812398253137872e+03 2.845634798532100662e-01
4.317800000000000182e+03 5.598451628527753201e+03 2.826597478341070224e-01
4.321300000000000182e+03 5.204724283708424991e+03 2.810003890950402150e-01
4.324800000000000182e+03 5.083749720403336141e+03 2.766823162832923177e-01
4.328300000000000182e+03 4.775202341711969893e+03 2.777460828539240478e-01
4.331800000000000182e+03 4.500889261529013311e+03 2.777902183175317563e-01
4.335300000000000182e+03 4.295220594685527431e+03 2.749191815607594513e-01
4.338800000000000182e+03 4.123882265493096384e+03 2.720494024995629978e-01
4.342300000000000182e+03 4.009960215057678852e+03 2.683148200609595246e-01
4.345800000000000182e+03 4.090816437201596273e+03 2.624157696947638230e-01
4.349300000000000182e+03 4.370241163145619794e+03 2.586258354398449644e-01
4.352800000000000182e+03 4.637233627457288094e+03 2.583248412713324837e-01
4.356300000000000182e+03 4.870184311481444638e+03 2.645640856467538771e-01
4.359800000000000182e+03 5.278553089772713065e+03 2.666081953306680963e-01
4.363300000000000182e+03 5.673317275705457178e+03 2.746743521717903147e-01
4.366800000000000182e+03 6.102869154656925275e+03 2.776449143823460086e-01
4.370300000000000182e+03 6.489473171583554176e+03 2.768431952422837350e-01
4.373800000000000182e+03 6.893350230001668933e+03 2.731493464634058288e-01
4.377300000000000182e+03 7.083592678289232936e+03 2.677126831759826797e-01
4.380800000000000182e+03 7.124149523340470296e+03 2.681850927451455702e-01
4.384300000000000182e+03 7.299072634975678739e+03 2.644276217394408435e-01
4.387800000000000182e+03 7.336182429561163190e+03 2.623409509713056642e-01
4.391300000000000182e+03 7.301065661307913615e+03 2.647014946210640152e-01
4.394800000000000182e+03 7.547419302018512099e+03 2.625169173981181658e-01
4.398300000000000182e+03 7.386550160588934887e+03 2.626828178861508878e-01
4.401800000000000182e+03 7.401737161731707602e+03 2.627338351935975536e-01
4.405300000000000182e+03 7.506738528130020313e+03 2.615207680275138391e-01
4.408800000000000182e+03 7.506167114904237678e+03 2.605089226337921060e-01
4.412300000000000182e+03 7.464566095057113671e+03 2.615551188465215504e-01
4.415800000000000182e+03 7.617698184109241993e+03 2.595006036681934969e-01
4.419300000000000182e+03 7.642922844450527919e+03 2.587833071718477207e-01
4.422800000000000182e+03 7.655577587468910679e+03 2.588571919827282741e-01
4.426300000000000182e+03 7.581501021302898152e+03 2.584474026979006189e-01
4.429800000000000182e+03 7.657313156710332805e+03 2.573531068403117628e-01
4.433300000000000182e+03 7.714674076921202868e+03 2.571065052502056747e-01
4.436800000000000182e+03 7.922593218758252078e+03 2.536608695261024504e-01
4.440300000000000182e+03 7.567678679359204580e+03 2.576630539570473055e-01
4.443800000000000182e+03 7.787730639914911990e+03 2.561412728410843442e-01
4.447300000000000182e+03 7.782150496629698864e+03 2.544592041357685575e-01
4.450800000000000182e+03 7.747839646333118253e+03 2.541045936574445330e-01
4.454300000000000182e+03 7.957197027193194117e+03 2.516449265749911568e-01
4.457800000000000182e+03 7.970899060568071036e+03 2.504004545144169480e-01
4.461300000000000182e+03 7.955421440889863334e+03 2.505710389135406557e-01
4.464800000000000182e+03 8.064016252863617410e+03 2.503890908026961681e-01
4.468300000000000182e+03 7.920262038646990732e+03 2.518167288867811382e-01
4.471800000000000182e+03 7.930299193081888006e+03 2.516469442543879387e-01
4.475300000000000182e+03 7.936306803164055964e+03 2.496705414796912825e-01
4.478800000000000182e+03 8.044578767252799480e+03 2.456999122525707624e-01
4.482300000000000182e+03 8.012878852478840599e+03 2.475125828294376662e-01
4.485800000000000182e+03 7.989900185020872414e+03 2.455196653544384211e-01
4.489300000000000182e+03 7.874348988127409029e+03 2.450883192055685056e-01
4.492800000000000182e+03 8.002175500914965596e+03 2.460984664908471564e-01
4.496300000000000182e+03 8.154584953946808128e+03 2.451250136114373479e-01
4.499800000000000182e+03 8.085287428060731145e+03 2.446339342233049829e-01
4.503300000000000182e+03 8.129818549758401787e+03 2.449584196747160159e-01
4.506800000000000182e+03 8.186395425571150554e+03 2.444347930740494446e-01
4.510300000000000182e+03 8.289557431045153862e+03 2.448825178377559142e-01
4.513800000000000182e+03 8.191502793219752675e+03 2.431418953803726468e-01
4.517300000000000182e+03 8.058760201493321802e+03 2.413063477769784027e-01
4.520800000000000182e+03 8.216534653221769986e+03 2.393751290396069764e-01
4.524300000000000182e+03 8.187028175447933791e+03 2.403159332036893248e-01
4.527800000000000182e+03 8.327690532413493202e+03 2.366541475600947297e-01
4.531300000000000182e+03 8.160040125320299921e+03 2.377736160912906904e-01
4.534800000000000182e+03 8.159069810320364923e+03 2.383860370494886860e-01
4.538300000000000182e+03 8.275103863839800397e+03 2.378548990253043782e-01
4.541800000000000182e+03 8.244591946725897287e+03 2.363252816772851150e-01
4.545300000000000182e+03 8.151874312561483748e+03 2.379470850207215937e-01
4.548800000000000182e+03 8.157120791369153267e+03 2.357221138485277590e-01
4.552300000000000182e+03 8.163030514353318722e+03 2.337598782581951917e-01
4.555800000000000182e+03 8.124105239575465021e+03 2.358249547455372186e-01
4.559300000000000182e+03 8.329342260194509436e+03 2.338609884472221678e-01
4.562800000000000182e+03 8.301662443712662935e+03 2.332424436895529918e-01
4.566300000000000182e+03 8.311345293989410493e+03 2.335796317748194961e-01
4.569800000000000182e+03 8.349847418782312161e+03 2.345222590686836250e-01
4.573300000000000182e+03 8.382252204249765782e+03 2.316227068899330277e-01
4.576800000000000182e+03 8.262338005508618153e+03 2.321602210536906075e-01
4.580300000000000182e+03 8.363882300968372874e+03 2.303444584645801541e-01
4.583800000000000182e+03 8.270985453590983525e+03 2.315864620777642047e-01
4.587300000000000182e+03 8.443086396870441604e+03 2.290538781864149276e-01
4.590800000000000182e+03 8.359560246821460169e+03 2.274286205292961605e-01
4.594300000000000182e+03 8.452265862853028011e+03 2.279795118788842390e-01
4.597800000000000182e+03 8.583099280065325729e+03 2.258588574960684048e-01
4.601300000000000182e+03 8.503753561612256817e+03 2.264340822181800383e-01
4.604800000000000182e+03 8.536034348315448369e+03 2.254622579820761974e-01
4.608300000000000182e+03 8.579321180333567099e+03 2.262952359200877395e-01
4.611800000000000182e+03 8.587572304366412936e+03 2.267947876228650350e-01
4.615300000000000182e+03 8.680675199410668938e+03 2.230858196541042893e-01
4.618800000000000182e+03 8.488293506687958143e+03 2.254639826737409036e-01
4.622300000000000182e+03 8.451752399816004981e+03 2.226468298704159243e-01
4.625800000000000182e+03 8.460591635110706193e+03 2.245691364488487385e-01
4.629300000000000182e+03 8.542439517697524934e+03 2.212104011245862589e-01
4.632800000000000182e+03 8.509485344602824625e+03 2.186190847720403119e-01
4.636300000000000182e+03 8.446230276195979968e+03 2.192413562267596927e-01
4.639800000000000182e+03 8.546629187510727206e+03 2.194287665494112638e-01
4.643300000000000182e+03 8.598765934403256324e+03 2.204462372684445337e-01
4.646800000000000182e+03 8.590590748814420294e+03 2.200938214607167376e-01
4.650300000000000182e+03 8.614978095394330012e+03 2.178075008220109743e-01
4.653800000000000182e+03 8.801590792013872488e+03 2.179921903795592475e-01
4.657300000000000182e+03 8.636006280585241257e+03 2.159058388798119066e-01
4.660800000000000182e+03 8.681120732427740222e+03 2.178981845526998251e-01
4.664300000000000182e+03 8.782690852802159498e+03 2.142135580030675168e-01
4.667800000000000182e+03 8.691929469136655825e+03 2.159649631747385390e-01
4.671300000000000182e+03 8.623241261272019983e+03 2.141284111926334277e-01
4.674800000000000182e+03 8.508433936620478562e+03 2.143723978993261059e-01
4.678300000000000182e+03 8.363927647700969828e+03 2.155628924987819661e-01
4.681800000000000182e+03 8.519144464957196760e+03 2.155125222027412246e-01
4.685300000000000182e+03 8.448373123690314969e+03 2.133819627038942568e-01
4.688800000000000182e+03 8.542807647211353469e+03 2.132263961235630889e-01
4.692300000000000182e+03 8.364138574691514805e+03 2.141727310675579088e-01
4.695800000000000182e+03 8.305243585403537509e+03 2.134249156305599304e-01
4.699300000000000182e+03 8.468898344407280092e+03 2.102934042888289223e-01
4.702800000000000182e+03 8.343301166596287658e+03 2.085489130187297702e-01
4.706300000000000182e+03 8.409108332582733055e+03 2.087202224180461363e-01
4.709800000000000182e+03 8.304520707332972961e+03 2.096523319073527736e-01
4.713300000000000182e+03 8.407042013200139991e+03 2.074841483357277028e-01
4.716800000000000182e+03 8.437460073994872801e+03 2.091110816682744677e-01
4.720300000000000182e+03 8.421715753341522941e+03 2.093494326987615228e-01
4.723800000000000182e+03 8.490224625517559616e+03 2.095590583218468195e-01
4.727300000000000182e+03 8.502221434111945200e+03 2.078685611582933301e-01
4.730800000000000182e+03 8.653147956026148677e+03 2.062223645532503535e-01
4.734300000000000182e+03 8.664634340396934931e+03 2.047710064964916032e-01
4.737800000000000182e+03 8.642467003255642339e+03 2.066243216337974309e-01
4.741300000000000182e+03 8.565424732841165678e+03 2.077012366697540413e-01
4.744800000000000182e+03 8.629114851236614413e+03 2.070099519746966543e-01
4.748300000000000182e+03 8.625742670042845930e+03 2.058570442819113444e-01
4.751800000000000182e+03 8.727583406592693791e+03 2.050660061368514697e-01
4.755300000000000182e+03 8.721648235896562255e+03 2.041748198008066228e-01
4.758800000000000182e+03 8.621362836612704996e+03 2.044214271331736554e-01
4.762300000000000182e+03 8.596532913692593866e+03 2.039137710779195534e-01
4.765800000000000182e+03 8.547953870992425436e+03 2.035134197879304163e-01
4.769300000000000182e+03 8.601167974479591066e+03 2.022424572681027211e-01
4.772800000000000182e+03 8.427921345517941518e+03 2.037455099721592888e-01
4.776300000000000182e+03 8.589401621459439411e+03 2.006023185366775652e-01
4.779800000000000182e+03 8.496765641108428099e+03 2.014008267746831837e-01
4.783300000000000182e+03 8.488077449403184801e+03 2.021455787232631085e-01
4.786800000000000182e+03 8.603431762120439089e+03 2.004479842880756146e-01
4.790300000000000182e+03 8.476785241251231128e+03 2.014995891898885838e-01
4.793800000000000182e+03 8.308895499055748587e+03 2.009993690000639321e-01
4.797300000000000182e+03 8.373771273361693602e+03 1.996828828756479213e-01
4.800800000000000182e+03 8.380960195021609252e+03 1.986855121716177286e-01
4.804300000000000182e+03 8.332226499489725029e+03 2.005781057702259729e-01
4.807800000000000182e+03 8.311688074605439397e+03 1.996149940899543118e-01
4.811300000000000182e+03 8.180586448163609020e+03 1.991613272679507995e-01
4.814800000000000182e+03 8.132029569261879260e+03 1.994955776513895884e-01
4.818300000000000182e+03 8.094466735882025205e+03 1.996375713224597115e-01
4.821800000000000182e+03 7.922828097615021761e+03 1.990909496954107738e-01
4.825300000000000182e+03 7.848286634514457546e+03 1.991457914383708838e-01
4.828800000000000182e+03 7.575789710540657325e+03 1.988126871560249309e-01
4.832300000000000182e+03 7.379557947483472162e+03 2.012809882220708557e-01
4.835800000000000182e+03 7.147905116001144961e+03 1.963939540498600700e-01
4.839300000000000182e+03 6.885758366332204787e+03 1.981816763959386996e-01
4.842800000000000182e+03 6.523614387142342821e+03 1.947831842306510242e-01
4.846300000000000182e+03 6.037849396460160278e+03 1.937969030731582498e-01
4.849800000000000182e+03 5.789668508131570889e+03 1.934834546159152902e-01
4.853300000000000182e+03 5.401712921272151107e+03 1.932921376663953583e-01
4.856800000000000182e+03 5.143928443091021109e+03 1.912746245485461016e-01
4.860300000000000182e+03 5.008561015989689622e+03 1.892738763136438129e-01
4.863800000000000182e+03 4.997788364129966794e+03 1.823537151040784399e-01
4.867300000000000182e+03 4.977962737106999157e+03 1.778882779435216333e-01
4.870800000000000182e+03 5.030219272774901583e+03 1.793207317568918657e-01
4.874300000000000182e+03 5.265207536237810018e+03 1.818891169730577628e-01
4.877800000000000182e+03 5.776864388082351070e+03 1.851039517536617884e-01
4.881300000000000182e+03 6.162322326725434323e+03 1.909444946330421944e-01
4.884800000000000182e+03 6.540607651104694014e+03 1.933917807072689232e-01
4.888300000000000182e+03 7.018005858101600097e+03 1.967929513675421294e-01
4.891800000000000182e+03 7.374286933523705557e+03 1.953750501211624357e-01
4.895300000000000182e+03 7.760595000457819879e+03 1.909588958979578366e-01
4.898800000000000182e+03 7.850097035433414021e+03 1.899710131950955450e-01
4.902300000000000182e+03 7.924901917480755401e+03 1.882830437024563264e-01
4.905800000000000182e+03 8.017083234626612466e+03 1.873989559721810083e-01
4.909300000000000182e+03 8.286356614224181612e+03 1.874016590027988982e-01
4.912800000000000182e+03 8.239342143049199876e+03 1.864835888138286213e-01
4.916300000000000182e+03 8.101163200191281248e+03 1.877976986311789831e-01
4.919800000000000182e+03 8.222603250706373728e+03 1.834510273016641269e-01
4.923300000000000182e+03 8.091629559683300613e+03 1.868574386727173409e-01
4.926800000000000182e+03 8.213030280384993603e+03 1.851729022185386597e-01
4.930300000000000182e+03 8.213909684272050072e+03 1.842836080474511140e-01
4.933800000000000182e+03 8.130821538347649039e+03 1.852322698622887731e-01
4.937300000000000182e+03 8.327646709109774747e+03 1.839573373696944958e-01
4.940800000000000182e+03 8.231848018597129339e+03 1.852827901570250346e-01
4.944300000000000182e+03 8.421466149406362092e+03 1.832642874748720563e-01
4.947800000000000182e+03 8.381550885562381154e+03 1.835760969240295137e-01
4.951300000000000182e+03 8.387621738840301987e+03 1.831347788679251187e-01
4.954800000000000182e+03 8.352103491252984895e+03 1.830620251730797066e-01
4.958300000000000182e+03 8.372460153441945295e+03 1.841038368918987422e-01
4.961800000000000182e+03 8.333761908080636204e+03 1.846904551590262122e-01
4.965300000000000182e+03 8.414429509346951818e+03 1.810205481521600934e-01
4.968800000000000182e+03 8.262198732322935030e+03 1.833560307935094003e-01
4.972300000000000182e+03 8.288658961817340241e+03 1.832511681705575879e-01
4.975800000000000182e+03 8.324409283542201592e+03 1.812904212305527507e-01
4.979300000000000182e+03 8.283604469957504989e+03 1.828596896911445502e-01
4.982800000000000182e+03 8.262535497515578754e+03 1.828131778102804195e-01
4.986300000000000182e+03 8.272684606975795759e+03 1.830687381395743052e-01
4.989800000000000182e+03 8.313754655989641833e+03 1.792293934635862396e-01
4.993300000000000182e+03 8.190205780067281921e+03 1.829867206808344360e-01
4.996800000000000182e+03 8.126556287264433195e+03 1.809199779437055122e-01
5.000300000000000182e+03 8.250067149432739825e+03 1.805676462714258801e-01
5.003800000000000182e+03 8.061760220880390989e+03 1.800473733302044854e-01
5.007300000000000182e+03 8.104551465170185111e+03 1.799966354758761045e-01
5.010800000000000182e+03 8.138121754554326799e+03 1.795267947592721069e-01
5.014300000000000182e+03 8.159556358605897003e+03 1.800941872880048034e-01
5.017800000000000182e+03 8.199818124794859614e+03 1.784183282297897022e-01
5.021300000000000182e+03 8.298022299255579128e+03 1.794665282969551134e-01
5.024800000000000182e+03 8.251123420736963453e+03 1.783274203564121363e-01
5.028300000000000182e+03 8.050909189373691333e+03 1.819174812650766748e-01
5.031800000000000182e+03 8.006216324608514697e+03 1.836935417077751598e-01
5.035300000000000182e+03 8.149293334836972463e+03 1.821556111666738642e-01
5.038800000000000182e+03 8.084565063363035733e+03 1.803690818519934902e-01
5.042300000000000182e+03 7.999028411035615136e+03 1.803856716989413189e-01
5.045800000000000182e+03 7.964743129034351114e+03 1.773940142509886075e-01
5.049300000000000182e+03 8.106133034667593165e+03 1.789971452110692696e-01
5.052800000000000182e+03 8.152095296107491777e+03 1.755789471436149107e-01
5.056300000000000182e+03 8.137900829254233031e+03 1.751598779062277789e-01
5.059800000000000182e+03 8.056595554719503525e+03 1.777679956024250107e-01
5.063300000000000182e+03 8.029239774722321272e+03 1.770481854235163299e-01
5.066800000000000182e+03 8.137449902141216626e+03 1.763038141360341871e-01
5.070300000000000182e+03 8.114360941227519106e+03 1.773171069343065787e-01
5.073800000000000182e+03 8.016666898418863639e+03 1.778426228067147563e-01
5.077300000000000182e+03 8.161698675791895766e+03 1.747598541299091313e-01
5.080800000000000182e+03 8.227976176050839058e+03 1.752298048335708958e-01
5.084300000000000182e+03 8.144177178786021614e+03 1.776331965197752161e-01
5.087800000000000182e+03 8.151011123531854537e+03 1.730584435947170041e-01
5.091300000000000182e+03 8.153100421492388705e+03 1.734596147325727644e-01
5.094800000000000182e+03 8.235870035361223927e+03 1.728181080317743312e-01
5.098300000000000182e+03 8.147872466463891215e+03 1.732649066543195115e-01
5.101800000000000182e+03 8.125877466982155056e+03 1.714991032599342824e-01
5.105300000000000182e+03 8.240242640628184745e+03 1.721533429919404334e-01
5.108800000000000182e+03 8.138504844698114539e+03 1.729283507509692119e-01
5.112300000000000182e+03 8.306360485793462431e+03 1.723381563406316264e-01
5.115800000000000182e+03 8.182441745694824021e+03 1.719482783368476708e-01
5.119300000000000182e+03 8.221767210693937159e+03 1.692710567675222433e-01
5.122800000000000182e+03 8.228836101081378729e+03 1.690318744814602314e-01
5.126300000000000182e+03 8.083389368801245837e+03 1.698323294483015666e-01
5.129800000000000182e+03 8.084114549409628125e+03 1.710801308579132651e-01
5.133300000000000182e+03 8.170909807406026630e+03 1.695915742635936974e-01
5.136800000000000182e+03 8.343485932781277370e+03 1.671559736615186587e-01
5.140300000000000182e+03 8.233028426705206584e+03 1.677722041630596850e-01
5.143800000000000182e+03 8.079960940980735359e+03 1.702841468672745828e-01
5.147300000000000182e+03 8.176046378437235944e+03 1.678323529755336441e-01
5.150800000000000182e+03 7.894924833755118016e+03 1.687563509034450682e-01
5.154300000000000182e+03 7.974017750712741872e+03 1.673571758477322424e-01
5.157800000000000182e+03 8.018289400315722560e+03 1.673378059780890048e-01
5.161300000000000182e+03 7.906013568703510828e+03 1.696600475513078410e-01
5.164800000000000182e+03 7.929237513390206914e+03 1.665830237454097584e-01
5.168300000000000182e+03 8.110458800337164575e+03 1.646362224017709486e-01
5.171800000000000182e+03 7.883192909197356130e+03 1.677065993301775360e-01
5.175300000000000182e+03 8.007612867020042358e+03 1.671024438459990102e-01
5.178800000000000182e+03 7.876560511572580253e+03 1.664510674617980801e-01
5.182300000000000182e+03 7.860443833652361718e+03 1.655817389087404501e-01
5.185800000000000182e+03 7.849527415933181146e+03 1.656661262911767740e-01
5.189300000000000182e+03 8.074608076397388686e+03 1.662444671436111576e-01
5.192800000000000182e+03 8.035536143292953057e+03 1.649525369680389930e-01
5.196300000000000182e+03 7.897655446576751274e+03 1.655703318160762494e-01
5.199800000000000182e+03 7.939841852422176089e+03 1.634060684721080625e-01
5.203300000000000182e+03 8.064273988827371795e+03 1.653575793604228350e-01
5.206800000000000182e+03 7.952720250526402197e+03 1.654273930633814726e-01
5.210300000000000182e+03 7.866550215427624607e+03 1.659778758372037755e-01
5.213800000000000182e+03 8.032418803347659377e+03 1.634320083502963095e-01
5.217300000000000182e+03 7.919627726676497332e+03 1.646928677320588785e-01
5.220800000000000182e+03 7.914209934161190176e+03 1.668141373553396201e-01
5.224300000000000182e+03 7.875232714256748295e+03 1.641607831948429796e-01
5.227800000000000182e+03 7.813010136734290427e+03 1.639998932558281441e-01
5.231300000000000182e+03 7.947987285829279244e+03 1.646193987141212067e-01
5.234800000000000182e+03 7.785293072751199361e+03 1.648503449749730565e-01
5.238300000000000182e+03 7.813543522353612389e+03 1.651357237428574543e-01
5.241800000000000182e+03 7.909572668272477131e+03 1.639121384556087302e-01
5.245300000000000182e+03 8.005210257914511203e+03 1.643700304144543045e-01
5.248800000000000182e+03 7.894721458600101869e+03 1.655539709816814531e-01
5.252300000000000182e+03 7.732231535525675099e+03 1.642004209981122453e-01
5.255800000000000182e+03 7.646905031271812732e+03 1.665942734093410760e-01
5.259300000000000182e+03 7.702007571696766718e+03 1.649411249277122071e-01
5.262800000000000182e+03 7.735542230812835442e+03 1.635966068231031745e-01
5.266300000000000182e+03 7.818772042838492780e+03 1.613448597893692438e-01
5.269800000000000182e+03 7.606020845246365752e+03 1.627288278880616446e-01
5.273300000000000182e+03 7.641147086376927291e+03 1.652553851620643666e-01
5.276800000000000182e+03 7.664542769886452334e+03 1.631875776801569866e-01
5.280300000000000182e+03 7.724390570143330478e+03 1.636651294320565220e-01
5.283800000000000182e+03 7.625895777307206117e+03 1.657700826030369667e-01
5.287300000000000182e+03 7.811138425178131911e+03 1.623042060921013330e-01
5.290800000000000182e+03 7.681949302162403001e+03 1.651002449701514663e-01
5.294300000000000182e+03 7.701227762879911097e+03 1.651671523350260185e-01
5.297800000000000182e+03 7.655247628489052659e+03 1.643750743642758416e-01
5.301300000000000182e+03 7.602279806288184773e+03 1.663791210813523880e-01
5.304800000000000182e+03 7.725608676321658095e+03 1.633297272858949545e-01
5.308300000000000182e+03 7.705763200037468778e+03 1.623541462533075463e-01
5.311800000000000182e+03 7.720361732180835133e+03 1.640305861721418068e-01
5.315300000000000182e+03 7.631035627467324048e+03 1.627922256220385722e-01
5.318800000000000182e+03 7.679227973535315869e+03 1.620591362106847122e-01
5.322300000000000182e+03 7.519462404761084144e+03 1.631955729724293425e-01
5.325800000000000182e+03 7.522547948670761798e+03 1.612863147134739605e-01
5.329300000000000182e+03 7.526550206367672217e+03 1.596731691470725523e-01
5.332800000000000182e+03 7.507283370851111613e+03 1.615603262054886857e-01
5.336300000000000182e+03 7.722993557663845422e+03 1.597463655986946229e-01
5.339800000000000182e+03 7.619612833901654085e+03 1.620430408931872179e-01
5.343300000000000182e+03 7.587797090886279875e+03 1.613933991958398928e-01
5.346800000000000182e+03 7.645701250459463154e+03 1.612186474063386499e-01
5.350300000000000182e+03 7.643014613231867770e+03 1.611704037663510836e-01
5.353800000000000182e+03 7.660439310237024984e+03 1.607846417258157190e-01
5.357300000000000182e+03 7.622369339968658096e+03 1.619223946564744554e-01
5.360800000000000182e+03 7.463367196974740182e+03 1.600715882661377099e-01
5.364300000000000182e+03 7.664144597833575972e+03 1.570641846426075738e-01
5.367800000000000182e+03 7.493874936049892312e+03 1.609886631311993055e-01
5.371300000000000182e+03 7.640484998267004812e+03 1.604897375482005617e-01
5.374800000000000182e+03 7.451967368017762055e+03 1.604801521558255062e-01
5.378300000000000182e+03 7.637763581172697741e+03 1.588811461502031008e-01
5.381800000000000182e+03 7.443433438363413188e+03 1.599491369311603350e-01
5.385300000000000182e+03 7.458127526946645958e+03 1.595291255242567985e-01
5.388800000000000182e+03 7.554198440119657789e+03 1.601788391837063175e-01
5.392300000000000182e+03 7.441217562802806242e+03 1.603944070206945460e-01
5.395800000000000182e+03 7.371675218414290612e+03 1.594820417559632830e-01
5.399300000000000182e+03 7.498956414346846941e+03 1.578775295142986757e-01
5.402800000000000182e+03 7.454270002449568892e+03 1.588202752131594453e-01
5.406300000000000182e+03 7.324298016067613389e+03 1.608655767224414224e-01
5.409800000000000182e+03 7.151802810633787885e+03 1.611541712832435247e-01
5.413300000000000182e+03 7.364659042777448121e+03 1.604512226985428947e-01
5.416800000000000182e+03 7.408318121776686894e+03 1.588971630130391610e-01
5.420300000000000182e+03 7.270723954658252296e+03 1.591434098852915757e-01
5.423800000000000182e+03 7.310426999978072672e+03 1.603998850564545553e-01
5.427300000000000182e+03 7.355194918130906444e+03 1.585661254354252536e-01
5.430800000000000182e+03 7.386096055485170837e+03 1.611047977974634227e-01
5.434300000000000182e+03 7.316473242766548537e+03 1.587357186961738387e-01
5.437800000000000182e+03 7.366021496318297977e+03 1.593410461409585643e-01
5.441300000000000182e+03 7.263617059861539929e+03 1.588877687087076884e-01
5.444800000000000182e+03 7.344407874285761864e+03 1.580270809915902686e-01
5.448300000000000182e+03 7.400598879434092851e+03 1.566690631793868083e-01
5.451800000000000182e+03 7.392877736417903179e+03 1.588187003723059154e-01
5.455300000000000182e+03 7.183426499821690413e+03 1.580760760442574686e-01
5.458800000000000182e+03 7.313089379227130848e+03 1.581572879888894501e-01
5.462300000000000182e+03 7.239598866731867020e+03 1.574961690003967851e-01
5.465800000000000182e+03 7.287371991582125702e+03 1.581530527780687090e-01
5.469300000000000182e+03 7.217680758116113793e+03 1.566256590157942552e-01
5.472800000000000182e+03 7.257607655419533330e+03 1.569716975139991144e-01
5.476300000000000182e+03 7.367901317737509089e+03 1.563216773024597994e-01
5.479800000000000182e+03 7.255713228908713972e+03 1.565625169824361451e-01
5.483300000000000182e+03 7.377832579418672140e+03 1.535945144567663345e-01
5.486800000000000182e+03 7.318712388060067497e+03 1.562451785323609177e-01
5.490300000000000182e+03 7.310842200536134442e+03 1.541636145541299130e-01
5.493800000000000182e+03 7.355988440122069733e+03 1.550207196973387436e-01
5.497300000000000182e+03 7.243363419633665217e+03 1.553463517518740566e-01
5.500800000000000182e+03 7.158237636034114075e+03 1.563981278030676103e-01
5.504300000000000182e+03 7.237429028017993915e+03 1.562173215414613681e-01
5.507800000000000182e+03 7.194055821378744440e+03 1.559825281139386177e-01
5.511300000000000182e+03 7.293799171144503816e+03 1.537961398027068438e-01
5.514800000000000182e+03 7.062657699381878047e+03 1.541024860197733048e-01
5.518300000000000182e+03 7.338332865994198073e+03 1.532882169366431568e-01
5.521800000000000182e+03 7.073838195085622829e+03 1.557347107841866585e-01
5.525300000000000182e+03 7.134639007678089911e+03 1.548655980284655842e-01
5.528800000000000182e+03 7.089214148303803086e+03 1.541504590023903554e-01
5.532300000000000182e+03 7.177795597325433846e+03 1.528979372041895102e-01
5.535800000000000182e+03 7.197919725059166922e+03 1.541889941488203131e-01
5.539300000000000182e+03 7.233610009391966742e+03 1.517971995952105690e-01
5.542800000000000182e+03 7.170160564973519286e+03 1.527889265745203673e-01
5.546300000000000182e+03 7.037501676323296124e+03 1.533131353280274556e-01
5.549800000000000182e+03 7.143075214913984382e+03 1.526942839046898370e-01
5.553300000000000182e+03 7.113660879040725376e+03 1.533789024183572214e-01
5.556800000000000182e+03 7.086502235018096144e+03 1.520073722385620052e-01
5.560300000000000182e+03 7.074228300362936352e+03 1.538660867668829313e-01
5.563800000000000182e+03 6.927452108003105423e+03 1.555414722467977073e-01
5.567300000000000182e+03 6.948976669223142380e+03 1.530265583718030675e-01
5.570800000000000182e+03 7.001652804409976852e+03 1.520792758635560737e-01
5.574300000000000182e+03 6.935611047136134403e+03 1.542264671809605026e-01
5.577800000000000182e+03 6.986538786887063907e+03 1.516737795530031241e-01
5.581300000000000182e+03 7.029072649414722036e+03 1.531123510906579055e-01
5.584800000000000182e+03 6.856837745272446227e+03 1.538997037961365444e-01
5.588300000000000182e+03 6.829788720460836885e+03 1.548430534811462700e-01
5.591800000000000182e+03 7.052515894043373919e+03 1.530232490832990344e-01
5.595300000000000182e+03 6.903480198401265625e+03 1.530009241840184775e-01
5.598800000000000182e+03 6.879376880810455987e+03 1.529034848201391850e-01
5.602300000000000182e+03 6.915469033014524030e+03 1.535373071812041190e-01
5.605800000000000182e+03 6.924909395844819301e+03 1.523958271017112065e-01
5.609300000000000182e+03 6.893918504290593773e+03 1.536557289377012137e-01
5.612800000000000182e+03 7.019596355871632113e+03 1.529903409039442552e-01
5.616300000000000182e+03 6.861183323962603936e+03 1.543968441544943671e-01
5.619800000000000182e+03 6.864686919110089548e+03 1.528415463359967252e-01
5.623300000000000182e+03 6.752292973288744179e+03 1.546899198228382233e-01
5.626800000000000182e+03 6.745070128914668203e+03 1.558430158205280081e-01
5.630300000000000182e+03 6.849392477171112660e+03 1.526616092878126107e-01
5.633800000000000182e+03 6.706741293086085534e+03 1.560459475610333491e-01
5.637300000000000182e+03 6.675811812243576242e+03 1.548617164483784281e-01
5.640800000000000182e+03 6.818811886164929092e+03 1.522844111885717222e-01
5.644300000000000182e+03 6.809968524705892378e+03 1.515511915553002242e-01
5.647800000000000182e+03 6.894908564162986295e+03 1.530886940714012157e-01
5.651300000000000182e+03 6.754893327186302486e+03 1.526450784412280437e-01
5.654800000000000182e+03 6.672184561809520346e+03 1.526028699770207997e-01
5.658300000000000182e+03 6.804198075327282822e+03 1.538038383845375112e-01
5.661800000000000182e+03 6.672574461183879976e+03 1.527495812572783329e-01
5.665300000000000182e+03 6.737334534418404473e+03 1.525178908178547732e-01
5.668800000000000182e+03 6.682539237092027179e+03 1.527074573749735431e-01
5.672300000000000182e+03 6.624288934090161092e+03 1.534250544017607409e-01
5.675800000000000182e+03 6.618543824174142173e+03 1.527644181459119066e-01
5.679300000000000182e+03 6.692584477705933750e+03 1.547811797252216792e-01
5.682800000000000182e+03 6.577491884036191550e+03 1.537935061827732097e-01
5.686300000000000182e+03 6.557630412293976406e+03 1.559994384511637355e-01
5.689800000000000182e+03 6.585867125841750749e+03 1.559885189406895745e-01
5.693300000000000182e+03 6.592920977827132447e+03 1.553522220105534590e-01
5.696800000000000182e+03 6.489827289955594097e+03 1.551615247685074195e-01
5.700300000000000182e+03 6.510186713095257801e+03 1.545971627685976124e-01
5.703800000000000182e+03 6.634002974652056764e+03 1.527684791949150966e-01
5.707300000000000182e+03 6.592416417874809667e+03 1.572848345358021649e-01
5.710800000000000182e+03 6.482675752791766172e+03 1.550208388451167207e-01
5.714300000000000182e+03 6.471512687324003309e+03 1.541728905428199625e-01
5.717800000000000182e+03 6.601096137540513155e+03 1.512739477651188214e-01
5.721300000000000182e+03 6.475795621759417372e+03 1.552667751495566406e-01
5.724800000000000182e+03 6.550176094609622851e+03 1.544961549438961523e-01
5.728300000000000182e+03 6.468228987331057397e+03 1.546365161046846515e-01
5.731800000000000182e+03 6.459922785511304028e+03 1.553944454559807176e-01
5.735300000000000182e+03 6.527011279552481028e+03 1.525887172180158124e-01
5.738800000000000182e+03 6.434726263538257626e+03 1.561349077180900491e-01
5.742300000000000182e+03 6.455560280222982328e+03 1.533792534352765025e-01
5.745800000000000182e+03 6.458014772177531086e+03 1.534272268237431291e-01
5.749300000000000182e+03 6.443223196803395695e+03 1.503841560918096065e-01
5.752800000000000182e+03 6.397099917493349494e+03 1.532195585768647283e-01
5.756300000000000182e+03 6.313953511961406548e+03 1.521777193725867283e-01
5.759800000000000182e+03 6.440464113095707944e+03 1.513228578303049687e-01
5.763300000000000182e+03 6.538795603658649270e+03 1.495549714124725649e-01
5.766800000000000182e+03 6.448926803642967570e+03 1.510151043309678753e-01
5.770300000000000182e+03 6.494771257585449348e+03 1.493982417213619851e-01
5.773800000000000182e+03 6.420188951921232729e+03 1.497106247407121449e-01
5.777300000000000182e+03 6.352559614347243951e+03 1.499415174220816716e-01
5.780800000000000182e+03 6.454176986007558298e+03 1.475447345893202700e-01
5.784300000000000182e+03 6.373615551871272146e+03 1.491326791702416721e-01
5.787800000000000182e+03 6.447934948759136205e+03 1.483029383180964889e-01
5.791300000000000182e+03 6.388045124935704735e+03 1.482672652098865618e-01
5.794800000000000182e+03 6.416775450311317400e+03 1.486250314582389653e-01
5.798300000000000182e+03 6.464332240195750273e+03 1.448182322618842555e-01
5.801800000000000182e+03 6.403837428117987656e+03 1.443783981836566088e-01
5.805300000000000182e+03 6.526416163252180013e+03 1.479860222959451244e-01
5.808800000000000182e+03 6.409882113947394828e+03 1.446194073434726446e-01
5.812300000000000182e+03 6.452008814694157991e+03 1.459168818522826594e-01
5.815800000000000182e+03 6.435128151504868583e+03 1.452872445244824673e-01
5.819300000000000182e+03 6.455542450245185137e+03 1.454092474571890559e-01
5.822800000000000182e+03 6.436760442779755067e+03 1.433077258462610859e-01
5.826300000000000182e+03 6.303863960624910760e+03 1.460873008037942566e-01
5.829800000000000182e+03 6.367258395301841119e+03 1.435384512962582515e-01
5.833300000000000182e+03 6.335281929717271851e+03 1.420134622677062808e-01
5.836800000000000182e+03 6.317318718152261681e+03 1.428838299396968381e-01
5.840300000000000182e+03 6.408400712713093526e+03 1.444647642565571322e-01
5.843800000000000182e+03 6.397196285285401245e+03 1.426063858782197213e-01
5.847300000000000182e+03 6.355638670762400579e+03 1.420591660887034480e-01
5.850800000000000182e+03 6.269720473568138914e+03 1.419451378300508049e-01
5.854300000000000182e+03 6.348000109070075268e+03 1.433598607739993425e-01
5.857800000000000182e+03 6.344301320717513590e+03 1.422026786701759693e-01
5.861300000000000182e+03 6.166588812824828892e+03 1.426653353992689000e-01
5.864800000000000182e+03 6.247429965938532405e+03 1.448226110797330990e-01
5.868300000000000182e+03 6.202495440768617300e+03 1.427812136205813265e-01
5.871800000000000182e+03 6.057116676909068701e+03 1.455352447968039087e-01
5.875300000000000182e+03 5.923219632828820068e+03 1.477199975549732258e-01
5.878800000000000182e+03 5.950241139128021132e+03 1.500966606781225232e-01
5.882300000000000182e+03 5.729794752096741831e+03 1.544049413037638652e-01
5.885800000000000182e+03 5.743144878365212207e+03 1.554532757509313468e-01
5.889300000000000182e+03 5.583188981056583543e+03 1.585871836186427963e-01
5.892800000000000182e+03 5.685179098845431326e+03 1.586214408938616538e-01
5.896300000000000182e+03 5.578663983615549114e+03 1.604170463576648498e-01
5.899800000000000182e+03 5.500269052355239182e+03 1.584444109721080962e-01
5.903300000000000182e+03 5.683163625615780802e+03 1.561788034282688420e-01
5.906800000000000182e+03 5.619301408274116511e+03 1.570982580972339060e-01
5.910300000000000182e+03 5.618238347367605456e+03 1.574827225682463305e-01
5.913800000000000182e+03 5.533646343307284951e+03 1.582492954529480522e-01
5.917300000000000182e+03 5.576608328338068532e+03 1.563107026793794374e-01
5.920800000000000182e+03 5.486173117302016180e+03 1.559992052093852055e-01
5.924300000000000182e+03 5.525748600686423742e+03 1.553774773124799169e-01
5.927800000000000182e+03 5.665156884388569779e+03 1.534522333398255223e-01
5.931300000000000182e+03 5.571816561789119987e+03 1.540207190012144178e-01
5.934800000000000182e+03 5.503543338696615137e+03 1.555658199359385430e-01
5.938300000000000182e+03 5.462984822583815003e+03 1.558719948112437526e-01
5.941800000000000182e+03 5.482460947805289834e+03 1.545563757691024165e-01
5.945300000000000182e+03 5.395125471638443742e+03 1.559151077888232817e-01
5.948800000000000182e+03 5.385682231596763813e+03 1.550353696834525508e-01
5.952300000000000182e+03 5.494169553749720762e+03 1.557662535856946529e-01
5.955800000000000182e+03 5.472028546650965836e+03 1.518226505794194603e-01
5.959300000000000182e+03 5.451158719252051924e+03 1.492534158987914028e-01
5.962800000000000182e+03 5.434783533140810505e+03 1.503543898941170631e-01
5.966300000000000182e+03 5.460187303985591825e+03 1.475090938074765101e-01
5.969800000000000182e+03 5.295895302043486481e+03 1.494652506053586460e-01
5.973300000000000182e+03 5.422173149720536458e+03 1.485362987098500231e-01
5.976800000000000182e+03 5.447362101775082920e+03 1.477645851109378183e-01
5.980300000000000182e+03 5.277034052804153362e+03 1.475964989098419722e-01
5.983800000000000182e+03 5.379687952977359600e+03 1.461943163375952759e-01
5.987300000000000182e+03 5.360486790497949187e+03 1.472050897763320099e-01
5.990800000000000182e+03 5.241996600114324792e+03 1.451925669996156631e-01
5.994300000000000182e+03 5.401530526649053172e+03 1.407305703420289600e-01
5.997800000000000182e+03 5.333696845527850201e+03 1.443340808909626127e-01
