# wavelength angstroms, flux, ext coeff
3.001800000000000182e+03 4.401292644061786064e+01 0.000000000000000000e+00
3.005300000000000182e+03 4.340971905267288378e+01 0.000000000000000000e+00
3.008800000000000182e+03 4.308653151424385186e+01 8.255472046111509421e-01
3.012300000000000182e+03 7.946149839142546512e+01 5.845297676750036420e-01
3.015800000000000182e+03 6.576700146382756884e+01 0.000000000000000000e+00
3.019300000000000182e+03 7.639065563171841688e+01 0.000000000000000000e+00
3.022800000000000182e+03 2.049720216124675076e+01 1.715021481968852068e+00
3.026300000000000182e+03 8.359025811404912076e+01 8.240908639484911813e-01
3.029800000000000182e+03 8.887537331440505284e+01 8.530796222010494922e-01
3.033300000000000182e+03 1.309673638329873029e+02 0.000000000000000000e+00
3.036800000000000182e+03 2.711301639522732643e+01 1.920268050733554777e+00
3.040300000000000182e+03 7.598201832891113838e+01 1.184290032398323422e+00
3.043800000000000182e+03 1.162584040845531952e+01 2.997804030265753816e+00
3.047300000000000182e+03 2.138489472870540453e+02 0.000000000000000000e+00
3.050800000000000182e+03 6.997250987873442796e+01 1.472808093580368016e+00
3.054300000000000182e+03 7.058359710215135863e+01 1.521035942906846294e+00
3.057800000000000182e+03 6.567965999958883572e+01 1.616359064348204200e+00
3.061300000000000182e+03 1.220297910582162473e+02 1.198786235269278855e+00
3.064800000000000182e+03 3.022804965925694987e+01 2.533305830157729588e+00
3.068300000000000182e+03 1.073910752620557503e+02 1.462554971134571558e+00
3.071800000000000182e+03 1.059134006811841004e+02 1.542012209876648221e+00
3.075300000000000182e+03 4.965404256223848733e+01 2.312298122483531060e+00
3.078800000000000182e+03 5.485435399755500185e+01 2.266039368739608761e+00
3.082300000000000182e+03 6.641514432522572520e+01 2.179656816440250999e+00
3.085800000000000182e+03 1.193295554010758792e+02 1.672069236450087315e+00
3.089300000000000182e+03 1.176269069740350943e+02 1.749869153478736727e+00
3.092800000000000182e+03 2.094283922218151588e+02 1.328235677371639500e+00
3.096300000000000182e+03 1.912599476295818874e+02 1.472122689973050180e+00
3.099800000000000182e+03 1.228852147472522631e+02 1.897591226696670352e+00
3.103300000000000182e+03 1.328725779400681688e+02 1.871676586417690302e+00
3.106800000000000182e+03 2.109252680985989343e+02 1.471846694008416945e+00
3.110300000000000182e+03 1.556872383548772802e+02 1.793355661741834695e+00
3.113800000000000182e+03 1.576759885225301900e+02 1.771645719581687262e+00
3.117300000000000182e+03 1.711760176207313862e+02 1.749434856983282049e+00
3.120800000000000182e+03 1.829824332535504823e+02 1.710775598039333545e+00
3.124300000000000182e+03 3.188657435714625308e+02 1.271070431367312015e+00
3.127800000000000182e+03 2.105321977600288506e+02 1.646568261435746638e+00
3.131300000000000182e+03 3.464114524736469320e+02 1.262653436758739645e+00
3.134800000000000182e+03 2.535489929518041095e+02 1.539426042511522041e+00
3.138300000000000182e+03 3.602845331201277759e+02 1.255705044076291799e+00
3.141800000000000182e+03 3.769820551976213778e+02 1.257936509840865247e+00
3.145300000000000182e+03 2.950543225468040305e+02 1.484434256424990606e+00
3.148800000000000182e+03 3.482091383556423807e+02 1.388092650505106995e+00
3.152300000000000182e+03 4.628403089241462567e+02 1.187889389820042885e+00
3.155800000000000182e+03 4.630709804051137439e+02 1.196136052184592291e+00
3.159300000000000182e+03 4.984867121546737962e+02 1.176532578013607555e+00
3.162800000000000182e+03 4.312958246885074800e+02 1.297880466427439705e+00
3.166300000000000182e+03 4.445319005081300361e+02 1.310875118063430600e+00
3.169800000000000182e+03 4.978336812272663110e+02 1.250422713179121681e+00
3.173300000000000182e+03 5.304526365014323801e+02 1.194252106229095833e+00
3.176800000000000182e+03 4.915628612020202013e+02 1.273995678005080734e+00
3.180300000000000182e+03 5.409867298726893523e+02 1.160916458330922829e+00
3.183800000000000182e+03 5.101907782657254984e+02 1.228395810613745143e+00
3.187300000000000182e+03 5.356152304598593901e+02 1.203316931868754214e+00
3.190800000000000182e+03 6.482292168343593630e+02 1.077548702413015036e+00
3.194300000000000182e+03 5.913189897966445869e+02 1.178093990845336725e+00
3.197800000000000182e+03 6.302361535563701409e+02 1.156146859207214384e+00
3.201300000000000182e+03 6.559165668938128420e+02 1.137115022119618457e+00
3.204800000000000182e+03 6.847804252862528074e+02 1.130950963418250188e+00
3.208300000000000182e+03 8.301314263195162084e+02 1.012467842223133907e+00
3.211800000000000182e+03 7.813953537659432413e+02 1.084047906228412517e+00
3.215300000000000182e+03 7.737914945608149537e+02 1.082594771298940328e+00
3.218800000000000182e+03 8.188965317098845844e+02 1.024725251933069181e+00
3.222300000000000182e+03 7.761074365195288465e+02 1.057886735002088630e+00
3.225800000000000182e+03 7.912692205388918865e+02 1.030337532793781374e+00
3.229300000000000182e+03 7.782077903139351065e+02 1.033462982164588650e+00
3.232800000000000182e+03 8.373353890834732738e+02 1.011999964857193124e+00
3.236300000000000182e+03 8.837280475368002044e+02 9.963415912841181443e-01
3.239800000000000182e+03 1.041025488266423054e+03 9.161456116627720858e-01
3.243300000000000182e+03 9.961919503940049481e+02 9.798856760676232236e-01
3.246800000000000182e+03 1.042592931075275601e+03 9.722003365342589687e-01
3.250300000000000182e+03 1.170951880635536781e+03 8.994999093989427541e-01
3.253800000000000182e+03 1.178088111601565743e+03 9.047904692839050522e-01
3.257300000000000182e+03 1.146852534786687102e+03 9.472269584918143748e-01
3.260800000000000182e+03 1.282208001015644186e+03 9.071662656432417648e-01
3.264300000000000182e+03 1.284268538954821224e+03 9.207397196915674265e-01
3.267800000000000182e+03 1.477329533706910524e+03 8.470691983921544432e-01
3.271300000000000182e+03 1.468347732920210774e+03 8.565671745251191016e-01
3.274800000000000182e+03 1.387967027991706800e+03 9.038445790967745141e-01
3.278300000000000182e+03 1.379131233435133936e+03 8.991324615575675416e-01
3.281800000000000182e+03 1.400194308774347292e+03 8.975736123088668972e-01
3.285300000000000182e+03 1.487543164000883507e+03 8.570191697452990143e-01
3.288800000000000182e+03 1.484920704873052046e+03 8.611613341964415858e-01
3.292300000000000182e+03 1.546357613364973986e+03 8.596980513792583656e-01
3.295800000000000182e+03 1.579175699267153504e+03 8.522574662167332615e-01
3.299300000000000182e+03 1.677629564060704297e+03 8.259177819029216439e-01
3.302800000000000182e+03 1.675972985409121975e+03 8.395269137484481226e-01
3.306300000000000182e+03 1.669989269501675835e+03 8.369093003072629600e-01
3.309800000000000182e+03 1.712386038381786193e+03 8.373635753830637185e-01
3.313300000000000182e+03 1.783052860926013636e+03 8.078458227527298696e-01
3.316800000000000182e+03 1.872048027275300001e+03 7.833401754092524927e-01
3.320300000000000182e+03 1.793874128717129224e+03 8.186627090694927888e-01
3.323800000000000182e+03 1.974035417571651806e+03 7.646440379438129709e-01
3.327300000000000182e+03 1.969013988151665217e+03 7.739702963844117267e-01
3.330800000000000182e+03 2.036424140226478130e+03 7.567306549218645317e-01
3.334300000000000182e+03 1.951548058942046509e+03 7.918462514968487298e-01
3.337800000000000182e+03 1.979519251239966934e+03 7.879229330324334368e-01
3.341300000000000182e+03 1.972498779954847805e+03 7.888091464475234238e-01
3.344800000000000182e+03 2.071193252342282449e+03 7.581942411410389493e-01
3.348300000000000182e+03 2.025045089459190422e+03 7.740536558488281260e-01
3.351800000000000182e+03 2.051423974569843722e+03 7.687077802930589732e-01
3.355300000000000182e+03 2.092089815879295656e+03 7.531583125794195643e-01
3.358800000000000182e+03 2.096863634709741291e+03 7.568509703058605709e-01
3.362300000000000182e+03 2.124120375958766090e+03 7.369762802422166192e-01
3.365800000000000182e+03 2.107685383903968614e+03 7.527704404419235384e-01
3.369300000000000182e+03 2.123658337240668970e+03 7.461064004051802812e-01
3.372800000000000182e+03 2.091309831336895058e+03 7.497934821305294317e-01
3.376300000000000182e+03 2.136870874994364385e+03 7.414698069187812823e-01
3.379800000000000182e+03 2.230263249345455733e+03 7.311015705192359659e-01
3.383300000000000182e+03 2.363236723578657347e+03 7.021609404943399690e-01
3.386800000000000182e+03 2.345905639774167867e+03 7.233297439712434995e-01
3.390300000000000182e+03 2.363354363085640216e+03 7.236035767656929796e-01
3.393800000000000182e+03 2.424422366388151204e+03 7.113510138089719215e-01
3.397300000000000182e+03 2.524002850198264696e+03 6.904632669978461035e-01
3.400800000000000182e+03 2.448688266925211792e+03 7.065992846066693200e-01
3.404300000000000182e+03 2.453447487908034418e+03 7.076897190885548250e-01
3.407800000000000182e+03 2.598613311443323710e+03 6.780410682587236781e-01
3.411300000000000182e+03 2.522519177899094302e+03 6.970896643152503236e-01
3.414800000000000182e+03 2.647286410264709957e+03 6.715179464284705135e-01
3.418300000000000182e+03 2.597225776574874544e+03 6.921342155462576473e-01
3.421800000000000182e+03 2.649020758331437264e+03 6.840055839470211563e-01
3.425300000000000182e+03 2.733191099415978897e+03 6.706788023568925894e-01
3.428800000000000182e+03 2.703872797027142497e+03 6.755303377176544721e-01
3.432300000000000182e+03 2.733603183384452223e+03 6.779774574616205252e-01
3.435800000000000182e+03 2.789935509066850500e+03 6.685626999396192538e-01
3.439300000000000182e+03 2.890829220254985103e+03 6.524721976482378283e-01
3.442800000000000182e+03 2.857883583778886532e+03 6.697215508821697805e-01
3.446300000000000182e+03 2.902415426795223084e+03 6.619724467605071494e-01
3.449800000000000182e+03 3.064051172017052522e+03 6.428852254858014037e-01
3.453300000000000182e+03 2.972305435645183024e+03 6.565113493069250072e-01
3.456800000000000182e+03 3.163097475631116595e+03 6.306494395014096144e-01
3.460300000000000182e+03 3.067846945351307568e+03 6.535370994427037727e-01
3.463800000000000182e+03 3.084684729990065989e+03 6.511831477789360445e-01
3.467300000000000182e+03 3.074917336754082498e+03 6.498928461470409035e-01
3.470800000000000182e+03 3.139308002252827919e+03 6.433439567339204190e-01
3.474300000000000182e+03 3.243112226141128758e+03 6.269342254774696865e-01
3.477800000000000182e+03 3.203010662242265880e+03 6.420336163133676388e-01
3.481300000000000182e+03 3.283607374612419790e+03 6.337350615830749101e-01
3.484800000000000182e+03 3.342701855964932747e+03 6.342746316203753398e-01
3.488300000000000182e+03 3.475123709552842683e+03 6.132739957216999382e-01
3.491800000000000182e+03 3.432575626485643625e+03 6.247071782984420230e-01
3.495300000000000182e+03 3.570814212187755402e+03 6.112626331569824822e-01
3.498800000000000182e+03 3.532301438370476262e+03 6.209952826474853804e-01
3.502300000000000182e+03 3.692978165187424565e+03 6.023086337622065578e-01
3.505800000000000182e+03 3.711628250230548019e+03 6.080765558382362768e-01
3.509300000000000182e+03 3.676380112436218951e+03 6.170593381339283257e-01
3.512800000000000182e+03 3.674869936129294274e+03 6.168045171441427499e-01
3.516300000000000182e+03 3.751263600218685497e+03 5.999927851479194274e-01
3.519800000000000182e+03 3.717307591262835103e+03 6.036497556870902281e-01
3.523300000000000182e+03 3.762041129123885185e+03 5.956136100858316906e-01
3.526800000000000182e+03 3.789826527379620074e+03 5.920450023517779270e-01
3.530300000000000182e+03 3.848570998387948748e+03 5.883971019640458211e-01
3.533800000000000182e+03 3.869271319283678167e+03 6.000280834264184460e-01
3.537300000000000182e+03 3.935482542579742130e+03 5.959396306896462825e-01
3.540800000000000182e+03 4.031153126434819114e+03 5.938076178034197294e-01
3.544300000000000182e+03 4.236499748881318737e+03 5.856982482944960156e-01
3.547800000000000182e+03 4.280406840450064919e+03 5.830085726122203882e-01
3.551300000000000182e+03 4.360279356053408264e+03 5.752960893739127446e-01
3.554800000000000182e+03 4.287647728001287760e+03 5.857362356980806428e-01
3.558300000000000182e+03 4.243366708465528973e+03 5.845564794310857959e-01
3.561800000000000182e+03 4.162715937910835237e+03 5.766080409594265266e-01
3.565300000000000182e+03 4.132208357683523900e+03 5.746338741084489055e-01
3.568800000000000182e+03 4.189092138830923432e+03 5.589073077197802553e-01
3.572300000000000182e+03 4.062502357559420943e+03 5.726459179938990784e-01
3.575800000000000182e+03 4.086137838262016885e+03 5.688879279286790380e-01
3.579300000000000182e+03 4.041955712668174783e+03 5.697639415075869129e-01
3.582800000000000182e+03 4.090047129368704645e+03 5.661216573240687167e-01
3.586300000000000182e+03 4.223754455787161532e+03 5.470419139232198802e-01
3.589800000000000182e+03 4.140044557414124938e+03 5.621127156100950151e-01
3.593300000000000182e+03 4.231166383561241673e+03 5.551727694508267197e-01
3.596800000000000182e+03 4.290211752985909698e+03 5.539399172090119228e-01
3.600300000000000182e+03 4.304703937555900666e+03 5.573389555812024998e-01
3.603800000000000182e+03 4.374396570015008365e+03 5.539064960088926348e-01
3.607300000000000182e+03 4.448397349576791385e+03 5.508888291109401703e-01
3.610800000000000182e+03 4.495777609376019427e+03 5.498922492003993634e-01
3.614300000000000182e+03 4.573240814294879783e+03 5.467823382311508551e-01
3.617800000000000182e+03 4.648184826026714290e+03 5.414909886785009840e-01
3.621300000000000182e+03 4.646500271338989478e+03 5.415340540734023822e-01
3.624800000000000182e+03 4.770151774139278132e+03 5.309234510877811619e-01
3.628300000000000182e+03 4.694829499878690513e+03 5.377544160531985140e-01
3.631800000000000182e+03 4.717977386059058517e+03 5.390787910392911275e-01
3.635300000000000182e+03 4.819094687955547670e+03 5.322232568925312490e-01
3.638800000000000182e+03 4.901847633623984620e+03 5.309287590020563830e-01
3.642300000000000182e+03 5.029873631801257034e+03 5.259765038145172156e-01
3.645800000000000182e+03 5.268143548064002061e+03 5.188070697578509582e-01
3.649300000000000182e+03 5.459273793845911314e+03 5.189327169342422552e-01
3.652800000000000182e+03 5.563656712009346847e+03 5.151652012764651456e-01
3.656300000000000182e+03 5.518201949346159381e+03 5.231645808316437440e-01
3.659800000000000182e+03 5.517075156975084610e+03 5.226502060991022880e-01
3.663300000000000182e+03 5.486396900887760239e+03 5.211172617689947550e-01
3.666800000000000182e+03 5.512371110621329535e+03 5.168163831673375785e-01
3.670300000000000182e+03 5.416262617444132047e+03 5.183670230364090248e-01
3.673800000000000182e+03 5.467267605827724765e+03 5.160003702353804789e-01
3.677300000000000182e+03 5.380222766681356916e+03 5.118935429836175555e-01
3.680800000000000182e+03 5.366895985686391214e+03 5.083608388668283684e-01
3.684300000000000182e+03 5.346530369395914931e+03 5.077303604063320153e-01
3.687800000000000182e+03 5.315487782124647310e+03 5.040042572932502685e-01
3.691300000000000182e+03 5.345002579625709586e+03 5.011980607404648014e-01
3.694800000000000182e+03 5.410720852789250785e+03 4.966931627574044938e-01
3.698300000000000182e+03 5.506749600350009132e+03 4.946532877389914207e-01
3.701800000000000182e+03 5.586685819885570709e+03 4.940635935437214243e-01
3.705300000000000182e+03 5.756745114869373538e+03 4.896069422992964104e-01
3.708800000000000182e+03 5.843754769327802023e+03 4.878317428209487105e-01
3.712300000000000182e+03 5.839683761340688761e+03 4.961789628768802918e-01
3.715800000000000182e+03 5.858713330775249233e+03 4.911560625704141647e-01
3.719300000000000182e+03 5.791562459727041642e+03 4.891308750990847609e-01
3.722800000000000182e+03 5.889519808624089819e+03 4.747106353489103925e-01
3.726300000000000182e+03 5.828603172045674910e+03 4.727501299587785200e-01
3.729800000000000182e+03 5.943637380623923491e+03 4.691450062482032668e-01
3.733300000000000182e+03 5.934019032042589970e+03 4.800159482493284169e-01
3.736800000000000182e+03 6.080865284686513405e+03 4.771933879919493804e-01
3.740300000000000182e+03 6.322733285974869432e+03 4.789615495821096247e-01
3.743800000000000182e+03 6.531358779475028314e+03 4.764657528537910025e-01
3.747300000000000182e+03 6.668426815584359247e+03 4.792247870930348985e-01
3.750800000000000182e+03 7.011727138148706217e+03 4.694073010676223512e-01
3.754300000000000182e+03 7.013553423275633577e+03 4.768371604964499744e-01
3.757800000000000182e+03 7.244064065438949910e+03 4.666751980934935595e-01
3.761300000000000182e+03 7.267450363684947661e+03 4.670321269372403883e-01
3.764800000000000182e+03 7.383667498807555603e+03 4.681373673684136039e-01
3.768300000000000182e+03 7.648603020079717680e+03 4.566135614169988255e-01
3.771800000000000182e+03 7.702619390242357440e+03 4.638487395135035829e-01
3.775300000000000182e+03 8.007731185374877896e+03 4.591732584714273702e-01
3.778800000000000182e+03 8.176785429462217508e+03 4.600194209654104305e-01
3.782300000000000182e+03 8.333855810089948136e+03 4.595008477872283836e-01
3.785800000000000182e+03 8.571228448731149911e+03 4.576951896482537863e-01
3.789300000000000182e+03 8.898289306254448093e+03 4.506923358728996964e-01
3.792800000000000182e+03 9.160706723225594033e+03 4.527752625858725843e-01
3.796300000000000182e+03 9.500394754206712605e+03 4.491742249424835465e-01
3.799800000000000182e+03 9.687409245441369421e+03 4.534635388576236381e-01
3.803300000000000182e+03 9.941774542486580685e+03 4.551545798248000096e-01
3.806800000000000182e+03 1.014197270151616794e+04 4.523061549641915202e-01
3.810300000000000182e+03 1.009723473644170008e+04 4.549738333424472869e-01
3.813800000000000182e+03 9.930021032094797192e+03 4.478381104070028873e-01
3.817300000000000182e+03 9.496436355444506262e+03 4.420847285303098895e-01
3.820800000000000182e+03 9.044792218237500492e+03 4.397727387267618693e-01
3.824300000000000182e+03 8.730126829948616432e+03 4.255962993611164813e-01
3.827800000000000182e+03 8.472612488050002867e+03 4.234229619134926570e-01
3.831300000000000182e+03 8.505834818780094793e+03 4.231500747078796310e-01
3.834800000000000182e+03 8.910726117934040303e+03 4.258657279495110526e-01
3.838300000000000182e+03 9.412283960319513426e+03 4.318082024081639769e-01
3.841800000000000182e+03 1.024371235922498454e+04 4.265180528983226749e-01
3.845300000000000182e+03 1.072750473549888375e+04 4.337030520451294890e-01
3.848800000000000182e+03 1.131394703219490293e+04 4.338296852237741863e-01
3.852300000000000182e+03 1.183195163686720480e+04 4.292784452730985523e-01
3.855800000000000182e+03 1.216218298294623855e+04 4.310401279632092852e-01
3.859300000000000182e+03 1.240375820558905616e+04 4.282691200279490351e-01
3.862800000000000182e+03 1.254830140761254552e+04 4.316701247076550341e-01
3.866300000000000182e+03 1.265875448677396525e+04 4.322205223735801627e-01
3.869800000000000182e+03 1.250924674348417102e+04 4.347005838834889224e-01
3.873300000000000182e+03 1.220813968522970754e+04 4.286179135909513049e-01
3.876800000000000182e+03 1.173109037100398382e+04 4.239315628329278218e-01
3.880300000000000182e+03 1.116643628054037436e+04 4.133859514410992420e-01
3.883800000000000182e+03 1.066362080027772572e+04 4.026777533250252561e-01
3.887300000000000182e+03 1.033425923721636718e+04 3.884696334571678400e-01
3.890800000000000182e+03 1.023967365321413672e+04 3.850807549991721590e-01
3.894300000000000182e+03 1.073016006173127244e+04 3.842963437908324398e-01
3.897800000000000182e+03 1.110195384319593359e+04 4.001522263563745963e-01
3.901300000000000182e+03 1.175764430785228251e+04 4.079317689538499714e-01
3.904800000000000182e+03 1.245802697311445445e+04 4.191158822408689866e-01
3.908300000000000182e+03 1.283265885398923638e+04 4.178937729968395520e-01
3.911800000000000182e+03 1.270922527599810019e+04 4.182725319296005662e-01
3.915300000000000182e+03 1.202917485832287457e+04 4.093283101757732578e-01
3.918800000000000182e+03 1.096573203724083760e+04 4.036605136784005010e-01
3.922300000000000182e+03 9.933881458162801209e+03 4.015310674888968312e-01
3.925800000000000182e+03 8.997213927965804032e+03 3.906312776663345421e-01
3.929300000000000182e+03 8.521886763837590479e+03 3.857660554079052617e-01
3.932800000000000182e+03 8.527554092796242912e+03 3.861876675902745637e-01
3.936300000000000182e+03 9.029370203252879946e+03 3.909087907711863985e-01
3.939800000000000182e+03 1.001490968631380565e+04 3.926904850962127935e-01
3.943300000000000182e+03 1.087792494309202993e+04 3.984828090572903325e-01
3.946800000000000182e+03 1.159121244863365791e+04 4.006810943491217469e-01
3.950300000000000182e+03 1.174833602742908079e+04 4.074571573743422381e-01
3.953800000000000182e+03 1.141214017167345446e+04 4.032615004868165265e-01
3.957300000000000182e+03 1.080641559917147060e+04 3.919264283303385277e-01
3.960800000000000182e+03 9.967644674952700370e+03 3.825027593204345377e-01
3.964300000000000182e+03 9.244196984729529504e+03 3.641054662800519703e-01
3.967800000000000182e+03 8.895467574457701630e+03 3.535220884160744648e-01
3.971300000000000182e+03 9.128778581975488123e+03 3.467554132317058335e-01
3.974800000000000182e+03 9.796812279705642140e+03 3.555415769259123726e-01
3.978300000000000182e+03 1.090255290498988870e+04 3.681272705127515144e-01
3.981800000000000182e+03 1.222942236384394346e+04 3.768932527041922165e-01
3.985300000000000182e+03 1.362614697920733124e+04 3.829699930660731000e-01
3.988800000000000182e+03 1.473457501122002213e+04 3.826192059787098532e-01
3.992300000000000182e+03 1.566546929652879044e+04 3.842886738690953208e-01
3.995800000000000182e+03 1.607302684497667906e+04 3.796643127066364198e-01
3.999300000000000182e+03 1.656589782666584870e+04 3.755717545138982927e-01
4.002800000000000182e+03 1.667351334059822329e+04 3.730316178560338924e-01
4.006300000000000182e+03 1.682621590955426655e+04 3.716302649030172600e-01
4.009800000000000182e+03 1.707341692768760186e+04 3.702194743044324166e-01
4.013300000000000182e+03 1.718555773021776986e+04 3.707350334966250660e-01
4.016800000000000182e+03 1.735833065385444206e+04 3.673580185458987790e-01
4.020300000000000182e+03 1.750744160939090216e+04 3.656145886261946698e-01
4.023800000000000182e+03 1.768431813370498276e+04 3.636077946490990920e-01
4.027300000000000182e+03 1.776867269091853450e+04 3.637844560275352301e-01
4.030800000000000182e+03 1.781508103219790792e+04 3.627457144051337012e-01
4.034300000000000182e+03 1.779851703317583815e+04 3.604874043435543629e-01
4.037800000000000182e+03 1.784147821621010007e+04 3.579087729425312614e-01
4.041300000000000182e+03 1.778399190829750660e+04 3.598542000838412247e-01
4.044800000000000182e+03 1.785234709531225235e+04 3.588504442317060339e-01
4.048300000000000182e+03 1.792831515511371617e+04 3.560910942069581697e-01
4.051800000000000182e+03 1.788588799694940826e+04 3.558962706824658762e-01
4.055300000000000182e+03 1.799424565434127362e+04 3.541448649288670425e-01
4.058800000000000182e+03 1.791354027107123329e+04 3.531289752920329095e-01
4.062300000000000182e+03 1.798947791872858215e+04 3.532365264864912868e-01
4.065800000000000182e+03 1.795703678674626644e+04 3.519323668501678215e-01
4.069300000000000182e+03 1.793178112357021018e+04 3.522136792557510332e-01
4.072800000000000182e+03 1.805402990588932516e+04 3.487407039801307951e-01
4.076300000000000182e+03 1.791920297416539324e+04 3.495874739129249398e-01
4.079800000000000182e+03 1.786121876660468843e+04 3.461777635276918064e-01
4.083300000000000182e+03 1.772835270861881872e+04 3.442924229948191028e-01
4.086800000000000182e+03 1.758132806043423989e+04 3.447440669064326668e-01
4.090300000000000182e+03 1.716952317161911196e+04 3.456432912134539959e-01
4.093800000000000182e+03 1.677344183045679893e+04 3.447286824635620306e-01
4.097300000000000182e+03 1.653862684568109398e+04 3.386716416025070675e-01
4.100800000000000182e+03 1.607061064845770306e+04 3.323206715499232300e-01
4.104300000000000182e+03 1.564499963429468698e+04 3.281950129011665385e-01
4.107800000000000182e+03 1.560259117037028955e+04 3.219322581410668516e-01
4.111300000000000182e+03 1.568469554232703740e+04 3.201103054376140400e-01
4.114800000000000182e+03 1.620425064893161834e+04 3.226478627970419399e-01
4.118300000000000182e+03 1.683211568326750421e+04 3.274640579392645301e-01
4.121800000000000182e+03 1.774555770305484475e+04 3.333823599634413437e-01
4.125300000000000182e+03 1.850994246572764314e+04 3.387525930869783042e-01
4.128800000000000182e+03 1.927227190442909705e+04 3.382649119658375780e-01
4.132300000000000182e+03 1.992767294125945045e+04 3.358388023189584626e-01
4.135800000000000182e+03 2.032998760512743320e+04 3.313122643487079744e-01
4.139300000000000182e+03 2.060730495916663131e+04 3.296236823369337321e-01
4.142800000000000182e+03 2.078916436141572558e+04 3.300131313299003999e-01
4.146300000000000182e+03 2.087993236933830485e+04 3.244433050634418225e-01
4.149800000000000182e+03 2.112904004600701592e+04 3.255595554994224483e-01
4.153300000000000182e+03 2.125028695484724813e+04 3.242768214663717119e-01
4.156800000000000182e+03 2.138772465625959376e+04 3.238680881674528278e-01
4.160300000000000182e+03 2.135397576920016581e+04 3.216039947603350213e-01
4.163800000000000182e+03 2.150601234689767080e+04 3.218840110575115210e-01
4.167300000000000182e+03 2.150125108567928692e+04 3.203216421986322393e-01
4.170800000000000182e+03 2.152700757076078662e+04 3.186196716902782167e-01
4.174300000000000182e+03 2.166328528693054250e+04 3.171558002190578152e-01
4.177800000000000182e+03 2.172954300907785000e+04 3.172531608529584046e-01
4.181300000000000182e+03 2.166724392811970392e+04 3.160666916700108908e-01
4.184800000000000182e+03 2.169185690206469008e+04 3.134580427604791164e-01
4.188300000000000182e+03 2.171566584960329055e+04 3.158824162357281584e-01
4.191800000000000182e+03 2.196309950573358583e+04 3.116573727032082575e-01
4.195300000000000182e+03 2.186874834605857905e+04 3.131578755024230221e-01
4.198800000000000182e+03 2.204692958302629268e+04 3.122277204229422787e-01
4.202300000000000182e+03 2.199765674053915791e+04 3.095283237709600677e-01
4.205800000000000182e+03 2.225824215140959132e+04 3.097516079483254581e-01
4.209300000000000182e+03 2.234902758898325555e+04 3.087482318059559527e-01
4.212800000000000182e+03 2.228926799778718487e+04 3.050031584652571626e-01
4.216300000000000182e+03 2.221708262837709844e+04 3.076697966995158295e-01
4.219800000000000182e+03 2.225924349074032943e+04 3.049198090347948198e-01
4.223300000000000182e+03 2.216873346447875156e+04 3.046366327383270289e-01
4.226800000000000182e+03 2.223057286942703649e+04 3.011455637261719054e-01
4.230300000000000182e+03 2.213533565993314187e+04 3.014103264247164349e-01
4.233800000000000182e+03 2.222897660316042675e+04 3.018855326114319171e-01
4.237300000000000182e+03 2.243852676076968055e+04 3.002787457991236697e-01
4.240800000000000182e+03 2.261837001248299566e+04 2.995664143277503855e-01
4.244300000000000182e+03 2.276488857705010741e+04 3.001254738991886439e-01
4.247800000000000182e+03 2.307376945003666697e+04 2.971143636065438076e-01
4.251300000000000182e+03 2.292975561688644666e+04 2.993689358379827969e-01
4.254800000000000182e+03 2.291361202473668163e+04 2.964409569104242692e-01
4.258300000000000182e+03 2.298481312041696219e+04 2.966736870249010449e-01
4.261800000000000182e+03 2.295461404637590749e+04 2.939559571478182476e-01
4.265300000000000182e+03 2.288931633479790980e+04 2.924964616751786761e-01
4.268800000000000182e+03 2.287556935783991139e+04 2.930159783204764889e-01
4.272300000000000182e+03 2.283063730025651967e+04 2.897358763883594035e-01
4.275800000000000182e+03 2.287318351988522409e+04 2.901614759117219777e-01
4.279300000000000182e+03 2.281610179674524625e+04 2.902092869553848931e-01
4.282800000000000182e+03 2.288175948742235778e+04 2.904634267009564286e-01
4.286300000000000182e+03 2.289168271377830024e+04 2.911577837855153228e-01
4.289800000000000182e+03 2.283815944515256706e+04 2.889051145601245207e-01
4.293300000000000182e+03 2.259484017624810076e+04 2.871903746394374735e-01
4.296800000000000182e+03 2.244504866997777935e+04 2.874728891137568465e-01
4.300300000000000182e+03 2.214116786965609208e+04 2.873550176488652297e-01
4.303800000000000182e+03 2.181524919729135217e+04 2.852135964315168359e-01
4.307300000000000182e+03 2.161919878441864057e+04 2.851547332788135214e-01
4.310800000000000182e+03 2.147281170518394356e+04 2.850331211264330866e-01
4.314300000000000182e+03 2.130601614771029926e+04 2.845634798532100662e-01
4.317800000000000182e+03 2.116829307424593571e+04 2.826597478341070224e-01
4.321300000000000182e+03 2.138751841008929114e+04 2.810003890950402150e-01
4.324800000000000182e+03 2.139226053235952349e+04 2.766823162832923177e-01
4.328300000000000182e+03 2.141299348944224766e+04 2.777460828539240478e-01
4.331800000000000182e+03 2.119203598606410014e+04 2.777902183175317563e-01
4.335300000000000182e+03 2.079019055369437774e+04 2.749191815607594513e-01
4.338800000000000182e+03 2.033270935757911502e+04 2.720494024995629978e-01
4.342300000000000182e+03 1.988402231969209970e+04 2.683148200609595246e-01
4.345800000000000182e+03 1.975103392051373521e+04 2.624157696947638230e-01
4.349300000000000182e+03 1.996686463247880238e+04 2.586258354398449644e-01
4.352800000000000182e+03 2.033964294270140454e+04 2.583248412713324837e-01
4.356300000000000182e+03 2.128863267433171495e+04 2.645640856467538771e-01
4.359800000000000182e+03 2.244071987604886090e+04 2.666081953306680963e-01
4.363300000000000182e+03 2.367672208899226825e+04 2.746743521717903147e-01
4.366800000000000182e+03 2.453606548924198069e+04 2.776449143823460086e-01
4.370300000000000182e+03 2.550373549195516534e+04 2.768431952422837350e-01
4.373800000000000182e+03 2.577262744185544216e+04 2.731493464634058288e-01
4.377300000000000182e+03 2.622499967098084016e+04 2.677126831759826797e-01
4.380800000000000182e+03 2.604035791446502844e+04 2.681850927451455702e-01
4.384300000000000182e+03 2.611099083689655890e+04 2.644276217394408435e-01
4.387800000000000182e+03 2.568064502666697445e+04 2.623409509713056642e-01
4.391300000000000182e+03 2.589018372554927555e+04 2.647014946210640152e-01
4.394800000000000182e+03 2.595272399951818079e+04 2.625169173981181658e-01
4.398300000000000182e+03 2.591170220425053776e+04 2.626828178861508878e-01
4.401800000000000182e+03 2.590464518818436773e+04 2.627338351935975536e-01
4.405300000000000182e+03 2.621511128320621719e+04 2.615207680275138391e-01
4.408800000000000182e+03 2.610945093234195883e+04 2.605089226337921060e-01
4.412300000000000182e+03 2.624558311209905150e+04 2.615551188465215504e-01
4.415800000000000182e+03 2.624843847953972363e+04 2.595006036681934969e-01
4.419300000000000182e+03 2.632007127509142083e+04 2.587833071718477207e-01
4.422800000000000182e+03 2.637201564112149936e+04 2.588571919827282741e-01
4.426300000000000182e+03 2.642761263272806173e+04 2.584474026979006189e-01
4.429800000000000182e+03 2.644922178711547531e+04 2.573531068403117628e-01
4.433300000000000182e+03 2.638090382010096801e+04 2.571065052502056747e-01
4.436800000000000182e+03 2.671074513968797692e+04 2.536608695261024504e-01
4.440300000000000182e+03 2.646156777429310023e+04 2.576630539570473055e-01
4.443800000000000182e+03 2.677424918606304345e+04 2.561412728410843442e-01
4.447300000000000182e+03 2.673664430876825645e+04 2.544592041357685575e-01
4.450800000000000182e+03 2.688999212407906089e+04 2.541045936574445330e-01
4.454300000000000182e+03 2.705014580687296257e+04 2.516449265749911568e-01
4.457800000000000182e+03 2.725829047944245758e+04 2.504004545144169480e-01
4.461300000000000182e+03 2.735089265286762748e+04 2.505710389135406557e-01
4.464800000000000182e+03 2.748843805739671370e+04 2.503890908026961681e-01
4.468300000000000182e+03 2.756418737050600248e+04 2.518167288867811382e-01
4.471800000000000182e+03 2.753698856830515433e+04 2.516469442543879387e-01
4.475300000000000182e+03 2.756024295541115862e+04 2.496705414796912825e-01
4.478800000000000182e+03 2.765969723320505364e+04 2.456999122525707624e-01
4.482300000000000182e+03 2.765898363700520349e+04 2.475125828294376662e-01
4.485800000000000182e+03 2.789125205058747088e+04 2.455196653544384211e-01
4.489300000000000182e+03 2.782766346521453306e+04 2.450883192055685056e-01
4.492800000000000182e+03 2.798819433340969408e+04 2.460984664908471564e-01
4.496300000000000182e+03 2.837218350114616987e+04 2.451250136114373479e-01
4.499800000000000182e+03 2.868639223600391779e+04 2.446339342233049829e-01
4.503300000000000182e+03 2.896953203942779510e+04 2.449584196747160159e-01
4.506800000000000182e+03 2.938210332065279363e+04 2.444347930740494446e-01
4.510300000000000182e+03 2.951921060453334212e+04 2.448825178377559142e-01
4.513800000000000182e+03 2.950798467683444687e+04 2.431418953803726468e-01
4.517300000000000182e+03 2.916444089655600692e+04 2.413063477769784027e-01
4.520800000000000182e+03 2.894987382513868943e+04 2.393751290396069764e-01
4.524300000000000182e+03 2.861648796720020619e+04 2.403159332036893248e-01
4.527800000000000182e+03 2.839306308279464429e+04 2.366541475600947297e-01
4.531300000000000182e+03 2.818626775143481427e+04 2.377736160912906904e-01
4.534800000000000182e+03 2.835947192898616777e+04 2.383860370494886860e-01
4.538300000000000182e+03 2.824284167281309055e+04 2.378548990253043782e-01
4.541800000000000182e+03 2.839654905819093983e+04 2.363252816772851150e-01
4.545300000000000182e+03 2.844223183619958581e+04 2.379470850207215937e-01
4.548800000000000182e+03 2.864437293474491526e+04 2.357221138485277590e-01
4.552300000000000182e+03 2.885898449163189798e+04 2.337598782581951917e-01
4.555800000000000182e+03 2.915517214184944169e+04 2.358249547455372186e-01
4.559300000000000182e+03 2.956445305503424606e+04 2.338609884472221678e-01
4.562800000000000182e+03 3.005256747297017137e+04 2.332424436895529918e-01
4.566300000000000182e+03 2.999574606430824497e+04 2.335796317748194961e-01
4.569800000000000182e+03 2.980636492694015760e+04 2.345222590686836250e-01
4.573300000000000182e+03 3.009720552668729943e+04 2.316227068899330277e-01
4.576800000000000182e+03 2.978445921254987115e+04 2.321602210536906075e-01
4.580300000000000182e+03 2.971269672984473800e+04 2.303444584645801541e-01
4.583800000000000182e+03 2.936504650665228473e+04 2.315864620777642047e-01
4.587300000000000182e+03 2.912737045553582720e+04 2.290538781864149276e-01
4.590800000000000182e+03 2.909100221384140968e+04 2.274286205292961605e-01
4.594300000000000182e+03 2.914081530385999940e+04 2.279795118788842390e-01
4.597800000000000182e+03 2.937467503956049404e+04 2.258588574960684048e-01
4.601300000000000182e+03 2.945950341773431501e+04 2.264340822181800383e-01
4.604800000000000182e+03 2.969249458389892607e+04 2.254622579820761974e-01
4.608300000000000182e+03 3.006480895430850796e+04 2.262952359200877395e-01
4.611800000000000182e+03 2.979048081478519453e+04 2.267947876228650350e-01
4.615300000000000182e+03 2.969951792078580547e+04 2.230858196541042893e-01
4.618800000000000182e+03 2.956136781710728610e+04 2.254639826737409036e-01
4.622300000000000182e+03 2.968583989787895189e+04 2.226468298704159243e-01
4.625800000000000182e+03 2.940804979251174882e+04 2.245691364488487385e-01
4.629300000000000182e+03 2.936058493686208021e+04 2.212104011245862589e-01
4.632800000000000182e+03 2.957420146161441880e+04 2.186190847720403119e-01
4.636300000000000182e+03 2.951220929651727420e+04 2.192413562267596927e-01
4.639800000000000182e+03 2.952022687109386243e+04 2.194287665494112638e-01
4.643300000000000182e+03 2.963484889927880795e+04 2.204462372684445337e-01
4.646800000000000182e+03 2.970270258536926849e+04 2.200938214607167376e-01
4.650300000000000182e+03 3.003230272167925796e+04 2.178075008220109743e-01
4.653800000000000182e+03 2.989636537752698496e+04 2.179921903795592475e-01
4.657300000000000182e+03 3.031133273878621912e+04 2.159058388798119066e-01
4.660800000000000182e+03 3.028538710488624565e+04 2.178981845526998251e-01
4.664300000000000182e+03 3.055892614237422822e+04 2.142135580030675168e-01
4.667800000000000182e+03 3.033131558932454936e+04 2.159649631747385390e-01
4.671300000000000182e+03 3.038607963600282164e+04 2.141284111926334277e-01
4.674800000000000182e+03 3.042954210888861780e+04 2.143723978993261059e-01
4.678300000000000182e+03 3.017685098285652566e+04 2.155628924987819661e-01
4.681800000000000182e+03 3.004762959089295327e+04 2.155125222027412246e-01
4.685300000000000182e+03 2.997625588804248036e+04 2.133819627038942568e-01
4.688800000000000182e+03 2.980316247307010053e+04 2.132263961235630889e-01
4.692300000000000182e+03 2.952297882691495397e+04 2.141727310675579088e-01
4.695800000000000182e+03 2.943574495104522430e+04 2.134249156305599304e-01
4.699300000000000182e+03 2.929357530325337575e+04 2.102934042888289223e-01
4.702800000000000182e+03 2.925726807678970727e+04 2.085489130187297702e-01
4.706300000000000182e+03 2.889178002383332205e+04 2.087202224180461363e-01
4.709800000000000182e+03 2.879933764907500154e+04 2.096523319073527736e-01
4.713300000000000182e+03 2.896948591330778436e+04 2.074841483357277028e-01
4.716800000000000182e+03 2.924829573942135175e+04 2.091110816682744677e-01
4.720300000000000182e+03 2.958897682910545700e+04 2.093494326987615228e-01
4.723800000000000182e+03 2.962043328799493247e+04 2.095590583218468195e-01
4.727300000000000182e+03 3.005791315457043311e+04 2.078685611582933301e-01
4.730800000000000182e+03 3.038678732982199654e+04 2.062223645532503535e-01
4.734300000000000182e+03 3.036123351203463244e+04 2.047710064964916032e-01
4.737800000000000182e+03 3.043400564024349660e+04 2.066243216337974309e-01
4.741300000000000182e+03 3.030931304353429732e+04 2.077012366697540413e-01
4.744800000000000182e+03 3.043793637353019585e+04 2.070099519746966543e-01
4.748300000000000182e+03 3.042426898570197591e+04 2.058570442819113444e-01
4.751800000000000182e+03 3.056341323912975349e+04 2.050660061368514697e-01
4.755300000000000182e+03 3.053092339072233153e+04 2.041748198008066228e-01
4.758800000000000182e+03 3.054571588277867340e+04 2.044214271331736554e-01
4.762300000000000182e+03 3.043466302250778972e+04 2.039137710779195534e-01
4.765800000000000182e+03 3.037645678607836089e+04 2.035134197879304163e-01
4.769300000000000182e+03 3.041984224560309667e+04 2.022424572681027211e-01
4.772800000000000182e+03 3.047081234473117001e+04 2.037455099721592888e-01
4.776300000000000182e+03 3.029359747650447025e+04 2.006023185366775652e-01
4.779800000000000182e+03 3.016832095913989178e+04 2.014008267746831837e-01
4.783300000000000182e+03 3.012553386919645345e+04 2.021455787232631085e-01
4.786800000000000182e+03 3.021405304835929201e+04 2.004479842880756146e-01
4.790300000000000182e+03 3.024208467822432067e+04 2.014995891898885838e-01
4.793800000000000182e+03 3.007724317496648291e+04 2.009993690000639321e-01
4.797300000000000182e+03 2.989188507041693811e+04 1.996828828756479213e-01
4.800800000000000182e+03 2.999619098375698013e+04 1.986855121716177286e-01
4.804300000000000182e+03 2.997464287193812561e+04 2.005781057702259729e-01
4.807800000000000182e+03 2.991260818946938889e+04 1.996149940899543118e-01
4.811300000000000182e+03 2.988997158631906859e+04 1.991613272679507995e-01
4.814800000000000182e+03 2.986476546930295444e+04 1.994955776513895884e-01
4.818300000000000182e+03 2.967981097677681464e+04 1.996375713224597115e-01
4.821800000000000182e+03 2.982269546860783885e+04 1.990909496954107738e-01
4.825300000000000182e+03 2.971671065591538354e+04 1.991457914383708838e-01
4.828800000000000182e+03 2.965025753281931611e+04 1.988126871560249309e-01
4.832300000000000182e+03 2.900527391356170483e+04 2.012809882220708557e-01
4.835800000000000182e+03 2.843850707317868364e+04 1.963939540498600700e-01
4.839300000000000182e+03 2.772802726675495433e+04 1.981816763959386996e-01
4.842800000000000182e+03 2.701362707335513187e+04 1.947831842306510242e-01
4.846300000000000182e+03 2.629503029124152818e+04 1.937969030731582498e-01
4.849800000000000182e+03 2.553006229441591495e+04 1.934834546159152902e-01
4.853300000000000182e+03 2.460585715092534519e+04 1.932921376663953583e-01
4.856800000000000182e+03 2.360029294424511681e+04 1.912746245485461016e-01
4.860300000000000182e+03 2.289208181194191275e+04 1.892738763136438129e-01
4.863800000000000182e+03 2.229990341480342613e+04 1.823537151040784399e-01
4.867300000000000182e+03 2.194529482508832734e+04 1.778882779435216333e-01
4.870800000000000182e+03 2.202587842119082052e+04 1.793207317568918657e-01
4.874300000000000182e+03 2.274915595440961988e+04 1.818891169730577628e-01
4.877800000000000182e+03 2.368912309311145509e+04 1.851039517536617884e-01
4.881300000000000182e+03 2.508298551835227408e+04 1.909444946330421944e-01
4.884800000000000182e+03 2.639097851343834191e+04 1.933917807072689232e-01
4.888300000000000182e+03 2.731794420040715704e+04 1.967929513675421294e-01
4.891800000000000182e+03 2.821285778074043264e+04 1.953750501211624357e-01
4.895300000000000182e+03 2.878256469807112808e+04 1.909588958979578366e-01
4.898800000000000182e+03 2.895778364232729291e+04 1.899710131950955450e-01
4.902300000000000182e+03 2.891018518341724121e+04 1.882830437024563264e-01
4.905800000000000182e+03 2.879936634121216412e+04 1.873989559721810083e-01
4.909300000000000182e+03 2.904765560220956104e+04 1.874016590027988982e-01
4.912800000000000182e+03 2.888488775632920078e+04 1.864835888138286213e-01
4.916300000000000182e+03 2.884711807408984896e+04 1.877976986311789831e-01
4.919800000000000182e+03 2.891123768560943427e+04 1.834510273016641269e-01
4.923300000000000182e+03 2.872729337496390508e+04 1.868574386727173409e-01
4.926800000000000182e+03 2.884518348566561326e+04 1.851729022185386597e-01
4.930300000000000182e+03 2.872425539568000750e+04 1.842836080474511140e-01
4.933800000000000182e+03 2.875338419361653723e+04 1.852322698622887731e-01
4.937300000000000182e+03 2.897818044435292177e+04 1.839573373696944958e-01
4.940800000000000182e+03 2.916954075348105471e+04 1.852827901570250346e-01
4.944300000000000182e+03 2.916625269533679966e+04 1.832642874748720563e-01
4.947800000000000182e+03 2.940967483720441669e+04 1.835760969240295137e-01
4.951300000000000182e+03 2.944816523508597311e+04 1.831347788679251187e-01
4.954800000000000182e+03 2.962510679511833587e+04 1.830620251730797066e-01
4.958300000000000182e+03 2.971068904844968347e+04 1.841038368918987422e-01
4.961800000000000182e+03 2.980038551403755991e+04 1.846904551590262122e-01
4.965300000000000182e+03 2.991010615764010799e+04 1.810205481521600934e-01
4.968800000000000182e+03 2.973546694680225846e+04 1.833560307935094003e-01
4.972300000000000182e+03 2.957340547174296807e+04 1.832511681705575879e-01
4.975800000000000182e+03 2.932117712095818570e+04 1.812904212305527507e-01
4.979300000000000182e+03 2.909852101662195491e+04 1.828596896911445502e-01
4.982800000000000182e+03 2.880914015394617672e+04 1.828131778102804195e-01
4.986300000000000182e+03 2.861783915020463610e+04 1.830687381395743052e-01
4.989800000000000182e+03 2.845190788414599956e+04 1.792293934635862396e-01
4.993300000000000182e+03 2.805874603097691215e+04 1.829867206808344360e-01
4.996800000000000182e+03 2.793168499757902828e+04 1.809199779437055122e-01
5.000300000000000182e+03 2.778210058692773964e+04 1.805676462714258801e-01
5.003800000000000182e+03 2.763334407527017174e+04 1.800473733302044854e-01
5.007300000000000182e+03 2.756909289842881844e+04 1.799966354758761045e-01
5.010800000000000182e+03 2.771348755455665378e+04 1.795267947592721069e-01
5.014300000000000182e+03 2.762459176156634931e+04 1.800941872880048034e-01
5.017800000000000182e+03 2.793524386311695707e+04 1.784183282297897022e-01
5.021300000000000182e+03 2.810914845898765634e+04 1.794665282969551134e-01
5.024800000000000182e+03 2.852048027313156854e+04 1.783274203564121363e-01
5.028300000000000182e+03 2.858256686861857088e+04 1.819174812650766748e-01
5.031800000000000182e+03 2.856654003864317929e+04 1.836935417077751598e-01
5.035300000000000182e+03 2.856099539392316001e+04 1.821556111666738642e-01
5.038800000000000182e+03 2.859098130386228149e+04 1.803690818519934902e-01
5.042300000000000182e+03 2.825979587481647104e+04 1.803856716989413189e-01
5.045800000000000182e+03 2.850044354093017682e+04 1.773940142509886075e-01
5.049300000000000182e+03 2.850870211536217539e+04 1.789971452110692696e-01
5.052800000000000182e+03 2.852107672482858834e+04 1.755789471436149107e-01
5.056300000000000182e+03 2.875474718849109922e+04 1.751598779062277789e-01
5.059800000000000182e+03 2.888882199588715230e+04 1.777679956024250107e-01
5.063300000000000182e+03 2.903645838960862238e+04 1.770481854235163299e-01
5.066800000000000182e+03 2.926887455926897019e+04 1.763038141360341871e-01
5.070300000000000182e+03 2.936331060560758124e+04 1.773171069343065787e-01
5.073800000000000182e+03 2.904940447372907511e+04 1.778426228067147563e-01
5.077300000000000182e+03 2.908170875626588895e+04 1.747598541299091313e-01
5.080800000000000182e+03 2.912577063767564323e+04 1.752298048335708958e-01
5.084300000000000182e+03 2.874747398046933085e+04 1.776331965197752161e-01
5.087800000000000182e+03 2.887610104241284716e+04 1.730584435947170041e-01
5.091300000000000182e+03 2.890326703598359381e+04 1.734596147325727644e-01
5.094800000000000182e+03 2.887815255206565780e+04 1.728181080317743312e-01
5.098300000000000182e+03 2.893025380589794077e+04 1.732649066543195115e-01
5.101800000000000182e+03 2.894829307480759962e+04 1.714991032599342824e-01
5.105300000000000182e+03 2.922370450344130950e+04 1.721533429919404334e-01
5.108800000000000182e+03 2.907224212916018223e+04 1.729283507509692119e-01
5.112300000000000182e+03 2.909625372525402781e+04 1.723381563406316264e-01
5.115800000000000182e+03 2.899645768538616176e+04 1.719482783368476708e-01
5.119300000000000182e+03 2.909496869372528090e+04 1.692710567675222433e-01
5.122800000000000182e+03 2.896738359963477342e+04 1.690318744814602314e-01
5.126300000000000182e+03 2.888295911862427238e+04 1.698323294483015666e-01
5.129800000000000182e+03 2.856726182609350508e+04 1.710801308579132651e-01
5.133300000000000182e+03 2.863518367556863450e+04 1.695915742635936974e-01
5.136800000000000182e+03 2.856173308172482211e+04 1.671559736615186587e-01
5.140300000000000182e+03 2.834608175719133214e+04 1.677722041630596850e-01
5.143800000000000182e+03 2.831077405452870880e+04 1.702841468672745828e-01
5.147300000000000182e+03 2.794885636826222253e+04 1.678323529755336441e-01
5.150800000000000182e+03 2.801780419251478088e+04 1.687563509034450682e-01
5.154300000000000182e+03 2.791337895182227658e+04 1.673571758477322424e-01
5.157800000000000182e+03 2.777603715368811390e+04 1.673378059780890048e-01
5.161300000000000182e+03 2.753422369830296520e+04 1.696600475513078410e-01
5.164800000000000182e+03 2.752796633696135541e+04 1.665830237454097584e-01
5.168300000000000182e+03 2.756362102244109337e+04 1.646362224017709486e-01
5.171800000000000182e+03 2.746477116943348665e+04 1.677065993301775360e-01
5.175300000000000182e+03 2.729219406918909954e+04 1.671024438459990102e-01
5.178800000000000182e+03 2.732281932299215259e+04 1.664510674617980801e-01
5.182300000000000182e+03 2.727208220737729062e+04 1.655817389087404501e-01
5.185800000000000182e+03 2.713605951247363191e+04 1.656661262911767740e-01
5.189300000000000182e+03 2.724885978989400246e+04 1.662444671436111576e-01
5.192800000000000182e+03 2.744147078115344630e+04 1.649525369680389930e-01
5.196300000000000182e+03 2.734879996272881544e+04 1.655703318160762494e-01
5.199800000000000182e+03 2.760640110758575611e+04 1.634060684721080625e-01
5.203300000000000182e+03 2.788746572755122179e+04 1.653575793604228350e-01
5.206800000000000182e+03 2.782096565131473108e+04 1.654273930633814726e-01
5.210300000000000182e+03 2.789396177731936768e+04 1.659778758372037755e-01
5.213800000000000182e+03 2.806123905727728561e+04 1.634320083502963095e-01
5.217300000000000182e+03 2.791371117819466599e+04 1.646928677320588785e-01
5.220800000000000182e+03 2.815686814988107290e+04 1.668141373553396201e-01
5.224300000000000182e+03 2.831136951264234813e+04 1.641607831948429796e-01
5.227800000000000182e+03 2.821684681937467394e+04 1.639998932558281441e-01
5.231300000000000182e+03 2.829373455033994105e+04 1.646193987141212067e-01
5.234800000000000182e+03 2.825886538359928090e+04 1.648503449749730565e-01
5.238300000000000182e+03 2.846282134764304647e+04 1.651357237428574543e-01
5.241800000000000182e+03 2.867006964149915075e+04 1.639121384556087302e-01
5.245300000000000182e+03 2.865562832729920046e+04 1.643700304144543045e-01
5.248800000000000182e+03 2.848419105832849527e+04 1.655539709816814531e-01
5.252300000000000182e+03 2.833649618093668687e+04 1.642004209981122453e-01
5.255800000000000182e+03 2.796693070175448520e+04 1.665942734093410760e-01
5.259300000000000182e+03 2.762430337429476640e+04 1.649411249277122071e-01
5.262800000000000182e+03 2.724725878551451387e+04 1.635966068231031745e-01
5.266300000000000182e+03 2.695297536684401348e+04 1.613448597893692438e-01
5.269800000000000182e+03 2.672152059228861981e+04 1.627288278880616446e-01
5.273300000000000182e+03 2.667880269693180890e+04 1.652553851620643666e-01
5.276800000000000182e+03 2.697930873639033598e+04 1.631875776801569866e-01
5.280300000000000182e+03 2.735409747900523507e+04 1.636651294320565220e-01
5.283800000000000182e+03 2.769278603039037625e+04 1.657700826030369667e-01
5.287300000000000182e+03 2.783414520485473986e+04 1.623042060921013330e-01
5.290800000000000182e+03 2.808364822187014943e+04 1.651002449701514663e-01
5.294300000000000182e+03 2.821977402937140869e+04 1.651671523350260185e-01
5.297800000000000182e+03 2.852824055801727445e+04 1.643750743642758416e-01
5.301300000000000182e+03 2.850433673289409126e+04 1.663791210813523880e-01
5.304800000000000182e+03 2.842337980650072132e+04 1.633297272858949545e-01
5.308300000000000182e+03 2.839305270639747323e+04 1.623541462533075463e-01
5.311800000000000182e+03 2.829285099275352695e+04 1.640305861721418068e-01
5.315300000000000182e+03 2.804020987536904795e+04 1.627922256220385722e-01
5.318800000000000182e+03 2.779185445965452163e+04 1.620591362106847122e-01
5.322300000000000182e+03 2.739516562917807460e+04 1.631955729724293425e-01
5.325800000000000182e+03 2.725530410427584502e+04 1.612863147134739605e-01
5.329300000000000182e+03 2.719252816720442570e+04 1.596731691470725523e-01
5.332800000000000182e+03 2.712786804706810290e+04 1.615603262054886857e-01
5.336300000000000182e+03 2.716326982881663571e+04 1.597463655986946229e-01
5.339800000000000182e+03 2.737592878724766706e+04 1.620430408931872179e-01
5.343300000000000182e+03 2.754164808512328091e+04 1.613933991958398928e-01
5.346800000000000182e+03 2.786348075822997635e+04 1.612186474063386499e-01
5.350300000000000182e+03 2.784393660849372827e+04 1.611704037663510836e-01
5.353800000000000182e+03 2.818800807845712552e+04 1.607846417258157190e-01
5.357300000000000182e+03 2.793640341607972732e+04 1.619223946564744554e-01
5.360800000000000182e+03 2.799601711168706970e+04 1.600715882661377099e-01
5.364300000000000182e+03 2.801073632702717077e+04 1.570641846426075738e-01
5.367800000000000182e+03 2.791936032440289637e+04 1.609886631311993055e-01
5.371300000000000182e+03 2.791458161210066828e+04 1.604897375482005617e-01
5.374800000000000182e+03 2.769930752290307282e+04 1.604801521558255062e-01
5.378300000000000182e+03 2.768903667387732639e+04 1.588811461502031008e-01
5.381800000000000182e+03 2.762979005725597017e+04 1.599491369311603350e-01
5.385300000000000182e+03 2.758796801509255965e+04 1.595291255242567985e-01
5.388800000000000182e+03 2.768171142822170805e+04 1.601788391837063175e-01
5.392300000000000182e+03 2.748411880494936486e+04 1.603944070206945460e-01
5.395800000000000182e+03 2.741536846047741710e+04 1.594820417559632830e-01
5.399300000000000182e+03 2.733286259310356400e+04 1.578775295142986757e-01
5.402800000000000182e+03 2.715497131985592205e+04 1.588202752131594453e-01
5.406300000000000182e+03 2.701728797851235868e+04 1.608655767224414224e-01
5.409800000000000182e+03 2.707796376423588299e+04 1.611541712832435247e-01
5.413300000000000182e+03 2.702740952900752745e+04 1.604512226985428947e-01
5.416800000000000182e+03 2.702245094749395139e+04 1.588971630130391610e-01
5.420300000000000182e+03 2.690911083363797297e+04 1.591434098852915757e-01
5.423800000000000182e+03 2.713052907892378062e+04 1.603998850564545553e-01
5.427300000000000182e+03 2.720390079161727772e+04 1.585661254354252536e-01
5.430800000000000182e+03 2.724550242968762177e+04 1.611047977974634227e-01
5.434300000000000182e+03 2.742554422077992422e+04 1.587357186961738387e-01
5.437800000000000182e+03 2.747169157770010861e+04 1.593410461409585643e-01
5.441300000000000182e+03 2.753374506425211439e+04 1.588877687087076884e-01
5.444800000000000182e+03 2.768693911897177532e+04 1.580270809915902686e-01
5.448300000000000182e+03 2.763019247689651820e+04 1.566690631793868083e-01
5.451800000000000182e+03 2.757756023674792232e+04 1.588187003723059154e-01
5.455300000000000182e+03 2.747288665679979749e+04 1.580760760442574686e-01
5.458800000000000182e+03 2.731609341828009929e+04 1.581572879888894501e-01
5.462300000000000182e+03 2.723229591176219401e+04 1.574961690003967851e-01
5.465800000000000182e+03 2.720536013437977817e+04 1.581530527780687090e-01
5.469300000000000182e+03 2.736410638142095195e+04 1.566256590157942552e-01
5.472800000000000182e+03 2.721673355539291515e+04 1.569716975139991144e-01
5.476300000000000182e+03 2.712740788452601555e+04 1.563216773024597994e-01
5.479800000000000182e+03 2.709498773663251995e+04 1.565625169824361451e-01
5.483300000000000182e+03 2.730397719159984263e+04 1.535945144567663345e-01
5.486800000000000182e+03 2.728496344882710764e+04 1.562451785323609177e-01
5.490300000000000182e+03 2.735192408324828284e+04 1.541636145541299130e-01
5.493800000000000182e+03 2.711537014214777810e+04 1.550207196973387436e-01
5.497300000000000182e+03 2.731947796678404484e+04 1.553463517518740566e-01
5.500800000000000182e+03 2.738609109163809626e+04 1.563981278030676103e-01
5.504300000000000182e+03 2.707714617286582506e+04 1.562173215414613681e-01
5.507800000000000182e+03 2.720695844213415694e+04 1.559825281139386177e-01
5.511300000000000182e+03 2.704633319791449685e+04 1.537961398027068438e-01
5.514800000000000182e+03 2.703716741299566274e+04 1.541024860197733048e-01
5.518300000000000182e+03 2.719970333170030426e+04 1.532882169366431568e-01
5.521800000000000182e+03 2.680860914938963106e+04 1.557347107841866585e-01
5.525300000000000182e+03 2.702277262390413307e+04 1.548655980284655842e-01
5.528800000000000182e+03 2.685254122739243030e+04 1.541504590023903554e-01
5.532300000000000182e+03 2.697336984345146629e+04 1.528979372041895102e-01
5.535800000000000182e+03 2.687942268296953625e+04 1.541889941488203131e-01
5.539300000000000182e+03 2.696596348080080134e+04 1.517971995952105690e-01
5.542800000000000182e+03 2.693890998967132691e+04 1.527889265745203673e-01
5.546300000000000182e+03 2.702907326038544488e+04 1.533131353280274556e-01
5.549800000000000182e+03 2.700475645107606033e+04 1.526942839046898370e-01
5.553300000000000182e+03 2.682701523735395676e+04 1.533789024183572214e-01
5.556800000000000182e+03 2.663510579641856020e+04 1.520073722385620052e-01
5.560300000000000182e+03 2.674516916942580792e+04 1.538660867668829313e-01
5.563800000000000182e+03 2.659573753128286262e+04 1.555414722467977073e-01
5.567300000000000182e+03 2.648172758034863000e+04 1.530265583718030675e-01
5.570800000000000182e+03 2.646925376403442715e+04 1.520792758635560737e-01
5.574300000000000182e+03 2.630838841570328077e+04 1.542264671809605026e-01
5.577800000000000182e+03 2.631902446361835609e+04 1.516737795530031241e-01
5.581300000000000182e+03 2.627016120857078204e+04 1.531123510906579055e-01
5.584800000000000182e+03 2.627549197214686865e+04 1.538997037961365444e-01
5.588300000000000182e+03 2.622406488601332603e+04 1.548430534811462700e-01
5.591800000000000182e+03 2.625898370287703801e+04 1.530232490832990344e-01
5.595300000000000182e+03 2.622216723916032424e+04 1.530009241840184775e-01
5.598800000000000182e+03 2.630356031784903098e+04 1.529034848201391850e-01
5.602300000000000182e+03 2.627783069080889982e+04 1.535373071812041190e-01
5.605800000000000182e+03 2.634292182861412948e+04 1.523958271017112065e-01
5.609300000000000182e+03 2.625942754479924770e+04 1.536557289377012137e-01
5.612800000000000182e+03 2.624576846557279350e+04 1.529903409039442552e-01
5.616300000000000182e+03 2.642310093089331713e+04 1.543968441544943671e-01
5.619800000000000182e+03 2.646571068710849431e+04 1.528415463359967252e-01
5.623300000000000182e+03 2.653998912829138499e+04 1.546899198228382233e-01
5.626800000000000182e+03 2.629253202439104280e+04 1.558430158205280081e-01
5.630300000000000182e+03 2.632957723104284014e+04 1.526616092878126107e-01
5.633800000000000182e+03 2.629483665367182766e+04 1.560459475610333491e-01
5.637300000000000182e+03 2.628885302878639050e+04 1.548617164483784281e-01
5.640800000000000182e+03 2.648533465680960580e+04 1.522844111885717222e-01
5.644300000000000182e+03 2.638374128880414719e+04 1.515511915553002242e-01
5.647800000000000182e+03 2.642396707371468437e+04 1.530886940714012157e-01
5.651300000000000182e+03 2.637111211585120327e+04 1.526450784412280437e-01
5.654800000000000182e+03 2.619705394622509266e+04 1.526028699770207997e-01
5.658300000000000182e+03 2.609520840569363281e+04 1.538038383845375112e-01
5.661800000000000182e+03 2.610110118380138738e+04 1.527495812572783329e-01
5.665300000000000182e+03 2.587738082256314010e+04 1.525178908178547732e-01
5.668800000000000182e+03 2.596132064587886998e+04 1.527074573749735431e-01
5.672300000000000182e+03 2.568712891893712731e+04 1.534250544017607409e-01
5.675800000000000182e+03 2.579519674923385173e+04 1.527644181459119066e-01
5.679300000000000182e+03 2.588353539240220925e+04 1.547811797252216792e-01
5.682800000000000182e+03 2.564008929464142784e+04 1.537935061827732097e-01
5.686300000000000182e+03 2.588665060500347681e+04 1.559994384511637355e-01
5.689800000000000182e+03 2.581792735955816897e+04 1.559885189406895745e-01
5.693300000000000182e+03 2.575479777033536084e+04 1.553522220105534590e-01
5.696800000000000182e+03 2.580709072151638975e+04 1.551615247685074195e-01
5.700300000000000182e+03 2.560495089011758682e+04 1.545971627685976124e-01
5.703800000000000182e+03 2.575828428511829770e+04 1.527684791949150966e-01
5.707300000000000182e+03 2.557179147565463791e+04 1.572848345358021649e-01
5.710800000000000182e+03 2.544933429403873015e+04 1.550208388451167207e-01
5.714300000000000182e+03 2.565269661770544917e+04 1.541728905428199625e-01
5.717800000000000182e+03 2.588486514461021216e+04 1.512739477651188214e-01
5.721300000000000182e+03 2.594818442901369053e+04 1.552667751495566406e-01
5.724800000000000182e+03 2.617276910170552219e+04 1.544961549438961523e-01
5.728300000000000182e+03 2.611623395024998536e+04 1.546365161046846515e-01
5.731800000000000182e+03 2.616760496731643434e+04 1.553944454559807176e-01
5.735300000000000182e+03 2.614298905957946408e+04 1.525887172180158124e-01
5.738800000000000182e+03 2.597370873158202448e+04 1.561349077180900491e-01
5.742300000000000182e+03 2.577245749810046618e+04 1.533792534352765025e-01
5.745800000000000182e+03 2.569373378633936591e+04 1.534272268237431291e-01
5.749300000000000182e+03 2.564591582510040826e+04 1.503841560918096065e-01
5.752800000000000182e+03 2.564625374747022943e+04 1.532195585768647283e-01
5.756300000000000182e+03 2.565375380649602448e+04 1.521777193725867283e-01
5.759800000000000182e+03 2.562350022835363779e+04 1.513228578303049687e-01
5.763300000000000182e+03 2.577729618280521754e+04 1.495549714124725649e-01
5.766800000000000182e+03 2.579771597161240061e+04 1.510151043309678753e-01
5.770300000000000182e+03 2.581663740030288318e+04 1.493982417213619851e-01
5.773800000000000182e+03 2.587308887392524412e+04 1.497106247407121449e-01
5.777300000000000182e+03 2.568233158937998087e+04 1.499415174220816716e-01
5.780800000000000182e+03 2.574597643733874793e+04 1.475447345893202700e-01
5.784300000000000182e+03 2.538859341980013414e+04 1.491326791702416721e-01
5.787800000000000182e+03 2.561874459216397736e+04 1.483029383180964889e-01
5.791300000000000182e+03 2.550947661827222691e+04 1.482672652098865618e-01
5.794800000000000182e+03 2.532245551489872378e+04 1.486250314582389653e-01
5.798300000000000182e+03 2.543239708320847421e+04 1.448182322618842555e-01
5.801800000000000182e+03 2.554232842015887945e+04 1.443783981836566088e-01
5.805300000000000182e+03 2.544467525395270059e+04 1.479860222959451244e-01
5.808800000000000182e+03 2.540301281272121923e+04 1.446194073434726446e-01
5.812300000000000182e+03 2.553668445413205336e+04 1.459168818522826594e-01
5.815800000000000182e+03 2.555673947780020899e+04 1.452872445244824673e-01
5.819300000000000182e+03 2.550586901709266749e+04 1.454092474571890559e-01
5.822800000000000182e+03 2.555510794479311153e+04 1.433077258462610859e-01
5.826300000000000182e+03 2.550893649516558435e+04 1.460873008037942566e-01
5.829800000000000182e+03 2.560234159822110087e+04 1.435384512962582515e-01
5.833300000000000182e+03 2.547840134608078006e+04 1.420134622677062808e-01
5.836800000000000182e+03 2.538551669814669367e+04 1.428838299396968381e-01
5.840300000000000182e+03 2.514372751887204504e+04 1.444647642565571322e-01
5.843800000000000182e+03 2.514931234834277348e+04 1.426063858782197213e-01
5.847300000000000182e+03 2.518092880094831708e+04 1.420591660887034480e-01
5.850800000000000182e+03 2.507201072715893315e+04 1.419451378300508049e-01
5.854300000000000182e+03 2.487488879693488707e+04 1.433598607739993425e-01
5.857800000000000182e+03 2.495794981636478406e+04 1.422026786701759693e-01
5.861300000000000182e+03 2.496824099494387337e+04 1.426653353992689000e-01
5.864800000000000182e+03 2.488843302344010590e+04 1.448226110797330990e-01
5.868300000000000182e+03 2.477229285894587883e+04 1.427812136205813265e-01
5.871800000000000182e+03 2.469211631465817845e+04 1.455352447968039087e-01
5.875300000000000182e+03 2.421939667631142947e+04 1.477199975549732258e-01
5.878800000000000182e+03 2.410605162926427147e+04 1.500966606781225232e-01
5.882300000000000182e+03 2.369761193120155804e+04 1.544049413037638652e-01
5.885800000000000182e+03 2.333845236622661832e+04 1.554532757509313468e-01
5.889300000000000182e+03 2.311232446028204140e+04 1.585871836186427963e-01
5.892800000000000182e+03 2.318920375863912705e+04 1.586214408938616538e-01
5.896300000000000182e+03 2.305892120140485713e+04 1.604170463576648498e-01
5.899800000000000182e+03 2.316444352354317743e+04 1.584444109721080962e-01
5.903300000000000182e+03 2.338543500051200317e+04 1.561788034282688420e-01
5.906800000000000182e+03 2.348887951619017622e+04 1.570982580972339060e-01
5.910300000000000182e+03 2.330040995140336599e+04 1.574827225682463305e-01
5.913800000000000182e+03 2.326219052678436856e+04 1.582492954529480522e-01
5.917300000000000182e+03 2.319762939224965521e+04 1.563107026793794374e-01
5.920800000000000182e+03 2.327184217259885554e+04 1.559992052093852055e-01
5.924300000000000182e+03 2.303381078630235061e+04 1.553774773124799169e-01
5.927800000000000182e+03 2.308679398749222673e+04 1.534522333398255223e-01
5.931300000000000182e+03 2.301762810772184457e+04 1.540207190012144178e-01
5.934800000000000182e+03 2.316161143854327383e+04 1.555658199359385430e-01
5.938300000000000182e+03 2.286365399340863223e+04 1.558719948112437526e-01
5.941800000000000182e+03 2.273481131608824217e+04 1.545563757691024165e-01
5.945300000000000182e+03 2.252918317175474658e+04 1.559151077888232817e-01
5.948800000000000182e+03 2.248847428051304814e+04 1.550353696834525508e-01
5.952300000000000182e+03 2.266984173304419528e+04 1.557662535856946529e-01
5.955800000000000182e+03 2.268514495899548274e+04 1.518226505794194603e-01
5.959300000000000182e+03 2.262418853728954491e+04 1.492534158987914028e-01
5.962800000000000182e+03 2.266736049713069951e+04 1.503543898941170631e-01
5.966300000000000182e+03 2.232621302420977008e+04 1.475090938074765101e-01
5.969800000000000182e+03 2.232253551639703437e+04 1.494652506053586460e-01
5.973300000000000182e+03 2.231381530217655018e+04 1.485362987098500231e-01
5.976800000000000182e+03 2.212698204354687186e+04 1.477645851109378183e-01
5.980300000000000182e+03 2.217422707384071327e+04 1.475964989098419722e-01
5.983800000000000182e+03 2.227037994207597512e+04 1.461943163375952759e-01
5.987300000000000182e+03 2.198919377238353263e+04 1.472050897763320099e-01
5.990800000000000182e+03 2.186633678158408657e+04 1.451925669996156631e-01
5.994300000000000182e+03 2.201316370797094351e+04 1.407305703420289600e-01
5.997800000000000182e+03 2.180255710658279349e+04 1.443340808909626127e-01
