# wavelength angstroms, flux, ext coeff
3.001800000000000182e+03 3.110694496529562217e-02 0.000000000000000000e+00
3.005300000000000182e+03 nan 0.000000000000000000e+00
3.008800000000000182e+03 4.576165067615190374e+00 8.255472046111509421e-01
3.012300000000000182e+03 1.729898322393011512e+01 5.845297676750036420e-01
3.015800000000000182e+03 2.716661274073620680e-01 0.000000000000000000e+00
3.019300000000000182e+03 nan 0.000000000000000000e+00
3.022800000000000182e+03 1.431955103893370329e-01 1.715021481968852068e+00
3.026300000000000182e+03 8.734857827429999944e+00 8.240908639484911813e-01
3.029800000000000182e+03 8.836410870939902296e+00 8.530796222010494922e-01
3.033300000000000182e+03 6.383536417435630161e-01 0.000000000000000000e+00
3.036800000000000182e+03 9.210009009803060698e-02 1.920268050733554777e+00
3.040300000000000182e+03 2.681326543784884997e+00 1.184290032398323422e+00
3.043800000000000182e+03 5.775963249679978142e-04 2.997804030265753816e+00
3.047300000000000182e+03 1.183704590678726909e+00 0.000000000000000000e+00
3.050800000000000182e+03 9.362592360053706431e-01 1.472808093580368016e+00
3.054300000000000182e+03 7.854086039010859110e-01 1.521035942906846294e+00
3.057800000000000182e+03 5.498256270272461332e-01 1.616359064348204200e+00
3.061300000000000182e+03 3.903180756245627325e+00 1.198786235269278855e+00
3.064800000000000182e+03 5.987660953918855049e-03 2.533305830157729588e+00
3.068300000000000182e+03 1.322250991168214096e+00 1.462554971134571558e+00
3.071800000000000182e+03 9.446005352762837370e-01 1.542012209876648221e+00
3.075300000000000182e+03 2.177841996118267884e-02 2.312298122483531060e+00
3.078800000000000182e+03 2.872222041714590432e-02 2.266039368739608761e+00
3.082300000000000182e+03 4.062846735106784984e-02 2.179656816440250999e+00
3.085800000000000182e+03 5.740773420956043482e-01 1.672069236450087315e+00
3.089300000000000182e+03 3.891317901400578316e-01 1.749869153478736727e+00
3.092800000000000182e+03 3.441207371990794961e+00 1.328235677371639500e+00
3.096300000000000182e+03 1.653495471814904416e+00 1.472122689973050180e+00
3.099800000000000182e+03 2.212228862560468579e-01 1.897591226696670352e+00
3.103300000000000182e+03 2.284295040539796318e-01 1.871676586417690302e+00
3.106800000000000182e+03 1.865254915344803255e+00 1.471846694008416945e+00
3.110300000000000182e+03 3.212832808404159080e-01 1.793355661741834695e+00
3.113800000000000182e+03 4.018617225142631644e-01 1.771645719581687262e+00
3.117300000000000182e+03 4.703778696988936692e-01 1.749434856983282049e+00
3.120800000000000182e+03 5.323618666690362877e-01 1.710775598039333545e+00
3.124300000000000182e+03 5.299310828114755623e+00 1.271070431367312015e+00
3.127800000000000182e+03 7.885884919381350722e-01 1.646568261435746638e+00
3.131300000000000182e+03 5.845400580079044062e+00 1.262653436758739645e+00
3.134800000000000182e+03 1.421092848609066595e+00 1.539426042511522041e+00
3.138300000000000182e+03 6.004113196895168869e+00 1.255705044076291799e+00
3.141800000000000182e+03 6.011009861648201280e+00 1.257936509840865247e+00
3.145300000000000182e+03 2.058299708643197334e+00 1.484434256424990606e+00
3.148800000000000182e+03 3.258596215058854106e+00 1.388092650505106995e+00
3.152300000000000182e+03 9.259954926640785899e+00 1.187889389820042885e+00
3.155800000000000182e+03 9.179266888165066973e+00 1.196136052184592291e+00
3.159300000000000182e+03 9.959046299904326105e+00 1.176532578013607555e+00
3.162800000000000182e+03 4.775742921711562339e+00 1.297880466427439705e+00
3.166300000000000182e+03 5.057909300311496104e+00 1.310875118063430600e+00
3.169800000000000182e+03 6.642531366860328745e+00 1.250422713179121681e+00
3.173300000000000182e+03 9.188546692192030463e+00 1.194252106229095833e+00
3.176800000000000182e+03 6.352816776656248443e+00 1.273995678005080734e+00
3.180300000000000182e+03 1.119260240566581110e+01 1.160916458330922829e+00
3.183800000000000182e+03 7.809451205414104535e+00 1.228395810613745143e+00
3.187300000000000182e+03 9.336107123878630176e+00 1.203316931868754214e+00
3.190800000000000182e+03 1.759713073650855009e+01 1.077548702413015036e+00
3.194300000000000182e+03 1.049215118126768331e+01 1.178093990845336725e+00
3.197800000000000182e+03 1.202941806042225004e+01 1.156146859207214384e+00
3.201300000000000182e+03 1.418040493930645596e+01 1.137115022119618457e+00
3.204800000000000182e+03 1.494229990947497733e+01 1.130950963418250188e+00
3.208300000000000182e+03 2.614153668495070093e+01 1.012467842223133907e+00
3.211800000000000182e+03 1.819452357841912615e+01 1.084047906228412517e+00
3.215300000000000182e+03 2.037388568079093076e+01 1.082594771298940328e+00
3.218800000000000182e+03 2.551272612469718126e+01 1.024725251933069181e+00
3.222300000000000182e+03 2.188114343848254606e+01 1.057886735002088630e+00
3.225800000000000182e+03 2.455714622038331996e+01 1.030337532793781374e+00
3.229300000000000182e+03 2.486502477102017039e+01 1.033462982164588650e+00
3.232800000000000182e+03 2.903732831516606439e+01 1.011999964857193124e+00
3.236300000000000182e+03 3.075450115394206918e+01 9.963415912841181443e-01
3.239800000000000182e+03 4.749595722097072326e+01 9.161456116627720858e-01
3.243300000000000182e+03 3.587872580888259222e+01 9.798856760676232236e-01
3.246800000000000182e+03 3.535158318757450502e+01 9.722003365342589687e-01
3.250300000000000182e+03 5.174154998739751932e+01 8.994999093989427541e-01
3.253800000000000182e+03 5.094223873900889998e+01 9.047904692839050522e-01
3.257300000000000182e+03 4.242505236171924565e+01 9.472269584918143748e-01
3.260800000000000182e+03 5.277408439577684618e+01 9.071662656432417648e-01
3.264300000000000182e+03 5.003689461703670815e+01 9.207397196915674265e-01
3.267800000000000182e+03 7.291938070212923151e+01 8.470691983921544432e-01
3.271300000000000182e+03 7.279146452337066364e+01 8.565671745251191016e-01
3.274800000000000182e+03 5.625092522491302560e+01 9.038445790967745141e-01
3.278300000000000182e+03 5.801270388793344068e+01 8.991324615575675416e-01
3.281800000000000182e+03 5.790605854716164913e+01 8.975736123088668972e-01
3.285300000000000182e+03 7.311644617159838333e+01 8.570191697452990143e-01
3.288800000000000182e+03 6.860629388424547415e+01 8.611613341964415858e-01
3.292300000000000182e+03 7.506380383201471318e+01 8.596980513792583656e-01
3.295800000000000182e+03 7.629917604980346368e+01 8.522574662167332615e-01
3.299300000000000182e+03 8.897034074525190306e+01 8.259177819029216439e-01
3.302800000000000182e+03 8.437662693298545946e+01 8.395269137484481226e-01
3.306300000000000182e+03 8.442209004878469614e+01 8.369093003072629600e-01
3.309800000000000182e+03 8.438400012338399847e+01 8.373635753830637185e-01
3.313300000000000182e+03 9.674099257556808595e+01 8.078458227527298696e-01
3.316800000000000182e+03 1.118305361287613096e+02 7.833401754092524927e-01
3.320300000000000182e+03 9.460979313450488348e+01 8.186627090694927888e-01
3.323800000000000182e+03 1.276837608383464584e+02 7.646440379438129709e-01
3.327300000000000182e+03 1.237591812073235360e+02 7.739702963844117267e-01
3.330800000000000182e+03 1.329759915210080408e+02 7.567306549218645317e-01
3.334300000000000182e+03 1.133039915479209867e+02 7.918462514968487298e-01
3.337800000000000182e+03 1.163854797241631189e+02 7.879229330324334368e-01
3.341300000000000182e+03 1.107553505371251816e+02 7.888091464475234238e-01
3.344800000000000182e+03 1.328435843933809224e+02 7.581942411410389493e-01
3.348300000000000182e+03 1.223005085597901314e+02 7.740536558488281260e-01
3.351800000000000182e+03 1.279199878358982687e+02 7.687077802930589732e-01
3.355300000000000182e+03 1.393252901517221858e+02 7.531583125794195643e-01
3.358800000000000182e+03 1.435915305781225015e+02 7.568509703058605709e-01
3.362300000000000182e+03 1.550358205166159280e+02 7.369762802422166192e-01
3.365800000000000182e+03 1.388521036570526235e+02 7.527704404419235384e-01
3.369300000000000182e+03 1.498442966664974279e+02 7.461064004051802812e-01
3.372800000000000182e+03 1.483658578165489814e+02 7.497934821305294317e-01
3.376300000000000182e+03 1.556311334370841450e+02 7.414698069187812823e-01
3.379800000000000182e+03 1.607556271490108770e+02 7.311015705192359659e-01
3.383300000000000182e+03 1.883890263361239477e+02 7.021609404943399690e-01
3.386800000000000182e+03 1.785806536608073145e+02 7.233297439712434995e-01
3.390300000000000182e+03 1.745758030543800317e+02 7.236035767656929796e-01
3.393800000000000182e+03 1.844581152453255584e+02 7.113510138089719215e-01
3.397300000000000182e+03 2.036163726889393786e+02 6.904632669978461035e-01
3.400800000000000182e+03 1.956200433216164640e+02 7.065992846066693200e-01
3.404300000000000182e+03 1.890440970739026909e+02 7.076897190885548250e-01
3.407800000000000182e+03 2.227585444595534909e+02 6.780410682587236781e-01
3.411300000000000182e+03 2.082901629969504995e+02 6.970896643152503236e-01
3.414800000000000182e+03 2.416797943227075223e+02 6.715179464284705135e-01
3.418300000000000182e+03 2.217026823898293628e+02 6.921342155462576473e-01
3.421800000000000182e+03 2.297502697669380893e+02 6.840055839470211563e-01
3.425300000000000182e+03 2.381095430283029089e+02 6.706788023568925894e-01
3.428800000000000182e+03 2.406367973731708503e+02 6.755303377176544721e-01
3.432300000000000182e+03 2.357508908591987051e+02 6.779774574616205252e-01
3.435800000000000182e+03 2.433903714723307985e+02 6.685626999396192538e-01
3.439300000000000182e+03 2.763034010005419532e+02 6.524721976482378283e-01
3.442800000000000182e+03 2.607545119822532911e+02 6.697215508821697805e-01
3.446300000000000182e+03 2.669142279390224530e+02 6.619724467605071494e-01
3.449800000000000182e+03 2.870757455342283038e+02 6.428852254858014037e-01
3.453300000000000182e+03 2.689229783019384286e+02 6.565113493069250072e-01
3.456800000000000182e+03 3.089229855250620176e+02 6.306494395014096144e-01
3.460300000000000182e+03 2.724453328612407290e+02 6.535370994427037727e-01
3.463800000000000182e+03 2.819245938774042202e+02 6.511831477789360445e-01
3.467300000000000182e+03 2.876560304953987952e+02 6.498928461470409035e-01
3.470800000000000182e+03 3.010125585528678016e+02 6.433439567339204190e-01
3.474300000000000182e+03 3.247482996240439093e+02 6.269342254774696865e-01
3.477800000000000182e+03 3.036255715487467910e+02 6.420336163133676388e-01
3.481300000000000182e+03 3.108093587781243627e+02 6.337350615830749101e-01
3.484800000000000182e+03 3.162606704169576801e+02 6.342746316203753398e-01
3.488300000000000182e+03 3.525080087598011573e+02 6.132739957216999382e-01
3.491800000000000182e+03 3.417924855463791687e+02 6.247071782984420230e-01
3.495300000000000182e+03 3.612341670800409474e+02 6.112626331569824822e-01
3.498800000000000182e+03 3.520319256112983908e+02 6.209952826474853804e-01
3.502300000000000182e+03 3.827336203631264198e+02 6.023086337622065578e-01
3.505800000000000182e+03 3.795904108684657103e+02 6.080765558382362768e-01
3.509300000000000182e+03 3.609640150211005221e+02 6.170593381339283257e-01
3.512800000000000182e+03 3.617244057742085488e+02 6.168045171441427499e-01
3.516300000000000182e+03 3.910370768433928674e+02 5.999927851479194274e-01
3.519800000000000182e+03 3.938236835333153181e+02 6.036497556870902281e-01
3.523300000000000182e+03 4.154378204836021382e+02 5.956136100858316906e-01
3.526800000000000182e+03 4.118549050526031010e+02 5.920450023517779270e-01
3.530300000000000182e+03 4.387643893345634751e+02 5.883971019640458211e-01
3.533800000000000182e+03 4.084622502532393469e+02 6.000280834264184460e-01
3.537300000000000182e+03 4.134019371529083173e+02 5.959396306896462825e-01
3.540800000000000182e+03 4.196994435015334943e+02 5.938076178034197294e-01
3.544300000000000182e+03 4.344333224327031076e+02 5.856982482944960156e-01
3.547800000000000182e+03 4.554529538552185954e+02 5.830085726122203882e-01
3.551300000000000182e+03 4.743074976146000949e+02 5.752960893739127446e-01
3.554800000000000182e+03 4.457826993519989287e+02 5.857362356980806428e-01
3.558300000000000182e+03 4.474117787412386633e+02 5.845564794310857959e-01
3.561800000000000182e+03 4.701967698954011325e+02 5.766080409594265266e-01
3.565300000000000182e+03 4.726966790670002752e+02 5.746338741084489055e-01
3.568800000000000182e+03 5.113269977295573767e+02 5.589073077197802553e-01
3.572300000000000182e+03 4.820773525388303256e+02 5.726459179938990784e-01
3.575800000000000182e+03 4.920146429168582927e+02 5.688879279286790380e-01
3.579300000000000182e+03 4.920012192690270467e+02 5.697639415075869129e-01
3.582800000000000182e+03 4.872948640481959046e+02 5.661216573240687167e-01
3.586300000000000182e+03 5.530009395927885407e+02 5.470419139232198802e-01
3.589800000000000182e+03 5.151609349549348735e+02 5.621127156100950151e-01
3.593300000000000182e+03 5.362002453157476793e+02 5.551727694508267197e-01
3.596800000000000182e+03 5.305904504789758676e+02 5.539399172090119228e-01
3.600300000000000182e+03 5.506604083522610154e+02 5.573389555812024998e-01
3.603800000000000182e+03 5.584014241935096834e+02 5.539064960088926348e-01
3.607300000000000182e+03 5.618023016954558670e+02 5.508888291109401703e-01
3.610800000000000182e+03 5.642114497809636759e+02 5.498922492003993634e-01
3.614300000000000182e+03 5.908634162193928887e+02 5.467823382311508551e-01
3.617800000000000182e+03 5.859807425932758633e+02 5.414909886785009840e-01
3.621300000000000182e+03 6.061391323700868270e+02 5.415340540734023822e-01
3.624800000000000182e+03 6.368645023559926130e+02 5.309234510877811619e-01
3.628300000000000182e+03 6.030365164252052637e+02 5.377544160531985140e-01
3.631800000000000182e+03 6.037770485888693202e+02 5.390787910392911275e-01
3.635300000000000182e+03 6.461527760966122287e+02 5.322232568925312490e-01
3.638800000000000182e+03 6.377412706979337145e+02 5.309287590020563830e-01
3.642300000000000182e+03 6.722477896789082479e+02 5.259765038145172156e-01
3.645800000000000182e+03 7.036047879893417303e+02 5.188070697578509582e-01
3.649300000000000182e+03 7.001661081660549826e+02 5.189327169342422552e-01
3.652800000000000182e+03 7.323592589545550027e+02 5.151652012764651456e-01
3.656300000000000182e+03 6.823418131761878840e+02 5.231645808316437440e-01
3.659800000000000182e+03 6.868237079830580569e+02 5.226502060991022880e-01
3.663300000000000182e+03 6.826846612795237661e+02 5.211172617689947550e-01
3.666800000000000182e+03 7.019195660376491332e+02 5.168163831673375785e-01
3.670300000000000182e+03 7.064659050500088142e+02 5.183670230364090248e-01
3.673800000000000182e+03 7.022353765232460319e+02 5.160003702353804789e-01
3.677300000000000182e+03 7.132189415074991530e+02 5.118935429836175555e-01
3.680800000000000182e+03 7.245927482527226857e+02 5.083608388668283684e-01
3.684300000000000182e+03 7.021496502793506806e+02 5.077303604063320153e-01
3.687800000000000182e+03 7.132338938167963533e+02 5.040042572932502685e-01
3.691300000000000182e+03 7.076821620334736735e+02 5.011980607404648014e-01
3.694800000000000182e+03 7.438636579288115627e+02 4.966931627574044938e-01
3.698300000000000182e+03 7.705379299959017771e+02 4.946532877389914207e-01
3.701800000000000182e+03 7.799504993851554673e+02 4.940635935437214243e-01
3.705300000000000182e+03 8.035349159381599975e+02 4.896069422992964104e-01
3.708800000000000182e+03 7.933280025616237481e+02 4.878317428209487105e-01
3.712300000000000182e+03 7.655122479220526657e+02 4.961789628768802918e-01
3.715800000000000182e+03 7.866670908988501196e+02 4.911560625704141647e-01
3.719300000000000182e+03 8.133284214304558191e+02 4.891308750990847609e-01
3.722800000000000182e+03 8.866688617342416592e+02 4.747106353489103925e-01
3.726300000000000182e+03 9.080754921996017401e+02 4.727501299587785200e-01
3.729800000000000182e+03 9.231523211356931142e+02 4.691450062482032668e-01
3.733300000000000182e+03 9.072983006239110182e+02 4.800159482493284169e-01
3.736800000000000182e+03 9.478451768438187628e+02 4.771933879919493804e-01
3.740300000000000182e+03 9.829067826008752036e+02 4.789615495821096247e-01
3.743800000000000182e+03 1.029408024761182332e+03 4.764657528537910025e-01
3.747300000000000182e+03 1.056699869709263567e+03 4.792247870930348985e-01
3.750800000000000182e+03 1.154350273118504674e+03 4.694073010676223512e-01
3.754300000000000182e+03 1.104607350645446104e+03 4.768371604964499744e-01
3.757800000000000182e+03 1.190225052370436515e+03 4.666751980934935595e-01
3.761300000000000182e+03 1.175411333229928005e+03 4.670321269372403883e-01
3.764800000000000182e+03 1.179666589280215248e+03 4.681373673684136039e-01
3.768300000000000182e+03 1.293482609560365972e+03 4.566135614169988255e-01
3.771800000000000182e+03 1.293579265948977536e+03 4.638487395135035829e-01
3.775300000000000182e+03 1.331714372422663018e+03 4.591732584714273702e-01
3.778800000000000182e+03 1.420409057379768456e+03 4.600194209654104305e-01
3.782300000000000182e+03 1.481561805013905769e+03 4.595008477872283836e-01
3.785800000000000182e+03 1.517902334792688634e+03 4.576951896482537863e-01
3.789300000000000182e+03 1.676169096492884819e+03 4.506923358728996964e-01
3.792800000000000182e+03 1.735012201458918753e+03 4.527752625858725843e-01
3.796300000000000182e+03 1.824923337576159383e+03 4.491742249424835465e-01
3.799800000000000182e+03 1.860718905863857572e+03 4.534635388576236381e-01
3.803300000000000182e+03 1.906620114512104919e+03 4.551545798248000096e-01
3.806800000000000182e+03 1.998929434887512798e+03 4.523061549641915202e-01
3.810300000000000182e+03 1.989083153533018731e+03 4.549738333424472869e-01
3.813800000000000182e+03 2.022351312406082570e+03 4.478381104070028873e-01
3.817300000000000182e+03 1.983781045330333200e+03 4.420847285303098895e-01
3.820800000000000182e+03 1.919070401739521685e+03 4.397727387267618693e-01
3.824300000000000182e+03 1.913232072893866189e+03 4.255962993611164813e-01
3.827800000000000182e+03 1.913389435917847550e+03 4.234229619134926570e-01
3.831300000000000182e+03 1.917156673623145025e+03 4.231500747078796310e-01
3.834800000000000182e+03 2.001319492540960027e+03 4.258657279495110526e-01
3.838300000000000182e+03 2.080703374430549047e+03 4.318082024081639769e-01
3.841800000000000182e+03 2.312036600876746434e+03 4.265180528983226749e-01
3.845300000000000182e+03 2.381104613089973554e+03 4.337030520451294890e-01
3.848800000000000182e+03 2.550078200022216606e+03 4.338296852237741863e-01
3.852300000000000182e+03 2.752047354677945350e+03 4.292784452730985523e-01
3.855800000000000182e+03 2.840473957932578742e+03 4.310401279632092852e-01
3.859300000000000182e+03 3.078522176932088769e+03 4.282691200279490351e-01
3.862800000000000182e+03 3.077571508210124648e+03 4.316701247076550341e-01
3.866300000000000182e+03 3.095849823486627884e+03 4.322205223735801627e-01
3.869800000000000182e+03 2.989711727506941315e+03 4.347005838834889224e-01
3.873300000000000182e+03 2.914903869883001789e+03 4.286179135909513049e-01
3.876800000000000182e+03 2.748519539874124803e+03 4.239315628329278218e-01
3.880300000000000182e+03 2.539879246306860750e+03 4.133859514410992420e-01
3.883800000000000182e+03 2.317648508968758506e+03 4.026777533250252561e-01
3.887300000000000182e+03 2.221679349696000372e+03 3.884696334571678400e-01
3.890800000000000182e+03 2.194637509915509781e+03 3.850807549991721590e-01
3.894300000000000182e+03 2.440495765879272767e+03 3.842963437908324398e-01
3.897800000000000182e+03 2.535076745315120661e+03 4.001522263563745963e-01
3.901300000000000182e+03 2.792572847522995744e+03 4.079317689538499714e-01
3.904800000000000182e+03 3.025769939053354847e+03 4.191158822408689866e-01
3.908300000000000182e+03 3.350128052934583138e+03 4.178937729968395520e-01
3.911800000000000182e+03 3.495379107849521461e+03 4.182725319296005662e-01
3.915300000000000182e+03 3.682241143843428290e+03 4.093283101757732578e-01
3.918800000000000182e+03 3.803639092300577431e+03 4.036605136784005010e-01
3.922300000000000182e+03 3.759734801537234034e+03 4.015310674888968312e-01
3.925800000000000182e+03 3.930559498764224827e+03 3.906312776663345421e-01
3.929300000000000182e+03 3.937844630908204181e+03 3.857660554079052617e-01
3.932800000000000182e+03 4.069939468269943063e+03 3.861876675902745637e-01
3.936300000000000182e+03 3.977420700723259415e+03 3.909087907711863985e-01
3.939800000000000182e+03 4.051431846789342671e+03 3.926904850962127935e-01
3.943300000000000182e+03 3.943202382710141137e+03 3.984828090572903325e-01
3.946800000000000182e+03 4.012547994780556110e+03 4.006810943491217469e-01
3.950300000000000182e+03 3.700630318453162090e+03 4.074571573743422381e-01
3.953800000000000182e+03 3.511465243063513299e+03 4.032615004868165265e-01
3.957300000000000182e+03 3.354165936450763184e+03 3.919264283303385277e-01
3.960800000000000182e+03 3.057201339363852640e+03 3.825027593204345377e-01
3.964300000000000182e+03 2.851641729756000586e+03 3.641054662800519703e-01
3.967800000000000182e+03 2.674014311667092898e+03 3.535220884160744648e-01
3.971300000000000182e+03 2.744537299520021406e+03 3.467554132317058335e-01
3.974800000000000182e+03 2.834586725219835898e+03 3.555415769259123726e-01
3.978300000000000182e+03 3.041736765792747519e+03 3.681272705127515144e-01
3.981800000000000182e+03 3.353462038692113310e+03 3.768932527041922165e-01
3.985300000000000182e+03 3.655695593785204892e+03 3.829699930660731000e-01
3.988800000000000182e+03 4.092086172591825289e+03 3.826192059787098532e-01
3.992300000000000182e+03 4.372997218704194893e+03 3.842886738690953208e-01
3.995800000000000182e+03 4.566602626268672793e+03 3.796643127066364198e-01
3.999300000000000182e+03 4.880987760208903637e+03 3.755717545138982927e-01
4.002800000000000182e+03 5.056067331906641812e+03 3.730316178560338924e-01
4.006300000000000182e+03 5.158743878990685516e+03 3.716302649030172600e-01
4.009800000000000182e+03 5.383542814973705390e+03 3.702194743044324166e-01
4.013300000000000182e+03 5.390039108461456635e+03 3.707350334966250660e-01
4.016800000000000182e+03 5.458271393782008090e+03 3.673580185458987790e-01
4.020300000000000182e+03 5.450005587744053628e+03 3.656145886261946698e-01
4.023800000000000182e+03 5.623754669695703342e+03 3.636077946490990920e-01
4.027300000000000182e+03 5.519187459900020258e+03 3.637844560275352301e-01
4.030800000000000182e+03 5.540421520310216692e+03 3.627457144051337012e-01
4.034300000000000182e+03 5.668659097825608114e+03 3.604874043435543629e-01
4.037800000000000182e+03 5.819301941828647614e+03 3.579087729425312614e-01
4.041300000000000182e+03 5.660866809958368322e+03 3.598542000838412247e-01
4.044800000000000182e+03 5.788074189818670675e+03 3.588504442317060339e-01
4.048300000000000182e+03 5.846383179962764189e+03 3.560910942069581697e-01
4.051800000000000182e+03 5.864388408743937362e+03 3.558962706824658762e-01
4.055300000000000182e+03 5.780786738130315825e+03 3.541448649288670425e-01
4.058800000000000182e+03 5.937606846785368361e+03 3.531289752920329095e-01
4.062300000000000182e+03 5.846075139970717828e+03 3.532365264864912868e-01
4.065800000000000182e+03 5.753370587767771212e+03 3.519323668501678215e-01
4.069300000000000182e+03 5.632046724118940801e+03 3.522136792557510332e-01
4.072800000000000182e+03 5.521628533477180099e+03 3.487407039801307951e-01
4.076300000000000182e+03 5.337681158437713748e+03 3.495874739129249398e-01
4.079800000000000182e+03 5.099533928577009647e+03 3.461777635276918064e-01
4.083300000000000182e+03 4.893843153236537546e+03 3.442924229948191028e-01
4.086800000000000182e+03 4.578622530435904082e+03 3.447440669064326668e-01
4.090300000000000182e+03 4.306975282721055919e+03 3.456432912134539959e-01
4.093800000000000182e+03 4.057888960337452318e+03 3.447286824635620306e-01
4.097300000000000182e+03 3.894334023562017592e+03 3.386716416025070675e-01
4.100800000000000182e+03 3.779507531437354373e+03 3.323206715499232300e-01
4.104300000000000182e+03 3.663945747121617842e+03 3.281950129011665385e-01
4.107800000000000182e+03 3.716689546607896318e+03 3.219322581410668516e-01
4.111300000000000182e+03 3.927803753824967316e+03 3.201103054376140400e-01
4.114800000000000182e+03 4.172417080540892130e+03 3.226478627970419399e-01
4.118300000000000182e+03 4.551303110983722036e+03 3.274640579392645301e-01
4.121800000000000182e+03 4.919658778915904804e+03 3.333823599634413437e-01
4.125300000000000182e+03 5.256971179355815366e+03 3.387525930869783042e-01
4.128800000000000182e+03 5.672743339731629021e+03 3.382649119658375780e-01
4.132300000000000182e+03 6.120210342865380881e+03 3.358388023189584626e-01
4.135800000000000182e+03 6.459702391787884153e+03 3.313122643487079744e-01
4.139300000000000182e+03 6.648130320983268575e+03 3.296236823369337321e-01
4.142800000000000182e+03 6.625470796603138297e+03 3.300131313299003999e-01
4.146300000000000182e+03 6.828269308645045385e+03 3.244433050634418225e-01
4.149800000000000182e+03 6.860079824237857792e+03 3.255595554994224483e-01
4.153300000000000182e+03 6.914843400124178515e+03 3.242768214663717119e-01
4.156800000000000182e+03 7.096898489865657211e+03 3.238680881674528278e-01
4.160300000000000182e+03 7.035167116004685340e+03 3.216039947603350213e-01
4.163800000000000182e+03 7.072332612221372074e+03 3.218840110575115210e-01
4.167300000000000182e+03 7.171153161959078716e+03 3.203216421986322393e-01
4.170800000000000182e+03 7.177629251430564182e+03 3.186196716902782167e-01
4.174300000000000182e+03 7.347547938374161276e+03 3.171558002190578152e-01
4.177800000000000182e+03 7.232884753523077052e+03 3.172531608529584046e-01
4.181300000000000182e+03 7.488091322223797761e+03 3.160666916700108908e-01
4.184800000000000182e+03 7.476745373756883964e+03 3.134580427604791164e-01
4.188300000000000182e+03 7.304540535869341511e+03 3.158824162357281584e-01
4.191800000000000182e+03 7.580715626486196015e+03 3.116573727032082575e-01
4.195300000000000182e+03 7.350568671556105073e+03 3.131578755024230221e-01
4.198800000000000182e+03 7.566170304232625313e+03 3.122277204229422787e-01
4.202300000000000182e+03 7.712817601628222292e+03 3.095283237709600677e-01
4.205800000000000182e+03 7.581095675410741023e+03 3.097516079483254581e-01
4.209300000000000182e+03 7.738234493224027574e+03 3.087482318059559527e-01
4.212800000000000182e+03 7.838130852399336618e+03 3.050031584652571626e-01
4.216300000000000182e+03 7.640084090790159280e+03 3.076697966995158295e-01
4.219800000000000182e+03 7.801666139628632664e+03 3.049198090347948198e-01
4.223300000000000182e+03 7.698006590787633286e+03 3.046366327383270289e-01
4.226800000000000182e+03 7.962654926641726888e+03 3.011455637261719054e-01
4.230300000000000182e+03 8.115817424550990836e+03 3.014103264247164349e-01
4.233800000000000182e+03 7.812459710544977497e+03 3.018855326114319171e-01
4.237300000000000182e+03 7.960247836087101859e+03 3.002787457991236697e-01
4.240800000000000182e+03 8.171336524005120737e+03 2.995664143277503855e-01
4.244300000000000182e+03 7.924888067927275188e+03 3.001254738991886439e-01
4.247800000000000182e+03 8.090733939477070635e+03 2.971143636065438076e-01
4.251300000000000182e+03 8.071103980615283035e+03 2.993689358379827969e-01
4.254800000000000182e+03 8.056320103605395161e+03 2.964409569104242692e-01
4.258300000000000182e+03 8.030608596238698738e+03 2.966736870249010449e-01
4.261800000000000182e+03 8.122528283015400120e+03 2.939559571478182476e-01
4.265300000000000182e+03 8.241254346156627435e+03 2.924964616751786761e-01
4.268800000000000182e+03 8.152532780770789941e+03 2.930159783204764889e-01
4.272300000000000182e+03 8.356530212834370104e+03 2.897358763883594035e-01
4.275800000000000182e+03 8.320427377196969246e+03 2.901614759117219777e-01
4.279300000000000182e+03 8.277660854991270753e+03 2.902092869553848931e-01
4.282800000000000182e+03 8.487534048624402203e+03 2.904634267009564286e-01
4.286300000000000182e+03 8.324171371855749385e+03 2.911577837855153228e-01
4.289800000000000182e+03 8.403305886234156787e+03 2.889051145601245207e-01
4.293300000000000182e+03 8.552470749955957217e+03 2.871903746394374735e-01
4.296800000000000182e+03 8.206024577944795965e+03 2.874728891137568465e-01
4.300300000000000182e+03 8.312263032352051596e+03 2.873550176488652297e-01
4.303800000000000182e+03 8.202245337493297484e+03 2.852135964315168359e-01
4.307300000000000182e+03 7.950775511444460790e+03 2.851547332788135214e-01
4.310800000000000182e+03 7.834927969913594097e+03 2.850331211264330866e-01
4.314300000000000182e+03 7.525229841820524598e+03 2.845634798532100662e-01
4.317800000000000182e+03 7.105966649295418392e+03 2.826597478341070224e-01
4.321300000000000182e+03 6.773009373413672620e+03 2.810003890950402150e-01
4.324800000000000182e+03 6.510337470338927233e+03 2.766823162832923177e-01
4.328300000000000182e+03 6.160240269196987356e+03 2.777460828539240478e-01
4.331800000000000182e+03 5.787411311404131993e+03 2.777902183175317563e-01
4.335300000000000182e+03 5.531425625483750082e+03 2.749191815607594513e-01
4.338800000000000182e+03 5.428494417475269074e+03 2.720494024995629978e-01
4.342300000000000182e+03 5.282896741752406342e+03 2.683148200609595246e-01
4.345800000000000182e+03 5.432755114379269799e+03 2.624157696947638230e-01
4.349300000000000182e+03 5.584224132359069699e+03 2.586258354398449644e-01
4.352800000000000182e+03 6.015504571264351398e+03 2.583248412713324837e-01
4.356300000000000182e+03 6.391681640207351847e+03 2.645640856467538771e-01
4.359800000000000182e+03 6.869284943095983181e+03 2.666081953306680963e-01
4.363300000000000182e+03 7.229907532559535866e+03 2.746743521717903147e-01
4.366800000000000182e+03 7.733984300382375295e+03 2.776449143823460086e-01
4.370300000000000182e+03 8.063198499231643837e+03 2.768431952422837350e-01
4.373800000000000182e+03 8.632923650105025445e+03 2.731493464634058288e-01
4.377300000000000182e+03 9.067910182350535251e+03 2.677126831759826797e-01
4.380800000000000182e+03 9.065878856140050630e+03 2.681850927451455702e-01
4.384300000000000182e+03 9.270040416266550892e+03 2.644276217394408435e-01
4.387800000000000182e+03 9.350711859365841519e+03 2.623409509713056642e-01
4.391300000000000182e+03 9.301440069619029600e+03 2.647014946210640152e-01
4.394800000000000182e+03 9.472098873974819071e+03 2.625169173981181658e-01
4.398300000000000182e+03 9.468987515286420603e+03 2.626828178861508878e-01
4.401800000000000182e+03 9.598539254977564269e+03 2.627338351935975536e-01
4.405300000000000182e+03 9.549324802606157391e+03 2.615207680275138391e-01
4.408800000000000182e+03 9.621521027026688898e+03 2.605089226337921060e-01
4.412300000000000182e+03 9.530505389214164097e+03 2.615551188465215504e-01
4.415800000000000182e+03 9.640330256412635208e+03 2.595006036681934969e-01
4.419300000000000182e+03 9.736375388895679862e+03 2.587833071718477207e-01
4.422800000000000182e+03 9.612749835639642697e+03 2.588571919827282741e-01
4.426300000000000182e+03 9.571359105136634753e+03 2.584474026979006189e-01
4.429800000000000182e+03 9.845886254878321779e+03 2.573531068403117628e-01
4.433300000000000182e+03 9.786594327285760301e+03 2.571065052502056747e-01
4.436800000000000182e+03 9.923675097274199288e+03 2.536608695261024504e-01
4.440300000000000182e+03 9.853350537107353375e+03 2.576630539570473055e-01
4.443800000000000182e+03 9.864792525175294941e+03 2.561412728410843442e-01
4.447300000000000182e+03 9.998643651037051313e+03 2.544592041357685575e-01
4.450800000000000182e+03 1.007131529682543442e+04 2.541045936574445330e-01
4.454300000000000182e+03 1.017811130420419431e+04 2.516449265749911568e-01
4.457800000000000182e+03 1.006898591975440831e+04 2.504004545144169480e-01
4.461300000000000182e+03 1.007106528372272078e+04 2.505710389135406557e-01
4.464800000000000182e+03 1.024173522820391554e+04 2.503890908026961681e-01
4.468300000000000182e+03 1.002553650530005325e+04 2.518167288867811382e-01
4.471800000000000182e+03 1.003506520575199647e+04 2.516469442543879387e-01
4.475300000000000182e+03 1.027134831810572177e+04 2.496705414796912825e-01
4.478800000000000182e+03 1.039384306869572902e+04 2.456999122525707624e-01
4.482300000000000182e+03 1.024698198595514987e+04 2.475125828294376662e-01
4.485800000000000182e+03 1.017489482945743293e+04 2.455196653544384211e-01
4.489300000000000182e+03 1.036503214751164342e+04 2.450883192055685056e-01
4.492800000000000182e+03 1.019145482395410363e+04 2.460984664908471564e-01
4.496300000000000182e+03 1.022875398533626503e+04 2.451250136114373479e-01
4.499800000000000182e+03 1.024081331419475100e+04 2.446339342233049829e-01
4.503300000000000182e+03 1.021849046998213089e+04 2.449584196747160159e-01
4.506800000000000182e+03 1.039832723913198970e+04 2.444347930740494446e-01
4.510300000000000182e+03 1.034715182714694674e+04 2.448825178377559142e-01
4.513800000000000182e+03 1.042653736481156375e+04 2.431418953803726468e-01
4.517300000000000182e+03 1.038364424138741742e+04 2.413063477769784027e-01
4.520800000000000182e+03 1.060791496979592193e+04 2.393751290396069764e-01
4.524300000000000182e+03 1.057006717078051406e+04 2.403159332036893248e-01
4.527800000000000182e+03 1.061157581274987206e+04 2.366541475600947297e-01
4.531300000000000182e+03 1.066243916261709819e+04 2.377736160912906904e-01
4.534800000000000182e+03 1.050275371638831712e+04 2.383860370494886860e-01
4.538300000000000182e+03 1.060975689338907250e+04 2.378548990253043782e-01
4.541800000000000182e+03 1.063127359031940068e+04 2.363252816772851150e-01
4.545300000000000182e+03 1.042577407056414268e+04 2.379470850207215937e-01
4.548800000000000182e+03 1.046160317086835857e+04 2.357221138485277590e-01
4.552300000000000182e+03 1.073810690406333924e+04 2.337598782581951917e-01
4.555800000000000182e+03 1.064233439341111443e+04 2.358249547455372186e-01
4.559300000000000182e+03 1.086993053564790534e+04 2.338609884472221678e-01
4.562800000000000182e+03 1.071763633962181120e+04 2.332424436895529918e-01
4.566300000000000182e+03 1.073495303514985608e+04 2.335796317748194961e-01
4.569800000000000182e+03 1.061366116043676084e+04 2.345222590686836250e-01
4.573300000000000182e+03 1.098403162106083619e+04 2.316227068899330277e-01
4.576800000000000182e+03 1.089914869430172439e+04 2.321602210536906075e-01
4.580300000000000182e+03 1.091143977054194511e+04 2.303444584645801541e-01
4.583800000000000182e+03 1.074024694603031639e+04 2.315864620777642047e-01
4.587300000000000182e+03 1.083836204042535064e+04 2.290538781864149276e-01
4.590800000000000182e+03 1.104001382878489312e+04 2.274286205292961605e-01
4.594300000000000182e+03 1.085820409075635689e+04 2.279795118788842390e-01
4.597800000000000182e+03 1.122086303117976058e+04 2.258588574960684048e-01
4.601300000000000182e+03 1.105542932032001772e+04 2.264340822181800383e-01
4.604800000000000182e+03 1.122317180707349144e+04 2.254622579820761974e-01
4.608300000000000182e+03 1.122324645869878805e+04 2.262952359200877395e-01
4.611800000000000182e+03 1.120739043512976787e+04 2.267947876228650350e-01
4.615300000000000182e+03 1.123082414707715907e+04 2.230858196541042893e-01
4.618800000000000182e+03 1.109841559772418987e+04 2.254639826737409036e-01
4.622300000000000182e+03 1.124185785563465652e+04 2.226468298704159243e-01
4.625800000000000182e+03 1.106788561505309372e+04 2.245691364488487385e-01
4.629300000000000182e+03 1.132363929460725012e+04 2.212104011245862589e-01
4.632800000000000182e+03 1.145330272249172049e+04 2.186190847720403119e-01
4.636300000000000182e+03 1.131399299684622201e+04 2.192413562267596927e-01
4.639800000000000182e+03 1.123502739340281005e+04 2.194287665494112638e-01
4.643300000000000182e+03 1.113754184374444412e+04 2.204462372684445337e-01
4.646800000000000182e+03 1.100419621457743597e+04 2.200938214607167376e-01
4.650300000000000182e+03 1.144565929825360399e+04 2.178075008220109743e-01
4.653800000000000182e+03 1.130319322818047840e+04 2.179921903795592475e-01
4.657300000000000182e+03 1.134565346189655975e+04 2.159058388798119066e-01
4.660800000000000182e+03 1.129812892452852066e+04 2.178981845526998251e-01
4.664300000000000182e+03 1.149836841259366338e+04 2.142135580030675168e-01
4.667800000000000182e+03 1.149214582001486269e+04 2.159649631747385390e-01
4.671300000000000182e+03 1.129593902859323498e+04 2.141284111926334277e-01
4.674800000000000182e+03 1.148186627603181660e+04 2.143723978993261059e-01
4.678300000000000182e+03 1.131180197276196668e+04 2.155628924987819661e-01
4.681800000000000182e+03 1.119223758318529872e+04 2.155125222027412246e-01
4.685300000000000182e+03 1.118108278695611261e+04 2.133819627038942568e-01
4.688800000000000182e+03 1.131828729720527190e+04 2.132263961235630889e-01
4.692300000000000182e+03 1.119069937773536549e+04 2.141727310675579088e-01
4.695800000000000182e+03 1.121560417189086911e+04 2.134249156305599304e-01
4.699300000000000182e+03 1.109702713831046640e+04 2.102934042888289223e-01
4.702800000000000182e+03 1.129478368506722109e+04 2.085489130187297702e-01
4.706300000000000182e+03 1.123119080343467431e+04 2.087202224180461363e-01
4.709800000000000182e+03 1.125708266232894857e+04 2.096523319073527736e-01
4.713300000000000182e+03 1.098663301346214030e+04 2.074841483357277028e-01
4.716800000000000182e+03 1.099771595042847548e+04 2.091110816682744677e-01
4.720300000000000182e+03 1.118615738956294626e+04 2.093494326987615228e-01
4.723800000000000182e+03 1.127326712770517952e+04 2.095590583218468195e-01
4.727300000000000182e+03 1.135938224667131726e+04 2.078685611582933301e-01
4.730800000000000182e+03 1.150377410793966374e+04 2.062223645532503535e-01
4.734300000000000182e+03 1.160845967483932691e+04 2.047710064964916032e-01
4.737800000000000182e+03 1.121729923400838015e+04 2.066243216337974309e-01
4.741300000000000182e+03 1.127965463651728351e+04 2.077012366697540413e-01
4.744800000000000182e+03 1.136981816454456930e+04 2.070099519746966543e-01
4.748300000000000182e+03 1.147789987018717693e+04 2.058570442819113444e-01
4.751800000000000182e+03 1.134038818092980728e+04 2.050660061368514697e-01
4.755300000000000182e+03 1.151734807310050383e+04 2.041748198008066228e-01
4.758800000000000182e+03 1.117867645084102332e+04 2.044214271331736554e-01
4.762300000000000182e+03 1.128907859538915727e+04 2.039137710779195534e-01
4.765800000000000182e+03 1.119919677038971713e+04 2.035134197879304163e-01
4.769300000000000182e+03 1.150343581515498045e+04 2.022424572681027211e-01
4.772800000000000182e+03 1.126383136481569454e+04 2.037455099721592888e-01
4.776300000000000182e+03 1.142654094583014376e+04 2.006023185366775652e-01
4.779800000000000182e+03 1.149479074062886684e+04 2.014008267746831837e-01
4.783300000000000182e+03 1.106940508814607347e+04 2.021455787232631085e-01
4.786800000000000182e+03 1.123606146289253957e+04 2.004479842880756146e-01
4.790300000000000182e+03 1.116729735842447371e+04 2.014995891898885838e-01
4.793800000000000182e+03 1.110671080045674717e+04 2.009993690000639321e-01
4.797300000000000182e+03 1.135160132758336658e+04 1.996828828756479213e-01
4.800800000000000182e+03 1.134215267907642010e+04 1.986855121716177286e-01
4.804300000000000182e+03 1.105093492681478892e+04 2.005781057702259729e-01
4.807800000000000182e+03 1.094438982349394610e+04 1.996149940899543118e-01
4.811300000000000182e+03 1.109275150471749475e+04 1.991613272679507995e-01
4.814800000000000182e+03 1.085131083537701306e+04 1.994955776513895884e-01
4.818300000000000182e+03 1.051372214498314679e+04 1.996375713224597115e-01
4.821800000000000182e+03 1.078693699351956093e+04 1.990909496954107738e-01
4.825300000000000182e+03 1.065251201853334533e+04 1.991457914383708838e-01
4.828800000000000182e+03 1.050325888359932651e+04 1.988126871560249309e-01
4.832300000000000182e+03 9.972985835107467210e+03 2.012809882220708557e-01
4.835800000000000182e+03 9.880759811831154366e+03 1.963939540498600700e-01
4.839300000000000182e+03 9.245829816834075245e+03 1.981816763959386996e-01
4.842800000000000182e+03 8.927187116111746946e+03 1.947831842306510242e-01
4.846300000000000182e+03 8.339911646330356234e+03 1.937969030731582498e-01
4.849800000000000182e+03 7.998249597748709675e+03 1.934834546159152902e-01
4.853300000000000182e+03 7.413855775220292344e+03 1.932921376663953583e-01
4.856800000000000182e+03 7.123032780048726636e+03 1.912746245485461016e-01
4.860300000000000182e+03 6.822061337681335317e+03 1.892738763136438129e-01
4.863800000000000182e+03 6.822448806751805023e+03 1.823537151040784399e-01
4.867300000000000182e+03 6.854509424358704564e+03 1.778882779435216333e-01
4.870800000000000182e+03 6.989805549094400703e+03 1.793207317568918657e-01
4.874300000000000182e+03 7.377761647547885332e+03 1.818891169730577628e-01
4.877800000000000182e+03 7.851294460660598816e+03 1.851039517536617884e-01
4.881300000000000182e+03 8.527925226956411279e+03 1.909444946330421944e-01
4.884800000000000182e+03 9.005476002754654473e+03 1.933917807072689232e-01
4.888300000000000182e+03 9.386803404150550705e+03 1.967929513675421294e-01
4.891800000000000182e+03 9.918583996467459656e+03 1.953750501211624357e-01
4.895300000000000182e+03 1.043780062394029846e+04 1.909588958979578366e-01
4.898800000000000182e+03 1.058839037130905308e+04 1.899710131950955450e-01
4.902300000000000182e+03 1.077693470020458153e+04 1.882830437024563264e-01
4.905800000000000182e+03 1.103623340685297262e+04 1.873989559721810083e-01
4.909300000000000182e+03 1.117468916983164308e+04 1.874016590027988982e-01
4.912800000000000182e+03 1.110565310039120232e+04 1.864835888138286213e-01
4.916300000000000182e+03 1.095897765477302528e+04 1.877976986311789831e-01
4.919800000000000182e+03 1.120294131698846832e+04 1.834510273016641269e-01
4.923300000000000182e+03 1.088567742849579736e+04 1.868574386727173409e-01
4.926800000000000182e+03 1.122775942287903126e+04 1.851729022185386597e-01
4.930300000000000182e+03 1.102140624158464198e+04 1.842836080474511140e-01
4.933800000000000182e+03 1.103323753227495581e+04 1.852322698622887731e-01
4.937300000000000182e+03 1.121039680063888045e+04 1.839573373696944958e-01
4.940800000000000182e+03 1.109451186219259216e+04 1.852827901570250346e-01
4.944300000000000182e+03 1.133138749877285954e+04 1.832642874748720563e-01
4.947800000000000182e+03 1.135673894423106685e+04 1.835760969240295137e-01
4.951300000000000182e+03 1.147324491247953847e+04 1.831347788679251187e-01
4.954800000000000182e+03 1.126261071288297535e+04 1.830620251730797066e-01
4.958300000000000182e+03 1.119251459937800792e+04 1.841038368918987422e-01
4.961800000000000182e+03 1.103765666602883175e+04 1.846904551590262122e-01
4.965300000000000182e+03 1.139150826966729801e+04 1.810205481521600934e-01
4.968800000000000182e+03 1.108713088485973458e+04 1.833560307935094003e-01
4.972300000000000182e+03 1.118188065962020301e+04 1.832511681705575879e-01
4.975800000000000182e+03 1.134567970136712211e+04 1.812904212305527507e-01
4.979300000000000182e+03 1.116260766820445497e+04 1.828596896911445502e-01
4.982800000000000182e+03 1.107134599812764282e+04 1.828131778102804195e-01
4.986300000000000182e+03 1.129101964448826584e+04 1.830687381395743052e-01
4.989800000000000182e+03 1.147986288865267488e+04 1.792293934635862396e-01
4.993300000000000182e+03 1.096558588291540218e+04 1.829867206808344360e-01
4.996800000000000182e+03 1.109884078500980104e+04 1.809199779437055122e-01
5.000300000000000182e+03 1.098123366175948649e+04 1.805676462714258801e-01
5.003800000000000182e+03 1.110183361047992184e+04 1.800473733302044854e-01
5.007300000000000182e+03 1.098798270948157551e+04 1.799966354758761045e-01
5.010800000000000182e+03 1.094810242285144886e+04 1.795267947592721069e-01
5.014300000000000182e+03 1.096748939811871605e+04 1.800941872880048034e-01
5.017800000000000182e+03 1.102125247190543996e+04 1.784183282297897022e-01
5.021300000000000182e+03 1.114856968976133976e+04 1.794665282969551134e-01
5.024800000000000182e+03 1.108279554522174294e+04 1.783274203564121363e-01
5.028300000000000182e+03 1.071796044921251269e+04 1.819174812650766748e-01
5.031800000000000182e+03 1.066387665707795531e+04 1.836935417077751598e-01
5.035300000000000182e+03 1.094179118959556581e+04 1.821556111666738642e-01
5.038800000000000182e+03 1.095113167382048596e+04 1.803690818519934902e-01
5.042300000000000182e+03 1.094846556458596569e+04 1.803856716989413189e-01
5.045800000000000182e+03 1.108307079880186757e+04 1.773940142509886075e-01
5.049300000000000182e+03 1.080535061280880836e+04 1.789971452110692696e-01
5.052800000000000182e+03 1.112551942634599618e+04 1.755789471436149107e-01
5.056300000000000182e+03 1.105634110335538935e+04 1.751598779062277789e-01
5.059800000000000182e+03 1.116440046104785506e+04 1.777679956024250107e-01
5.063300000000000182e+03 1.093192033872198954e+04 1.770481854235163299e-01
5.066800000000000182e+03 1.097753597086582704e+04 1.763038141360341871e-01
5.070300000000000182e+03 1.096901354798086140e+04 1.773171069343065787e-01
5.073800000000000182e+03 1.125171015058085140e+04 1.778426228067147563e-01
5.077300000000000182e+03 1.124097041004811945e+04 1.747598541299091313e-01
5.080800000000000182e+03 1.106330268837788390e+04 1.752298048335708958e-01
5.084300000000000182e+03 1.071878174694650443e+04 1.776331965197752161e-01
5.087800000000000182e+03 1.096599102876735924e+04 1.730584435947170041e-01
5.091300000000000182e+03 1.110464070808689394e+04 1.734596147325727644e-01
5.094800000000000182e+03 1.094677036975350893e+04 1.728181080317743312e-01
5.098300000000000182e+03 1.114615737527669080e+04 1.732649066543195115e-01
5.101800000000000182e+03 1.120436578472632209e+04 1.714991032599342824e-01
5.105300000000000182e+03 1.105046442012599073e+04 1.721533429919404334e-01
5.108800000000000182e+03 1.087469264498547818e+04 1.729283507509692119e-01
5.112300000000000182e+03 1.106972777912148922e+04 1.723381563406316264e-01
5.115800000000000182e+03 1.112829272098516776e+04 1.719482783368476708e-01
5.119300000000000182e+03 1.117177764595556073e+04 1.692710567675222433e-01
5.122800000000000182e+03 1.120298069370662233e+04 1.690318744814602314e-01
5.126300000000000182e+03 1.110705723496988685e+04 1.698323294483015666e-01
5.129800000000000182e+03 1.110460188903034214e+04 1.710801308579132651e-01
5.133300000000000182e+03 1.126517680180909156e+04 1.695915742635936974e-01
5.136800000000000182e+03 1.114573382182227215e+04 1.671559736615186587e-01
5.140300000000000182e+03 1.101702317744166248e+04 1.677722041630596850e-01
5.143800000000000182e+03 1.106734326052414690e+04 1.702841468672745828e-01
5.147300000000000182e+03 1.122247669623242655e+04 1.678323529755336441e-01
5.150800000000000182e+03 1.111616448114601008e+04 1.687563509034450682e-01
5.154300000000000182e+03 1.109622114646013688e+04 1.673571758477322424e-01
5.157800000000000182e+03 1.083352835289846007e+04 1.673378059780890048e-01
5.161300000000000182e+03 1.089630210926289328e+04 1.696600475513078410e-01
5.164800000000000182e+03 1.078842731715206719e+04 1.665830237454097584e-01
5.168300000000000182e+03 1.108096604180252325e+04 1.646362224017709486e-01
5.171800000000000182e+03 1.084817585190290083e+04 1.677065993301775360e-01
5.175300000000000182e+03 1.083731660904177079e+04 1.671024438459990102e-01
5.178800000000000182e+03 1.085646542320697699e+04 1.664510674617980801e-01
5.182300000000000182e+03 1.105601704283762047e+04 1.655817389087404501e-01
5.185800000000000182e+03 1.091507811323856367e+04 1.656661262911767740e-01
5.189300000000000182e+03 1.068339687275036158e+04 1.662444671436111576e-01
5.192800000000000182e+03 1.096126570974615061e+04 1.649525369680389930e-01
5.196300000000000182e+03 1.081462681934634202e+04 1.655703318160762494e-01
5.199800000000000182e+03 1.108248805140053264e+04 1.634060684721080625e-01
5.203300000000000182e+03 1.089880198390781516e+04 1.653575793604228350e-01
5.206800000000000182e+03 1.084992563932638586e+04 1.654273930633814726e-01
5.210300000000000182e+03 1.097594932277303997e+04 1.659778758372037755e-01
5.213800000000000182e+03 1.054566469220757244e+04 1.634320083502963095e-01
5.217300000000000182e+03 1.102848307575218314e+04 1.646928677320588785e-01
5.220800000000000182e+03 1.091738178082268496e+04 1.668141373553396201e-01
5.224300000000000182e+03 1.069965981057482350e+04 1.641607831948429796e-01
5.227800000000000182e+03 1.070108997534624177e+04 1.639998932558281441e-01
5.231300000000000182e+03 1.087821315691271047e+04 1.646193987141212067e-01
5.234800000000000182e+03 1.076350287265603401e+04 1.648503449749730565e-01
5.238300000000000182e+03 1.078933109994500046e+04 1.651357237428574543e-01
5.241800000000000182e+03 1.081790295378856354e+04 1.639121384556087302e-01
5.245300000000000182e+03 1.060650295036837088e+04 1.643700304144543045e-01
5.248800000000000182e+03 1.074235739887770251e+04 1.655539709816814531e-01
5.252300000000000182e+03 1.075682576518458882e+04 1.642004209981122453e-01
5.255800000000000182e+03 1.049655994715785528e+04 1.665942734093410760e-01
5.259300000000000182e+03 1.047977366912369507e+04 1.649411249277122071e-01
5.262800000000000182e+03 1.053786666057727052e+04 1.635966068231031745e-01
5.266300000000000182e+03 1.067463723899856450e+04 1.613448597893692438e-01
5.269800000000000182e+03 1.064665268970543548e+04 1.627288278880616446e-01
5.273300000000000182e+03 1.041996443553523750e+04 1.652553851620643666e-01
5.276800000000000182e+03 1.069024985625947920e+04 1.631875776801569866e-01
5.280300000000000182e+03 1.054555923116592021e+04 1.636651294320565220e-01
5.283800000000000182e+03 1.044015180422267076e+04 1.657700826030369667e-01
5.287300000000000182e+03 1.080264169407685222e+04 1.623042060921013330e-01
5.290800000000000182e+03 1.046411910867801453e+04 1.651002449701514663e-01
5.294300000000000182e+03 1.042192948013188288e+04 1.651671523350260185e-01
5.297800000000000182e+03 1.061417349714600641e+04 1.643750743642758416e-01
5.301300000000000182e+03 1.033515840488252616e+04 1.663791210813523880e-01
5.304800000000000182e+03 1.060444709347721800e+04 1.633297272858949545e-01
5.308300000000000182e+03 1.054860793877324613e+04 1.623541462533075463e-01
5.311800000000000182e+03 1.039877481128272302e+04 1.640305861721418068e-01
5.315300000000000182e+03 1.014274641518165663e+04 1.627922256220385722e-01
5.318800000000000182e+03 1.029615220376690377e+04 1.620591362106847122e-01
5.322300000000000182e+03 1.029721563915113074e+04 1.631955729724293425e-01
5.325800000000000182e+03 1.027943492019319092e+04 1.612863147134739605e-01
5.329300000000000182e+03 1.055050923346188210e+04 1.596731691470725523e-01
5.332800000000000182e+03 1.042323903022551349e+04 1.615603262054886857e-01
5.336300000000000182e+03 1.043895978573596949e+04 1.597463655986946229e-01
5.339800000000000182e+03 1.029665627323886292e+04 1.620430408931872179e-01
5.343300000000000182e+03 1.038892679501021485e+04 1.613933991958398928e-01
5.346800000000000182e+03 1.038343733311423966e+04 1.612186474063386499e-01
5.350300000000000182e+03 1.045714553726282429e+04 1.611704037663510836e-01
5.353800000000000182e+03 1.039690936849980790e+04 1.607846417258157190e-01
5.357300000000000182e+03 1.034337422143558069e+04 1.619223946564744554e-01
5.360800000000000182e+03 1.030283434739215954e+04 1.600715882661377099e-01
5.364300000000000182e+03 1.046919550201858510e+04 1.570641846426075738e-01
5.367800000000000182e+03 1.015474477744974865e+04 1.609886631311993055e-01
5.371300000000000182e+03 1.029178938431069946e+04 1.604897375482005617e-01
5.374800000000000182e+03 1.022567130257279314e+04 1.604801521558255062e-01
5.378300000000000182e+03 1.033754917599746113e+04 1.588811461502031008e-01
5.381800000000000182e+03 1.026436530261199186e+04 1.599491369311603350e-01
5.385300000000000182e+03 1.036037677138590152e+04 1.595291255242567985e-01
5.388800000000000182e+03 1.000064275838289905e+04 1.601788391837063175e-01
5.392300000000000182e+03 1.029697718172063833e+04 1.603944070206945460e-01
5.395800000000000182e+03 1.032951524572896960e+04 1.594820417559632830e-01
5.399300000000000182e+03 1.025093077519294457e+04 1.578775295142986757e-01
5.402800000000000182e+03 1.019830269282218251e+04 1.588202752131594453e-01
5.406300000000000182e+03 1.002225146217022302e+04 1.608655767224414224e-01
5.409800000000000182e+03 1.003725536446323349e+04 1.611541712832435247e-01
5.413300000000000182e+03 1.011005750841628287e+04 1.604512226985428947e-01
5.416800000000000182e+03 1.015117689467580021e+04 1.588971630130391610e-01
5.420300000000000182e+03 1.005888293960231749e+04 1.591434098852915757e-01
5.423800000000000182e+03 9.801118391965734190e+03 1.603998850564545553e-01
5.427300000000000182e+03 1.011253346612068344e+04 1.585661254354252536e-01
5.430800000000000182e+03 9.915491223733299194e+03 1.611047977974634227e-01
5.434300000000000182e+03 9.971679031718982515e+03 1.587357186961738387e-01
5.437800000000000182e+03 1.003541578257827859e+04 1.593410461409585643e-01
5.441300000000000182e+03 1.011681643192328374e+04 1.588877687087076884e-01
5.444800000000000182e+03 1.012507166583759863e+04 1.580270809915902686e-01
5.448300000000000182e+03 1.013058340532579859e+04 1.566690631793868083e-01
5.451800000000000182e+03 9.840146698299298805e+03 1.588187003723059154e-01
5.455300000000000182e+03 9.975554265025779387e+03 1.580760760442574686e-01
5.458800000000000182e+03 9.891262125455952628e+03 1.581572879888894501e-01
5.462300000000000182e+03 9.934368501080814895e+03 1.574961690003967851e-01
5.465800000000000182e+03 9.812330283855057132e+03 1.581530527780687090e-01
5.469300000000000182e+03 9.917504438288551682e+03 1.566256590157942552e-01
5.472800000000000182e+03 9.957847072981878227e+03 1.569716975139991144e-01
5.476300000000000182e+03 9.937032747608536738e+03 1.563216773024597994e-01
5.479800000000000182e+03 9.822938678747512313e+03 1.565625169824361451e-01
5.483300000000000182e+03 1.022909640547830168e+04 1.535945144567663345e-01
5.486800000000000182e+03 9.944436088736976671e+03 1.562451785323609177e-01
5.490300000000000182e+03 1.011698341472436368e+04 1.541636145541299130e-01
5.493800000000000182e+03 9.884134885036653941e+03 1.550207196973387436e-01
5.497300000000000182e+03 9.933747926238931541e+03 1.553463517518740566e-01
5.500800000000000182e+03 9.694250843007437652e+03 1.563981278030676103e-01
5.504300000000000182e+03 9.700811661614467084e+03 1.562173215414613681e-01
5.507800000000000182e+03 9.812169058035511625e+03 1.559825281139386177e-01
5.511300000000000182e+03 9.778616644906836882e+03 1.537961398027068438e-01
5.514800000000000182e+03 9.695377994752552695e+03 1.541024860197733048e-01
5.518300000000000182e+03 9.933215427554247071e+03 1.532882169366431568e-01
5.521800000000000182e+03 9.753745028200772140e+03 1.557347107841866585e-01
5.525300000000000182e+03 9.833735688360522545e+03 1.548655980284655842e-01
5.528800000000000182e+03 9.665920720565411102e+03 1.541504590023903554e-01
5.532300000000000182e+03 9.706407701879714296e+03 1.528979372041895102e-01
5.535800000000000182e+03 9.718871970901493114e+03 1.541889941488203131e-01
5.539300000000000182e+03 9.657410850627064065e+03 1.517971995952105690e-01
5.542800000000000182e+03 9.905254435518720129e+03 1.527889265745203673e-01
5.546300000000000182e+03 9.816865859120243840e+03 1.533131353280274556e-01
5.549800000000000182e+03 9.871386732566514183e+03 1.526942839046898370e-01
5.553300000000000182e+03 9.768387383337409119e+03 1.533789024183572214e-01
5.556800000000000182e+03 9.743259567887602316e+03 1.520073722385620052e-01
5.560300000000000182e+03 9.471085623672703150e+03 1.538660867668829313e-01
5.563800000000000182e+03 9.527399370621942580e+03 1.555414722467977073e-01
5.567300000000000182e+03 9.567003395717896638e+03 1.530265583718030675e-01
5.570800000000000182e+03 9.578265693249555625e+03 1.520792758635560737e-01
5.574300000000000182e+03 9.551455899534101263e+03 1.542264671809605026e-01
5.577800000000000182e+03 9.491780257861701102e+03 1.516737795530031241e-01
5.581300000000000182e+03 9.477105665267823497e+03 1.531123510906579055e-01
5.584800000000000182e+03 9.503053953039139742e+03 1.538997037961365444e-01
5.588300000000000182e+03 9.542117235702573453e+03 1.548430534811462700e-01
5.591800000000000182e+03 9.545563778389197978e+03 1.530232490832990344e-01
5.595300000000000182e+03 9.556370898502986165e+03 1.530009241840184775e-01
5.598800000000000182e+03 9.414302935411547878e+03 1.529034848201391850e-01
5.602300000000000182e+03 9.353804024705770644e+03 1.535373071812041190e-01
5.605800000000000182e+03 9.459549620017964116e+03 1.523958271017112065e-01
5.609300000000000182e+03 9.268923391004191217e+03 1.536557289377012137e-01
5.612800000000000182e+03 9.402505246397433439e+03 1.529903409039442552e-01
5.616300000000000182e+03 9.354476159633300995e+03 1.543968441544943671e-01
5.619800000000000182e+03 9.387521542603572016e+03 1.528415463359967252e-01
5.623300000000000182e+03 9.267155384129016966e+03 1.546899198228382233e-01
5.626800000000000182e+03 9.110531408709732204e+03 1.558430158205280081e-01
5.630300000000000182e+03 9.514336939123626507e+03 1.526616092878126107e-01
5.633800000000000182e+03 9.052150999334984590e+03 1.560459475610333491e-01
5.637300000000000182e+03 9.127570924653909969e+03 1.548617164483784281e-01
5.640800000000000182e+03 9.376728700100002243e+03 1.522844111885717222e-01
5.644300000000000182e+03 9.400541473335830233e+03 1.515511915553002242e-01
5.647800000000000182e+03 9.169923457407339811e+03 1.530886940714012157e-01
5.651300000000000182e+03 9.243031874582708042e+03 1.526450784412280437e-01
5.654800000000000182e+03 9.226088781633545295e+03 1.526028699770207997e-01
5.658300000000000182e+03 9.168151956655216054e+03 1.538038383845375112e-01
5.661800000000000182e+03 9.218457161767282741e+03 1.527495812572783329e-01
5.665300000000000182e+03 9.246452215955527208e+03 1.525178908178547732e-01
5.668800000000000182e+03 9.206852544014209343e+03 1.527074573749735431e-01
5.672300000000000182e+03 8.904859560923763638e+03 1.534250544017607409e-01
5.675800000000000182e+03 9.220886613456186751e+03 1.527644181459119066e-01
5.679300000000000182e+03 9.000157697856589948e+03 1.547811797252216792e-01
5.682800000000000182e+03 9.097979438311895137e+03 1.537935061827732097e-01
5.686300000000000182e+03 8.947393309441620659e+03 1.559994384511637355e-01
5.689800000000000182e+03 8.862522428725455029e+03 1.559885189406895745e-01
5.693300000000000182e+03 8.958981177322761141e+03 1.553522220105534590e-01
5.696800000000000182e+03 8.997952202253714859e+03 1.551615247685074195e-01
5.700300000000000182e+03 8.998661744968583662e+03 1.545971627685976124e-01
5.703800000000000182e+03 9.083670202266299384e+03 1.527684791949150966e-01
5.707300000000000182e+03 8.872682531488188033e+03 1.572848345358021649e-01
5.710800000000000182e+03 8.778877139870070096e+03 1.550208388451167207e-01
5.714300000000000182e+03 8.756849815393181416e+03 1.541728905428199625e-01
5.717800000000000182e+03 8.934001664600780714e+03 1.512739477651188214e-01
5.721300000000000182e+03 8.655105446270659741e+03 1.552667751495566406e-01
5.724800000000000182e+03 8.782487402282435141e+03 1.544961549438961523e-01
5.728300000000000182e+03 8.729778341908355287e+03 1.546365161046846515e-01
5.731800000000000182e+03 8.670882212918391815e+03 1.553944454559807176e-01
5.735300000000000182e+03 8.819617457356647719e+03 1.525887172180158124e-01
5.738800000000000182e+03 8.826009281874157750e+03 1.561349077180900491e-01
5.742300000000000182e+03 8.783756344655266730e+03 1.533792534352765025e-01
5.745800000000000182e+03 8.897373848677038040e+03 1.534272268237431291e-01
5.749300000000000182e+03 8.805469408679071421e+03 1.503841560918096065e-01
5.752800000000000182e+03 8.632408696631251587e+03 1.532195585768647283e-01
5.756300000000000182e+03 8.831353443687850813e+03 1.521777193725867283e-01
5.759800000000000182e+03 8.775734589078570934e+03 1.513228578303049687e-01
5.763300000000000182e+03 8.920687630587586682e+03 1.495549714124725649e-01
5.766800000000000182e+03 8.751730869160919610e+03 1.510151043309678753e-01
5.770300000000000182e+03 8.674183762582479176e+03 1.493982417213619851e-01
5.773800000000000182e+03 8.667127841744862963e+03 1.497106247407121449e-01
5.777300000000000182e+03 8.705491937411976323e+03 1.499415174220816716e-01
5.780800000000000182e+03 8.899454206078282368e+03 1.475447345893202700e-01
5.784300000000000182e+03 8.849577607136610823e+03 1.491326791702416721e-01
5.787800000000000182e+03 8.860885673111904907e+03 1.483029383180964889e-01
5.791300000000000182e+03 8.790471429773544514e+03 1.482672652098865618e-01
5.794800000000000182e+03 8.698333101037591405e+03 1.486250314582389653e-01
5.798300000000000182e+03 8.943935755652017178e+03 1.448182322618842555e-01
5.801800000000000182e+03 8.802714393175390796e+03 1.443783981836566088e-01
5.805300000000000182e+03 8.630410999025078127e+03 1.479860222959451244e-01
5.808800000000000182e+03 8.852767987706161875e+03 1.446194073434726446e-01
5.812300000000000182e+03 8.837835009940779855e+03 1.459168818522826594e-01
5.815800000000000182e+03 8.805208812962504453e+03 1.452872445244824673e-01
5.819300000000000182e+03 8.697380407876826212e+03 1.454092474571890559e-01
5.822800000000000182e+03 8.772513873280378903e+03 1.433077258462610859e-01
5.826300000000000182e+03 8.697823849573425832e+03 1.460873008037942566e-01
5.829800000000000182e+03 8.797968959097337574e+03 1.435384512962582515e-01
5.833300000000000182e+03 8.733054482502286191e+03 1.420134622677062808e-01
5.836800000000000182e+03 8.754110789932081389e+03 1.428838299396968381e-01
5.840300000000000182e+03 8.710799021090446331e+03 1.444647642565571322e-01
5.843800000000000182e+03 8.669987671271506770e+03 1.426063858782197213e-01
5.847300000000000182e+03 8.668228170203334230e+03 1.420591660887034480e-01
5.850800000000000182e+03 8.794897010273409251e+03 1.419451378300508049e-01
5.854300000000000182e+03 8.660445929487104877e+03 1.433598607739993425e-01
5.857800000000000182e+03 8.577201096261680505e+03 1.422026786701759693e-01
5.861300000000000182e+03 8.562122878887706975e+03 1.426653353992689000e-01
5.864800000000000182e+03 8.471083637982110304e+03 1.448226110797330990e-01
5.868300000000000182e+03 8.608321254611422773e+03 1.427812136205813265e-01
5.871800000000000182e+03 8.280664574748638188e+03 1.455352447968039087e-01
5.875300000000000182e+03 8.294965684678527396e+03 1.477199975549732258e-01
5.878800000000000182e+03 8.176111331519068699e+03 1.500966606781225232e-01
5.882300000000000182e+03 7.844211280773535691e+03 1.544049413037638652e-01
5.885800000000000182e+03 7.702590137398101433e+03 1.554532757509313468e-01
5.889300000000000182e+03 7.576456288469967149e+03 1.585871836186427963e-01
5.892800000000000182e+03 7.647464739666480455e+03 1.586214408938616538e-01
5.896300000000000182e+03 7.549240366219087264e+03 1.604170463576648498e-01
5.899800000000000182e+03 7.587640996709743376e+03 1.584444109721080962e-01
5.903300000000000182e+03 7.749641506141941136e+03 1.561788034282688420e-01
5.906800000000000182e+03 7.632133980821007754e+03 1.570982580972339060e-01
5.910300000000000182e+03 7.607281698942855655e+03 1.574827225682463305e-01
5.913800000000000182e+03 7.510522565619043235e+03 1.582492954529480522e-01
5.917300000000000182e+03 7.554284942381074870e+03 1.563107026793794374e-01
5.920800000000000182e+03 7.584668687505978596e+03 1.559992052093852055e-01
5.924300000000000182e+03 7.450599481112875765e+03 1.553774773124799169e-01
5.927800000000000182e+03 7.654942844406332370e+03 1.534522333398255223e-01
5.931300000000000182e+03 7.464832923165500688e+03 1.540207190012144178e-01
5.934800000000000182e+03 7.471928022212422547e+03 1.555658199359385430e-01
5.938300000000000182e+03 7.474527152411757015e+03 1.558719948112437526e-01
5.941800000000000182e+03 7.331918821180982377e+03 1.545563757691024165e-01
5.945300000000000182e+03 7.225650872254810565e+03 1.559151077888232817e-01
5.948800000000000182e+03 7.371240373085285682e+03 1.550353696834525508e-01
5.952300000000000182e+03 7.276709101210682093e+03 1.557662535856946529e-01
5.955800000000000182e+03 7.492665979279978274e+03 1.518226505794194603e-01
5.959300000000000182e+03 7.406240929615841196e+03 1.492534158987914028e-01
5.962800000000000182e+03 7.564876532977483294e+03 1.503543898941170631e-01
5.966300000000000182e+03 7.565996357364094365e+03 1.475090938074765101e-01
5.969800000000000182e+03 7.451858394516124463e+03 1.494652506053586460e-01
5.973300000000000182e+03 7.399808654758974626e+03 1.485362987098500231e-01
5.976800000000000182e+03 7.408248383149529218e+03 1.477645851109378183e-01
5.980300000000000182e+03 7.348749683417971028e+03 1.475964989098419722e-01
5.983800000000000182e+03 7.289101725194493156e+03 1.461943163375952759e-01
5.987300000000000182e+03 7.234833985765505531e+03 1.472050897763320099e-01
5.990800000000000182e+03 7.282778577803371263e+03 1.451925669996156631e-01
5.994300000000000182e+03 7.577199977817368563e+03 1.407305703420289600e-01
5.997800000000000182e+03 7.190415709582333875e+03 1.443340808909626127e-01
