# wavelength angstroms, flux, ext coeff
5.551500000000000000e+03 2.298623208019195954e+04 1.675894885353501063e-01
5.558500000000000000e+03 2.338600607145674439e+04 1.578470416510761865e-01
5.565500000000000000e+03 2.380096046302669492e+04 1.525537174730315082e-01
5.572500000000000000e+03 2.389082567261335134e+04 1.517980037000780935e-01
5.579500000000000000e+03 2.401255078793613575e+04 1.519669044702877947e-01
5.586500000000000000e+03 2.427280695133667541e+04 1.529581077382402565e-01
5.593500000000000000e+03 2.458972305241313006e+04 1.535726767919198543e-01
5.600500000000000000e+03 2.506956435867073014e+04 1.520440497545224867e-01
5.607500000000000000e+03 2.520934958851066767e+04 1.524293383162041993e-01
5.614500000000000000e+03 2.534517732196216821e+04 1.535706314542328588e-01
5.621500000000000000e+03 2.558929730729125367e+04 1.555271039328302851e-01
5.628500000000000000e+03 2.598472274177505096e+04 1.548537781266904889e-01
5.635500000000000000e+03 2.621140299263019551e+04 1.531738986566651695e-01
5.642500000000000000e+03 2.642971866242081160e+04 1.542968000654966754e-01
5.649500000000000000e+03 2.662871369689109270e+04 1.526591787040433024e-01
5.656500000000000000e+03 2.662070691592719959e+04 1.527575939387488535e-01
5.663500000000000000e+03 2.650327900051816323e+04 1.528397243400525241e-01
5.670500000000000000e+03 2.667820373718252813e+04 1.529609929112165090e-01
5.677500000000000000e+03 2.684103154069157608e+04 1.534527677459215367e-01
5.684500000000000000e+03 2.723397035209782189e+04 1.546041897825145561e-01
5.691500000000000000e+03 2.738329992044324899e+04 1.541813257517377078e-01
5.698500000000000000e+03 2.740844322757687041e+04 1.532771759722021121e-01
5.705500000000000000e+03 2.743492718490734842e+04 1.543534930434897479e-01
5.712500000000000000e+03 2.789651164713528487e+04 1.540638380367867766e-01
5.719500000000000000e+03 2.825689235635477235e+04 1.519722113222912452e-01
5.726500000000000000e+03 2.852922289745633680e+04 1.547682697112308936e-01
5.733500000000000000e+03 2.888661108189080551e+04 1.526577807805783449e-01
5.740500000000000000e+03 2.905207203157769982e+04 1.522555918938381936e-01
5.747500000000000000e+03 2.886809526536945123e+04 1.505163561903462011e-01
5.754500000000000000e+03 2.897501958753558210e+04 1.527680775113621769e-01
5.761500000000000000e+03 2.923561314567661248e+04 1.499549401888941036e-01
5.768500000000000000e+03 2.954451939589695394e+04 1.496832357730248919e-01
5.775500000000000000e+03 2.937506689677004397e+04 1.498723208861548750e-01
5.782500000000000000e+03 2.964001619795022634e+04 1.494267892486498273e-01
5.789500000000000000e+03 2.968924632509359435e+04 1.476631560179458569e-01
5.796500000000000000e+03 2.990259540927023409e+04 1.483213969258616038e-01
5.803500000000000000e+03 2.993539537074546024e+04 1.460016809603165155e-01
5.810500000000000000e+03 3.037888975553852652e+04 1.445147928236430457e-01
5.817500000000000000e+03 3.043998159576926992e+04 1.453321526852902335e-01
5.824500000000000000e+03 3.063321942085214687e+04 1.439541591708288493e-01
5.831500000000000000e+03 3.089421754333428180e+04 1.444634857313066012e-01
5.838500000000000000e+03 3.074662094298023294e+04 1.419657359824366694e-01
5.845500000000000000e+03 3.082201436512840883e+04 1.427962455559349531e-01
5.852500000000000000e+03 3.090698099982382701e+04 1.431770908506789786e-01
5.859500000000000000e+03 3.090691418122106552e+04 1.428154390621789449e-01
5.866500000000000000e+03 3.115548076832146762e+04 1.436843581224050426e-01
5.873500000000000000e+03 3.055181019287169693e+04 1.483600985302283015e-01
5.880500000000000000e+03 3.009513632281432001e+04 1.538544590776859122e-01
5.887500000000000000e+03 2.995528486362992044e+04 1.543606343899305011e-01
5.894500000000000000e+03 2.984090746424959070e+04 1.554830409570858440e-01
5.901500000000000000e+03 3.027376510293213141e+04 1.569299142090301580e-01
5.908500000000000000e+03 3.025071135325662181e+04 1.574799191874776683e-01
5.915500000000000000e+03 3.046590120036301960e+04 1.568284084327086492e-01
5.922500000000000000e+03 3.056387863140672562e+04 1.545904169118633431e-01
5.929500000000000000e+03 3.073897746049009220e+04 1.569065825259868818e-01
5.936500000000000000e+03 3.081152919922809451e+04 1.560268941089069106e-01
5.943500000000000000e+03 3.102083523574459832e+04 1.519405502122548879e-01
5.950500000000000000e+03 3.098446855842997684e+04 1.530017797596171514e-01
5.957500000000000000e+03 3.110052943607141424e+04 1.527118156716746056e-01
5.964500000000000000e+03 3.131938695617028498e+04 1.506331002012949172e-01
5.971500000000000000e+03 3.136030669478114942e+04 1.504893176878648042e-01
5.978500000000000000e+03 3.126733418098476977e+04 1.481925232614468846e-01
5.985500000000000000e+03 3.144135530873319658e+04 1.457260644904018188e-01
5.992500000000000000e+03 3.152621832294571141e+04 1.454434567345808116e-01
5.999500000000000000e+03 3.161336044825736462e+04 1.425801979539789710e-01
6.006500000000000000e+03 3.133989651143256560e+04 1.435768497960154266e-01
6.013500000000000000e+03 3.163985868312126331e+04 1.404219452260087875e-01
6.020500000000000000e+03 3.158994704342418117e+04 1.389456465988622991e-01
6.027500000000000000e+03 3.180740571448659466e+04 1.393754465156146483e-01
6.034500000000000000e+03 3.188335727578308069e+04 1.404039234069172359e-01
6.041500000000000000e+03 3.214250157358055731e+04 1.394713538126869656e-01
6.048500000000000000e+03 3.226842353094146893e+04 1.382602481364965386e-01
6.055500000000000000e+03 3.223385048432445910e+04 1.358260079057306835e-01
6.062500000000000000e+03 3.212474242461392350e+04 1.384409124830515425e-01
6.069500000000000000e+03 3.252098612181745193e+04 1.367250713876812795e-01
6.076500000000000000e+03 3.227670201805122269e+04 1.356445110540837329e-01
6.083500000000000000e+03 3.255777403991800384e+04 1.326995684418489641e-01
6.090500000000000000e+03 3.237245301143287725e+04 1.331567032226325387e-01
6.097500000000000000e+03 3.235295575188108705e+04 1.327756518739671432e-01
6.104500000000000000e+03 3.223316103238375945e+04 1.314916701281099998e-01
6.111500000000000000e+03 3.233091728811112989e+04 1.310819360664487176e-01
6.118500000000000000e+03 3.221275128391686303e+04 1.303046117479826904e-01
6.125500000000000000e+03 3.182937554519186961e+04 1.306598191455815294e-01
6.132500000000000000e+03 3.212399118699763494e+04 1.255855343334854601e-01
6.139500000000000000e+03 3.184680254981541293e+04 1.281458048660319426e-01
6.146500000000000000e+03 3.207329811337883075e+04 1.255468606192443048e-01
6.153500000000000000e+03 3.207914155633546397e+04 1.266167133702810199e-01
6.160500000000000000e+03 3.186439760241516706e+04 1.249465948770284718e-01
6.167500000000000000e+03 3.219435811150340669e+04 1.226529310392020927e-01
6.174500000000000000e+03 3.220301788790739738e+04 1.245555921345513628e-01
6.181500000000000000e+03 3.276148678392893635e+04 1.202780935947847935e-01
6.188500000000000000e+03 3.280274338198354963e+04 1.231768772568540282e-01
6.195500000000000000e+03 3.320384159149170591e+04 1.209474056566101630e-01
6.202500000000000000e+03 3.323032545093338558e+04 1.200170090442961857e-01
6.209500000000000000e+03 3.329742940037226799e+04 1.180079222792047716e-01
6.216500000000000000e+03 3.315061435510862793e+04 1.201030019304248075e-01
6.223500000000000000e+03 3.318329416592587222e+04 1.179825732422716544e-01
6.230500000000000000e+03 3.287996502415183204e+04 1.179483412430802486e-01
6.237500000000000000e+03 3.279068990213735378e+04 1.150991496273308934e-01
6.244500000000000000e+03 3.247963423646493902e+04 1.140404723678029308e-01
6.251500000000000000e+03 3.238257605761020386e+04 1.154126105298038801e-01
6.258500000000000000e+03 3.251124550057980741e+04 1.176580398477832523e-01
6.265500000000000000e+03 3.275162198580521726e+04 1.226909285127509713e-01
6.272500000000000000e+03 3.247131853879718255e+04 1.252449073774449528e-01
6.279500000000000000e+03 3.254399269847843243e+04 1.251268693107944752e-01
6.286500000000000000e+03 3.268168400963057866e+04 1.261945976597591834e-01
6.293500000000000000e+03 3.240647937214087870e+04 1.276150658957314055e-01
6.300500000000000000e+03 3.253908478850129541e+04 1.209399628000399629e-01
6.307500000000000000e+03 3.264511007298747063e+04 1.210893422694495625e-01
6.314500000000000000e+03 3.272719253478739120e+04 1.181379772154035196e-01
6.321500000000000000e+03 3.299373231481695984e+04 1.152558666035564533e-01
6.328500000000000000e+03 3.299911946876055299e+04 1.156350457767180706e-01
6.335500000000000000e+03 3.322727204687185440e+04 1.119809599343457446e-01
6.342500000000000000e+03 3.341569282026366272e+04 1.098662534407802149e-01
6.349500000000000000e+03 3.333320023405027314e+04 1.069884253559232473e-01
6.356500000000000000e+03 3.325251996898834477e+04 1.082792362482714044e-01
6.363500000000000000e+03 3.346808876515945303e+04 1.068594825972356138e-01
6.370500000000000000e+03 3.340643850819173531e+04 1.054470403041210536e-01
6.377500000000000000e+03 3.357916284130750864e+04 1.052648605443032154e-01
6.384500000000000000e+03 3.359576692175769131e+04 1.080589539679892436e-01
6.391500000000000000e+03 3.375199793697186396e+04 1.046879560766144912e-01
6.398500000000000000e+03 3.369339326799000264e+04 1.057699655456218885e-01
6.405500000000000000e+03 3.346831419754562376e+04 1.021743547067032881e-01
6.412500000000000000e+03 3.344624298006106255e+04 1.034407480596438583e-01
6.419500000000000000e+03 3.343623431725826958e+04 1.034744446992709593e-01
6.426500000000000000e+03 3.360432330640459259e+04 1.018639532898224648e-01
6.433500000000000000e+03 3.364877663146069972e+04 1.017055085137995446e-01
6.440500000000000000e+03 3.346745475681169046e+04 1.018322917063089195e-01
6.447500000000000000e+03 3.362604666947603982e+04 1.035407493097302845e-01
6.454500000000000000e+03 3.325594364141554979e+04 1.034408411304578862e-01
6.461500000000000000e+03 3.348987720469834312e+04 1.044286624783523215e-01
6.468500000000000000e+03 3.312768027138626348e+04 1.093789042939474071e-01
6.475500000000000000e+03 3.287261562080335716e+04 1.097707467346295818e-01
6.482500000000000000e+03 3.253509730029986531e+04 1.101796895148994399e-01
6.489500000000000000e+03 3.271708189280170700e+04 1.073713384788549663e-01
6.496500000000000000e+03 3.283804678403736034e+04 1.074132715145011824e-01
6.503500000000000000e+03 3.287336640189707396e+04 1.089202185898727054e-01
6.510500000000000000e+03 3.296695089504687348e+04 1.048557643458198352e-01
6.517500000000000000e+03 3.292084499613775552e+04 1.044062961344200957e-01
6.524500000000000000e+03 3.269852919726251639e+04 1.065715161119965559e-01
6.531500000000000000e+03 3.207195972591504324e+04 1.080257350577868147e-01
6.538500000000000000e+03 3.139283707444708853e+04 1.049301816859863068e-01
6.545500000000000000e+03 2.997834592095067637e+04 1.033383479106068231e-01
6.552500000000000000e+03 2.851606747711428397e+04 9.884669947143219504e-02
6.559500000000000000e+03 2.695605945950155001e+04 8.668778928649160942e-02
6.566500000000000000e+03 2.604320622182064471e+04 7.017028603815285426e-02
6.573500000000000000e+03 2.640756083087218940e+04 7.308268300182597932e-02
6.580500000000000000e+03 2.819200877842747286e+04 8.942472118862679342e-02
6.587500000000000000e+03 3.036671926346703913e+04 1.025619410419841004e-01
6.594500000000000000e+03 3.209442835933349852e+04 1.034541040372803783e-01
6.601500000000000000e+03 3.314339930691100744e+04 9.614286251777230674e-02
6.608500000000000000e+03 3.358302598328419117e+04 9.389593054340067413e-02
6.615500000000000000e+03 3.400204474866801320e+04 9.096245952864040474e-02
6.622500000000000000e+03 3.395853317308540136e+04 8.936495318775500296e-02
6.629500000000000000e+03 3.398001989864033385e+04 8.792025951435558651e-02
6.636500000000000000e+03 3.424824095896543440e+04 8.919767344963373812e-02
6.643500000000000000e+03 3.419509984069530037e+04 8.680722578655637733e-02
6.650500000000000000e+03 3.426845748054685100e+04 8.579854853462179354e-02
6.657500000000000000e+03 3.434779449808974459e+04 8.463335360920129502e-02
6.664500000000000000e+03 3.425692601256466878e+04 8.643707190420149566e-02
6.671500000000000000e+03 3.419294276312754664e+04 8.221402223791479669e-02
6.678500000000000000e+03 3.437073934108385583e+04 8.319984285596762619e-02
6.685500000000000000e+03 3.457626100764270086e+04 8.217740879003754273e-02
6.692500000000000000e+03 3.447991619612123759e+04 8.373016701357947900e-02
6.699500000000000000e+03 3.461108009804192989e+04 8.141750220445075070e-02
6.706500000000000000e+03 3.431194058835172473e+04 8.254571466395557722e-02
6.713500000000000000e+03 3.441713387234079710e+04 8.211197015866368576e-02
6.720500000000000000e+03 3.445553885372824152e+04 8.157008297618124903e-02
6.727500000000000000e+03 3.441116140380402794e+04 8.132516611203277623e-02
6.734500000000000000e+03 3.441476473112298845e+04 8.160219254067653527e-02
6.741500000000000000e+03 3.442415014787580731e+04 7.994127298316894281e-02
6.748500000000000000e+03 3.416110381336957653e+04 8.253423614123901741e-02
6.755500000000000000e+03 3.420562669426851062e+04 8.006484710082817369e-02
6.762500000000000000e+03 3.425449590840231394e+04 8.023422728548787464e-02
6.769500000000000000e+03 3.425571536017788458e+04 8.027710365633411449e-02
6.776500000000000000e+03 3.439888124095405510e+04 7.887575837172199067e-02
6.783500000000000000e+03 3.436123130976361426e+04 7.941394489687449154e-02
6.790500000000000000e+03 3.428366150033774466e+04 7.792693260252264720e-02
6.797500000000000000e+03 3.428739465995792125e+04 7.832300046756271450e-02
6.804500000000000000e+03 3.411062835217534303e+04 7.706656058249654329e-02
6.811500000000000000e+03 3.401322998344606458e+04 7.944503650755009583e-02
6.818500000000000000e+03 3.412356813001383853e+04 7.908180319382074330e-02
6.825500000000000000e+03 3.425580810542994732e+04 7.641288126338489917e-02
6.832500000000000000e+03 3.387439888626120955e+04 7.926249119636773199e-02
6.839500000000000000e+03 3.390350333268104441e+04 7.593511678971398560e-02
6.846500000000000000e+03 3.363149913451506291e+04 8.463058945898473129e-02
6.853500000000000000e+03 3.277033213487834291e+04 1.038037692735853668e-01
6.860500000000000000e+03 3.077054699338099090e+04 1.188067206267292425e-01
6.867500000000000000e+03 2.795628878676741078e+04 9.654207523072912134e-02
6.874500000000000000e+03 2.681688647701031005e+04 1.065404541129737065e-01
6.881500000000000000e+03 2.768053123856155798e+04 1.487368399197993851e-01
6.888500000000000000e+03 2.825880678649866968e+04 1.409190127167561646e-01
6.895500000000000000e+03 2.900673300095330342e+04 1.221166860970062107e-01
6.902500000000000000e+03 2.944862606182383024e+04 1.160329195323066970e-01
6.909500000000000000e+03 3.032385498007647402e+04 1.114945062733732756e-01
6.916500000000000000e+03 3.099795343844726813e+04 1.093096240800225660e-01
6.923500000000000000e+03 3.127807635808450868e+04 1.056076615281743986e-01
6.930500000000000000e+03 3.140822822181634911e+04 1.034648326849101074e-01
6.937500000000000000e+03 3.135929579700720569e+04 1.013631003545125281e-01
6.944500000000000000e+03 3.135609097031750207e+04 1.009287422909561360e-01
6.951500000000000000e+03 3.156856635961315624e+04 9.630314413294896458e-02
6.958500000000000000e+03 3.208511564860851286e+04 8.842504695205338772e-02
6.965500000000000000e+03 3.252781414806055545e+04 8.498343148845570461e-02
6.972500000000000000e+03 3.279696140002386528e+04 8.645306735968745493e-02
6.979500000000000000e+03 3.274829014108097545e+04 8.411343461404033328e-02
6.986500000000000000e+03 3.230036749137924562e+04 8.473979551273282118e-02
6.993500000000000000e+03 3.210530397452426405e+04 8.571022824653901084e-02
7.000500000000000000e+03 3.161983042811098858e+04 8.870284040540461767e-02
7.007500000000000000e+03 3.165910321375172862e+04 8.814731503170600280e-02
7.014500000000000000e+03 3.152763815187954606e+04 8.843810764994254614e-02
7.021500000000000000e+03 3.155149160872178982e+04 8.541974369517578436e-02
7.028500000000000000e+03 3.201001842950355058e+04 8.319911623812074886e-02
7.035500000000000000e+03 3.205329132490335542e+04 8.482566272883075575e-02
7.042500000000000000e+03 3.198700303139723474e+04 8.380152514515624984e-02
7.049500000000000000e+03 3.240109589253176819e+04 7.895790577158660895e-02
7.056500000000000000e+03 3.217697158693340680e+04 7.843025477613327356e-02
7.063500000000000000e+03 3.239327877699006422e+04 7.455223672884149499e-02
7.070500000000000000e+03 3.203886442770251233e+04 7.624734961172990877e-02
7.077500000000000000e+03 3.206064822727200954e+04 7.539983283310473794e-02
7.084500000000000000e+03 3.210204981745676196e+04 7.415683204742243295e-02
7.091500000000000000e+03 3.194318911245686468e+04 7.357209097805671172e-02
7.098500000000000000e+03 3.207407822644506814e+04 7.080981651957612977e-02
7.105500000000000000e+03 3.187135500033287462e+04 7.007012684948867032e-02
7.112500000000000000e+03 3.163061411297699669e+04 6.966009179017215724e-02
7.119500000000000000e+03 3.161184532367101565e+04 6.967776549272305942e-02
7.126500000000000000e+03 3.163316302023719254e+04 6.974991682453107744e-02
7.133500000000000000e+03 3.169916629218800517e+04 7.038170005281260688e-02
7.140500000000000000e+03 3.156709360311422279e+04 7.222448164215135302e-02
7.147500000000000000e+03 3.119569182609840573e+04 7.682047571855725454e-02
7.154500000000000000e+03 3.070848273523721218e+04 8.899173162431953110e-02
7.161500000000000000e+03 2.977290486762642831e+04 1.023801546368428989e-01
7.168500000000000000e+03 2.837317814909445224e+04 1.117187534502319252e-01
7.175500000000000000e+03 2.705044698900957883e+04 1.205189032062523036e-01
7.182500000000000000e+03 2.601155065223448764e+04 1.273297019991443124e-01
7.189500000000000000e+03 2.562512698890897445e+04 1.336633238696382231e-01
7.196500000000000000e+03 2.598976331250225849e+04 1.247592543449589086e-01
7.203500000000000000e+03 2.681668374059646885e+04 1.145503103269060324e-01
7.210500000000000000e+03 2.788094161609546427e+04 1.184177173028678337e-01
7.217500000000000000e+03 2.889112661605590256e+04 1.157485489575065390e-01
7.224500000000000000e+03 2.858470140341010483e+04 1.114566992724125155e-01
7.231500000000000000e+03 2.796367980212711700e+04 1.018367003573175389e-01
7.238500000000000000e+03 2.703013465567146341e+04 1.041063867759485367e-01
7.245500000000000000e+03 2.681495389590063496e+04 1.166006655893926103e-01
7.252500000000000000e+03 2.695851280531740849e+04 1.204527470977040104e-01
7.259500000000000000e+03 2.710849571984634895e+04 1.227569676390493497e-01
7.266500000000000000e+03 2.708150849421868043e+04 1.180761932119588353e-01
7.273500000000000000e+03 2.697820611657118934e+04 1.130909207856152093e-01
7.280500000000000000e+03 2.713575374689805903e+04 1.139856215432696607e-01
7.287500000000000000e+03 2.714415089957467353e+04 1.141447446085981782e-01
7.294500000000000000e+03 2.709137348207957984e+04 1.103435306300432489e-01
7.301500000000000000e+03 2.726362969925726793e+04 1.093629645301648912e-01
7.308500000000000000e+03 2.749715208855893798e+04 1.037186332612064499e-01
7.315500000000000000e+03 2.791834780300318744e+04 9.916073361534677444e-02
7.322500000000000000e+03 2.844559574519440139e+04 9.162665088284251136e-02
7.329500000000000000e+03 2.873417848573502488e+04 8.606263972562840092e-02
7.336500000000000000e+03 2.932575139062402013e+04 7.816207930283645966e-02
7.343500000000000000e+03 2.912007660213410418e+04 7.697095187255874327e-02
7.350500000000000000e+03 2.904160133542802214e+04 7.408105272099914373e-02
7.357500000000000000e+03 2.921022233379116005e+04 7.649958959824409988e-02
7.364500000000000000e+03 2.923187999384495924e+04 7.267617883195409689e-02
7.371500000000000000e+03 2.935269424105898725e+04 7.245969513830419206e-02
7.378500000000000000e+03 2.922190520561382436e+04 6.829488039838017832e-02
7.385500000000000000e+03 2.898021811045361392e+04 6.657705581305771447e-02
7.392500000000000000e+03 2.899278830255877983e+04 6.827461270566284601e-02
7.399500000000000000e+03 2.878602137305848737e+04 6.475023480057448544e-02
7.406500000000000000e+03 2.881761577141581438e+04 6.260707526029136993e-02
7.413500000000000000e+03 2.869889018823450533e+04 6.081181820384507636e-02
7.420500000000000000e+03 2.867360286083873143e+04 5.818063868905443137e-02
7.427500000000000000e+03 2.887732331330654779e+04 5.860301522390563844e-02
7.434500000000000000e+03 2.888587026037451869e+04 5.752438314611026809e-02
7.441500000000000000e+03 2.894982467252633433e+04 5.512664756487713202e-02
7.448500000000000000e+03 2.882296007880895559e+04 5.676926140251281616e-02
7.455500000000000000e+03 2.861699630817105208e+04 5.612105132067435331e-02
7.462500000000000000e+03 2.870620935201802422e+04 5.239394941073147183e-02
7.469500000000000000e+03 2.862372614286241514e+04 5.510013336648889037e-02
7.476500000000000000e+03 2.854940819686539544e+04 5.294718596808931088e-02
7.483500000000000000e+03 2.849398643160380016e+04 5.530567709699272388e-02
7.490500000000000000e+03 2.845492178856441387e+04 5.467004349434841093e-02
7.497500000000000000e+03 2.829762098782980320e+04 5.460879071481303942e-02
7.504500000000000000e+03 2.826094779425267188e+04 5.268181202688957537e-02
7.511500000000000000e+03 2.806972987540777103e+04 5.369008066367519233e-02
7.518500000000000000e+03 2.810627606530998310e+04 5.303067861977441011e-02
7.525500000000000000e+03 2.797894827716669533e+04 5.172308886462962524e-02
7.532500000000000000e+03 2.811983059245553159e+04 5.444893731381856422e-02
7.539500000000000000e+03 2.781905729610275375e+04 5.379349197634391427e-02
7.546500000000000000e+03 2.798360442029332262e+04 5.266088892831000817e-02
7.553500000000000000e+03 2.772003578549116719e+04 5.184031734789796425e-02
7.560500000000000000e+03 2.753155731066636145e+04 5.353227137279489845e-02
7.567500000000000000e+03 2.744137271136546042e+04 5.636617420355500424e-02
7.574500000000000000e+03 2.673499981537864733e+04 7.645963648895430509e-02
7.581500000000000000e+03 2.492561448222757826e+04 1.260030284151079927e-01
7.588500000000000000e+03 2.064594495954808735e+04 1.763660090848784001e-01
7.595500000000000000e+03 1.420758532112880312e+04 1.347106636074258401e-01
7.602500000000000000e+03 9.468209736736216655e+03 7.734546378463381944e-02
7.609500000000000000e+03 9.153264599776326577e+03 2.533449140543671541e-01
7.616500000000000000e+03 1.112132440577191846e+04 4.063098978491234137e-01
7.623500000000000000e+03 1.220436236479424224e+04 3.654491522340712617e-01
7.630500000000000000e+03 1.214669348824199551e+04 2.806400936689291137e-01
7.637500000000000000e+03 1.276969307351931093e+04 2.546792904083099440e-01
7.644500000000000000e+03 1.435468708814707861e+04 2.345118671107445096e-01
7.651500000000000000e+03 1.638343898201383490e+04 2.019934785091886120e-01
7.658500000000000000e+03 1.859646830371494798e+04 1.656699513637811538e-01
7.665500000000000000e+03 2.033717908845322017e+04 1.330069106869891105e-01
7.672500000000000000e+03 2.187311626170708405e+04 1.100551381027669029e-01
7.679500000000000000e+03 2.295076156334187908e+04 9.194839652269226615e-02
7.686500000000000000e+03 2.373123053211041770e+04 7.994146251087690114e-02
7.693500000000000000e+03 2.443183470265702999e+04 6.924005175653176469e-02
7.700500000000000000e+03 2.463371839135679693e+04 6.615312951728957724e-02
7.707500000000000000e+03 2.485688333828623217e+04 5.971817013175628047e-02
7.714500000000000000e+03 2.493487129724075567e+04 5.536902136657047974e-02
7.721500000000000000e+03 2.500229672805924565e+04 5.461905186652665778e-02
7.728500000000000000e+03 2.480974743405040499e+04 5.347965460185103576e-02
7.735500000000000000e+03 2.468053791678076595e+04 5.418751304043381567e-02
7.742500000000000000e+03 2.489328358617009144e+04 5.030489646390898933e-02
7.749500000000000000e+03 2.467189603218046977e+04 5.065689098566282522e-02
7.756500000000000000e+03 2.443370741006336175e+04 5.019913319911647326e-02
7.763500000000000000e+03 2.440663225476352090e+04 4.832293290563430266e-02
7.770500000000000000e+03 2.421836402680096944e+04 4.646539582239323646e-02
7.777500000000000000e+03 2.424720555580519795e+04 4.760068887736338544e-02
7.784500000000000000e+03 2.414137263083344078e+04 4.776668333564685481e-02
7.791500000000000000e+03 2.420143855483831430e+04 4.907725288084881232e-02
7.798500000000000000e+03 2.399055625116502415e+04 5.114014467670464220e-02
7.805500000000000000e+03 2.392845363974778593e+04 4.788222524913259004e-02
7.812500000000000000e+03 2.385719014355763647e+04 4.868717080308853501e-02
7.819500000000000000e+03 2.370043863083683755e+04 4.674938629152726455e-02
7.826500000000000000e+03 2.354895506029445824e+04 4.695875178072889122e-02
7.833500000000000000e+03 2.337895849884013660e+04 4.974824454017663655e-02
7.840500000000000000e+03 2.316773152529438084e+04 4.553030546682124147e-02
7.847500000000000000e+03 2.314841270973071005e+04 4.946114847781248741e-02
7.854500000000000000e+03 2.307638662474164448e+04 4.842192506632222310e-02
7.861500000000000000e+03 2.299129204819022561e+04 5.150429515327877711e-02
7.868500000000000000e+03 2.276264007501968808e+04 5.073958228081446031e-02
7.875500000000000000e+03 2.269870227308114772e+04 5.491051879973881528e-02
7.882500000000000000e+03 2.243325044207812971e+04 5.719381043305070411e-02
7.889500000000000000e+03 2.218368570953650851e+04 5.690835509725503810e-02
7.896500000000000000e+03 2.210023729439029557e+04 5.628289372457191686e-02
7.903500000000000000e+03 2.199772169137989840e+04 5.892716418564760555e-02
7.910500000000000000e+03 2.174417599761511519e+04 5.960069400021671127e-02
7.917500000000000000e+03 2.161248837363487110e+04 5.620126089160166344e-02
7.924500000000000000e+03 2.148892193211922131e+04 5.634719364348424187e-02
7.931500000000000000e+03 2.164044691406487254e+04 5.206855440148252384e-02
7.938500000000000000e+03 2.144026270980900154e+04 5.475540250638538664e-02
7.945500000000000000e+03 2.147071803562730202e+04 5.401611481007831395e-02
7.952500000000000000e+03 2.112610260195783485e+04 5.478492782213222057e-02
7.959500000000000000e+03 2.116405612589305019e+04 5.548886157542106540e-02
7.966500000000000000e+03 2.117335304580060620e+04 5.741527737840054074e-02
7.973500000000000000e+03 2.114754833404839155e+04 5.525440025735228744e-02
7.980500000000000000e+03 2.110166839569251533e+04 5.645723246815770313e-02
7.987500000000000000e+03 2.111849753983918345e+04 5.297534962762819044e-02
7.994500000000000000e+03 2.090625919133780917e+04 5.487765997468013746e-02
8.001500000000000000e+03 2.075392896032406134e+04 5.564775947825881253e-02
8.008500000000000000e+03 2.044992013869315633e+04 5.765719718046959097e-02
8.015500000000000000e+03 2.036017022512952462e+04 5.961049050472511796e-02
8.022500000000000000e+03 2.035541753069986589e+04 5.769801872511100965e-02
8.029500000000000000e+03 2.030022668176309890e+04 5.529826247391764205e-02
8.036500000000000000e+03 2.022095769190336432e+04 5.515895735059682392e-02
8.043500000000000000e+03 2.036076041237365280e+04 5.065544261772431112e-02
8.050500000000000000e+03 2.013648858039508195e+04 5.470609096417818756e-02
8.057500000000000000e+03 2.011338813579999623e+04 5.092002383604804505e-02
8.064500000000000000e+03 2.018078059184817175e+04 5.055017219206535406e-02
8.071500000000000000e+03 2.012338312918560041e+04 4.959463020418798662e-02
8.078500000000000000e+03 1.996233209435591925e+04 4.930994930756628369e-02
8.085500000000000000e+03 1.980773226083008558e+04 5.273218079422729854e-02
8.092500000000000000e+03 1.959220352322744657e+04 5.277716126278628878e-02
8.099500000000000000e+03 1.950013936327321426e+04 5.521213332149601388e-02
8.106500000000000000e+03 1.926564310451346319e+04 5.874019903679233989e-02
8.113500000000000000e+03 1.906833206339259414e+04 6.481264458389303373e-02
8.120500000000000000e+03 1.873616334234495298e+04 7.484540996388791556e-02
8.127500000000000000e+03 1.825573443269128620e+04 8.093996583017959434e-02
8.134500000000000000e+03 1.763114337114743466e+04 8.667971252418747719e-02
8.141500000000000000e+03 1.723503524777169878e+04 9.817234578289459057e-02
8.148500000000000000e+03 1.678968455915982486e+04 1.048113828707180756e-01
8.155500000000000000e+03 1.631768912280171025e+04 1.051683809604349873e-01
8.162500000000000000e+03 1.605488627110927519e+04 1.039688536415383086e-01
8.169500000000000000e+03 1.599296667115671517e+04 1.105857102254425711e-01
8.176500000000000000e+03 1.592396832095077480e+04 1.083710869781476654e-01
8.183500000000000000e+03 1.590236203206914979e+04 1.018938646127246772e-01
8.190500000000000000e+03 1.622874902632893645e+04 9.293218514109319317e-02
8.197500000000000000e+03 1.656273031123804321e+04 7.966360822123008667e-02
8.204500000000000000e+03 1.702756122327269986e+04 9.080996637255434045e-02
8.211500000000000000e+03 1.700437226918192027e+04 1.006989798624012833e-01
8.218500000000000000e+03 1.629336989215572794e+04 1.011580871293662753e-01
8.225500000000000000e+03 1.540014058628596467e+04 7.829682119041042609e-02
8.232500000000000000e+03 1.530569685354269859e+04 7.806804805357164811e-02
8.239500000000000000e+03 1.613375227462515977e+04 9.745523357062427228e-02
8.246500000000000000e+03 1.685700008294581858e+04 9.086028051535723071e-02
8.253500000000000000e+03 1.693396049744572883e+04 7.457592540937119097e-02
8.260500000000000000e+03 1.695631474400333173e+04 7.553216089739532568e-02
8.267500000000000000e+03 1.681114535409983364e+04 7.975169053563120614e-02
8.274500000000000000e+03 1.652663889531189125e+04 7.715779090191521306e-02
8.281500000000000000e+03 1.615199656221697114e+04 7.950395284674854901e-02
8.288500000000000000e+03 1.632382553995734452e+04 8.195611627794827103e-02
8.295500000000000000e+03 1.626360657560193795e+04 7.923069023209740325e-02
8.302500000000000000e+03 1.659062106934219264e+04 7.513703110516518902e-02
8.309500000000000000e+03 1.646096567588840117e+04 7.876650186891870353e-02
8.316500000000000000e+03 1.650002116124392342e+04 7.024523791744567702e-02
8.323500000000000000e+03 1.621686854419411429e+04 6.696258951785302727e-02
8.330500000000000000e+03 1.655719952843153806e+04 7.031463573182832050e-02
8.337500000000000000e+03 1.671697122652134567e+04 6.505280531951579404e-02
8.344500000000000000e+03 1.682221551492069921e+04 6.203259562123224907e-02
8.351500000000000000e+03 1.683427520603124503e+04 6.029111743299773313e-02
8.358500000000000000e+03 1.707678021887019349e+04 5.536499452483089473e-02
8.365500000000000000e+03 1.697790350232642959e+04 5.368853596568071845e-02
8.372500000000000000e+03 1.703631921891641832e+04 5.339582683843970001e-02
8.379500000000000000e+03 1.698684548170507333e+04 5.044629504193630376e-02
8.386500000000000000e+03 1.697930660545386127e+04 4.789412632526557356e-02
8.393500000000000000e+03 1.696861330350632124e+04 4.907583124106867922e-02
8.400500000000000000e+03 1.703498746951822613e+04 4.697444389323739838e-02
8.407500000000000000e+03 1.693385238989128993e+04 4.672472798001530564e-02
8.414500000000000000e+03 1.681347194649018638e+04 4.604787184207405348e-02
8.421500000000000000e+03 1.701238659499056303e+04 4.273261381080404459e-02
8.428500000000000000e+03 1.667340090163251080e+04 4.742195768133616873e-02
8.435500000000000000e+03 1.677016557741980068e+04 4.407162472051904395e-02
8.442500000000000000e+03 1.660920389490947855e+04 4.162564432578232110e-02
8.449500000000000000e+03 1.661374064787802126e+04 4.097414366808763142e-02
8.456500000000000000e+03 1.658864333622376580e+04 3.858392247924533752e-02
8.463500000000000000e+03 1.660095087110149325e+04 3.627434476252520967e-02
8.470500000000000000e+03 1.649059025559752263e+04 4.020420417262228485e-02
8.477500000000000000e+03 1.650446819327384219e+04 4.035064020951429492e-02
8.484500000000000000e+03 1.637512811934112688e+04 4.520770493254199635e-02
8.491500000000000000e+03 1.618326518857005067e+04 4.588471944975129613e-02
8.498500000000000000e+03 1.601619928303890083e+04 4.149631195772848780e-02
8.505500000000000000e+03 1.590145283412318349e+04 3.571599457723199228e-02
8.512500000000000000e+03 1.591525066810323187e+04 3.676223830894408823e-02
8.519500000000000000e+03 1.618789504377211233e+04 3.998132916548466365e-02
8.526500000000000000e+03 1.612839850681931421e+04 4.487707669113605302e-02
8.533500000000000000e+03 1.598383550452527743e+04 4.515851480134032425e-02
8.540500000000000000e+03 1.573325129946555353e+04 3.677270733162325833e-02
8.547500000000000000e+03 1.548376641122574802e+04 2.887345628956511021e-02
8.554500000000000000e+03 1.546233428931706294e+04 3.076586324660566737e-02
8.561500000000000000e+03 1.582531010512904686e+04 3.930064599247243273e-02
8.568500000000000000e+03 1.601559280138202485e+04 4.797060373158128221e-02
8.575500000000000000e+03 1.614703452971807201e+04 4.343464506143099313e-02
8.582500000000000000e+03 1.594062264604680422e+04 3.817521916611082283e-02
8.589500000000000000e+03 1.583332283312271466e+04 3.359844711277267665e-02
8.596500000000000000e+03 1.571676231332358111e+04 3.244066773268101944e-02
8.603500000000000000e+03 1.570683071631299754e+04 2.877608903803666879e-02
8.610500000000000000e+03 1.564630388759055131e+04 3.140181781833584901e-02
8.617500000000000000e+03 1.589825122128065595e+04 3.545031817146879899e-02
8.624500000000000000e+03 1.587741922905727552e+04 4.186298925061744669e-02
8.631500000000000000e+03 1.597248596328445092e+04 4.402669027698159071e-02
8.638500000000000000e+03 1.590732025688927570e+04 4.535654987650993009e-02
8.645500000000000000e+03 1.576476357465433102e+04 4.290556568161080220e-02
8.652500000000000000e+03 1.543398260544584264e+04 3.718104468970294396e-02
8.659500000000000000e+03 1.499514456811745731e+04 3.257640851973703233e-02
8.666500000000000000e+03 1.474183632986847806e+04 2.158200514923172206e-02
8.673500000000000000e+03 1.480236218668284891e+04 2.050168683161039673e-02
8.680500000000000000e+03 1.484310804039249342e+04 2.934779349427677972e-02
8.687500000000000000e+03 1.493554325618000803e+04 4.138353699455219609e-02
8.694500000000000000e+03 1.544499424568996437e+04 4.011736441972810902e-02
8.701500000000000000e+03 1.550628465413445338e+04 4.135083527349082966e-02
8.708500000000000000e+03 1.567169248986394086e+04 3.960076196733951920e-02
8.715500000000000000e+03 1.558043058421299793e+04 4.243535437120227877e-02
8.722500000000000000e+03 1.543905606970787449e+04 4.213693851613715957e-02
8.729500000000000000e+03 1.522183351626561671e+04 4.014617463530635588e-02
8.736500000000000000e+03 1.491879133119265134e+04 3.514569577266858647e-02
8.743500000000000000e+03 1.470700394639640035e+04 2.145584534735547888e-02
8.750500000000000000e+03 1.450502087601041421e+04 1.735028815552200343e-02
8.757500000000000000e+03 1.461214494646375351e+04 2.194604733393073007e-02
8.764500000000000000e+03 1.502895519732552566e+04 3.326935583329038854e-02
8.771500000000000000e+03 1.507887809422568898e+04 3.834563910006725390e-02
8.778500000000000000e+03 1.520058475073295631e+04 3.592782200605943582e-02
8.785500000000000000e+03 1.522442428492427280e+04 3.900074215800389266e-02
8.792500000000000000e+03 1.537042009468922697e+04 3.827044067872201194e-02
8.799500000000000000e+03 1.521259176958408534e+04 4.029744204583966816e-02
8.806500000000000000e+03 1.514790754797232876e+04 3.576017975331691190e-02
8.813500000000000000e+03 1.521600344174293605e+04 3.465370361687918066e-02
8.820500000000000000e+03 1.505346177640216411e+04 3.613784099399708349e-02
8.827500000000000000e+03 1.488019773449798413e+04 3.846006770447062822e-02
8.834500000000000000e+03 1.476146447022383290e+04 3.936402385462497988e-02
8.841500000000000000e+03 1.454424360643598993e+04 3.922035035013509557e-02
8.848500000000000000e+03 1.444279784417932569e+04 3.611401669575394630e-02
8.855500000000000000e+03 1.389271231587695365e+04 3.272107881822987341e-02
8.862500000000000000e+03 1.380304318591214360e+04 2.149827738976624325e-02
8.869500000000000000e+03 1.361772193214485560e+04 1.860522475732567793e-02
8.876500000000000000e+03 1.386150593046581525e+04 2.323060586553588741e-02
8.883500000000000000e+03 1.399033535012689936e+04 3.851162492147069266e-02
8.890500000000000000e+03 1.433982509408662190e+04 4.272405011565061361e-02
8.897500000000000000e+03 1.461390065326590593e+04 4.170166716130114387e-02
8.904500000000000000e+03 1.458474564699426264e+04 4.189548871485613418e-02
8.911500000000000000e+03 1.454237333122257405e+04 4.311033958272633693e-02
8.918500000000000000e+03 1.445193768482635096e+04 4.450119578136953191e-02
8.925500000000000000e+03 1.426147423649994198e+04 4.700170875791274266e-02
8.932500000000000000e+03 1.393401175610135761e+04 5.682589573581975362e-02
8.939500000000000000e+03 1.374354363551421739e+04 6.819440054499019410e-02
8.946500000000000000e+03 1.338891331007649751e+04 7.463298835562327815e-02
8.953500000000000000e+03 1.294666437025773484e+04 8.360981625795316230e-02
8.960500000000000000e+03 1.233092209080990506e+04 9.146897864755959562e-02
8.967500000000000000e+03 1.187425416250037597e+04 9.879401209365701320e-02
8.974500000000000000e+03 1.166282885757600707e+04 1.147443326822089604e-01
8.981500000000000000e+03 1.125770228717513055e+04 1.251297784185622375e-01
8.988500000000000000e+03 1.075527173500047138e+04 1.088197378653891767e-01
8.995500000000000000e+03 1.036135421480226069e+04 1.206461004682971155e-01
9.002500000000000000e+03 1.022296403714122062e+04 1.135989784085703475e-01
9.009500000000000000e+03 1.021053147902015007e+04 9.266431913663313036e-02
9.016500000000000000e+03 1.028823566807291536e+04 8.409753838993670738e-02
9.023500000000000000e+03 1.073998494140020193e+04 7.940235926312062820e-02
9.030500000000000000e+03 1.136709256667088630e+04 8.638451685730820506e-02
9.037500000000000000e+03 1.208687372358303037e+04 8.715242537806942857e-02
9.044500000000000000e+03 1.237058366536434187e+04 8.442718550862519933e-02
9.051500000000000000e+03 1.246465082036665626e+04 8.908684281158989193e-02
9.058500000000000000e+03 1.200581715803971565e+04 9.801741307281686133e-02
9.065500000000000000e+03 1.139250715674626008e+04 9.479306753402379215e-02
9.072500000000000000e+03 1.084415613774041958e+04 9.780342835422900505e-02
9.079500000000000000e+03 1.057202817022071577e+04 1.138220093003176336e-01
9.086500000000000000e+03 1.060326227989445761e+04 1.190528720653523942e-01
9.093500000000000000e+03 1.065365826791715153e+04 1.233854467963236695e-01
9.100500000000000000e+03 1.066456886406007834e+04 1.094457310270629535e-01
9.107500000000000000e+03 1.073853937822487023e+04 1.151926045588712588e-01
9.114500000000000000e+03 1.082547959079320026e+04 1.276609272061089428e-01
9.121500000000000000e+03 1.076944374903857533e+04 1.286438361126223395e-01
9.128500000000000000e+03 1.045122661732177039e+04 1.205156452362800973e-01
9.135500000000000000e+03 1.032799317405145302e+04 1.186145793934059028e-01
9.142500000000000000e+03 1.036894814500311622e+04 1.463475715148339351e-01
9.149500000000000000e+03 1.035126539112481623e+04 1.292532726621485883e-01
9.156500000000000000e+03 1.028782605163765948e+04 1.185837839104259134e-01
9.163500000000000000e+03 1.045600786258667904e+04 1.421788880658512444e-01
9.170500000000000000e+03 1.042066735354714547e+04 1.267284219401516587e-01
9.177500000000000000e+03 1.046617175956758547e+04 1.058192156669953699e-01
9.184500000000000000e+03 1.071172484988067845e+04 1.094089982981744646e-01
9.191500000000000000e+03 1.113661617307634151e+04 9.715443878930532517e-02
9.198500000000000000e+03 1.131539728683972317e+04 8.927402216059225626e-02
9.205500000000000000e+03 1.130936064476279535e+04 8.906330199048650975e-02
9.212500000000000000e+03 1.076282993104984234e+04 7.990109706222668640e-02
9.219500000000000000e+03 1.031742830683717330e+04 6.744548056330390562e-02
9.226500000000000000e+03 1.002220286497424240e+04 6.704739683891641766e-02
9.233500000000000000e+03 9.850370493102174805e+03 6.687545234471092837e-02
9.240500000000000000e+03 9.932973329698863381e+03 7.839699059874098708e-02
9.247500000000000000e+03 1.022498906585184523e+04 9.078327411624591281e-02
9.254500000000000000e+03 1.046267251904296245e+04 9.835937950194555135e-02
9.261500000000000000e+03 1.049683002614578436e+04 1.057371483549857105e-01
9.268500000000000000e+03 1.037997532462702657e+04 1.224902916659665469e-01
9.275500000000000000e+03 9.842026155915851632e+03 1.293550544954109316e-01
9.282500000000000000e+03 9.165141090008810352e+03 1.497869359917059773e-01
9.289500000000000000e+03 8.496458227733779495e+03 1.878122665009396286e-01
9.296500000000000000e+03 7.872119864960131054e+03 2.024992684424515577e-01
9.303500000000000000e+03 7.204468062940073651e+03 2.228172800421198974e-01
9.310500000000000000e+03 6.464975965793188152e+03 2.560118162143880105e-01
9.317500000000000000e+03 5.619491179853945141e+03 2.715248252154404685e-01
9.324500000000000000e+03 4.899557240920272307e+03 3.288184105804116131e-01
9.331500000000000000e+03 4.402830567593116029e+03 3.733560190149468050e-01
9.338500000000000000e+03 4.041442024301489710e+03 3.344261146574000199e-01
9.345500000000000000e+03 4.115674335389093358e+03 3.539462081239552749e-01
9.352500000000000000e+03 4.296363261951875756e+03 3.822426776448045738e-01
9.359500000000000000e+03 4.326251484076188717e+03 3.759471343727561199e-01
9.366500000000000000e+03 4.511549585817021580e+03 3.523079231666134681e-01
9.373500000000000000e+03 4.581854335026492663e+03 3.031335288107584458e-01
9.380500000000000000e+03 5.209468147349444735e+03 2.564905218792872810e-01
9.387500000000000000e+03 6.415888405082671852e+03 2.566542027371367385e-01
9.394500000000000000e+03 7.091807930833920182e+03 2.742992673693838701e-01
9.401500000000000000e+03 7.199585430301964152e+03 2.304190592367224566e-01
9.408500000000000000e+03 6.774764986331207183e+03 2.223143159096077348e-01
9.415500000000000000e+03 6.436304405100859185e+03 2.527146270967344788e-01
9.422500000000000000e+03 6.081147704924505888e+03 2.500038604724669766e-01
9.429500000000000000e+03 5.680820747585706158e+03 2.459602649873564861e-01
9.436500000000000000e+03 5.225812091213497297e+03 2.530608686116802009e-01
9.443500000000000000e+03 5.268998095815433771e+03 2.495836213485242983e-01
9.450500000000000000e+03 5.397963660193363467e+03 2.987358255620929381e-01
9.457500000000000000e+03 5.410152973289068541e+03 2.619708809497093838e-01
9.464500000000000000e+03 5.519363060821026920e+03 2.752251684894355122e-01
9.471500000000000000e+03 5.750419309723293736e+03 2.815529260542639078e-01
9.478500000000000000e+03 5.948368332906898104e+03 2.419800347993277534e-01
9.485500000000000000e+03 5.917184730898532507e+03 2.796361410283502158e-01
9.492500000000000000e+03 5.696904819330142345e+03 2.472767823515255592e-01
9.499500000000000000e+03 5.463662651575939890e+03 1.994978034443116444e-01
9.506500000000000000e+03 5.749192323397634937e+03 2.921844598511388891e-01
9.513500000000000000e+03 5.721061811242430849e+03 2.960214327374783294e-01
9.520500000000000000e+03 5.530766002688668777e+03 2.233113040669649496e-01
9.527500000000000000e+03 5.594956825071962157e+03 2.452267675554551107e-01
9.534500000000000000e+03 5.535967435905662569e+03 2.786085707803784284e-01
9.541500000000000000e+03 5.352279976787695887e+03 2.316253855494449787e-01
9.548500000000000000e+03 5.185048494573164135e+03 2.066717359333802850e-01
9.555500000000000000e+03 5.144781170313923212e+03 2.096721287101801223e-01
9.562500000000000000e+03 5.359136858206405122e+03 2.083060684536426899e-01
9.569500000000000000e+03 5.851287095878353284e+03 2.288421104794915450e-01
9.576500000000000000e+03 6.090142718484055877e+03 2.538078934956961574e-01
9.583500000000000000e+03 6.010761692724815475e+03 2.147787688805542772e-01
9.590500000000000000e+03 5.859985292022529393e+03 1.792643796259260625e-01
9.597500000000000000e+03 6.169787584173412142e+03 2.010289286924249741e-01
9.604500000000000000e+03 6.492410300691317389e+03 2.214495572459770356e-01
9.611500000000000000e+03 6.783719452348579580e+03 2.043752031858918627e-01
9.618500000000000000e+03 6.837290985463848301e+03 1.689988333968538148e-01
9.625500000000000000e+03 6.845556134170495170e+03 1.698923595501998229e-01
9.632500000000000000e+03 6.758670183433784587e+03 1.805120550912779342e-01
9.639500000000000000e+03 6.807497125897121805e+03 1.439222635552052099e-01
9.646500000000000000e+03 6.932601810757429121e+03 1.565487031039808907e-01
9.653500000000000000e+03 7.140030191518094398e+03 1.693703725679397143e-01
9.660500000000000000e+03 7.249796320920528160e+03 1.351842659644770794e-01
9.667500000000000000e+03 7.516434683212254640e+03 1.184480084375093140e-01
9.674500000000000000e+03 8.008890356823475486e+03 1.153126642234862803e-01
9.681500000000000000e+03 8.410395354984977530e+03 9.825117564149105087e-02
9.688500000000000000e+03 8.599221100988332182e+03 9.073997791280333236e-02
9.695500000000000000e+03 8.511445448983120514e+03 8.357330067956438013e-02
9.702500000000000000e+03 8.556493953740797224e+03 7.340590044982446549e-02
9.709500000000000000e+03 8.614019093052747849e+03 7.997311358137446091e-02
9.716500000000000000e+03 8.338168507883317943e+03 8.823272782639919598e-02
9.723500000000000000e+03 8.184879160466129179e+03 8.991548902931126297e-02
9.730500000000000000e+03 7.893206095374432152e+03 9.732773118106183285e-02
9.737500000000000000e+03 7.655033647722239948e+03 9.592442645490519004e-02
9.744500000000000000e+03 7.500423114914588041e+03 1.087874384463185934e-01
9.751500000000000000e+03 7.412913913364018299e+03 1.042415272088249717e-01
9.758500000000000000e+03 7.552125594608533902e+03 9.323099365309422959e-02
9.765500000000000000e+03 7.623858983670895213e+03 1.006361231565241626e-01
9.772500000000000000e+03 7.801484174680467731e+03 1.029513741938663102e-01
9.779500000000000000e+03 7.755921879689413799e+03 9.005244253307288782e-02
9.786500000000000000e+03 7.760774132873521012e+03 8.145096737201962256e-02
9.793500000000000000e+03 7.689115077176278646e+03 7.610165553219096213e-02
9.800500000000000000e+03 7.786699261631207264e+03 7.346169008166299197e-02
9.807500000000000000e+03 7.846244304478161212e+03 7.970972647420439261e-02
9.814500000000000000e+03 7.972475940199893557e+03 7.371150899946386781e-02
9.821500000000000000e+03 7.998476165009243232e+03 5.718581701911173987e-02
9.828500000000000000e+03 7.866947661444040023e+03 5.725651264922482220e-02
9.835500000000000000e+03 7.983788422343978709e+03 6.165770846001983330e-02
9.842500000000000000e+03 7.820064140817000407e+03 5.288989305704208665e-02
9.849500000000000000e+03 7.910190852600997459e+03 4.610172689460939610e-02
9.856500000000000000e+03 7.935851797092948800e+03 4.636642494786469976e-02
9.863500000000000000e+03 7.927387046149371599e+03 4.248719408610569098e-02
9.870500000000000000e+03 7.819641593816574641e+03 4.066146642312600673e-02
9.877500000000000000e+03 7.828867806913314780e+03 3.524103634627422793e-02
9.884500000000000000e+03 7.878212510810023559e+03 3.599896114667429370e-02
9.891500000000000000e+03 7.787804427598242000e+03 3.529211290796237244e-02
9.898500000000000000e+03 7.724596000238069792e+03 3.106773186575723100e-02
9.905500000000000000e+03 7.648105353093175836e+03 3.184530945796112955e-02
9.912500000000000000e+03 7.593734012600868482e+03 3.167697824848978577e-02
9.919500000000000000e+03 7.430284935897268952e+03 3.142840079968477890e-02
9.926500000000000000e+03 7.420785017688298467e+03 3.060665228797622775e-02
9.933500000000000000e+03 7.416067598619040837e+03 3.062453401270290657e-02
9.940500000000000000e+03 7.259267366034740917e+03 3.005904693023578322e-02
9.947500000000000000e+03 7.244103364723805498e+03 2.552887968282441244e-02
9.954500000000000000e+03 7.191836459143428328e+03 2.885083486367014810e-02
9.961500000000000000e+03 7.039701460495637548e+03 2.658641706371058996e-02
9.968500000000000000e+03 6.966048371612475421e+03 2.841674557386738437e-02
9.975500000000000000e+03 6.876704263575503319e+03 2.501006995592589682e-02
9.982500000000000000e+03 6.711699156648262033e+03 2.692667644844265462e-02
9.989500000000000000e+03 6.722512731132053887e+03 2.764068090572152636e-02
9.996500000000000000e+03 6.741978523835950000e+03 2.020203771174631027e-02
