# wavelength angstroms, flux, ext coeff
3.001800000000000182e+03 1.156902848164118147e+00 0.000000000000000000e+00
3.005300000000000182e+03 2.567420888599277973e+00 0.000000000000000000e+00
3.008800000000000182e+03 5.744868882440676394e+00 8.255472046111509421e-01
3.012300000000000182e+03 2.010109056989803378e+01 5.845297676750036420e-01
3.015800000000000182e+03 4.408090358842755130e+00 0.000000000000000000e+00
3.019300000000000182e+03 5.629388180044038847e+00 0.000000000000000000e+00
3.022800000000000182e+03 2.931814429143669853e-01 1.715021481968852068e+00
3.026300000000000182e+03 1.148127872927532955e+01 8.240908639484911813e-01
3.029800000000000182e+03 1.228340438660173639e+01 8.530796222010494922e-01
3.033300000000000182e+03 1.899886785975074588e+01 0.000000000000000000e+00
3.036800000000000182e+03 3.518093441500185214e-01 1.920268050733554777e+00
3.040300000000000182e+03 4.951772679076492878e+00 1.184290032398323422e+00
3.043800000000000182e+03 2.689360582193463592e-02 2.997804030265753816e+00
3.047300000000000182e+03 4.399294402675199223e+01 0.000000000000000000e+00
3.050800000000000182e+03 2.806264748784314644e+00 1.472808093580368016e+00
3.054300000000000182e+03 2.709287733596394521e+00 1.521035942906846294e+00
3.057800000000000182e+03 2.317532982767467775e+00 1.616359064348204200e+00
3.061300000000000182e+03 1.005087604879485674e+01 1.198786235269278855e+00
3.064800000000000182e+03 2.583296123840547187e-01 2.533305830157729588e+00
3.068300000000000182e+03 5.971216565455946146e+00 1.462554971134571558e+00
3.071800000000000182e+03 5.389647148849973313e+00 1.542012209876648221e+00
3.075300000000000182e+03 7.963571513969033289e-01 2.312298122483531060e+00
3.078800000000000182e+03 1.037369543098807689e+00 2.266039368739608761e+00
3.082300000000000182e+03 1.455828172737603232e+00 2.179656816440250999e+00
3.085800000000000182e+03 6.559768746066568568e+00 1.672069236450087315e+00
3.089300000000000182e+03 6.124368444137996192e+00 1.749869153478736727e+00
3.092800000000000182e+03 2.280365331360042092e+01 1.328235677371639500e+00
3.096300000000000182e+03 1.701379007114719144e+01 1.472122689973050180e+00
3.099800000000000182e+03 6.361124124704138794e+00 1.897591226696670352e+00
3.103300000000000182e+03 7.458831904678748792e+00 1.871676586417690302e+00
3.106800000000000182e+03 2.255263683224955074e+01 1.471846694008416945e+00
3.110300000000000182e+03 1.071388857834938868e+01 1.793355661741834695e+00
3.113800000000000182e+03 1.195679688649542705e+01 1.771645719581687262e+00
3.117300000000000182e+03 1.357833225946312616e+01 1.749434856983282049e+00
3.120800000000000182e+03 1.656788813460934762e+01 1.710775598039333545e+00
3.124300000000000182e+03 5.576128307037397747e+01 1.271070431367312015e+00
3.127800000000000182e+03 2.260626566729331088e+01 1.646568261435746638e+00
3.131300000000000182e+03 6.368442594216239883e+01 1.262653436758739645e+00
3.134800000000000182e+03 3.391621344868411114e+01 1.539426042511522041e+00
3.138300000000000182e+03 7.624519702742449567e+01 1.255705044076291799e+00
3.141800000000000182e+03 8.159765225748849105e+01 1.257936509840865247e+00
3.145300000000000182e+03 4.997141303329340900e+01 1.484434256424990606e+00
3.148800000000000182e+03 6.919113890420005930e+01 1.388092650505106995e+00
3.152300000000000182e+03 1.202352953610364779e+02 1.187889389820042885e+00
3.155800000000000182e+03 1.293526804111366175e+02 1.196136052184592291e+00
3.159300000000000182e+03 1.452687597149640908e+02 1.176532578013607555e+00
3.162800000000000182e+03 1.146440019233894958e+02 1.297880466427439705e+00
3.166300000000000182e+03 1.167420295190221822e+02 1.310875118063430600e+00
3.169800000000000182e+03 1.452221066379016179e+02 1.250422713179121681e+00
3.173300000000000182e+03 1.772767652630077180e+02 1.194252106229095833e+00
3.176800000000000182e+03 1.540335071964537974e+02 1.273995678005080734e+00
3.180300000000000182e+03 2.142550943091159183e+02 1.160916458330922829e+00
3.183800000000000182e+03 1.878231949654629318e+02 1.228395810613745143e+00
3.187300000000000182e+03 2.142017039142738781e+02 1.203316931868754214e+00
3.190800000000000182e+03 3.139139919629625410e+02 1.077548702413015036e+00
3.194300000000000182e+03 2.504344910682381453e+02 1.178093990845336725e+00
3.197800000000000182e+03 2.738272069923133358e+02 1.156146859207214384e+00
3.201300000000000182e+03 2.980789870269988455e+02 1.137115022119618457e+00
3.204800000000000182e+03 3.161211238623104123e+02 1.130950963418250188e+00
3.208300000000000182e+03 4.495611832376503685e+02 1.012467842223133907e+00
3.211800000000000182e+03 4.014091604355024288e+02 1.084047906228412517e+00
3.215300000000000182e+03 4.102357883721820713e+02 1.082594771298940328e+00
3.218800000000000182e+03 4.874731562942754408e+02 1.024725251933069181e+00
3.222300000000000182e+03 4.595265608712649623e+02 1.057886735002088630e+00
3.225800000000000182e+03 5.017087314932049367e+02 1.030337532793781374e+00
3.229300000000000182e+03 5.173126077892725334e+02 1.033462982164588650e+00
3.232800000000000182e+03 5.772842764346416971e+02 1.011999964857193124e+00
3.236300000000000182e+03 6.244385158502411741e+02 9.963415912841181443e-01
3.239800000000000182e+03 8.153972499085937216e+02 9.161456116627720858e-01
3.243300000000000182e+03 7.031435435663108819e+02 9.798856760676232236e-01
3.246800000000000182e+03 7.265456447887947888e+02 9.722003365342589687e-01
3.250300000000000182e+03 8.843321029180644928e+02 8.994999093989427541e-01
3.253800000000000182e+03 8.977115508208780739e+02 9.047904692839050522e-01
3.257300000000000182e+03 8.250164356126477969e+02 9.472269584918143748e-01
3.260800000000000182e+03 9.543738580503311368e+02 9.071662656432417648e-01
3.264300000000000182e+03 9.685411200224185677e+02 9.207397196915674265e-01
3.267800000000000182e+03 1.189442457660235505e+03 8.470691983921544432e-01
3.271300000000000182e+03 1.182134709815590895e+03 8.565671745251191016e-01
3.274800000000000182e+03 1.056930522791697058e+03 9.038445790967745141e-01
3.278300000000000182e+03 1.069856903353199868e+03 8.991324615575675416e-01
3.281800000000000182e+03 1.081594086145473511e+03 8.975736123088668972e-01
3.285300000000000182e+03 1.225764489000598587e+03 8.570191697452990143e-01
3.288800000000000182e+03 1.244011550785600093e+03 8.611613341964415858e-01
3.292300000000000182e+03 1.326083384330192075e+03 8.596980513792583656e-01
3.295800000000000182e+03 1.386810813692370402e+03 8.522574662167332615e-01
3.299300000000000182e+03 1.503919493357224383e+03 8.259177819029216439e-01
3.302800000000000182e+03 1.453979792950991623e+03 8.395269137484481226e-01
3.306300000000000182e+03 1.510762504016391858e+03 8.369093003072629600e-01
3.309800000000000182e+03 1.516670435547093348e+03 8.373635753830637185e-01
3.313300000000000182e+03 1.639168066069095175e+03 8.078458227527298696e-01
3.316800000000000182e+03 1.748949241915991706e+03 7.833401754092524927e-01
3.320300000000000182e+03 1.660266230128906500e+03 8.186627090694927888e-01
3.323800000000000182e+03 1.949604120448258982e+03 7.646440379438129709e-01
3.327300000000000182e+03 1.955291810185574832e+03 7.739702963844117267e-01
3.330800000000000182e+03 2.142644676240882745e+03 7.567306549218645317e-01
3.334300000000000182e+03 1.903713620219627728e+03 7.918462514968487298e-01
3.337800000000000182e+03 1.967784508281362150e+03 7.879229330324334368e-01
3.341300000000000182e+03 1.958359356379506153e+03 7.888091464475234238e-01
3.344800000000000182e+03 2.109917658966896397e+03 7.581942411410389493e-01
3.348300000000000182e+03 2.079190287967802760e+03 7.740536558488281260e-01
3.351800000000000182e+03 2.168185158283443798e+03 7.687077802930589732e-01
3.355300000000000182e+03 2.311434077044356854e+03 7.531583125794195643e-01
3.358800000000000182e+03 2.362080977666376839e+03 7.568509703058605709e-01
3.362300000000000182e+03 2.500377863320560664e+03 7.369762802422166192e-01
3.365800000000000182e+03 2.400709589533307280e+03 7.527704404419235384e-01
3.369300000000000182e+03 2.412016467595236918e+03 7.461064004051802812e-01
3.372800000000000182e+03 2.460723060472480029e+03 7.497934821305294317e-01
3.376300000000000182e+03 2.519274435080208150e+03 7.414698069187812823e-01
3.379800000000000182e+03 2.628557627252205748e+03 7.311015705192359659e-01
3.383300000000000182e+03 2.914760926196127912e+03 7.021609404943399690e-01
3.386800000000000182e+03 2.836372764866774560e+03 7.233297439712434995e-01
3.390300000000000182e+03 2.814800126194198128e+03 7.236035767656929796e-01
3.393800000000000182e+03 2.926034928601880438e+03 7.113510138089719215e-01
3.397300000000000182e+03 3.136393390824631297e+03 6.904632669978461035e-01
3.400800000000000182e+03 3.016608999147048507e+03 7.065992846066693200e-01
3.404300000000000182e+03 3.101382027928623756e+03 7.076897190885548250e-01
3.407800000000000182e+03 3.371873268494200147e+03 6.780410682587236781e-01
3.411300000000000182e+03 3.230679663049196279e+03 6.970896643152503236e-01
3.414800000000000182e+03 3.466933469865450661e+03 6.715179464284705135e-01
3.418300000000000182e+03 3.329023276245892248e+03 6.921342155462576473e-01
3.421800000000000182e+03 3.451834834398799103e+03 6.840055839470211563e-01
3.425300000000000182e+03 3.517849646604639020e+03 6.706788023568925894e-01
3.428800000000000182e+03 3.588265150817672748e+03 6.755303377176544721e-01
3.432300000000000182e+03 3.553934777897683944e+03 6.779774574616205252e-01
3.435800000000000182e+03 3.655522888796898769e+03 6.685626999396192538e-01
3.439300000000000182e+03 3.859226827714575393e+03 6.524721976482378283e-01
3.442800000000000182e+03 3.731222607150471049e+03 6.697215508821697805e-01
3.446300000000000182e+03 3.859211857160668387e+03 6.619724467605071494e-01
3.449800000000000182e+03 4.128563299966138402e+03 6.428852254858014037e-01
3.453300000000000182e+03 3.990832508864024476e+03 6.565113493069250072e-01
3.456800000000000182e+03 4.355986707182564714e+03 6.306494395014096144e-01
3.460300000000000182e+03 4.076774168889211069e+03 6.535370994427037727e-01
3.463800000000000182e+03 4.165709019754839574e+03 6.511831477789360445e-01
3.467300000000000182e+03 4.231100195696716582e+03 6.498928461470409035e-01
3.470800000000000182e+03 4.298284307421702579e+03 6.433439567339204190e-01
3.474300000000000182e+03 4.519203293351351931e+03 6.269342254774696865e-01
3.477800000000000182e+03 4.387275568437901711e+03 6.420336163133676388e-01
3.481300000000000182e+03 4.547252837018128957e+03 6.337350615830749101e-01
3.484800000000000182e+03 4.592269011271992895e+03 6.342746316203753398e-01
3.488300000000000182e+03 4.829518174810039454e+03 6.132739957216999382e-01
3.491800000000000182e+03 4.738479609528085348e+03 6.247071782984420230e-01
3.495300000000000182e+03 4.970965126323671939e+03 6.112626331569824822e-01
3.498800000000000182e+03 4.832300304477813370e+03 6.209952826474853804e-01
3.502300000000000182e+03 5.179027239355039455e+03 6.023086337622065578e-01
3.505800000000000182e+03 5.031211519721578952e+03 6.080765558382362768e-01
3.509300000000000182e+03 5.042422505163938695e+03 6.170593381339283257e-01
3.512800000000000182e+03 5.062264022567985194e+03 6.168045171441427499e-01
3.516300000000000182e+03 5.329286785130546377e+03 5.999927851479194274e-01
3.519800000000000182e+03 5.325234243281826821e+03 6.036497556870902281e-01
3.523300000000000182e+03 5.477185102209386969e+03 5.956136100858316906e-01
3.526800000000000182e+03 5.626502796052315716e+03 5.920450023517779270e-01
3.530300000000000182e+03 5.595936259927649189e+03 5.883971019640458211e-01
3.533800000000000182e+03 5.527656828771620894e+03 6.000280834264184460e-01
3.537300000000000182e+03 5.581291278163070274e+03 5.959396306896462825e-01
3.540800000000000182e+03 5.668830679313468863e+03 5.938076178034197294e-01
3.544300000000000182e+03 5.821411826657028541e+03 5.856982482944960156e-01
3.547800000000000182e+03 5.910320521888748772e+03 5.830085726122203882e-01
3.551300000000000182e+03 6.150008170844713277e+03 5.752960893739127446e-01
3.554800000000000182e+03 6.064946486566452222e+03 5.857362356980806428e-01
3.558300000000000182e+03 6.067856047580616178e+03 5.845564794310857959e-01
3.561800000000000182e+03 6.147428549887029476e+03 5.766080409594265266e-01
3.565300000000000182e+03 6.330861527253073291e+03 5.746338741084489055e-01
3.568800000000000182e+03 6.635953024059804193e+03 5.589073077197802553e-01
3.572300000000000182e+03 6.381419629943045038e+03 5.726459179938990784e-01
3.575800000000000182e+03 6.480464561734494055e+03 5.688879279286790380e-01
3.579300000000000182e+03 6.455012403354853632e+03 5.697639415075869129e-01
3.582800000000000182e+03 6.519194121630147492e+03 5.661216573240687167e-01
3.586300000000000182e+03 7.087864374751039577e+03 5.470419139232198802e-01
3.589800000000000182e+03 6.822831687332234651e+03 5.621127156100950151e-01
3.593300000000000182e+03 6.949089138250033102e+03 5.551727694508267197e-01
3.596800000000000182e+03 6.972954994609372989e+03 5.539399172090119228e-01
3.600300000000000182e+03 6.907601982980737375e+03 5.573389555812024998e-01
3.603800000000000182e+03 7.113579838047596240e+03 5.539064960088926348e-01
3.607300000000000182e+03 7.200567715087602664e+03 5.508888291109401703e-01
3.610800000000000182e+03 7.332023787677216205e+03 5.498922492003993634e-01
3.614300000000000182e+03 7.321814583930234221e+03 5.467823382311508551e-01
3.617800000000000182e+03 7.428856959560296673e+03 5.414909886785009840e-01
3.621300000000000182e+03 7.392997449189421786e+03 5.415340540734023822e-01
3.624800000000000182e+03 7.865097413396593765e+03 5.309234510877811619e-01
3.628300000000000182e+03 7.714950225271282761e+03 5.377544160531985140e-01
3.631800000000000182e+03 7.628698694996784980e+03 5.390787910392911275e-01
3.635300000000000182e+03 7.909745705752077811e+03 5.322232568925312490e-01
3.638800000000000182e+03 8.089989199470633139e+03 5.309287590020563830e-01
3.642300000000000182e+03 8.068643376641279247e+03 5.259765038145172156e-01
3.645800000000000182e+03 8.308124986033053574e+03 5.188070697578509582e-01
3.649300000000000182e+03 8.358053475355973205e+03 5.189327169342422552e-01
3.652800000000000182e+03 8.513463113263696869e+03 5.151652012764651456e-01
3.656300000000000182e+03 8.270523617792759978e+03 5.231645808316437440e-01
3.659800000000000182e+03 8.461404195013614299e+03 5.226502060991022880e-01
3.663300000000000182e+03 8.398761624038896116e+03 5.211172617689947550e-01
3.666800000000000182e+03 8.608801727650103203e+03 5.168163831673375785e-01
3.670300000000000182e+03 8.697022721338111296e+03 5.183670230364090248e-01
3.673800000000000182e+03 8.728718749727362592e+03 5.160003702353804789e-01
3.677300000000000182e+03 8.868223463968326541e+03 5.118935429836175555e-01
3.680800000000000182e+03 9.019709815326867101e+03 5.083608388668283684e-01
3.684300000000000182e+03 8.992059377979638157e+03 5.077303604063320153e-01
3.687800000000000182e+03 9.255267640330346694e+03 5.040042572932502685e-01
3.691300000000000182e+03 9.157018422185316012e+03 5.011980607404648014e-01
3.694800000000000182e+03 9.369201967479548330e+03 4.966931627574044938e-01
3.698300000000000182e+03 9.218134231071588147e+03 4.946532877389914207e-01
3.701800000000000182e+03 9.280316816670054322e+03 4.940635935437214243e-01
3.705300000000000182e+03 9.336769656530128486e+03 4.896069422992964104e-01
3.708800000000000182e+03 9.572255393752140662e+03 4.878317428209487105e-01
3.712300000000000182e+03 9.332680544494620335e+03 4.961789628768802918e-01
3.715800000000000182e+03 9.278027233672770308e+03 4.911560625704141647e-01
3.719300000000000182e+03 9.246457529015540786e+03 4.891308750990847609e-01
3.722800000000000182e+03 9.751794375750319887e+03 4.747106353489103925e-01
3.726300000000000182e+03 9.820221467320019656e+03 4.727501299587785200e-01
3.729800000000000182e+03 9.946891916109434533e+03 4.691450062482032668e-01
3.733300000000000182e+03 9.832706660501566148e+03 4.800159482493284169e-01
3.736800000000000182e+03 9.967497074708400760e+03 4.771933879919493804e-01
3.740300000000000182e+03 1.000596646912454162e+04 4.789615495821096247e-01
3.743800000000000182e+03 1.022789342197981205e+04 4.764657528537910025e-01
3.747300000000000182e+03 1.000224027831441890e+04 4.792247870930348985e-01
3.750800000000000182e+03 1.072415679572420959e+04 4.694073010676223512e-01
3.754300000000000182e+03 1.048970789939200222e+04 4.768371604964499744e-01
3.757800000000000182e+03 1.087607264632282750e+04 4.666751980934935595e-01
3.761300000000000182e+03 1.089555637856010981e+04 4.670321269372403883e-01
3.764800000000000182e+03 1.073796277860021655e+04 4.681373673684136039e-01
3.768300000000000182e+03 1.117838119131655912e+04 4.566135614169988255e-01
3.771800000000000182e+03 1.108186329317213495e+04 4.638487395135035829e-01
3.775300000000000182e+03 1.124044371142779528e+04 4.591732584714273702e-01
3.778800000000000182e+03 1.154701083299659149e+04 4.600194209654104305e-01
3.782300000000000182e+03 1.178937413573331651e+04 4.595008477872283836e-01
3.785800000000000182e+03 1.191631691861804393e+04 4.576951896482537863e-01
3.789300000000000182e+03 1.224344379452921748e+04 4.506923358728996964e-01
3.792800000000000182e+03 1.244303301772542181e+04 4.527752625858725843e-01
3.796300000000000182e+03 1.256315719549685309e+04 4.491742249424835465e-01
3.799800000000000182e+03 1.279940756180018434e+04 4.534635388576236381e-01
3.803300000000000182e+03 1.285624571920786002e+04 4.551545798248000096e-01
3.806800000000000182e+03 1.302024964191946856e+04 4.523061549641915202e-01
3.810300000000000182e+03 1.302600339791243096e+04 4.549738333424472869e-01
3.813800000000000182e+03 1.316466051972850437e+04 4.478381104070028873e-01
3.817300000000000182e+03 1.307715705611013436e+04 4.420847285303098895e-01
3.820800000000000182e+03 1.285314712944873463e+04 4.397727387267618693e-01
3.824300000000000182e+03 1.346015742933849469e+04 4.255962993611164813e-01
3.827800000000000182e+03 1.330279667685775894e+04 4.234229619134926570e-01
3.831300000000000182e+03 1.341600339049309696e+04 4.231500747078796310e-01
3.834800000000000182e+03 1.349115763193198472e+04 4.258657279495110526e-01
3.838300000000000182e+03 1.345064721501039094e+04 4.318082024081639769e-01
3.841800000000000182e+03 1.424615099751312482e+04 4.265180528983226749e-01
3.845300000000000182e+03 1.443687567069648503e+04 4.337030520451294890e-01
3.848800000000000182e+03 1.480957372535173454e+04 4.338296852237741863e-01
3.852300000000000182e+03 1.512338736915701702e+04 4.292784452730985523e-01
3.855800000000000182e+03 1.526053986225384506e+04 4.310401279632092852e-01
3.859300000000000182e+03 1.544672217128566808e+04 4.282691200279490351e-01
3.862800000000000182e+03 1.546719737440374956e+04 4.316701247076550341e-01
3.866300000000000182e+03 1.542681151482602036e+04 4.322205223735801627e-01
3.869800000000000182e+03 1.517842413318891340e+04 4.347005838834889224e-01
3.873300000000000182e+03 1.503614940518662479e+04 4.286179135909513049e-01
3.876800000000000182e+03 1.511593089807973593e+04 4.239315628329278218e-01
3.880300000000000182e+03 1.500010522942655734e+04 4.133859514410992420e-01
3.883800000000000182e+03 1.476250867432544328e+04 4.026777533250252561e-01
3.887300000000000182e+03 1.512624362601697976e+04 3.884696334571678400e-01
3.890800000000000182e+03 1.547604145908311693e+04 3.850807549991721590e-01
3.894300000000000182e+03 1.572864735753167770e+04 3.842963437908324398e-01
3.897800000000000182e+03 1.556091266274964255e+04 4.001522263563745963e-01
3.901300000000000182e+03 1.580963536148977255e+04 4.079317689538499714e-01
3.904800000000000182e+03 1.595548399558375422e+04 4.191158822408689866e-01
3.908300000000000182e+03 1.648083856044451750e+04 4.178937729968395520e-01
3.911800000000000182e+03 1.682772728526737774e+04 4.182725319296005662e-01
3.915300000000000182e+03 1.760112793554700693e+04 4.093283101757732578e-01
3.918800000000000182e+03 1.793010278803715119e+04 4.036605136784005010e-01
3.922300000000000182e+03 1.779522871133107401e+04 4.015310674888968312e-01
3.925800000000000182e+03 1.830341853248748521e+04 3.906312776663345421e-01
3.929300000000000182e+03 1.856334946806190055e+04 3.857660554079052617e-01
3.932800000000000182e+03 1.857275595697390600e+04 3.861876675902745637e-01
3.936300000000000182e+03 1.838380173511979228e+04 3.909087907711863985e-01
3.939800000000000182e+03 1.841995093905456451e+04 3.926904850962127935e-01
3.943300000000000182e+03 1.841771865670534680e+04 3.984828090572903325e-01
3.946800000000000182e+03 1.807924607223683415e+04 4.006810943491217469e-01
3.950300000000000182e+03 1.762466239405194210e+04 4.074571573743422381e-01
3.953800000000000182e+03 1.768749582991411808e+04 4.032615004868165265e-01
3.957300000000000182e+03 1.747201718071248615e+04 3.919264283303385277e-01
3.960800000000000182e+03 1.742025154563431715e+04 3.825027593204345377e-01
3.964300000000000182e+03 1.767825561334181475e+04 3.641054662800519703e-01
3.967800000000000182e+03 1.780637544036466352e+04 3.535220884160744648e-01
3.971300000000000182e+03 1.804249064954571077e+04 3.467554132317058335e-01
3.974800000000000182e+03 1.783359527088311370e+04 3.555415769259123726e-01
3.978300000000000182e+03 1.796856447076564291e+04 3.681272705127515144e-01
3.981800000000000182e+03 1.841384921406226931e+04 3.768932527041922165e-01
3.985300000000000182e+03 1.881850907442716198e+04 3.829699930660731000e-01
3.988800000000000182e+03 1.914259459998809325e+04 3.826192059787098532e-01
3.992300000000000182e+03 1.954359333053372757e+04 3.842886738690953208e-01
3.995800000000000182e+03 1.986225240141902759e+04 3.796643127066364198e-01
3.999300000000000182e+03 2.004874346973486172e+04 3.755717545138982927e-01
4.002800000000000182e+03 2.063479610080837301e+04 3.730316178560338924e-01
4.006300000000000182e+03 2.031732585218244640e+04 3.716302649030172600e-01
4.009800000000000182e+03 2.093081599762208134e+04 3.702194743044324166e-01
4.013300000000000182e+03 2.087741663340521700e+04 3.707350334966250660e-01
4.016800000000000182e+03 2.101613102830102071e+04 3.673580185458987790e-01
4.020300000000000182e+03 2.098622656569517858e+04 3.656145886261946698e-01
4.023800000000000182e+03 2.107482548397585560e+04 3.636077946490990920e-01
4.027300000000000182e+03 2.125752030828157513e+04 3.637844560275352301e-01
4.030800000000000182e+03 2.120571883279555186e+04 3.627457144051337012e-01
4.034300000000000182e+03 2.162030569192678740e+04 3.604874043435543629e-01
4.037800000000000182e+03 2.169604770468544666e+04 3.579087729425312614e-01
4.041300000000000182e+03 2.177494600288720540e+04 3.598542000838412247e-01
4.044800000000000182e+03 2.170245580112345124e+04 3.588504442317060339e-01
4.048300000000000182e+03 2.210477427993201491e+04 3.560910942069581697e-01
4.051800000000000182e+03 2.226942929591721622e+04 3.558962706824658762e-01
4.055300000000000182e+03 2.222461567195470343e+04 3.541448649288670425e-01
4.058800000000000182e+03 2.236669149941999058e+04 3.531289752920329095e-01
4.062300000000000182e+03 2.207679816139638569e+04 3.532365264864912868e-01
4.065800000000000182e+03 2.216188338811421636e+04 3.519323668501678215e-01
4.069300000000000182e+03 2.219350968737016228e+04 3.522136792557510332e-01
4.072800000000000182e+03 2.238694437982323143e+04 3.487407039801307951e-01
4.076300000000000182e+03 2.193518045174306826e+04 3.495874739129249398e-01
4.079800000000000182e+03 2.195271512828204868e+04 3.461777635276918064e-01
4.083300000000000182e+03 2.198181338319641145e+04 3.442924229948191028e-01
4.086800000000000182e+03 2.185917582374373887e+04 3.447440669064326668e-01
4.090300000000000182e+03 2.143197918721508540e+04 3.456432912134539959e-01
4.093800000000000182e+03 2.090255899241947918e+04 3.447286824635620306e-01
4.097300000000000182e+03 2.108056239544013442e+04 3.386716416025070675e-01
4.100800000000000182e+03 2.158011361527111512e+04 3.323206715499232300e-01
4.104300000000000182e+03 2.099773747961467234e+04 3.281950129011665385e-01
4.107800000000000182e+03 2.140764739779663432e+04 3.219322581410668516e-01
4.111300000000000182e+03 2.169240200518200436e+04 3.201103054376140400e-01
4.114800000000000182e+03 2.185989858411740715e+04 3.226478627970419399e-01
4.118300000000000182e+03 2.245437254267142271e+04 3.274640579392645301e-01
4.121800000000000182e+03 2.272009334661453977e+04 3.333823599634413437e-01
4.125300000000000182e+03 2.310169059613782883e+04 3.387525930869783042e-01
4.128800000000000182e+03 2.382623745505373154e+04 3.382649119658375780e-01
4.132300000000000182e+03 2.396523258736258504e+04 3.358388023189584626e-01
4.135800000000000182e+03 2.474244356333485484e+04 3.313122643487079744e-01
4.139300000000000182e+03 2.468315873106863728e+04 3.296236823369337321e-01
4.142800000000000182e+03 2.516678150584631658e+04 3.300131313299003999e-01
4.146300000000000182e+03 2.522681174312565054e+04 3.244433050634418225e-01
4.149800000000000182e+03 2.500480732336784058e+04 3.255595554994224483e-01
4.153300000000000182e+03 2.506652832233002482e+04 3.242768214663717119e-01
4.156800000000000182e+03 2.561425842856567397e+04 3.238680881674528278e-01
4.160300000000000182e+03 2.554155747769322625e+04 3.216039947603350213e-01
4.163800000000000182e+03 2.581589674842426757e+04 3.218840110575115210e-01
4.167300000000000182e+03 2.632362993215042297e+04 3.203216421986322393e-01
4.170800000000000182e+03 2.621804774978103160e+04 3.186196716902782167e-01
4.174300000000000182e+03 2.682053998403494916e+04 3.171558002190578152e-01
4.177800000000000182e+03 2.670579086272449058e+04 3.172531608529584046e-01
4.181300000000000182e+03 2.668603284419016200e+04 3.160666916700108908e-01
4.184800000000000182e+03 2.704158909089495137e+04 3.134580427604791164e-01
4.188300000000000182e+03 2.686149519632028023e+04 3.158824162357281584e-01
4.191800000000000182e+03 2.675858443036425160e+04 3.116573727032082575e-01
4.195300000000000182e+03 2.651920815989699258e+04 3.131578755024230221e-01
4.198800000000000182e+03 2.701462811028606666e+04 3.122277204229422787e-01
4.202300000000000182e+03 2.698296332820149473e+04 3.095283237709600677e-01
4.205800000000000182e+03 2.735805983327699505e+04 3.097516079483254581e-01
4.209300000000000182e+03 2.746722068220828805e+04 3.087482318059559527e-01
4.212800000000000182e+03 2.764386110898719198e+04 3.050031584652571626e-01
4.216300000000000182e+03 2.777416612306985917e+04 3.076697966995158295e-01
4.219800000000000182e+03 2.776451075137993394e+04 3.049198090347948198e-01
4.223300000000000182e+03 2.830753393246735141e+04 3.046366327383270289e-01
4.226800000000000182e+03 2.796930813318588844e+04 3.011455637261719054e-01
4.230300000000000182e+03 2.801208260624881586e+04 3.014103264247164349e-01
4.233800000000000182e+03 2.802786244668523068e+04 3.018855326114319171e-01
4.237300000000000182e+03 2.857336389610388869e+04 3.002787457991236697e-01
4.240800000000000182e+03 2.808117765106109437e+04 2.995664143277503855e-01
4.244300000000000182e+03 2.836858096109859616e+04 3.001254738991886439e-01
4.247800000000000182e+03 2.874392575537723678e+04 2.971143636065438076e-01
4.251300000000000182e+03 2.803406087714126625e+04 2.993689358379827969e-01
4.254800000000000182e+03 2.836423082452687959e+04 2.964409569104242692e-01
4.258300000000000182e+03 2.823939733356340003e+04 2.966736870249010449e-01
4.261800000000000182e+03 2.843868029004368873e+04 2.939559571478182476e-01
4.265300000000000182e+03 2.876111281785835308e+04 2.924964616751786761e-01
4.268800000000000182e+03 2.863708665264866431e+04 2.930159783204764889e-01
4.272300000000000182e+03 2.898464686664117835e+04 2.897358763883594035e-01
4.275800000000000182e+03 2.882451595996668402e+04 2.901614759117219777e-01
4.279300000000000182e+03 2.917752935466247072e+04 2.902092869553848931e-01
4.282800000000000182e+03 2.927271091507777601e+04 2.904634267009564286e-01
4.286300000000000182e+03 2.879457364028557640e+04 2.911577837855153228e-01
4.289800000000000182e+03 2.913970961039515169e+04 2.889051145601245207e-01
4.293300000000000182e+03 2.900185762159314618e+04 2.871903746394374735e-01
4.296800000000000182e+03 2.928248673587131634e+04 2.874728891137568465e-01
4.300300000000000182e+03 2.931340444048653080e+04 2.873550176488652297e-01
4.303800000000000182e+03 2.924200288021649976e+04 2.852135964315168359e-01
4.307300000000000182e+03 2.952780294671208685e+04 2.851547332788135214e-01
4.310800000000000182e+03 2.955413089288655101e+04 2.850331211264330866e-01
4.314300000000000182e+03 2.910123577663600736e+04 2.845634798532100662e-01
4.317800000000000182e+03 2.879571236959285307e+04 2.826597478341070224e-01
4.321300000000000182e+03 2.872126749117247527e+04 2.810003890950402150e-01
4.324800000000000182e+03 2.858205585697907372e+04 2.766823162832923177e-01
4.328300000000000182e+03 2.835458684872179583e+04 2.777460828539240478e-01
4.331800000000000182e+03 2.785370849226580322e+04 2.777902183175317563e-01
4.335300000000000182e+03 2.781953277558138871e+04 2.749191815607594513e-01
4.338800000000000182e+03 2.766829281234938753e+04 2.720494024995629978e-01
4.342300000000000182e+03 2.764682599867940007e+04 2.683148200609595246e-01
4.345800000000000182e+03 2.754020445735310204e+04 2.624157696947638230e-01
4.349300000000000182e+03 2.840223131316579384e+04 2.586258354398449644e-01
4.352800000000000182e+03 2.885727229491335311e+04 2.583248412713324837e-01
4.356300000000000182e+03 2.872570507114712018e+04 2.645640856467538771e-01
4.359800000000000182e+03 2.936276927255639384e+04 2.666081953306680963e-01
4.363300000000000182e+03 2.893251268557650474e+04 2.746743521717903147e-01
4.366800000000000182e+03 2.957815984521354039e+04 2.776449143823460086e-01
4.370300000000000182e+03 2.987823866927389463e+04 2.768431952422837350e-01
4.373800000000000182e+03 3.112245547950645050e+04 2.731493464634058288e-01
4.377300000000000182e+03 3.172450842180760446e+04 2.677126831759826797e-01
4.380800000000000182e+03 3.145825457416087738e+04 2.681850927451455702e-01
4.384300000000000182e+03 3.189140923851492335e+04 2.644276217394408435e-01
4.387800000000000182e+03 3.212023993163096020e+04 2.623409509713056642e-01
4.391300000000000182e+03 3.152762692291303028e+04 2.647014946210640152e-01
4.394800000000000182e+03 3.199470155965183949e+04 2.625169173981181658e-01
4.398300000000000182e+03 3.233864158075201703e+04 2.626828178861508878e-01
4.401800000000000182e+03 3.180661905955203110e+04 2.627338351935975536e-01
4.405300000000000182e+03 3.241242576395616197e+04 2.615207680275138391e-01
4.408800000000000182e+03 3.290200483514679217e+04 2.605089226337921060e-01
4.412300000000000182e+03 3.201797505334171001e+04 2.615551188465215504e-01
4.415800000000000182e+03 3.243133071946965720e+04 2.595006036681934969e-01
4.419300000000000182e+03 3.289712531013580156e+04 2.587833071718477207e-01
4.422800000000000182e+03 3.255473953770699882e+04 2.588571919827282741e-01
4.426300000000000182e+03 3.259439384819812767e+04 2.584474026979006189e-01
4.429800000000000182e+03 3.270320440047505326e+04 2.573531068403117628e-01
4.433300000000000182e+03 3.257670001377763765e+04 2.571065052502056747e-01
4.436800000000000182e+03 3.337100394983567094e+04 2.536608695261024504e-01
4.440300000000000182e+03 3.290947402297479857e+04 2.576630539570473055e-01
4.443800000000000182e+03 3.319064562672327156e+04 2.561412728410843442e-01
4.447300000000000182e+03 3.308925986671958526e+04 2.544592041357685575e-01
4.450800000000000182e+03 3.300087615238797298e+04 2.541045936574445330e-01
4.454300000000000182e+03 3.330968959071955760e+04 2.516449265749911568e-01
4.457800000000000182e+03 3.294613879826069024e+04 2.504004545144169480e-01
4.461300000000000182e+03 3.294406666067851620e+04 2.505710389135406557e-01
4.464800000000000182e+03 3.297613544654574798e+04 2.503890908026961681e-01
4.468300000000000182e+03 3.243295489586422627e+04 2.518167288867811382e-01
4.471800000000000182e+03 3.227178455622842375e+04 2.516469442543879387e-01
4.475300000000000182e+03 3.303012649353199959e+04 2.496705414796912825e-01
4.478800000000000182e+03 3.359761657812714111e+04 2.456999122525707624e-01
4.482300000000000182e+03 3.309502603099439875e+04 2.475125828294376662e-01
4.485800000000000182e+03 3.339211423714074772e+04 2.455196653544384211e-01
4.489300000000000182e+03 3.394207940650025557e+04 2.450883192055685056e-01
4.492800000000000182e+03 3.379962883470048109e+04 2.460984664908471564e-01
4.496300000000000182e+03 3.436767987420559075e+04 2.451250136114373479e-01
4.499800000000000182e+03 3.437937252485218778e+04 2.446339342233049829e-01
4.503300000000000182e+03 3.408313114055653568e+04 2.449584196747160159e-01
4.506800000000000182e+03 3.404828069824910926e+04 2.444347930740494446e-01
4.510300000000000182e+03 3.438281641666626092e+04 2.448825178377559142e-01
4.513800000000000182e+03 3.428712884050171124e+04 2.431418953803726468e-01
4.517300000000000182e+03 3.456371097664289118e+04 2.413063477769784027e-01
4.520800000000000182e+03 3.493414252936806588e+04 2.393751290396069764e-01
4.524300000000000182e+03 3.472969321446504910e+04 2.403159332036893248e-01
4.527800000000000182e+03 3.503723665880551562e+04 2.366541475600947297e-01
4.531300000000000182e+03 3.480310882469821081e+04 2.377736160912906904e-01
4.534800000000000182e+03 3.484311170820307598e+04 2.383860370494886860e-01
4.538300000000000182e+03 3.449261786342554115e+04 2.378548990253043782e-01
4.541800000000000182e+03 3.479423514580233314e+04 2.363252816772851150e-01
4.545300000000000182e+03 3.445349129051755153e+04 2.379470850207215937e-01
4.548800000000000182e+03 3.443461410935557069e+04 2.357221138485277590e-01
4.552300000000000182e+03 3.511366822294771555e+04 2.337598782581951917e-01
4.555800000000000182e+03 3.458139925707172370e+04 2.358249547455372186e-01
4.559300000000000182e+03 3.473632791657846246e+04 2.338609884472221678e-01
4.562800000000000182e+03 3.501881224760357145e+04 2.332424436895529918e-01
4.566300000000000182e+03 3.524391212769634876e+04 2.335796317748194961e-01
4.569800000000000182e+03 3.465222500124922226e+04 2.345222590686836250e-01
4.573300000000000182e+03 3.428035034043894120e+04 2.316227068899330277e-01
4.576800000000000182e+03 3.452407712073096627e+04 2.321602210536906075e-01
4.580300000000000182e+03 3.484814524343982339e+04 2.303444584645801541e-01
4.583800000000000182e+03 3.433939228360451671e+04 2.315864620777642047e-01
4.587300000000000182e+03 3.449573221617930540e+04 2.290538781864149276e-01
4.590800000000000182e+03 3.486537679262258462e+04 2.274286205292961605e-01
4.594300000000000182e+03 3.429746890739032824e+04 2.279795118788842390e-01
4.597800000000000182e+03 3.548985175572916341e+04 2.258588574960684048e-01
4.601300000000000182e+03 3.486688970846136363e+04 2.264340822181800383e-01
4.604800000000000182e+03 3.492347928353948373e+04 2.254622579820761974e-01
4.608300000000000182e+03 3.438077929916818539e+04 2.262952359200877395e-01
4.611800000000000182e+03 3.435112334367074072e+04 2.267947876228650350e-01
4.615300000000000182e+03 3.467626533573462802e+04 2.230858196541042893e-01
4.618800000000000182e+03 3.444924070946211577e+04 2.254639826737409036e-01
4.622300000000000182e+03 3.528628487347516057e+04 2.226468298704159243e-01
4.625800000000000182e+03 3.467908661962803308e+04 2.245691364488487385e-01
4.629300000000000182e+03 3.522215781187235552e+04 2.212104011245862589e-01
4.632800000000000182e+03 3.559763221386442456e+04 2.186190847720403119e-01
4.636300000000000182e+03 3.497211201870961668e+04 2.192413562267596927e-01
4.639800000000000182e+03 3.463447974995245750e+04 2.194287665494112638e-01
4.643300000000000182e+03 3.440464482012835651e+04 2.204462372684445337e-01
4.646800000000000182e+03 3.419345357829127170e+04 2.200938214607167376e-01
4.650300000000000182e+03 3.448851164937944122e+04 2.178075008220109743e-01
4.653800000000000182e+03 3.471420109611356020e+04 2.179921903795592475e-01
4.657300000000000182e+03 3.417932707479278906e+04 2.159058388798119066e-01
4.660800000000000182e+03 3.463918518990487064e+04 2.178981845526998251e-01
4.664300000000000182e+03 3.563785325809836650e+04 2.142135580030675168e-01
4.667800000000000182e+03 3.508839103231517947e+04 2.159649631747385390e-01
4.671300000000000182e+03 3.547803179766559333e+04 2.141284111926334277e-01
4.674800000000000182e+03 3.506347254721108038e+04 2.143723978993261059e-01
4.678300000000000182e+03 3.491244196408426069e+04 2.155628924987819661e-01
4.681800000000000182e+03 3.529353086883603828e+04 2.155125222027412246e-01
4.685300000000000182e+03 3.538080642120994889e+04 2.133819627038942568e-01
4.688800000000000182e+03 3.514548344637847913e+04 2.132263961235630889e-01
4.692300000000000182e+03 3.473672725492144673e+04 2.141727310675579088e-01
4.695800000000000182e+03 3.480552353092341218e+04 2.134249156305599304e-01
4.699300000000000182e+03 3.475349068957472628e+04 2.102934042888289223e-01
4.702800000000000182e+03 3.483272879836396896e+04 2.085489130187297702e-01
4.706300000000000182e+03 3.474855152210483357e+04 2.087202224180461363e-01
4.709800000000000182e+03 3.517152574514281150e+04 2.096523319073527736e-01
4.713300000000000182e+03 3.488237521622048371e+04 2.074841483357277028e-01
4.716800000000000182e+03 3.470206311053314130e+04 2.091110816682744677e-01
4.720300000000000182e+03 3.459053026519258128e+04 2.093494326987615228e-01
4.723800000000000182e+03 3.466902606349167036e+04 2.095590583218468195e-01
4.727300000000000182e+03 3.516816532440760056e+04 2.078685611582933301e-01
4.730800000000000182e+03 3.540169464262529073e+04 2.062223645532503535e-01
4.734300000000000182e+03 3.548456685373473738e+04 2.047710064964916032e-01
4.737800000000000182e+03 3.523447000116173876e+04 2.066243216337974309e-01
4.741300000000000182e+03 3.521758439238245774e+04 2.077012366697540413e-01
4.744800000000000182e+03 3.548923375506531738e+04 2.070099519746966543e-01
4.748300000000000182e+03 3.496153578487845516e+04 2.058570442819113444e-01
4.751800000000000182e+03 3.522510996713390341e+04 2.050660061368514697e-01
4.755300000000000182e+03 3.507800782507417171e+04 2.041748198008066228e-01
4.758800000000000182e+03 3.477867964886214031e+04 2.044214271331736554e-01
4.762300000000000182e+03 3.478013415643147891e+04 2.039137710779195534e-01
4.765800000000000182e+03 3.533371914353883039e+04 2.035134197879304163e-01
4.769300000000000182e+03 3.567772554358365596e+04 2.022424572681027211e-01
4.772800000000000182e+03 3.483428747980946355e+04 2.037455099721592888e-01
4.776300000000000182e+03 3.498563423200983380e+04 2.006023185366775652e-01
4.779800000000000182e+03 3.494471963775135373e+04 2.014008267746831837e-01
4.783300000000000182e+03 3.494689438895844069e+04 2.021455787232631085e-01
4.786800000000000182e+03 3.540815990659451199e+04 2.004479842880756146e-01
4.790300000000000182e+03 3.490627630904368561e+04 2.014995891898885838e-01
4.793800000000000182e+03 3.483424558216557489e+04 2.009993690000639321e-01
4.797300000000000182e+03 3.498397390648035071e+04 1.996828828756479213e-01
4.800800000000000182e+03 3.439101814123682561e+04 1.986855121716177286e-01
4.804300000000000182e+03 3.483110333839849045e+04 2.005781057702259729e-01
4.807800000000000182e+03 3.485749918483202782e+04 1.996149940899543118e-01
4.811300000000000182e+03 3.438849537980656896e+04 1.991613272679507995e-01
4.814800000000000182e+03 3.469891387457677774e+04 1.994955776513895884e-01
4.818300000000000182e+03 3.470923535157950391e+04 1.996375713224597115e-01
4.821800000000000182e+03 3.417919040649616363e+04 1.990909496954107738e-01
4.825300000000000182e+03 3.451157668606397783e+04 1.991457914383708838e-01
4.828800000000000182e+03 3.399105703167786123e+04 1.988126871560249309e-01
4.832300000000000182e+03 3.352438766154380573e+04 2.012809882220708557e-01
4.835800000000000182e+03 3.345213578127900109e+04 1.963939540498600700e-01
4.839300000000000182e+03 3.353197614609242737e+04 1.981816763959386996e-01
4.842800000000000182e+03 3.287566652517439798e+04 1.947831842306510242e-01
4.846300000000000182e+03 3.259757567087242205e+04 1.937969030731582498e-01
4.849800000000000182e+03 3.234755698745038899e+04 1.934834546159152902e-01
4.853300000000000182e+03 3.210608043078238188e+04 1.932921376663953583e-01
4.856800000000000182e+03 3.180447558101019968e+04 1.912746245485461016e-01
4.860300000000000182e+03 3.085198979484474694e+04 1.892738763136438129e-01
4.863800000000000182e+03 3.103250970996113756e+04 1.823537151040784399e-01
4.867300000000000182e+03 3.126126555926367291e+04 1.778882779435216333e-01
4.870800000000000182e+03 3.069225405062394930e+04 1.793207317568918657e-01
4.874300000000000182e+03 3.112564869254179939e+04 1.818891169730577628e-01
4.877800000000000182e+03 3.149392574465714642e+04 1.851039517536617884e-01
4.881300000000000182e+03 3.175749454586737193e+04 1.909444946330421944e-01
4.884800000000000182e+03 3.265612886259291918e+04 1.933917807072689232e-01
4.888300000000000182e+03 3.314376686558587971e+04 1.967929513675421294e-01
4.891800000000000182e+03 3.332184191494985862e+04 1.953750501211624357e-01
4.895300000000000182e+03 3.410927914347220940e+04 1.909588958979578366e-01
4.898800000000000182e+03 3.371437322348745511e+04 1.899710131950955450e-01
4.902300000000000182e+03 3.438655652493771049e+04 1.882830437024563264e-01
4.905800000000000182e+03 3.434219377398376673e+04 1.873989559721810083e-01
4.909300000000000182e+03 3.378828249967684678e+04 1.874016590027988982e-01
4.912800000000000182e+03 3.391087576408687892e+04 1.864835888138286213e-01
4.916300000000000182e+03 3.348087569105401781e+04 1.877976986311789831e-01
4.919800000000000182e+03 3.362335701292089652e+04 1.834510273016641269e-01
4.923300000000000182e+03 3.271965835609434725e+04 1.868574386727173409e-01
4.926800000000000182e+03 3.288067397893209272e+04 1.851729022185386597e-01
4.930300000000000182e+03 3.308194082487068226e+04 1.842836080474511140e-01
4.933800000000000182e+03 3.267991776590333029e+04 1.852322698622887731e-01
4.937300000000000182e+03 3.325176813640202454e+04 1.839573373696944958e-01
4.940800000000000182e+03 3.303559364123624982e+04 1.852827901570250346e-01
4.944300000000000182e+03 3.349053551213621540e+04 1.832642874748720563e-01
4.947800000000000182e+03 3.353065764322695031e+04 1.835760969240295137e-01
4.951300000000000182e+03 3.376823677002720797e+04 1.831347788679251187e-01
4.954800000000000182e+03 3.382802685033969465e+04 1.830620251730797066e-01
4.958300000000000182e+03 3.317408813470124005e+04 1.841038368918987422e-01
4.961800000000000182e+03 3.331426232252065529e+04 1.846904551590262122e-01
4.965300000000000182e+03 3.369307504958078061e+04 1.810205481521600934e-01
4.968800000000000182e+03 3.350692626496298908e+04 1.833560307935094003e-01
4.972300000000000182e+03 3.287312519191002502e+04 1.832511681705575879e-01
4.975800000000000182e+03 3.317483555449039704e+04 1.812904212305527507e-01
4.979300000000000182e+03 3.335914455848894431e+04 1.828596896911445502e-01
4.982800000000000182e+03 3.306855146770954889e+04 1.828131778102804195e-01
4.986300000000000182e+03 3.283771531704822701e+04 1.830687381395743052e-01
4.989800000000000182e+03 3.354402318776118773e+04 1.792293934635862396e-01
4.993300000000000182e+03 3.265582430530137935e+04 1.829867206808344360e-01
4.996800000000000182e+03 3.297453311264962394e+04 1.809199779437055122e-01
5.000300000000000182e+03 3.244619035709695163e+04 1.805676462714258801e-01
5.003800000000000182e+03 3.245098217576202296e+04 1.800473733302044854e-01
5.007300000000000182e+03 3.207709526065994578e+04 1.799966354758761045e-01
5.010800000000000182e+03 3.251569220390268674e+04 1.795267947592721069e-01
5.014300000000000182e+03 3.196914453392153882e+04 1.800941872880048034e-01
5.017800000000000182e+03 3.230054635651930948e+04 1.784183282297897022e-01
5.021300000000000182e+03 3.223538037740848813e+04 1.794665282969551134e-01
5.024800000000000182e+03 3.217481175234061448e+04 1.783274203564121363e-01
5.028300000000000182e+03 3.192600448186657741e+04 1.819174812650766748e-01
5.031800000000000182e+03 3.250662625385086722e+04 1.836935417077751598e-01
5.035300000000000182e+03 3.190793980052866391e+04 1.821556111666738642e-01
5.038800000000000182e+03 3.190017074710588349e+04 1.803690818519934902e-01
5.042300000000000182e+03 3.223664973507076502e+04 1.803856716989413189e-01
5.045800000000000182e+03 3.233494685846522771e+04 1.773940142509886075e-01
5.049300000000000182e+03 3.214676264220073426e+04 1.789971452110692696e-01
5.052800000000000182e+03 3.218303712187855854e+04 1.755789471436149107e-01
5.056300000000000182e+03 3.223524320302098204e+04 1.751598779062277789e-01
5.059800000000000182e+03 3.233460699293272046e+04 1.777679956024250107e-01
5.063300000000000182e+03 3.199683987356890430e+04 1.770481854235163299e-01
5.066800000000000182e+03 3.200274552038522233e+04 1.763038141360341871e-01
5.070300000000000182e+03 3.212244532336441262e+04 1.773171069343065787e-01
5.073800000000000182e+03 3.189794955798651790e+04 1.778426228067147563e-01
5.077300000000000182e+03 3.236885736324659229e+04 1.747598541299091313e-01
5.080800000000000182e+03 3.223996428954326620e+04 1.752298048335708958e-01
5.084300000000000182e+03 3.132414727429623599e+04 1.776331965197752161e-01
5.087800000000000182e+03 3.242679434817311994e+04 1.730584435947170041e-01
5.091300000000000182e+03 3.194126744301817598e+04 1.734596147325727644e-01
5.094800000000000182e+03 3.220251534996361443e+04 1.728181080317743312e-01
5.098300000000000182e+03 3.220913072197462316e+04 1.732649066543195115e-01
5.101800000000000182e+03 3.203074197508465295e+04 1.714991032599342824e-01
5.105300000000000182e+03 3.196535143600191805e+04 1.721533429919404334e-01
5.108800000000000182e+03 3.176690450403051000e+04 1.729283507509692119e-01
5.112300000000000182e+03 3.153765834822829856e+04 1.723381563406316264e-01
5.115800000000000182e+03 3.162313511410945648e+04 1.719482783368476708e-01
5.119300000000000182e+03 3.206149295953405817e+04 1.692710567675222433e-01
5.122800000000000182e+03 3.188485090219836275e+04 1.690318744814602314e-01
5.126300000000000182e+03 3.157184098929990796e+04 1.698323294483015666e-01
5.129800000000000182e+03 3.124895545201170535e+04 1.710801308579132651e-01
5.133300000000000182e+03 3.189656065884886993e+04 1.695915742635936974e-01
5.136800000000000182e+03 3.170018655212702652e+04 1.671559736615186587e-01
5.140300000000000182e+03 3.202661594808595328e+04 1.677722041630596850e-01
5.143800000000000182e+03 3.136892135813266577e+04 1.702841468672745828e-01
5.147300000000000182e+03 3.127646440368267213e+04 1.678323529755336441e-01
5.150800000000000182e+03 3.130885855607780832e+04 1.687563509034450682e-01
5.154300000000000182e+03 3.177871134707197052e+04 1.673571758477322424e-01
5.157800000000000182e+03 3.173631088864792400e+04 1.673378059780890048e-01
5.161300000000000182e+03 3.165301168446684824e+04 1.696600475513078410e-01
5.164800000000000182e+03 3.158631905076619296e+04 1.665830237454097584e-01
5.168300000000000182e+03 3.222374343347148897e+04 1.646362224017709486e-01
5.171800000000000182e+03 3.179993838377244901e+04 1.677065993301775360e-01
5.175300000000000182e+03 3.134611656325382864e+04 1.671024438459990102e-01
5.178800000000000182e+03 3.148170070848388787e+04 1.664510674617980801e-01
5.182300000000000182e+03 3.186825559705288106e+04 1.655817389087404501e-01
5.185800000000000182e+03 3.148480018847030442e+04 1.656661262911767740e-01
5.189300000000000182e+03 3.156468773186511680e+04 1.662444671436111576e-01
5.192800000000000182e+03 3.128897437648673076e+04 1.649525369680389930e-01
5.196300000000000182e+03 3.148377780663485464e+04 1.655703318160762494e-01
5.199800000000000182e+03 3.143290731277761006e+04 1.634060684721080625e-01
5.203300000000000182e+03 3.099813523410217385e+04 1.653575793604228350e-01
5.206800000000000182e+03 3.092940805127759086e+04 1.654273930633814726e-01
5.210300000000000182e+03 3.118031218748736865e+04 1.659778758372037755e-01
5.213800000000000182e+03 3.113009108878641564e+04 1.634320083502963095e-01
5.217300000000000182e+03 3.100584742913586888e+04 1.646928677320588785e-01
5.220800000000000182e+03 3.105767996923228566e+04 1.668141373553396201e-01
5.224300000000000182e+03 3.138966173285444529e+04 1.641607831948429796e-01
5.227800000000000182e+03 3.091997421495379967e+04 1.639998932558281441e-01
5.231300000000000182e+03 3.059656819725318928e+04 1.646193987141212067e-01
5.234800000000000182e+03 3.033584984280153003e+04 1.648503449749730565e-01
5.238300000000000182e+03 3.083329871435093446e+04 1.651357237428574543e-01
5.241800000000000182e+03 3.053590697087039371e+04 1.639121384556087302e-01
5.245300000000000182e+03 3.034850463602743184e+04 1.643700304144543045e-01
5.248800000000000182e+03 3.017701316781062633e+04 1.655539709816814531e-01
5.252300000000000182e+03 3.062020170139362017e+04 1.642004209981122453e-01
5.255800000000000182e+03 2.992891536301807719e+04 1.665942734093410760e-01
5.259300000000000182e+03 2.987719593651023388e+04 1.649411249277122071e-01
5.262800000000000182e+03 2.983273945888116941e+04 1.635966068231031745e-01
5.266300000000000182e+03 3.037066136079566058e+04 1.613448597893692438e-01
5.269800000000000182e+03 3.030698123892331932e+04 1.627288278880616446e-01
5.273300000000000182e+03 2.986762899430859397e+04 1.652553851620643666e-01
5.276800000000000182e+03 3.016158746537775005e+04 1.631875776801569866e-01
5.280300000000000182e+03 2.993262770066408120e+04 1.636651294320565220e-01
5.283800000000000182e+03 2.946030782101540899e+04 1.657700826030369667e-01
5.287300000000000182e+03 2.935518576339832362e+04 1.623042060921013330e-01
5.290800000000000182e+03 2.970279002240326736e+04 1.651002449701514663e-01
5.294300000000000182e+03 2.908379812115843743e+04 1.651671523350260185e-01
5.297800000000000182e+03 2.912586747695806844e+04 1.643750743642758416e-01
5.301300000000000182e+03 2.934973849390974283e+04 1.663791210813523880e-01
5.304800000000000182e+03 2.931467647066596692e+04 1.633297272858949545e-01
5.308300000000000182e+03 2.985734350945866754e+04 1.623541462533075463e-01
5.311800000000000182e+03 2.941601691447994745e+04 1.640305861721418068e-01
5.315300000000000182e+03 2.959235412625211029e+04 1.627922256220385722e-01
5.318800000000000182e+03 2.961870316739934424e+04 1.620591362106847122e-01
5.322300000000000182e+03 2.912927888635631098e+04 1.631955729724293425e-01
5.325800000000000182e+03 2.940094471558901932e+04 1.612863147134739605e-01
5.329300000000000182e+03 2.918867304668221550e+04 1.596731691470725523e-01
5.332800000000000182e+03 2.933587337985889098e+04 1.615603262054886857e-01
5.336300000000000182e+03 2.909224742674580921e+04 1.597463655986946229e-01
5.339800000000000182e+03 2.908861420506067589e+04 1.620430408931872179e-01
5.343300000000000182e+03 2.935215279905897478e+04 1.613933991958398928e-01
5.346800000000000182e+03 2.909198698289428648e+04 1.612186474063386499e-01
5.350300000000000182e+03 2.893449370339649977e+04 1.611704037663510836e-01
5.353800000000000182e+03 2.916503749713690559e+04 1.607846417258157190e-01
5.357300000000000182e+03 2.871288963172764852e+04 1.619223946564744554e-01
5.360800000000000182e+03 2.863530523502743745e+04 1.600715882661377099e-01
5.364300000000000182e+03 2.919822389617617955e+04 1.570641846426075738e-01
5.367800000000000182e+03 2.847817110743161174e+04 1.609886631311993055e-01
5.371300000000000182e+03 2.842381029652787038e+04 1.604897375482005617e-01
5.374800000000000182e+03 2.801422370803061131e+04 1.604801521558255062e-01
5.378300000000000182e+03 2.879355303500658920e+04 1.588811461502031008e-01
5.381800000000000182e+03 2.833506149440446097e+04 1.599491369311603350e-01
5.385300000000000182e+03 2.850107668640750853e+04 1.595291255242567985e-01
5.388800000000000182e+03 2.844962273664047825e+04 1.601788391837063175e-01
5.392300000000000182e+03 2.815524301262895824e+04 1.603944070206945460e-01
5.395800000000000182e+03 2.812626448801201332e+04 1.594820417559632830e-01
5.399300000000000182e+03 2.799592371739813825e+04 1.578775295142986757e-01
5.402800000000000182e+03 2.822032965424139184e+04 1.588202752131594453e-01
5.406300000000000182e+03 2.760150711948553726e+04 1.608655767224414224e-01
5.409800000000000182e+03 2.770156450177693841e+04 1.611541712832435247e-01
5.413300000000000182e+03 2.792688636262354339e+04 1.604512226985428947e-01
5.416800000000000182e+03 2.769484201465897786e+04 1.588971630130391610e-01
5.420300000000000182e+03 2.790156600237924795e+04 1.591434098852915757e-01
5.423800000000000182e+03 2.744540094736609535e+04 1.603998850564545553e-01
5.427300000000000182e+03 2.779972803384986400e+04 1.585661254354252536e-01
5.430800000000000182e+03 2.782591357296718343e+04 1.611047977974634227e-01
5.434300000000000182e+03 2.725700398493204193e+04 1.587357186961738387e-01
5.437800000000000182e+03 2.760788676507701530e+04 1.593410461409585643e-01
5.441300000000000182e+03 2.755773200498777442e+04 1.588877687087076884e-01
5.444800000000000182e+03 2.741069484466651920e+04 1.580270809915902686e-01
5.448300000000000182e+03 2.762862290851450234e+04 1.566690631793868083e-01
5.451800000000000182e+03 2.723589603992112097e+04 1.588187003723059154e-01
5.455300000000000182e+03 2.722131475877023695e+04 1.580760760442574686e-01
5.458800000000000182e+03 2.718745155359089404e+04 1.581572879888894501e-01
5.462300000000000182e+03 2.732696946946468597e+04 1.574961690003967851e-01
5.465800000000000182e+03 2.681450168605295403e+04 1.581530527780687090e-01
5.469300000000000182e+03 2.748462214401608435e+04 1.566256590157942552e-01
5.472800000000000182e+03 2.696754604343619576e+04 1.569716975139991144e-01
5.476300000000000182e+03 2.689752306933098225e+04 1.563216773024597994e-01
5.479800000000000182e+03 2.739392052081357178e+04 1.565625169824361451e-01
5.483300000000000182e+03 2.727067675499415418e+04 1.535945144567663345e-01
5.486800000000000182e+03 2.681720301054558877e+04 1.562451785323609177e-01
5.490300000000000182e+03 2.718456351646736584e+04 1.541636145541299130e-01
5.493800000000000182e+03 2.691490698776503632e+04 1.550207196973387436e-01
5.497300000000000182e+03 2.686493550392577890e+04 1.553463517518740566e-01
5.500800000000000182e+03 2.670124729423475219e+04 1.563981278030676103e-01
5.504300000000000182e+03 2.636581930824269512e+04 1.562173215414613681e-01
5.507800000000000182e+03 2.664962470710368143e+04 1.559825281139386177e-01
5.511300000000000182e+03 2.691598606265267154e+04 1.537961398027068438e-01
5.514800000000000182e+03 2.668943784186143603e+04 1.541024860197733048e-01
5.518300000000000182e+03 2.657727160600190109e+04 1.532882169366431568e-01
5.521800000000000182e+03 2.639371974463856532e+04 1.557347107841866585e-01
5.525300000000000182e+03 2.650340306144099668e+04 1.548655980284655842e-01
5.528800000000000182e+03 2.637808646070064788e+04 1.541504590023903554e-01
5.532300000000000182e+03 2.666412780476263288e+04 1.528979372041895102e-01
5.535800000000000182e+03 2.647668543393685104e+04 1.541889941488203131e-01
5.539300000000000182e+03 2.667679898373914330e+04 1.517971995952105690e-01
5.542800000000000182e+03 2.640602655290520488e+04 1.527889265745203673e-01
5.546300000000000182e+03 2.623552495735451521e+04 1.533131353280274556e-01
5.549800000000000182e+03 2.641729853940305838e+04 1.526942839046898370e-01
5.553300000000000182e+03 2.626381809984132269e+04 1.533789024183572214e-01
5.556800000000000182e+03 2.605650065066571551e+04 1.520073722385620052e-01
5.560300000000000182e+03 2.526423789094072345e+04 1.538660867668829313e-01
5.563800000000000182e+03 2.607046631436257667e+04 1.555414722467977073e-01
5.567300000000000182e+03 2.556053750753787244e+04 1.530265583718030675e-01
5.570800000000000182e+03 2.573149441157074398e+04 1.520792758635560737e-01
5.574300000000000182e+03 2.549042436767693289e+04 1.542264671809605026e-01
5.577800000000000182e+03 2.605870911668363988e+04 1.516737795530031241e-01
5.581300000000000182e+03 2.569585789321992706e+04 1.531123510906579055e-01
5.584800000000000182e+03 2.546417022995921070e+04 1.538997037961365444e-01
5.588300000000000182e+03 2.467098871254417463e+04 1.548430534811462700e-01
5.591800000000000182e+03 2.544644846176830833e+04 1.530232490832990344e-01
5.595300000000000182e+03 2.544383497264104881e+04 1.530009241840184775e-01
5.598800000000000182e+03 2.522718447223599287e+04 1.529034848201391850e-01
5.602300000000000182e+03 2.539176617623523271e+04 1.535373071812041190e-01
5.605800000000000182e+03 2.529398415132538139e+04 1.523958271017112065e-01
5.609300000000000182e+03 2.530633424480529357e+04 1.536557289377012137e-01
5.612800000000000182e+03 2.509919840607838341e+04 1.529903409039442552e-01
5.616300000000000182e+03 2.534109633111251242e+04 1.543968441544943671e-01
5.619800000000000182e+03 2.503354246116920331e+04 1.528415463359967252e-01
5.623300000000000182e+03 2.453777199241286871e+04 1.546899198228382233e-01
5.626800000000000182e+03 2.474546778615593939e+04 1.558430158205280081e-01
5.630300000000000182e+03 2.452687110323742672e+04 1.526616092878126107e-01
5.633800000000000182e+03 2.453776773312690420e+04 1.560459475610333491e-01
5.637300000000000182e+03 2.483088768470221839e+04 1.548617164483784281e-01
5.640800000000000182e+03 2.481043355377087937e+04 1.522844111885717222e-01
5.644300000000000182e+03 2.464704100768959324e+04 1.515511915553002242e-01
5.647800000000000182e+03 2.476751766398342443e+04 1.530886940714012157e-01
5.651300000000000182e+03 2.477866827977652429e+04 1.526450784412280437e-01
5.654800000000000182e+03 2.446182419589679193e+04 1.526028699770207997e-01
5.658300000000000182e+03 2.416971098294604963e+04 1.538038383845375112e-01
5.661800000000000182e+03 2.436442063341024550e+04 1.527495812572783329e-01
5.665300000000000182e+03 2.382572165051105549e+04 1.525178908178547732e-01
5.668800000000000182e+03 2.418689152446766093e+04 1.527074573749735431e-01
5.672300000000000182e+03 2.417166640000020561e+04 1.534250544017607409e-01
5.675800000000000182e+03 2.371636788973858711e+04 1.527644181459119066e-01
5.679300000000000182e+03 2.387313098485063165e+04 1.547811797252216792e-01
5.682800000000000182e+03 2.371930729028815404e+04 1.537935061827732097e-01
5.686300000000000182e+03 2.355487318882888940e+04 1.559994384511637355e-01
5.689800000000000182e+03 2.327671685744278511e+04 1.559885189406895745e-01
5.693300000000000182e+03 2.347138000052708594e+04 1.553522220105534590e-01
5.696800000000000182e+03 2.369076080153226576e+04 1.551615247685074195e-01
5.700300000000000182e+03 2.352354280293354532e+04 1.545971627685976124e-01
5.703800000000000182e+03 2.371842805671965834e+04 1.527684791949150966e-01
5.707300000000000182e+03 2.348234323952245904e+04 1.572848345358021649e-01
5.710800000000000182e+03 2.363316505051612694e+04 1.550208388451167207e-01
5.714300000000000182e+03 2.330843635695937337e+04 1.541728905428199625e-01
5.717800000000000182e+03 2.345385159433652370e+04 1.512739477651188214e-01
5.721300000000000182e+03 2.305268110833608807e+04 1.552667751495566406e-01
5.724800000000000182e+03 2.332588129891562858e+04 1.544961549438961523e-01
5.728300000000000182e+03 2.289588381576319080e+04 1.546365161046846515e-01
5.731800000000000182e+03 2.292103242003860214e+04 1.553944454559807176e-01
5.735300000000000182e+03 2.319822871883816697e+04 1.525887172180158124e-01
5.738800000000000182e+03 2.281204196509788017e+04 1.561349077180900491e-01
5.742300000000000182e+03 2.342721454287395682e+04 1.533792534352765025e-01
5.745800000000000182e+03 2.290225622143824512e+04 1.534272268237431291e-01
5.749300000000000182e+03 2.319203966664042673e+04 1.503841560918096065e-01
5.752800000000000182e+03 2.341425048468333262e+04 1.532195585768647283e-01
5.756300000000000182e+03 2.296839078817958216e+04 1.521777193725867283e-01
5.759800000000000182e+03 2.281544045060485587e+04 1.513228578303049687e-01
5.763300000000000182e+03 2.336750670363118115e+04 1.495549714124725649e-01
5.766800000000000182e+03 2.292852292780824791e+04 1.510151043309678753e-01
5.770300000000000182e+03 2.351492447460948097e+04 1.493982417213619851e-01
5.773800000000000182e+03 2.300892400271282895e+04 1.497106247407121449e-01
5.777300000000000182e+03 2.285381856766752389e+04 1.499415174220816716e-01
5.780800000000000182e+03 2.293032837665482657e+04 1.475447345893202700e-01
5.784300000000000182e+03 2.311587957227722654e+04 1.491326791702416721e-01
5.787800000000000182e+03 2.292352275032775287e+04 1.483029383180964889e-01
5.791300000000000182e+03 2.278884415086085937e+04 1.482672652098865618e-01
5.794800000000000182e+03 2.268257023277310509e+04 1.486250314582389653e-01
5.798300000000000182e+03 2.296324084010562365e+04 1.448182322618842555e-01
5.801800000000000182e+03 2.323142584129472743e+04 1.443783981836566088e-01
5.805300000000000182e+03 2.253476066243496462e+04 1.479860222959451244e-01
5.808800000000000182e+03 2.293217673446403205e+04 1.446194073434726446e-01
5.812300000000000182e+03 2.282588755802663582e+04 1.459168818522826594e-01
5.815800000000000182e+03 2.263273601544688790e+04 1.452872445244824673e-01
5.819300000000000182e+03 2.266029192643009810e+04 1.454092474571890559e-01
5.822800000000000182e+03 2.308684717566437757e+04 1.433077258462610859e-01
5.826300000000000182e+03 2.250172236288477143e+04 1.460873008037942566e-01
5.829800000000000182e+03 2.238206896975674681e+04 1.435384512962582515e-01
5.833300000000000182e+03 2.255894154292128223e+04 1.420134622677062808e-01
5.836800000000000182e+03 2.262852500881780725e+04 1.428838299396968381e-01
5.840300000000000182e+03 2.259689649591069974e+04 1.444647642565571322e-01
5.843800000000000182e+03 2.237138681516243378e+04 1.426063858782197213e-01
5.847300000000000182e+03 2.219497481398006857e+04 1.420591660887034480e-01
5.850800000000000182e+03 2.251532910075621112e+04 1.419451378300508049e-01
5.854300000000000182e+03 2.200659922090146210e+04 1.433598607739993425e-01
5.857800000000000182e+03 2.183915260542734177e+04 1.422026786701759693e-01
5.861300000000000182e+03 2.167578227460676135e+04 1.426653353992689000e-01
5.864800000000000182e+03 2.142392248168065635e+04 1.448226110797330990e-01
5.868300000000000182e+03 2.147854397959991911e+04 1.427812136205813265e-01
5.871800000000000182e+03 2.117239632427763354e+04 1.455352447968039087e-01
5.875300000000000182e+03 2.073827616974625198e+04 1.477199975549732258e-01
5.878800000000000182e+03 2.082929967056860914e+04 1.500966606781225232e-01
5.882300000000000182e+03 2.023033869955688351e+04 1.544049413037638652e-01
5.885800000000000182e+03 1.989931739095438024e+04 1.554532757509313468e-01
5.889300000000000182e+03 1.982206585379944227e+04 1.585871836186427963e-01
5.892800000000000182e+03 1.950296363204770387e+04 1.586214408938616538e-01
5.896300000000000182e+03 1.940867181197012542e+04 1.604170463576648498e-01
5.899800000000000182e+03 1.954177314428709724e+04 1.584444109721080962e-01
5.903300000000000182e+03 1.944927187768632939e+04 1.561788034282688420e-01
5.906800000000000182e+03 1.984582383242643846e+04 1.570982580972339060e-01
5.910300000000000182e+03 1.962090053074727257e+04 1.574827225682463305e-01
5.913800000000000182e+03 1.944723048346775613e+04 1.582492954529480522e-01
5.917300000000000182e+03 1.932075503287173706e+04 1.563107026793794374e-01
5.920800000000000182e+03 1.934588888529551332e+04 1.559992052093852055e-01
5.924300000000000182e+03 1.936313808339513707e+04 1.553774773124799169e-01
5.927800000000000182e+03 1.956920988308746382e+04 1.534522333398255223e-01
5.931300000000000182e+03 1.929277170642878264e+04 1.540207190012144178e-01
5.934800000000000182e+03 1.912310553629110655e+04 1.555658199359385430e-01
5.938300000000000182e+03 1.888096784438520626e+04 1.558719948112437526e-01
5.941800000000000182e+03 1.892477931541544967e+04 1.545563757691024165e-01
5.945300000000000182e+03 1.860755074613784745e+04 1.559151077888232817e-01
5.948800000000000182e+03 1.884863033995732621e+04 1.550353696834525508e-01
5.952300000000000182e+03 1.871383196090102865e+04 1.557662535856946529e-01
5.955800000000000182e+03 1.901082608335810801e+04 1.518226505794194603e-01
5.959300000000000182e+03 1.888169868504464102e+04 1.492534158987914028e-01
5.962800000000000182e+03 1.890832751698686116e+04 1.503543898941170631e-01
5.966300000000000182e+03 1.892605459854812580e+04 1.475090938074765101e-01
5.969800000000000182e+03 1.890055800268332314e+04 1.494652506053586460e-01
5.973300000000000182e+03 1.900747485215640336e+04 1.485362987098500231e-01
5.976800000000000182e+03 1.867601914828026565e+04 1.477645851109378183e-01
5.980300000000000182e+03 1.864369397512504656e+04 1.475964989098419722e-01
5.983800000000000182e+03 1.870644484493050186e+04 1.461943163375952759e-01
5.987300000000000182e+03 1.860266225454667801e+04 1.472050897763320099e-01
5.990800000000000182e+03 1.847441183925014775e+04 1.451925669996156631e-01
5.994300000000000182e+03 1.846690142657506294e+04 1.407305703420289600e-01
5.997800000000000182e+03 1.863766570435114045e+04 1.443340808909626127e-01
