# wavelength (angstroms), extinction coefficient
3.351800000000000182e+03 7.474985144529772141e-01
3.355300000000000182e+03 7.403889822299493106e-01
3.358800000000000182e+03 7.401062636487847346e-01
3.362300000000000182e+03 7.170355349373654930e-01
3.365800000000000182e+03 7.317671402046472817e-01
3.369300000000000182e+03 7.262050198073439766e-01
3.372800000000000182e+03 7.243999395063749347e-01
3.376300000000000182e+03 7.254750838894632459e-01
3.379800000000000182e+03 7.120362932804595868e-01
3.383300000000000182e+03 6.809810734801385879e-01
3.386800000000000182e+03 7.019339632204676382e-01
3.390300000000000182e+03 7.027289937071405923e-01
3.393800000000000182e+03 6.968220230731410059e-01
3.397300000000000182e+03 6.722439806288081909e-01
3.400800000000000182e+03 6.892256645558653139e-01
3.404300000000000182e+03 6.850934725167135975e-01
3.407800000000000182e+03 6.589470986107659467e-01
3.411300000000000182e+03 6.806931265537808917e-01
3.414800000000000182e+03 6.546816588248371982e-01
3.418300000000000182e+03 6.703600511236459392e-01
3.421800000000000182e+03 6.647163793667486553e-01
3.425300000000000182e+03 6.493010282696710656e-01
3.428800000000000182e+03 6.583732527042278626e-01
3.432300000000000182e+03 6.568746504027008770e-01
3.435800000000000182e+03 6.499968599335854691e-01
3.439300000000000182e+03 6.386529411525482258e-01
3.442800000000000182e+03 6.548785555663400038e-01
3.446300000000000182e+03 6.401031508943693105e-01
3.449800000000000182e+03 6.255603246718121069e-01
3.453300000000000182e+03 6.399456054195138410e-01
3.456800000000000182e+03 6.162777412040419955e-01
3.460300000000000182e+03 6.355798971113510998e-01
3.463800000000000182e+03 6.327752277357473476e-01
3.467300000000000182e+03 6.301932144371031885e-01
3.470800000000000182e+03 6.236812007219647569e-01
3.474300000000000182e+03 6.074147315962177274e-01
3.477800000000000182e+03 6.206304470425746400e-01
3.481300000000000182e+03 6.162128347206810020e-01
3.484800000000000182e+03 6.128993690647492887e-01
3.488300000000000182e+03 5.957125499706820149e-01
3.491800000000000182e+03 6.067325541140465850e-01
3.495300000000000182e+03 5.959954306200079266e-01
3.498800000000000182e+03 6.053318277742971709e-01
3.502300000000000182e+03 5.848421713738132244e-01
3.505800000000000182e+03 5.922241967856216593e-01
3.509300000000000182e+03 6.002211981287562947e-01
3.512800000000000182e+03 5.970467859392339927e-01
3.516300000000000182e+03 5.810566735633433399e-01
3.519800000000000182e+03 5.818930301230769153e-01
3.523300000000000182e+03 5.768299375405745444e-01
3.526800000000000182e+03 5.735467442834266683e-01
3.530300000000000182e+03 5.698525929631977904e-01
3.533800000000000182e+03 5.776605867381464643e-01
3.537300000000000182e+03 5.806811082670708668e-01
3.540800000000000182e+03 5.750317658568643298e-01
3.544300000000000182e+03 5.649859374259043054e-01
3.547800000000000182e+03 5.678955284643365520e-01
3.551300000000000182e+03 5.595481625371034884e-01
3.554800000000000182e+03 5.648412964763760424e-01
3.558300000000000182e+03 5.660402897812698564e-01
3.561800000000000182e+03 5.611585468963878887e-01
3.565300000000000182e+03 5.611279700108714463e-01
3.568800000000000182e+03 5.456715136388329279e-01
3.572300000000000182e+03 5.530829574871504173e-01
3.575800000000000182e+03 5.523844254083279948e-01
3.579300000000000182e+03 5.530941698964395581e-01
3.582800000000000182e+03 5.482816947651784067e-01
3.586300000000000182e+03 5.299836515901276135e-01
3.589800000000000182e+03 5.427213252703506630e-01
3.593300000000000182e+03 5.333000787266903853e-01
3.596800000000000182e+03 5.379434580121390530e-01
3.600300000000000182e+03 5.363345302159822081e-01
3.603800000000000182e+03 5.352176720764739715e-01
3.607300000000000182e+03 5.339298801992649057e-01
3.610800000000000182e+03 5.304514006335784293e-01
3.614300000000000182e+03 5.291929527274527034e-01
3.617800000000000182e+03 5.200503495094374040e-01
3.621300000000000182e+03 5.256131395089163050e-01
3.624800000000000182e+03 5.141574657240716162e-01
3.628300000000000182e+03 5.177130485162065865e-01
3.631800000000000182e+03 5.188546873695251138e-01
3.635300000000000182e+03 5.138242125151234463e-01
3.638800000000000182e+03 5.123331517044694694e-01
3.642300000000000182e+03 5.077435869350184205e-01
3.645800000000000182e+03 5.041540778673656575e-01
3.649300000000000182e+03 5.012031259847236075e-01
3.652800000000000182e+03 4.974424473417080050e-01
3.656300000000000182e+03 5.051746413594842000e-01
3.659800000000000182e+03 5.067663948267714380e-01
3.663300000000000182e+03 5.050477329086867639e-01
3.666800000000000182e+03 5.009978792783029711e-01
3.670300000000000182e+03 5.026821452640493071e-01
3.673800000000000182e+03 4.981920001678603604e-01
3.677300000000000182e+03 4.931091944219475054e-01
3.680800000000000182e+03 4.936640480994203273e-01
3.684300000000000182e+03 4.886564358974450073e-01
3.687800000000000182e+03 4.877662403811383607e-01
3.691300000000000182e+03 4.863938011559371666e-01
3.694800000000000182e+03 4.797244243712318057e-01
3.698300000000000182e+03 4.752513754108912414e-01
3.701800000000000182e+03 4.774532593235945588e-01
3.705300000000000182e+03 4.756182060980183035e-01
3.708800000000000182e+03 4.747925688963088309e-01
3.712300000000000182e+03 4.774083402495772344e-01
3.715800000000000182e+03 4.729760753758918135e-01
3.719300000000000182e+03 4.756466877750217259e-01
3.722800000000000182e+03 4.590616094229078570e-01
3.726300000000000182e+03 4.586387516679850673e-01
3.729800000000000182e+03 4.517598555311783670e-01
3.733300000000000182e+03 4.625573497807717316e-01
3.736800000000000182e+03 4.596503048159130689e-01
3.740300000000000182e+03 4.636313431893526738e-01
3.743800000000000182e+03 4.589638399084531306e-01
3.747300000000000182e+03 4.581608018710550678e-01
3.750800000000000182e+03 4.511858172643809506e-01
3.754300000000000182e+03 4.571678250270613808e-01
3.757800000000000182e+03 4.558442639253266204e-01
3.761300000000000182e+03 4.519742411926784276e-01
3.764800000000000182e+03 4.499388184628095311e-01
3.768300000000000182e+03 4.415002595428711429e-01
3.771800000000000182e+03 4.455488184477748304e-01
3.775300000000000182e+03 4.421283262202557185e-01
3.778800000000000182e+03 4.439749519127297872e-01
3.782300000000000182e+03 4.431328515193640460e-01
3.785800000000000182e+03 4.392786045708556575e-01
3.789300000000000182e+03 4.349052865429404169e-01
3.792800000000000182e+03 4.376671831842927074e-01
3.796300000000000182e+03 4.332041539023270271e-01
3.799800000000000182e+03 4.392627086958544314e-01
3.803300000000000182e+03 4.397260911188322074e-01
3.806800000000000182e+03 4.360302135274738977e-01
3.810300000000000182e+03 4.397276587914569768e-01
3.813800000000000182e+03 4.338104149030717616e-01
3.817300000000000182e+03 4.266679382414592658e-01
3.820800000000000182e+03 4.219970841134013106e-01
3.824300000000000182e+03 4.129352253532350137e-01
3.827800000000000182e+03 4.085725171954789348e-01
3.831300000000000182e+03 4.040374954996206469e-01
3.834800000000000182e+03 4.083094060137557046e-01
3.838300000000000182e+03 4.129100824602675024e-01
3.841800000000000182e+03 4.121787547156580689e-01
3.845300000000000182e+03 4.197937720288236196e-01
3.848800000000000182e+03 4.171918693474504503e-01
3.852300000000000182e+03 4.132622345514327389e-01
3.855800000000000182e+03 4.149107333816768883e-01
3.859300000000000182e+03 4.145982536001334706e-01
3.862800000000000182e+03 4.136525756708263613e-01
3.866300000000000182e+03 4.162710131086996834e-01
3.869800000000000182e+03 4.156544388095878007e-01
3.873300000000000182e+03 4.112573242128264028e-01
3.876800000000000182e+03 4.067989155282062397e-01
3.880300000000000182e+03 3.997304676237046772e-01
3.883800000000000182e+03 3.874276848566235443e-01
3.887300000000000182e+03 3.773761245763583294e-01
3.890800000000000182e+03 3.718475347888072213e-01
3.894300000000000182e+03 3.739522648139831928e-01
3.897800000000000182e+03 3.842587622490732380e-01
3.901300000000000182e+03 3.947721574767771302e-01
3.904800000000000182e+03 3.997171475237986105e-01
3.908300000000000182e+03 3.984714231131123441e-01
3.911800000000000182e+03 3.998956481351553238e-01
3.915300000000000182e+03 3.943888632666735505e-01
3.918800000000000182e+03 3.902301087128713375e-01
3.922300000000000182e+03 3.838481103149948281e-01
3.925800000000000182e+03 3.756803995109626593e-01
3.929300000000000182e+03 3.719413949999981761e-01
3.932800000000000182e+03 3.710635464892977908e-01
3.936300000000000182e+03 3.763057018186360958e-01
3.939800000000000182e+03 3.757023384600382543e-01
3.943300000000000182e+03 3.828609087199388861e-01
3.946800000000000182e+03 3.849893227463232481e-01
3.950300000000000182e+03 3.874294365505376869e-01
3.953800000000000182e+03 3.880664333754618722e-01
3.957300000000000182e+03 3.791143285289346743e-01
3.960800000000000182e+03 3.657237596720482320e-01
3.964300000000000182e+03 3.506176444452054897e-01
3.967800000000000182e+03 3.420479313206615246e-01
3.971300000000000182e+03 3.345584006603378735e-01
3.974800000000000182e+03 3.411030407253783925e-01
3.978300000000000182e+03 3.551954088464364112e-01
3.981800000000000182e+03 3.638561386119197327e-01
3.985300000000000182e+03 3.686385074796976191e-01
3.988800000000000182e+03 3.665894275919532874e-01
3.992300000000000182e+03 3.672532542795197696e-01
3.995800000000000182e+03 3.631732490787693557e-01
3.999300000000000182e+03 3.620148245068896542e-01
4.002800000000000182e+03 3.578564756653512258e-01
4.006300000000000182e+03 3.568008212805641732e-01
4.009800000000000182e+03 3.553777195996852822e-01
4.013300000000000182e+03 3.530881973163576548e-01
4.016800000000000182e+03 3.512101913772323614e-01
4.020300000000000182e+03 3.519330322975818826e-01
4.023800000000000182e+03 3.476898979078054119e-01
4.027300000000000182e+03 3.456074676610414453e-01
4.030800000000000182e+03 3.439146577409118444e-01
4.034300000000000182e+03 3.455341318878764612e-01
4.037800000000000182e+03 3.437469865411568182e-01
4.041300000000000182e+03 3.430582387735308103e-01
4.044800000000000182e+03 3.423687945614388162e-01
4.048300000000000182e+03 3.412775412093632110e-01
4.051800000000000182e+03 3.428098423167117992e-01
4.055300000000000182e+03 3.371581996937322856e-01
4.058800000000000182e+03 3.408729901325884826e-01
4.062300000000000182e+03 3.394497445761688326e-01
4.065800000000000182e+03 3.373780999195183927e-01
4.069300000000000182e+03 3.373273147158373231e-01
4.072800000000000182e+03 3.348509166706116202e-01
4.076300000000000182e+03 3.353763716090980007e-01
4.079800000000000182e+03 3.307508031493420764e-01
4.083300000000000182e+03 3.318512501153862981e-01
4.086800000000000182e+03 3.299978101750122295e-01
4.090300000000000182e+03 3.271694600818854104e-01
4.093800000000000182e+03 3.272236183007821153e-01
4.097300000000000182e+03 3.245333602136030726e-01
4.100800000000000182e+03 3.166054422717780592e-01
4.104300000000000182e+03 3.156295630618984327e-01
4.107800000000000182e+03 3.107744878286830548e-01
4.111300000000000182e+03 3.080000592275035642e-01
4.114800000000000182e+03 3.089411728078182984e-01
4.118300000000000182e+03 3.133402540961307547e-01
4.121800000000000182e+03 3.214659306273428552e-01
4.125300000000000182e+03 3.216743392222195519e-01
4.128800000000000182e+03 3.221278693793370729e-01
4.132300000000000182e+03 3.197729245880097104e-01
4.135800000000000182e+03 3.184689231858465752e-01
4.139300000000000182e+03 3.149388274442087021e-01
4.142800000000000182e+03 3.142356145128981648e-01
4.146300000000000182e+03 3.119332022009453365e-01
4.149800000000000182e+03 3.096592018897884047e-01
4.153300000000000182e+03 3.083913921773090427e-01
4.156800000000000182e+03 3.086002816600894039e-01
4.160300000000000182e+03 3.063903941160895372e-01
4.163800000000000182e+03 3.075225850778418590e-01
4.167300000000000182e+03 3.044647838614492619e-01
4.170800000000000182e+03 3.062614486264058633e-01
4.174300000000000182e+03 3.028442739200173373e-01
4.177800000000000182e+03 3.020700552104085279e-01
4.181300000000000182e+03 3.021269744308489047e-01
4.184800000000000182e+03 2.980119370652064559e-01
4.188300000000000182e+03 2.984332840907939488e-01
4.191800000000000182e+03 2.984077324108204143e-01
4.195300000000000182e+03 2.985800285776191165e-01
4.198800000000000182e+03 2.952425740169937751e-01
4.202300000000000182e+03 2.960170055516251897e-01
4.205800000000000182e+03 2.968138906451198156e-01
4.209300000000000182e+03 2.940100069302594155e-01
4.212800000000000182e+03 2.914967166456381431e-01
4.216300000000000182e+03 2.918438898884164745e-01
4.219800000000000182e+03 2.915887093433643384e-01
4.223300000000000182e+03 2.893919971173947725e-01
4.226800000000000182e+03 2.854770867651802435e-01
4.230300000000000182e+03 2.851594687212722357e-01
4.233800000000000182e+03 2.879523840290384995e-01
4.237300000000000182e+03 2.861701561924563375e-01
4.240800000000000182e+03 2.867969461401289055e-01
4.244300000000000182e+03 2.870620523988807182e-01
4.247800000000000182e+03 2.839601315779540780e-01
4.251300000000000182e+03 2.847813296466614741e-01
4.254800000000000182e+03 2.839862330140121571e-01
4.258300000000000182e+03 2.819108933117823734e-01
4.261800000000000182e+03 2.796217881385320014e-01
4.265300000000000182e+03 2.812769337953774929e-01
4.268800000000000182e+03 2.772206332887024449e-01
4.272300000000000182e+03 2.787875120253243133e-01
4.275800000000000182e+03 2.783157110634532083e-01
4.279300000000000182e+03 2.755717522575537592e-01
4.282800000000000182e+03 2.743469181769041532e-01
4.286300000000000182e+03 2.770645828370160713e-01
4.289800000000000182e+03 2.762103593370082155e-01
4.293300000000000182e+03 2.743157444875884421e-01
4.296800000000000182e+03 2.735448533184677844e-01
4.300300000000000182e+03 2.706986979457751685e-01
4.303800000000000182e+03 2.735532555660384335e-01
4.307300000000000182e+03 2.720296054623911886e-01
4.310800000000000182e+03 2.712170646494399540e-01
4.314300000000000182e+03 2.703387783835398128e-01
4.317800000000000182e+03 2.675909840150438312e-01
4.321300000000000182e+03 2.680205859402967072e-01
4.324800000000000182e+03 2.656129710842234370e-01
4.328300000000000182e+03 2.618641702175618646e-01
4.331800000000000182e+03 2.620171306747937634e-01
4.335300000000000182e+03 2.611956041543352924e-01
4.338800000000000182e+03 2.571551188495776463e-01
4.342300000000000182e+03 2.532460551309226315e-01
4.345800000000000182e+03 2.498025004895522705e-01
4.349300000000000182e+03 2.485554530347088564e-01
4.352800000000000182e+03 2.489055356357932347e-01
4.356300000000000182e+03 2.502779728046344854e-01
4.359800000000000182e+03 2.558246544995686489e-01
4.363300000000000182e+03 2.606908507301215483e-01
4.366800000000000182e+03 2.613545513088297301e-01
4.370300000000000182e+03 2.615193686918641514e-01
4.373800000000000182e+03 2.594707153954025070e-01
4.377300000000000182e+03 2.551494090583847352e-01
4.380800000000000182e+03 2.548371911381770993e-01
4.384300000000000182e+03 2.522130273536420941e-01
4.387800000000000182e+03 2.488718080166014701e-01
4.391300000000000182e+03 2.505249768255808362e-01
4.394800000000000182e+03 2.506372603594880233e-01
4.398300000000000182e+03 2.498634329275820631e-01
4.401800000000000182e+03 2.488063405470900824e-01
4.405300000000000182e+03 2.479864016255519110e-01
4.408800000000000182e+03 2.487629615711350883e-01
4.412300000000000182e+03 2.477201369773625039e-01
4.415800000000000182e+03 2.456862864027951621e-01
4.419300000000000182e+03 2.469425053112024870e-01
4.422800000000000182e+03 2.439601151338107177e-01
4.426300000000000182e+03 2.463803078003085900e-01
4.429800000000000182e+03 2.457816655409228446e-01
4.433300000000000182e+03 2.445341597182937587e-01
4.436800000000000182e+03 2.408030572226876886e-01
4.440300000000000182e+03 2.411055538562424660e-01
4.443800000000000182e+03 2.424560868163266325e-01
4.447300000000000182e+03 2.421823887530327457e-01
4.450800000000000182e+03 2.431963692360075702e-01
4.454300000000000182e+03 2.395278783960111957e-01
4.457800000000000182e+03 2.398986303084525984e-01
4.461300000000000182e+03 2.384487496439924858e-01
4.464800000000000182e+03 2.379203557615240383e-01
4.468300000000000182e+03 2.374614183480092955e-01
4.471800000000000182e+03 2.355751292345221182e-01
4.475300000000000182e+03 2.344561174571337392e-01
4.478800000000000182e+03 2.335947117041645427e-01
4.482300000000000182e+03 2.326313326057795339e-01
4.485800000000000182e+03 2.318878186583307466e-01
4.489300000000000182e+03 2.321695139778145456e-01
4.492800000000000182e+03 2.313913910657853235e-01
4.496300000000000182e+03 2.318874420561093663e-01
4.499800000000000182e+03 2.321758818146779368e-01
4.503300000000000182e+03 2.317676592112400957e-01
4.506800000000000182e+03 2.277728357117868030e-01
4.510300000000000182e+03 2.298151907319386233e-01
4.513800000000000182e+03 2.290583734526576154e-01
4.517300000000000182e+03 2.308533746664729880e-01
4.520800000000000182e+03 2.294392146053202686e-01
4.524300000000000182e+03 2.256288743475895198e-01
4.527800000000000182e+03 2.247560274537376279e-01
4.531300000000000182e+03 2.252370404222656386e-01
4.534800000000000182e+03 2.248965965003503487e-01
4.538300000000000182e+03 2.233301445057868928e-01
4.541800000000000182e+03 2.238670807956038844e-01
4.545300000000000182e+03 2.232105209856138084e-01
4.548800000000000182e+03 2.233178513785128161e-01
4.552300000000000182e+03 2.203052309643343809e-01
4.555800000000000182e+03 2.203397018402822316e-01
4.559300000000000182e+03 2.203798610296919258e-01
4.562800000000000182e+03 2.211592432067340519e-01
4.566300000000000182e+03 2.184606299934224172e-01
4.569800000000000182e+03 2.214070300210803643e-01
4.573300000000000182e+03 2.206784431102478683e-01
4.576800000000000182e+03 2.171601560549317189e-01
4.580300000000000182e+03 2.170677343354832090e-01
4.583800000000000182e+03 2.177141096941209719e-01
4.587300000000000182e+03 2.159209463400204865e-01
4.590800000000000182e+03 2.185304238794159859e-01
4.594300000000000182e+03 2.145135032659110375e-01
4.597800000000000182e+03 2.132522715508718136e-01
4.601300000000000182e+03 2.139623030340191689e-01
4.604800000000000182e+03 2.138801967283593397e-01
4.608300000000000182e+03 2.138377749406240869e-01
4.611800000000000182e+03 2.113047718804774988e-01
4.615300000000000182e+03 2.125596396793221488e-01
4.618800000000000182e+03 2.123569157026574949e-01
4.622300000000000182e+03 2.098596050620465669e-01
4.625800000000000182e+03 2.089225149438607154e-01
4.629300000000000182e+03 2.091053300225166889e-01
4.632800000000000182e+03 2.100554026572948041e-01
4.636300000000000182e+03 2.108248513245840616e-01
4.639800000000000182e+03 2.070284844340314623e-01
4.643300000000000182e+03 2.076784954213558021e-01
4.646800000000000182e+03 2.068700194189232178e-01
4.650300000000000182e+03 2.058489183938937983e-01
4.653800000000000182e+03 2.058182426485937466e-01
4.657300000000000182e+03 2.052659156209822866e-01
4.660800000000000182e+03 2.050821466087851541e-01
4.664300000000000182e+03 2.049289886365468494e-01
4.667800000000000182e+03 2.025776881073277080e-01
4.671300000000000182e+03 2.043746286421864733e-01
4.674800000000000182e+03 2.028989257621201803e-01
4.678300000000000182e+03 2.035705902380524346e-01
4.681800000000000182e+03 2.012580394832847730e-01
4.685300000000000182e+03 2.022599523140165834e-01
4.688800000000000182e+03 2.019594494694894882e-01
4.692300000000000182e+03 2.001490900685000407e-01
4.695800000000000182e+03 2.004712301206308112e-01
4.699300000000000182e+03 1.990499489720136128e-01
4.702800000000000182e+03 1.972666774554932834e-01
4.706300000000000182e+03 1.979951639043405487e-01
4.709800000000000182e+03 1.968812731893006263e-01
4.713300000000000182e+03 1.949672484052953347e-01
4.716800000000000182e+03 1.968793782339268161e-01
4.720300000000000182e+03 1.960504673016755239e-01
4.723800000000000182e+03 1.955892449960829338e-01
4.727300000000000182e+03 1.966190775130934598e-01
4.730800000000000182e+03 1.961385067921759540e-01
4.734300000000000182e+03 1.953609235074904305e-01
4.737800000000000182e+03 1.959244717145568748e-01
4.741300000000000182e+03 1.951308362035258925e-01
4.744800000000000182e+03 1.940844383390195327e-01
4.748300000000000182e+03 1.937006145446770744e-01
4.751800000000000182e+03 1.912829181583637628e-01
4.755300000000000182e+03 1.899505689061570801e-01
4.758800000000000182e+03 1.923553308820525609e-01
4.762300000000000182e+03 1.898113063142359003e-01
4.765800000000000182e+03 1.911754401443066798e-01
4.769300000000000182e+03 1.894050575029868344e-01
4.772800000000000182e+03 1.908039536556577209e-01
4.776300000000000182e+03 1.881243572285662968e-01
4.779800000000000182e+03 1.895382013481097805e-01
4.783300000000000182e+03 1.892411378078134310e-01
4.786800000000000182e+03 1.864160919546971051e-01
4.790300000000000182e+03 1.888480492206122963e-01
4.793800000000000182e+03 1.868709459915799675e-01
4.797300000000000182e+03 1.889223783533027501e-01
4.800800000000000182e+03 1.884507756981308457e-01
4.804300000000000182e+03 1.885832723218297258e-01
4.807800000000000182e+03 1.882757740584615480e-01
4.811300000000000182e+03 1.864977969218595821e-01
4.814800000000000182e+03 1.862336296749940723e-01
4.818300000000000182e+03 1.867977324664990835e-01
4.821800000000000182e+03 1.875023406837719453e-01
4.825300000000000182e+03 1.879048751731490219e-01
4.828800000000000182e+03 1.861631957411045979e-01
4.832300000000000182e+03 1.878228604268595003e-01
4.835800000000000182e+03 1.846480907256642379e-01
4.839300000000000182e+03 1.835319798150489290e-01
4.842800000000000182e+03 1.835427520478957741e-01
4.846300000000000182e+03 1.828329063561055234e-01
4.849800000000000182e+03 1.818192997787661525e-01
4.853300000000000182e+03 1.809443176855206337e-01
4.856800000000000182e+03 1.808640189359728978e-01
4.860300000000000182e+03 1.761935174445385111e-01
4.863800000000000182e+03 1.718470160112898770e-01
4.867300000000000182e+03 1.679898478859540023e-01
4.870800000000000182e+03 1.651859585564467714e-01
4.874300000000000182e+03 1.689300661008669990e-01
4.877800000000000182e+03 1.713481035914959649e-01
4.881300000000000182e+03 1.787739973359450119e-01
4.884800000000000182e+03 1.833093681982051193e-01
4.888300000000000182e+03 1.829174831846734628e-01
4.891800000000000182e+03 1.821528596492765217e-01
4.895300000000000182e+03 1.803281263210691487e-01
4.898800000000000182e+03 1.802135103929444482e-01
4.902300000000000182e+03 1.780816098750208631e-01
4.905800000000000182e+03 1.759446955166214521e-01
4.909300000000000182e+03 1.761893769406456256e-01
4.912800000000000182e+03 1.768149528032222917e-01
4.916300000000000182e+03 1.740132956399974284e-01
4.919800000000000182e+03 1.751794876510242294e-01
4.923300000000000182e+03 1.745034912941038907e-01
4.926800000000000182e+03 1.709687694116455159e-01
4.930300000000000182e+03 1.727700541331761153e-01
4.933800000000000182e+03 1.727647733845641687e-01
4.937300000000000182e+03 1.725160022552645611e-01
4.940800000000000182e+03 1.721383152997992549e-01
4.944300000000000182e+03 1.723967862513771099e-01
4.947800000000000182e+03 1.711138910089089471e-01
4.951300000000000182e+03 1.706489540006881356e-01
4.954800000000000182e+03 1.717312840520249240e-01
4.958300000000000182e+03 1.710702329260959387e-01
4.961800000000000182e+03 1.723971411264323683e-01
4.965300000000000182e+03 1.718420356631313317e-01
4.968800000000000182e+03 1.713773737081099868e-01
4.972300000000000182e+03 1.699039645788563424e-01
4.975800000000000182e+03 1.709431577634804300e-01
4.979300000000000182e+03 1.687900883677597164e-01
4.982800000000000182e+03 1.700919771088765242e-01
4.986300000000000182e+03 1.703694928818106358e-01
4.989800000000000182e+03 1.690163735854376126e-01
4.993300000000000182e+03 1.693932866951572136e-01
4.996800000000000182e+03 1.710567153161933474e-01
5.000300000000000182e+03 1.672483409252620845e-01
5.003800000000000182e+03 1.687317419826499798e-01
5.007300000000000182e+03 1.696174288049222545e-01
5.010800000000000182e+03 1.669917238603425003e-01
5.014300000000000182e+03 1.672897338879845153e-01
5.017800000000000182e+03 1.704780082039872857e-01
5.021300000000000182e+03 1.681368119979871345e-01
5.024800000000000182e+03 1.688473238316631764e-01
5.028300000000000182e+03 1.700803900685859404e-01
5.031800000000000182e+03 1.704710570174982343e-01
5.035300000000000182e+03 1.690531489584671254e-01
5.038800000000000182e+03 1.697363263253290899e-01
5.042300000000000182e+03 1.686668633181949151e-01
5.045800000000000182e+03 1.681364165127876842e-01
5.049300000000000182e+03 1.668365318318150714e-01
5.052800000000000182e+03 1.667460629124707105e-01
5.056300000000000182e+03 1.667317148552223405e-01
5.059800000000000182e+03 1.677771383681239403e-01
5.063300000000000182e+03 1.665986091899401000e-01
5.066800000000000182e+03 1.653638215638207343e-01
5.070300000000000182e+03 1.674228131565146382e-01
5.073800000000000182e+03 1.656234684944081492e-01
5.077300000000000182e+03 1.652257618048146304e-01
5.080800000000000182e+03 1.631689790816691077e-01
5.084300000000000182e+03 1.636101069657239504e-01
5.087800000000000182e+03 1.640306809513752406e-01
5.091300000000000182e+03 1.619534931512223441e-01
5.094800000000000182e+03 1.615453329497462120e-01
5.098300000000000182e+03 1.615512744419154989e-01
5.101800000000000182e+03 1.611587259165112584e-01
5.105300000000000182e+03 1.628246800132227279e-01
5.108800000000000182e+03 1.609387825307000419e-01
5.112300000000000182e+03 1.605476912997752525e-01
5.115800000000000182e+03 1.586922865574080521e-01
5.119300000000000182e+03 1.573712729105256891e-01
5.122800000000000182e+03 1.598473418042849203e-01
5.126300000000000182e+03 1.564625637726316520e-01
5.129800000000000182e+03 1.603493922296735930e-01
5.133300000000000182e+03 1.571926415939348676e-01
5.136800000000000182e+03 1.567564298671156597e-01
5.140300000000000182e+03 1.590547839913163120e-01
5.143800000000000182e+03 1.560346758199256390e-01
5.147300000000000182e+03 1.575406346424096660e-01
5.150800000000000182e+03 1.577221336408826113e-01
5.154300000000000182e+03 1.588665979486755531e-01
5.157800000000000182e+03 1.569032098235833839e-01
5.161300000000000182e+03 1.557863404205989122e-01
5.164800000000000182e+03 1.583311815129040401e-01
5.168300000000000182e+03 1.550849146108576604e-01
5.171800000000000182e+03 1.540145439682922279e-01
5.175300000000000182e+03 1.555935139929122690e-01
5.178800000000000182e+03 1.549992095215706189e-01
5.182300000000000182e+03 1.556245195851462537e-01
5.185800000000000182e+03 1.568605469175597122e-01
5.189300000000000182e+03 1.553804706874856723e-01
5.192800000000000182e+03 1.542882917883505733e-01
5.196300000000000182e+03 1.529962986659905988e-01
5.199800000000000182e+03 1.553346797055662754e-01
5.203300000000000182e+03 1.569557342401644018e-01
5.206800000000000182e+03 1.556295230076829295e-01
5.210300000000000182e+03 1.549209312682329198e-01
5.213800000000000182e+03 1.533325620555059665e-01
5.217300000000000182e+03 1.525240412880722318e-01
5.220800000000000182e+03 1.537460973503880224e-01
5.224300000000000182e+03 1.540979975821282211e-01
5.227800000000000182e+03 1.540302055090922162e-01
5.231300000000000182e+03 1.550839696978221771e-01
5.234800000000000182e+03 1.540749948607733344e-01
5.238300000000000182e+03 1.544880979962481860e-01
5.241800000000000182e+03 1.542716720414351039e-01
5.245300000000000182e+03 1.553084412349112486e-01
5.248800000000000182e+03 1.542125412232862869e-01
5.252300000000000182e+03 1.552847702368711780e-01
5.255800000000000182e+03 1.555917285517577076e-01
5.259300000000000182e+03 1.553120937434756821e-01
5.262800000000000182e+03 1.532022020856382838e-01
5.266300000000000182e+03 1.521860122058568132e-01
5.269800000000000182e+03 1.527889347536002251e-01
5.273300000000000182e+03 1.515692054174438141e-01
5.276800000000000182e+03 1.536360264858415425e-01
5.280300000000000182e+03 1.522041194107044415e-01
5.283800000000000182e+03 1.543009135360274287e-01
5.287300000000000182e+03 1.536815831134138166e-01
5.290800000000000182e+03 1.539650366333436271e-01
5.294300000000000182e+03 1.540815525122167517e-01
5.297800000000000182e+03 1.522619026457186775e-01
5.301300000000000182e+03 1.540623221817847277e-01
5.304800000000000182e+03 1.550182387967078135e-01
5.308300000000000182e+03 1.529136751579716624e-01
5.311800000000000182e+03 1.536092804036252035e-01
5.315300000000000182e+03 1.515929917341392874e-01
5.318800000000000182e+03 1.511089758161749952e-01
5.322300000000000182e+03 1.509021405668476701e-01
5.325800000000000182e+03 1.510964642346550035e-01
5.329300000000000182e+03 1.491755304161481444e-01
5.332800000000000182e+03 1.508269435795386859e-01
5.336300000000000182e+03 1.493871843045425085e-01
5.339800000000000182e+03 1.490429608764079206e-01
5.343300000000000182e+03 1.490596873076153461e-01
5.346800000000000182e+03 1.518091950112565869e-01
5.350300000000000182e+03 1.477160649956787697e-01
5.353800000000000182e+03 1.512064818602642802e-01
5.357300000000000182e+03 1.510874801956754443e-01
5.360800000000000182e+03 1.510293568919202079e-01
5.364300000000000182e+03 1.480525326510647999e-01
5.367800000000000182e+03 1.495490107249164424e-01
5.371300000000000182e+03 1.497223475131687076e-01
5.374800000000000182e+03 1.487904767695371056e-01
5.378300000000000182e+03 1.487346582955069163e-01
5.381800000000000182e+03 1.481122974978656137e-01
5.385300000000000182e+03 1.510189110816829994e-01
5.388800000000000182e+03 1.489074820941126698e-01
5.392300000000000182e+03 1.499710615952303816e-01
5.395800000000000182e+03 1.505540387686559178e-01
5.399300000000000182e+03 1.500414510773253607e-01
5.402800000000000182e+03 1.487447641942744592e-01
5.406300000000000182e+03 1.479222029265224725e-01
5.409800000000000182e+03 1.513668630732560305e-01
5.413300000000000182e+03 1.500955358214367263e-01
5.416800000000000182e+03 1.492977319238294187e-01
5.420300000000000182e+03 1.466984260034314980e-01
5.423800000000000182e+03 1.482700460451217006e-01
5.427300000000000182e+03 1.486694037418881675e-01
5.430800000000000182e+03 1.474782480940542428e-01
5.434300000000000182e+03 1.490124802126698567e-01
5.437800000000000182e+03 1.495224498146307535e-01
5.441300000000000182e+03 1.478968544376623451e-01
5.444800000000000182e+03 1.461214515272427628e-01
5.448300000000000182e+03 1.498783870921382710e-01
5.451800000000000182e+03 1.470576992206624189e-01
5.455300000000000182e+03 1.476725487690126182e-01
5.458800000000000182e+03 1.468129598959076743e-01
5.462300000000000182e+03 1.476419519432763394e-01
5.465800000000000182e+03 1.507345108660247679e-01
5.469300000000000182e+03 1.471202795609022340e-01
5.472800000000000182e+03 1.459455219908864232e-01
5.476300000000000182e+03 1.466615269459045912e-01
5.479800000000000182e+03 1.461658025314781784e-01
5.483300000000000182e+03 1.457829794541344592e-01
5.486800000000000182e+03 1.440471882547548210e-01
5.490300000000000182e+03 1.446169218808667778e-01
5.493800000000000182e+03 1.458301294015537097e-01
5.497300000000000182e+03 1.453921528560720988e-01
5.500800000000000182e+03 1.454417346040751957e-01
5.504300000000000182e+03 1.446059999185946299e-01
5.507800000000000182e+03 1.465351771078939325e-01
5.511300000000000182e+03 1.442620760680185243e-01
5.514800000000000182e+03 1.447932279811479928e-01
5.518300000000000182e+03 1.439094606407934629e-01
5.521800000000000182e+03 1.445219620312702402e-01
5.525300000000000182e+03 1.425063761938457629e-01
5.528800000000000182e+03 1.443740725039756867e-01
5.532300000000000182e+03 1.416234305167632102e-01
5.535800000000000182e+03 1.433386286272434751e-01
5.539300000000000182e+03 1.434075143107203243e-01
5.542800000000000182e+03 1.437790602223054381e-01
5.546300000000000182e+03 1.421824778149120838e-01
5.549800000000000182e+03 1.423676631963644301e-01
5.553300000000000182e+03 1.432603341509905148e-01
5.556800000000000182e+03 1.435835552052071029e-01
5.560300000000000182e+03 1.440357167705986208e-01
5.563800000000000182e+03 1.454846019750968000e-01
5.567300000000000182e+03 1.435165686916985983e-01
5.570800000000000182e+03 1.436201612646355041e-01
5.574300000000000182e+03 1.410116380897870891e-01
5.577800000000000182e+03 1.423588219454209325e-01
5.581300000000000182e+03 1.457765620071790613e-01
5.584800000000000182e+03 1.444346831695874633e-01
5.588300000000000182e+03 1.425411980827029357e-01
5.591800000000000182e+03 1.446066407176022084e-01
5.595300000000000182e+03 1.436140587942693336e-01
5.598800000000000182e+03 1.434271287364844993e-01
5.602300000000000182e+03 1.437676652405426858e-01
5.605800000000000182e+03 1.424437577703362157e-01
5.609300000000000182e+03 1.455093801549864341e-01
5.612800000000000182e+03 1.429491530446152237e-01
5.616300000000000182e+03 1.405534623234288016e-01
5.619800000000000182e+03 1.444028524995686624e-01
5.623300000000000182e+03 1.437192827218038704e-01
5.626800000000000182e+03 1.436836331876409634e-01
5.630300000000000182e+03 1.449245560049465809e-01
5.633800000000000182e+03 1.426842489375686196e-01
5.637300000000000182e+03 1.444918853169985529e-01
5.640800000000000182e+03 1.428124175261103468e-01
5.644300000000000182e+03 1.443882951640243772e-01
5.647800000000000182e+03 1.433457922148265173e-01
5.651300000000000182e+03 1.434423240979101344e-01
5.654800000000000182e+03 1.442915097297932103e-01
5.658300000000000182e+03 1.440065634726854782e-01
5.661800000000000182e+03 1.443948403780192513e-01
5.665300000000000182e+03 1.419922535435749478e-01
5.668800000000000182e+03 1.434810481661394632e-01
5.672300000000000182e+03 1.434754218484038668e-01
5.675800000000000182e+03 1.438950224671236011e-01
5.679300000000000182e+03 1.441714224734641503e-01
5.682800000000000182e+03 1.452455185348985878e-01
5.686300000000000182e+03 1.468810976951111236e-01
5.689800000000000182e+03 1.459592377041322719e-01
5.693300000000000182e+03 1.461151255770584134e-01
5.696800000000000182e+03 1.446793982689426050e-01
5.700300000000000182e+03 1.436656417346922343e-01
5.703800000000000182e+03 1.437563905335405290e-01
5.707300000000000182e+03 1.425582002363730838e-01
5.710800000000000182e+03 1.454436193082245254e-01
5.714300000000000182e+03 1.438878206394806902e-01
5.717800000000000182e+03 1.425362496526969558e-01
5.721300000000000182e+03 1.421327833764967075e-01
5.724800000000000182e+03 1.446922072372639478e-01
5.728300000000000182e+03 1.442809428335799504e-01
5.731800000000000182e+03 1.438059719199525355e-01
5.735300000000000182e+03 1.446522150011502750e-01
5.738800000000000182e+03 1.433483700103018732e-01
5.742300000000000182e+03 1.451283181868735783e-01
5.745800000000000182e+03 1.405974378684533566e-01
5.749300000000000182e+03 1.415035970220231976e-01
5.752800000000000182e+03 1.424565071551708584e-01
5.756300000000000182e+03 1.421630083956370860e-01
5.759800000000000182e+03 1.388548306079218919e-01
5.763300000000000182e+03 1.420286375651025890e-01
5.766800000000000182e+03 1.410559011795445572e-01
5.770300000000000182e+03 1.398577907676059884e-01
5.773800000000000182e+03 1.401613658254251826e-01
5.777300000000000182e+03 1.385974960425081781e-01
5.780800000000000182e+03 1.383922165021211348e-01
5.784300000000000182e+03 1.386772876856234016e-01
5.787800000000000182e+03 1.391628388932904525e-01
5.791300000000000182e+03 1.363558453745942756e-01
5.794800000000000182e+03 1.376932994082955275e-01
5.798300000000000182e+03 1.374813325579720413e-01
5.801800000000000182e+03 1.385356542971382665e-01
5.805300000000000182e+03 1.364360638655874036e-01
5.808800000000000182e+03 1.377151775734980488e-01
5.812300000000000182e+03 1.359775427307854112e-01
5.815800000000000182e+03 1.360824041903240245e-01
5.819300000000000182e+03 1.374974086164974518e-01
5.822800000000000182e+03 1.377527171485040947e-01
5.826300000000000182e+03 1.364919719438954515e-01
5.829800000000000182e+03 1.342975446496103842e-01
5.833300000000000182e+03 1.341601840335135964e-01
5.836800000000000182e+03 1.344290358475329072e-01
5.840300000000000182e+03 1.339253088066774400e-01
5.843800000000000182e+03 1.338546644200268032e-01
5.847300000000000182e+03 1.334891618676990188e-01
5.850800000000000182e+03 1.344420964618960046e-01
5.854300000000000182e+03 1.360206408752720475e-01
5.857800000000000182e+03 1.325303655212550502e-01
5.861300000000000182e+03 1.346507960112632296e-01
5.864800000000000182e+03 1.355732438724284172e-01
5.868300000000000182e+03 1.343936093749008576e-01
5.871800000000000182e+03 1.376027601390491240e-01
5.875300000000000182e+03 1.386743344771691755e-01
5.878800000000000182e+03 1.410556968176071291e-01
5.882300000000000182e+03 1.442524458636355866e-01
5.885800000000000182e+03 1.451892773685656279e-01
5.889300000000000182e+03 1.487150636073874821e-01
5.892800000000000182e+03 1.477448943032857731e-01
5.896300000000000182e+03 1.500904308222499872e-01
5.899800000000000182e+03 1.480640706256997619e-01
5.903300000000000182e+03 1.473921461063495419e-01
5.906800000000000182e+03 1.466120993109591153e-01
5.910300000000000182e+03 1.493916116944756511e-01
5.913800000000000182e+03 1.497130789885437185e-01
5.917300000000000182e+03 1.464110049812591963e-01
5.920800000000000182e+03 1.445950904752742738e-01
5.924300000000000182e+03 1.467836725109047114e-01
5.927800000000000182e+03 1.433867151156375808e-01
5.931300000000000182e+03 1.445597843121278203e-01
5.934800000000000182e+03 1.461846567400361119e-01
5.938300000000000182e+03 1.465919674967168795e-01
5.941800000000000182e+03 1.457941947429275964e-01
5.945300000000000182e+03 1.477790496702167666e-01
5.948800000000000182e+03 1.430318726022246079e-01
5.952300000000000182e+03 1.444685922242457399e-01
5.955800000000000182e+03 1.426003099462075374e-01
5.959300000000000182e+03 1.409900062074918303e-01
5.962800000000000182e+03 1.414722671090868633e-01
5.966300000000000182e+03 1.425276043523217295e-01
5.969800000000000182e+03 1.411394621166989216e-01
5.973300000000000182e+03 1.380598971679917741e-01
5.976800000000000182e+03 1.393088498418941223e-01
5.980300000000000182e+03 1.383949381638039378e-01
5.983800000000000182e+03 1.365901777797042804e-01
5.987300000000000182e+03 1.358145735876239990e-01
5.990800000000000182e+03 1.341635944385167756e-01
5.994300000000000182e+03 1.347791059690867099e-01
5.997800000000000182e+03 1.364317342512303965e-01
