# wavelength angstroms, flux, ext coeff
5.551500000000000000e+03 1.370431586549787062e+04 1.574471199489766160e-01
5.558500000000000000e+03 1.428476037996320883e+04 1.507788754935457110e-01
5.565500000000000000e+03 1.489791645620516283e+04 1.470586339167668510e-01
5.572500000000000000e+03 1.542506609643119009e+04 1.422961029851133041e-01
5.579500000000000000e+03 1.512040930117018615e+04 1.423813819103844913e-01
5.586500000000000000e+03 1.506311342660054652e+04 1.433808602981028746e-01
5.593500000000000000e+03 1.554322114244620934e+04 1.428019216767383859e-01
5.600500000000000000e+03 1.545470323900271433e+04 1.421591713494996800e-01
5.607500000000000000e+03 1.562518610299370630e+04 1.440208362639069928e-01
5.614500000000000000e+03 1.583902069958758511e+04 1.436175899107668408e-01
5.621500000000000000e+03 1.573902123956328796e+04 1.440085937853797515e-01
5.628500000000000000e+03 1.639847215246317137e+04 1.409027298792286387e-01
5.635500000000000000e+03 1.631693203194584567e+04 1.435667030661582633e-01
5.642500000000000000e+03 1.615402711345086755e+04 1.468661237996111701e-01
5.649500000000000000e+03 1.663842755650970503e+04 1.420662510890878250e-01
5.656500000000000000e+03 1.642305884011581657e+04 1.429307650852897627e-01
5.663500000000000000e+03 1.622534488873784721e+04 1.443558889548350599e-01
5.670500000000000000e+03 1.645055955436944350e+04 1.437415939616243366e-01
5.677500000000000000e+03 1.638126931532031995e+04 1.458340084828781968e-01
5.684500000000000000e+03 1.682176332829202147e+04 1.452835460208918850e-01
5.691500000000000000e+03 1.700500235495241577e+04 1.443588757029787284e-01
5.698500000000000000e+03 1.687985851643276328e+04 1.449316600770614860e-01
5.705500000000000000e+03 1.701473272967582307e+04 1.435009507941356344e-01
5.712500000000000000e+03 1.703172105791285867e+04 1.446692954814679521e-01
5.719500000000000000e+03 1.717961355172294498e+04 1.437430048727950938e-01
5.726500000000000000e+03 1.706339228161533174e+04 1.448633228193843547e-01
5.733500000000000000e+03 1.722358662673544313e+04 1.433446229440149267e-01
5.740500000000000000e+03 1.785005155141093201e+04 1.406359993982030654e-01
5.747500000000000000e+03 1.736499474218603427e+04 1.424546469931826653e-01
5.754500000000000000e+03 1.782605054272049892e+04 1.425900320276933808e-01
5.761500000000000000e+03 1.756626787954312022e+04 1.415209819034526362e-01
5.768500000000000000e+03 1.775023438495319351e+04 1.411908030320991048e-01
5.775500000000000000e+03 1.754813873644032719e+04 1.413548884915219184e-01
5.782500000000000000e+03 1.814834741036529158e+04 1.394597825357117571e-01
5.789500000000000000e+03 1.815440877984095641e+04 1.376353361009805543e-01
5.796500000000000000e+03 1.852629040779053685e+04 1.373456635138998461e-01
5.803500000000000000e+03 1.825739985024259295e+04 1.376497638888333763e-01
5.810500000000000000e+03 1.856247549875289405e+04 1.349924600756941817e-01
5.817500000000000000e+03 1.835729315536800641e+04 1.370249040872550950e-01
5.824500000000000000e+03 1.926223541019711411e+04 1.323239114194905974e-01
5.831500000000000000e+03 1.871996536413590729e+04 1.367252548780594490e-01
5.838500000000000000e+03 1.835038388939846482e+04 1.344617466719870147e-01
5.845500000000000000e+03 1.906103626518523743e+04 1.328644996743945927e-01
5.852500000000000000e+03 1.915740622127723327e+04 1.337966811106641729e-01
5.859500000000000000e+03 1.913224541739917913e+04 1.328298702149262878e-01
5.866500000000000000e+03 1.877712652170283036e+04 1.354159680825154921e-01
5.873500000000000000e+03 1.823459089641456740e+04 1.401186928677929655e-01
5.880500000000000000e+03 1.796191877376812045e+04 1.435361099974132859e-01
5.887500000000000000e+03 1.782708114685492910e+04 1.458236638240862915e-01
5.894500000000000000e+03 1.791178641153690842e+04 1.446868833215377570e-01
5.901500000000000000e+03 1.761150388506658419e+04 1.468295522994351177e-01
5.908500000000000000e+03 1.781444242810534706e+04 1.461865168994593289e-01
5.915500000000000000e+03 1.766170730260486744e+04 1.479993916492629846e-01
5.922500000000000000e+03 1.785854223435976382e+04 1.454134040790163174e-01
5.929500000000000000e+03 1.827429543047680636e+04 1.448409457189987759e-01
5.936500000000000000e+03 1.803558068440345960e+04 1.447606024133390734e-01
5.943500000000000000e+03 1.797351781233643487e+04 1.442679838706027451e-01
5.950500000000000000e+03 1.796586261893024857e+04 1.447786894792519041e-01
5.957500000000000000e+03 1.820576665271963793e+04 1.443926634401504483e-01
5.964500000000000000e+03 1.882437679524237319e+04 1.417130194256003006e-01
5.971500000000000000e+03 1.866384234009248394e+04 1.388315172049734425e-01
5.978500000000000000e+03 1.888644036427310857e+04 1.376526466521312830e-01
5.985500000000000000e+03 1.866618133300656700e+04 1.369032731509338963e-01
5.992500000000000000e+03 1.822854957654270038e+04 1.377457549382751778e-01
5.999500000000000000e+03 1.873968974865891869e+04 1.349103744525291526e-01
6.006500000000000000e+03 1.912377578332695339e+04 1.328559821997083723e-01
6.013500000000000000e+03 1.912416111165356051e+04 1.323815335957263806e-01
6.020500000000000000e+03 1.911100562504304253e+04 1.329800984725046098e-01
6.027500000000000000e+03 1.907894357584173486e+04 1.311024052898620007e-01
6.034500000000000000e+03 1.943212655676616487e+04 1.290184631974785057e-01
6.041500000000000000e+03 1.977618945178935610e+04 1.278936361624955775e-01
6.048500000000000000e+03 1.997571103658299398e+04 1.277055022973182241e-01
6.055500000000000000e+03 1.950349997971573248e+04 1.271981677984469483e-01
6.062500000000000000e+03 1.946826764534966787e+04 1.272792696265417078e-01
6.069500000000000000e+03 1.955750107076172571e+04 1.274830364727584098e-01
6.076500000000000000e+03 1.978940765690569242e+04 1.272089603968825922e-01
6.083500000000000000e+03 1.987784677024462508e+04 1.240348146276730457e-01
6.090500000000000000e+03 1.964641040262781826e+04 1.254873391322909870e-01
6.097500000000000000e+03 1.977765363332587003e+04 1.229832397985612946e-01
6.104500000000000000e+03 2.007139120525359249e+04 1.233610821416412512e-01
6.111500000000000000e+03 2.012173217942376505e+04 1.233956819952780615e-01
6.118500000000000000e+03 1.978975590145895330e+04 1.205548652095611989e-01
6.125500000000000000e+03 1.992063827531197603e+04 1.214094211242096877e-01
6.132500000000000000e+03 1.979577956422733769e+04 1.201340810689236760e-01
6.139500000000000000e+03 2.028000855254170165e+04 1.181144920699404161e-01
6.146500000000000000e+03 2.039289180804758507e+04 1.169405257017622074e-01
6.153500000000000000e+03 2.009382628072098669e+04 1.165360278466198440e-01
6.160500000000000000e+03 2.050575728486870503e+04 1.143820546272546756e-01
6.167500000000000000e+03 2.031893848777704989e+04 1.162029502396474817e-01
6.174500000000000000e+03 2.072871902845977093e+04 1.121143585950883370e-01
6.181500000000000000e+03 2.026996613905668710e+04 1.160157530381233648e-01
6.188500000000000000e+03 2.054264387649168930e+04 1.149706203359239093e-01
6.195500000000000000e+03 2.099787747342160947e+04 1.136492712514351605e-01
6.202500000000000000e+03 2.074165977524162008e+04 1.121053776107577699e-01
6.209500000000000000e+03 2.084735514291292566e+04 1.112483120666426933e-01
6.216500000000000000e+03 2.084276135335224535e+04 1.127119852893930657e-01
6.223500000000000000e+03 2.092666031850317086e+04 1.111935669688140227e-01
6.230500000000000000e+03 2.063878729073338764e+04 1.094666910976027085e-01
6.237500000000000000e+03 2.059287805227142962e+04 1.096987666626226404e-01
6.244500000000000000e+03 2.093882789788351147e+04 1.074144881929921386e-01
6.251500000000000000e+03 2.069190254596346131e+04 1.075064388660961767e-01
6.258500000000000000e+03 2.066762199317467093e+04 1.116153593182697135e-01
6.265500000000000000e+03 2.036621473758225693e+04 1.133246976357561719e-01
6.272500000000000000e+03 2.038788333596321536e+04 1.142161861365166148e-01
6.279500000000000000e+03 1.983041158031086525e+04 1.161700161148447596e-01
6.286500000000000000e+03 1.986591338127768904e+04 1.159646636070828796e-01
6.293500000000000000e+03 2.006477630700787267e+04 1.145961923464939441e-01
6.300500000000000000e+03 2.026293178107643689e+04 1.134758215391902386e-01
6.307500000000000000e+03 2.029591684033342608e+04 1.126387218893605130e-01
6.314500000000000000e+03 2.077980523851920952e+04 1.064077435840323771e-01
6.321500000000000000e+03 2.108460373949976929e+04 1.052231251797581119e-01
6.328500000000000000e+03 2.113109546913798840e+04 1.035573732757641696e-01
6.335500000000000000e+03 2.117172754772237749e+04 1.039905164140129540e-01
6.342500000000000000e+03 2.169835558789057905e+04 9.984724453249552156e-02
6.349500000000000000e+03 2.140035533849173589e+04 9.934261471175984126e-02
6.356500000000000000e+03 2.156711685427266639e+04 9.745924817141446428e-02
6.363500000000000000e+03 2.171883908939805769e+04 9.813792648930992624e-02
6.370500000000000000e+03 2.165945063118705730e+04 9.881096823912723093e-02
6.377500000000000000e+03 2.152230623677160838e+04 9.818497506938672625e-02
6.384500000000000000e+03 2.209161452494611149e+04 9.672885554002493003e-02
6.391500000000000000e+03 2.176809679297676848e+04 9.651907226910538817e-02
6.398500000000000000e+03 2.216062051220258581e+04 9.495200526707218980e-02
6.405500000000000000e+03 2.160176836065716634e+04 9.559770904055292506e-02
6.412500000000000000e+03 2.252171556674813110e+04 9.241834104535978645e-02
6.419500000000000000e+03 2.152340561495256043e+04 9.532354541453620655e-02
6.426500000000000000e+03 2.147680650445174615e+04 9.630720518302979261e-02
6.433500000000000000e+03 2.121040568729950974e+04 9.608474181581254381e-02
6.440500000000000000e+03 2.215168979869689792e+04 9.241638821491957034e-02
6.447500000000000000e+03 2.161681340840852135e+04 9.584641001758807677e-02
6.454500000000000000e+03 2.150779737949399350e+04 9.701039844614023355e-02
6.461500000000000000e+03 2.127562386123737815e+04 9.789820973756235833e-02
6.468500000000000000e+03 2.099757463969634409e+04 1.004008510453505282e-01
6.475500000000000000e+03 2.095881559626150920e+04 1.014721950554520885e-01
6.482500000000000000e+03 2.045580797635736599e+04 1.016816421892461769e-01
6.489500000000000000e+03 2.067775667033520585e+04 9.840671470538252252e-02
6.496500000000000000e+03 2.107464807740609831e+04 9.814763753064408014e-02
6.503500000000000000e+03 2.057942923636531486e+04 9.829923245663299558e-02
6.510500000000000000e+03 2.071890506601027300e+04 9.677594296927193029e-02
6.517500000000000000e+03 2.050896808341629730e+04 9.644154756114868554e-02
6.524500000000000000e+03 1.996396706028520566e+04 9.782326249350910274e-02
6.531500000000000000e+03 1.890712939126618949e+04 9.972712869776448330e-02
6.538500000000000000e+03 1.809728312841357547e+04 9.894121734267705137e-02
6.545500000000000000e+03 1.750626255460621906e+04 9.627627043849588950e-02
6.552500000000000000e+03 1.672331540575730469e+04 8.801853620840448256e-02
6.559500000000000000e+03 1.649242724744061707e+04 8.007777754549148808e-02
6.566500000000000000e+03 1.657175622590344938e+04 6.924695131316836727e-02
6.573500000000000000e+03 1.695340909012441625e+04 6.869996575677922435e-02
6.580500000000000000e+03 1.765653010778078533e+04 7.984270914593853685e-02
6.587500000000000000e+03 1.845947039416672123e+04 8.834415059751901667e-02
6.594500000000000000e+03 1.964474338597738097e+04 9.185949607792474880e-02
6.601500000000000000e+03 2.084821555380270365e+04 8.791940035665005149e-02
6.608500000000000000e+03 2.159195256889704979e+04 8.504134093417041462e-02
6.615500000000000000e+03 2.155395467292093235e+04 8.178517372255005025e-02
6.622500000000000000e+03 2.182887085062972983e+04 8.225821770852886905e-02
6.629500000000000000e+03 2.236944467691455793e+04 7.852816532793913118e-02
6.636500000000000000e+03 2.283296264862648604e+04 7.953625756168319905e-02
6.643500000000000000e+03 2.222127864677012985e+04 8.038739675957884412e-02
6.650500000000000000e+03 2.310985552164974433e+04 7.957007512553285200e-02
6.657500000000000000e+03 2.328615385819710355e+04 7.491406322738027035e-02
6.664500000000000000e+03 2.291007799427944337e+04 7.715829695441997482e-02
6.671500000000000000e+03 2.327042663452868146e+04 7.456224993693147396e-02
6.678500000000000000e+03 2.275527676007536502e+04 7.788902960165615397e-02
6.685500000000000000e+03 2.301371191459899273e+04 7.689776335967035692e-02
6.692500000000000000e+03 2.274994600235393227e+04 7.547663174995923596e-02
6.699500000000000000e+03 2.322010958445522556e+04 7.555601568385192368e-02
6.706500000000000000e+03 2.291325833861677165e+04 7.601732523004588182e-02
6.713500000000000000e+03 2.270363537356198503e+04 7.377649700737548555e-02
6.720500000000000000e+03 2.270804433216483812e+04 7.479653254133572515e-02
6.727500000000000000e+03 2.304721740397463145e+04 7.297931327123813317e-02
6.734500000000000000e+03 2.298766508891697595e+04 7.087943913447752875e-02
6.741500000000000000e+03 2.285061436384779518e+04 7.346034428243611303e-02
6.748500000000000000e+03 2.340750387958162173e+04 7.115404370119769728e-02
6.755500000000000000e+03 2.301069529053278529e+04 7.207288919275134376e-02
6.762500000000000000e+03 2.276218638509631637e+04 7.286370455799318080e-02
6.769500000000000000e+03 2.324292882240657127e+04 7.035843644463300739e-02
6.776500000000000000e+03 2.291454643665230105e+04 7.113479685166403110e-02
6.783500000000000000e+03 2.336560973150805876e+04 6.928713512645964800e-02
6.790500000000000000e+03 2.319977928852650439e+04 6.922983623314740709e-02
6.797500000000000000e+03 2.352183163458787385e+04 7.057423163495675500e-02
6.804500000000000000e+03 2.332542581525117566e+04 6.759334625080676284e-02
6.811500000000000000e+03 2.311988122839378048e+04 6.917347714935848102e-02
6.818500000000000000e+03 2.322732107116603220e+04 7.024693115063197768e-02
6.825500000000000000e+03 2.300671920368437713e+04 6.795971788315971485e-02
6.832500000000000000e+03 2.278946258229618616e+04 7.026837027314217221e-02
6.839500000000000000e+03 2.285711932393322058e+04 7.193091837970162772e-02
6.846500000000000000e+03 2.168229679147302886e+04 7.949075094738461411e-02
6.853500000000000000e+03 2.057861074652542084e+04 9.233984515942079974e-02
6.860500000000000000e+03 1.896927057644096567e+04 9.819208234833567972e-02
6.867500000000000000e+03 1.752314151022902661e+04 9.748660627840227688e-02
6.874500000000000000e+03 1.663229814349991648e+04 1.069600942607117355e-01
6.881500000000000000e+03 1.541011155019158468e+04 1.258164374698416133e-01
6.888500000000000000e+03 1.578649515570518270e+04 1.271008133927342687e-01
6.895500000000000000e+03 1.687352246274010758e+04 1.140445679510025956e-01
6.902500000000000000e+03 1.770926547842285072e+04 1.062310339650597152e-01
6.909500000000000000e+03 1.798841216368348978e+04 1.032563530534019308e-01
6.916500000000000000e+03 1.872814830631874793e+04 9.953223742310300659e-02
6.923500000000000000e+03 1.915355235527989498e+04 9.834155373074501827e-02
6.930500000000000000e+03 1.904562123629844064e+04 9.632464020841974284e-02
6.937500000000000000e+03 1.938534326147802494e+04 9.300798183169665945e-02
6.944500000000000000e+03 1.960332827562493912e+04 9.132937552684793070e-02
6.951500000000000000e+03 1.981268026840724633e+04 8.809384104819351080e-02
6.958500000000000000e+03 2.008020145441217392e+04 8.509311820668047366e-02
6.965500000000000000e+03 2.086835149400263617e+04 8.055173320024647254e-02
6.972500000000000000e+03 2.085457060144770003e+04 7.880797166092239070e-02
6.979500000000000000e+03 2.123254938110800867e+04 7.811283972882210325e-02
6.986500000000000000e+03 2.061638106730930303e+04 8.032312015739075106e-02
6.993500000000000000e+03 2.044120658030222330e+04 7.853998611640956862e-02
7.000500000000000000e+03 1.998644435295489166e+04 8.131705686105571151e-02
7.007500000000000000e+03 2.059259585048496956e+04 8.031134292408972919e-02
7.014500000000000000e+03 2.027650596255529308e+04 8.006641119308369192e-02
7.021500000000000000e+03 2.072962005509457958e+04 7.690221146445876121e-02
7.028500000000000000e+03 2.055262253436845640e+04 7.688205897247415987e-02
7.035500000000000000e+03 2.104033999066071192e+04 7.536392821131458752e-02
7.042500000000000000e+03 2.089447721219372033e+04 7.259704103875974646e-02
7.049500000000000000e+03 2.121988823233367293e+04 7.036218898914058106e-02
7.056500000000000000e+03 2.113791477561916327e+04 6.944695051104010641e-02
7.063500000000000000e+03 2.120876989482604768e+04 7.135131703199042164e-02
7.070500000000000000e+03 2.122638350880286816e+04 7.011481902208847872e-02
7.077500000000000000e+03 2.123932423626548916e+04 6.631436994251306560e-02
7.084500000000000000e+03 2.143770819592432235e+04 6.613302036169094178e-02
7.091500000000000000e+03 2.147111314054588365e+04 6.591538373643722470e-02
7.098500000000000000e+03 2.112138639975314436e+04 6.357401656730039818e-02
7.105500000000000000e+03 2.129023333642911530e+04 6.363296513184103775e-02
7.112500000000000000e+03 2.097220273565844400e+04 6.288712797922484110e-02
7.119500000000000000e+03 2.130498787591306245e+04 6.084382001812298907e-02
7.126500000000000000e+03 2.106056539776135833e+04 6.297054311088921830e-02
7.133500000000000000e+03 2.086959602716262452e+04 6.496303403545193589e-02
7.140500000000000000e+03 2.096816449114754505e+04 6.645300877443484355e-02
7.147500000000000000e+03 2.009402165094165684e+04 7.322519464029711433e-02
7.154500000000000000e+03 1.895990806014983173e+04 8.305243280139161521e-02
7.161500000000000000e+03 1.785516099116497571e+04 9.424407474255694361e-02
7.168500000000000000e+03 1.613617283380523440e+04 1.084706933274535157e-01
7.175500000000000000e+03 1.521660824234477695e+04 1.163752317374124046e-01
7.182500000000000000e+03 1.455959636317304103e+04 1.222822674240273549e-01
7.189500000000000000e+03 1.405551807067598929e+04 1.257036361916807898e-01
7.196500000000000000e+03 1.437283108108186752e+04 1.209545155887971624e-01
7.203500000000000000e+03 1.506424488440287496e+04 1.132334342405598437e-01
7.210500000000000000e+03 1.603135432423665588e+04 1.095082008480211394e-01
7.217500000000000000e+03 1.625174956991478030e+04 1.086233041327108739e-01
7.224500000000000000e+03 1.627016829785298978e+04 1.042763571453576288e-01
7.231500000000000000e+03 1.630375968789238505e+04 1.011470696351422782e-01
7.238500000000000000e+03 1.537825875094749608e+04 1.046386088967132810e-01
7.245500000000000000e+03 1.522190519351385046e+04 1.103652075499730323e-01
7.252500000000000000e+03 1.512028876208830297e+04 1.145316564362235390e-01
7.259500000000000000e+03 1.486190984277311327e+04 1.178240500402432667e-01
7.266500000000000000e+03 1.504036539337195791e+04 1.145461388575455541e-01
7.273500000000000000e+03 1.519336995146328627e+04 1.115370588305069216e-01
7.280500000000000000e+03 1.528784139472397510e+04 1.102467253274737602e-01
7.287500000000000000e+03 1.531627813208516091e+04 1.081247538108425915e-01
7.294500000000000000e+03 1.554904617804208465e+04 1.054158540688626550e-01
7.301500000000000000e+03 1.562654868513945439e+04 1.038788185480078730e-01
7.308500000000000000e+03 1.609200835089023531e+04 1.008542153624946563e-01
7.315500000000000000e+03 1.667735045403302502e+04 9.253038780692410259e-02
7.322500000000000000e+03 1.724414414469130861e+04 8.812397919966895310e-02
7.329500000000000000e+03 1.809090388105992679e+04 8.098940910093928303e-02
7.336500000000000000e+03 1.829280079478655171e+04 7.398237578520887314e-02
7.343500000000000000e+03 1.874151459983234963e+04 7.082829195582662773e-02
7.350500000000000000e+03 1.845780269969123765e+04 7.085071743982963854e-02
7.357500000000000000e+03 1.873245437574559764e+04 6.611255828271456192e-02
7.364500000000000000e+03 1.922248529963662440e+04 6.382146914350618483e-02
7.371500000000000000e+03 1.954496163166392580e+04 6.360518078003750408e-02
7.378500000000000000e+03 1.928960832262725307e+04 6.236367879406191916e-02
7.385500000000000000e+03 1.916540935003515915e+04 6.091620933519477366e-02
7.392500000000000000e+03 1.927642811517403607e+04 5.902653280374367539e-02
7.399500000000000000e+03 1.946729971714249768e+04 5.787692175229632030e-02
7.406500000000000000e+03 1.958559812731631246e+04 5.477396315905436880e-02
7.413500000000000000e+03 1.949898167661266780e+04 5.223466574770314896e-02
7.420500000000000000e+03 2.003769936792389854e+04 5.319133657254270647e-02
7.427500000000000000e+03 1.997941476319181675e+04 5.016346007602847518e-02
7.434500000000000000e+03 1.984329503002135243e+04 5.015939106290089045e-02
7.441500000000000000e+03 1.988463806767585993e+04 4.835921141592174066e-02
7.448500000000000000e+03 1.975653622046673627e+04 4.761553154325873921e-02
7.455500000000000000e+03 1.945655459571269603e+04 5.070453364084950149e-02
7.462500000000000000e+03 1.917006883035159626e+04 5.092331463864009644e-02
7.469500000000000000e+03 1.968003279141900202e+04 4.685085822173400139e-02
7.476500000000000000e+03 1.952819441361023564e+04 4.685790591859270021e-02
7.483500000000000000e+03 1.921085758374408761e+04 4.822930504330629614e-02
7.490500000000000000e+03 1.967635494074858798e+04 4.624355832617923351e-02
7.497500000000000000e+03 1.934201786886794071e+04 4.619141476802209045e-02
7.504500000000000000e+03 1.971237363931496657e+04 4.815425625595716463e-02
7.511500000000000000e+03 1.918799830481582103e+04 4.736858770622658782e-02
7.518500000000000000e+03 1.905008191724044809e+04 4.796413289171536087e-02
7.525500000000000000e+03 1.922209453293948172e+04 4.442178909299169393e-02
7.532500000000000000e+03 1.866278448438534178e+04 4.591667147321250309e-02
7.539500000000000000e+03 1.887729195716883623e+04 4.518452356266559888e-02
7.546500000000000000e+03 1.888473708875137163e+04 4.724600173691619748e-02
7.553500000000000000e+03 1.882341436368662107e+04 4.674914341182263150e-02
7.560500000000000000e+03 1.827759623696342896e+04 4.758572280070139104e-02
7.567500000000000000e+03 1.778325935356146147e+04 5.343323091048127194e-02
7.574500000000000000e+03 1.623495306585233266e+04 7.451680660823087332e-02
7.581500000000000000e+03 1.329593819505837200e+04 1.118054351868936896e-01
7.588500000000000000e+03 1.003071977287389200e+04 1.425785021896432969e-01
7.595500000000000000e+03 7.706930957149404094e+03 1.373134375033452093e-01
7.602500000000000000e+03 5.647593803234424740e+03 1.452678668497125181e-01
7.609500000000000000e+03 3.835854790760693504e+03 2.458060017356381299e-01
7.616500000000000000e+03 2.992497251879634405e+03 3.400125842184990588e-01
7.623500000000000000e+03 3.351199347095125631e+03 3.309692090149340404e-01
7.630500000000000000e+03 4.031055175223877541e+03 2.799030011855365152e-01
7.637500000000000000e+03 4.876672203595871906e+03 2.427011169243848687e-01
7.644500000000000000e+03 5.756838736874044116e+03 2.153613013622855954e-01
7.651500000000000000e+03 7.247655482517066957e+03 1.889202837852796413e-01
7.658500000000000000e+03 9.187325472948476090e+03 1.517023231997833843e-01
7.665500000000000000e+03 1.064353124091944483e+04 1.264053584704900313e-01
7.672500000000000000e+03 1.220960671756748889e+04 1.024232937066933830e-01
7.679500000000000000e+03 1.379559372326209814e+04 8.356243988298359127e-02
7.686500000000000000e+03 1.486403690201473182e+04 7.216767279892750964e-02
7.693500000000000000e+03 1.535678232841835052e+04 6.351457218284542461e-02
7.700500000000000000e+03 1.593114983769041282e+04 5.901208442313800318e-02
7.707500000000000000e+03 1.664166683498909333e+04 5.129340707912253411e-02
7.714500000000000000e+03 1.657475789132320642e+04 5.096102453162488360e-02
7.721500000000000000e+03 1.649455318273458761e+04 4.738723998907266866e-02
7.728500000000000000e+03 1.688126051962630663e+04 4.403208827779168250e-02
7.735500000000000000e+03 1.678404299580883526e+04 4.473831539536595597e-02
7.742500000000000000e+03 1.679874866281728828e+04 4.531266967413002944e-02
7.749500000000000000e+03 1.693232441328847563e+04 4.397601717863960924e-02
7.756500000000000000e+03 1.620328081554963865e+04 4.584517974142327673e-02
7.763500000000000000e+03 1.644115667185420170e+04 4.275480823947198916e-02
7.770500000000000000e+03 1.639592276081959426e+04 4.222194095928634427e-02
7.777500000000000000e+03 1.617634291494572608e+04 4.147988996722645066e-02
7.784500000000000000e+03 1.607093602146373996e+04 4.133247620728879718e-02
7.791500000000000000e+03 1.620398578238200389e+04 4.528958970559257557e-02
7.798500000000000000e+03 1.606324768826896070e+04 4.259731342869751275e-02
7.805500000000000000e+03 1.642354337894932905e+04 4.174670370474509173e-02
7.812500000000000000e+03 1.606994180123519800e+04 4.140204926767391408e-02
7.819500000000000000e+03 1.606901100084492646e+04 4.218062059286819404e-02
7.826500000000000000e+03 1.592621955007624820e+04 4.054652297630938901e-02
7.833500000000000000e+03 1.585746125727516119e+04 4.226009477778455703e-02
7.840500000000000000e+03 1.582842492440641036e+04 4.086498494768588119e-02
7.847500000000000000e+03 1.547153595122025399e+04 4.121667098702843507e-02
7.854500000000000000e+03 1.562242745332880622e+04 4.155073171986884556e-02
7.861500000000000000e+03 1.515255841757969938e+04 4.574407030136844882e-02
7.868500000000000000e+03 1.536690018044546741e+04 4.595147572834137883e-02
7.875500000000000000e+03 1.500765601625999989e+04 4.952171616987421920e-02
7.882500000000000000e+03 1.439784743337856526e+04 4.860800802688194922e-02
7.889500000000000000e+03 1.446139808031053690e+04 5.301265892435740035e-02
7.896500000000000000e+03 1.423944079432249600e+04 5.105318640933795976e-02
7.903500000000000000e+03 1.411334117546894595e+04 5.267466849470762991e-02
7.910500000000000000e+03 1.430504246300194609e+04 5.229101821542972428e-02
7.917500000000000000e+03 1.423275033493194496e+04 4.907302884585381525e-02
7.924500000000000000e+03 1.420496669418656165e+04 4.789467351676930662e-02
7.931500000000000000e+03 1.422794310148061049e+04 4.723597457019441254e-02
7.938500000000000000e+03 1.417172456609217988e+04 4.839297088091398108e-02
7.945500000000000000e+03 1.432212009140451300e+04 4.648551839582586859e-02
7.952500000000000000e+03 1.408411212888241425e+04 4.872050647409024993e-02
7.959500000000000000e+03 1.360747462964294209e+04 5.280873625157928020e-02
7.966500000000000000e+03 1.360684035135120394e+04 5.151743102457118084e-02
7.973500000000000000e+03 1.360117645854270995e+04 4.997108589593202838e-02
7.980500000000000000e+03 1.348473702065963334e+04 4.954858165289205418e-02
7.987500000000000000e+03 1.363629921279852351e+04 4.937600597106565903e-02
7.994500000000000000e+03 1.356414537127581934e+04 4.911964512082332701e-02
8.001500000000000000e+03 1.333933629615196696e+04 4.840877862835975959e-02
8.008500000000000000e+03 1.338438629398351441e+04 4.956551503208314613e-02
8.015500000000000000e+03 1.305727113324122001e+04 5.466854818719522890e-02
8.022500000000000000e+03 1.288302072085331019e+04 5.456944152978959739e-02
8.029500000000000000e+03 1.298376862173102018e+04 5.301412582829685000e-02
8.036500000000000000e+03 1.303920801585057052e+04 5.177365341749175232e-02
8.043500000000000000e+03 1.329483561220090087e+04 4.762353868173366256e-02
8.050500000000000000e+03 1.319023991566712539e+04 4.877779758522304138e-02
8.057500000000000000e+03 1.308993685053349509e+04 4.712695964313562413e-02
8.064500000000000000e+03 1.340320277019755849e+04 4.349345820255919731e-02
8.071500000000000000e+03 1.313707867187842385e+04 4.468257234891787055e-02
8.078500000000000000e+03 1.273279872526872350e+04 4.751003495019235495e-02
8.085500000000000000e+03 1.264890323819139485e+04 4.673996696766060527e-02
8.092500000000000000e+03 1.240171393519135199e+04 5.093425583992632066e-02
8.099500000000000000e+03 1.221833986896421993e+04 5.466072794497771337e-02
8.106500000000000000e+03 1.194017405098331255e+04 5.574867036811598231e-02
8.113500000000000000e+03 1.158882718251451843e+04 6.244716865106929304e-02
8.120500000000000000e+03 1.089449883014188345e+04 7.329868967320941897e-02
8.127500000000000000e+03 1.061453835265988164e+04 8.094112664395120005e-02
8.134500000000000000e+03 9.925918439978346214e+03 8.735225810385760514e-02
8.141500000000000000e+03 9.367077219649036124e+03 9.579812740050072661e-02
8.148500000000000000e+03 9.040754863678035690e+03 1.004620889548547835e-01
8.155500000000000000e+03 8.624103927166765061e+03 1.065824955013882774e-01
8.162500000000000000e+03 8.382993076751790795e+03 1.055311798317545013e-01
8.169500000000000000e+03 8.509007959181428305e+03 1.046230621352818441e-01
8.176500000000000000e+03 8.648314765207653181e+03 1.026612258775700670e-01
8.183500000000000000e+03 8.927368671677733801e+03 9.473042590400390650e-02
8.190500000000000000e+03 9.065443161334453180e+03 8.988163172601486284e-02
8.197500000000000000e+03 9.516642465165898102e+03 8.384949652687631594e-02
8.204500000000000000e+03 9.870228815266902529e+03 8.440602452508973175e-02
8.211500000000000000e+03 9.547921421826753431e+03 9.074106233893362849e-02
8.218500000000000000e+03 9.186027991343940812e+03 8.910516720415481706e-02
8.225500000000000000e+03 9.106958342399484536e+03 7.916941344981280604e-02
8.232500000000000000e+03 9.096568543414439773e+03 7.837713742833657404e-02
8.239500000000000000e+03 9.122874020510796981e+03 8.618928524429031457e-02
8.246500000000000000e+03 9.439705568861685606e+03 8.484224976336619817e-02
8.253500000000000000e+03 9.744275143965196548e+03 7.634464004168814433e-02
8.260500000000000000e+03 1.021760457088394105e+04 7.209829583887529536e-02
8.267500000000000000e+03 9.855599415775250236e+03 7.419991502830861063e-02
8.274500000000000000e+03 9.588203607594226924e+03 7.471034559512232387e-02
8.281500000000000000e+03 9.694001229439150848e+03 7.363836413224919553e-02
8.288500000000000000e+03 9.624311111323593650e+03 7.582006397148678689e-02
8.295500000000000000e+03 9.602899274360806885e+03 7.520832246869363358e-02
8.302500000000000000e+03 9.759102239862257193e+03 7.309413170890402545e-02
8.309500000000000000e+03 9.576495210406847036e+03 7.413193084029943980e-02
8.316500000000000000e+03 9.846187233313048637e+03 6.792776890791975275e-02
8.323500000000000000e+03 1.008311652987198795e+04 6.410058206957382210e-02
8.330500000000000000e+03 1.008763887346017145e+04 6.382677172393949605e-02
8.337500000000000000e+03 1.011255864245746488e+04 6.263638485988860805e-02
8.344500000000000000e+03 1.018959796405686393e+04 6.000690573534647743e-02
8.351500000000000000e+03 1.041418645870231376e+04 5.617099293395615145e-02
8.358500000000000000e+03 1.056061638756922366e+04 5.289603862206402468e-02
8.365500000000000000e+03 1.088332735761093863e+04 5.136711041557472796e-02
8.372500000000000000e+03 1.078753326725023908e+04 4.908320163808647940e-02
8.379500000000000000e+03 1.065932786780252718e+04 4.623346514608420860e-02
8.386500000000000000e+03 1.090257899676675697e+04 4.546686544271556080e-02
8.393500000000000000e+03 1.109492095876472558e+04 4.110020453366092230e-02
8.400500000000000000e+03 1.080688710159042239e+04 4.388107407655433140e-02
8.407500000000000000e+03 1.058979098830889779e+04 4.308329629525543825e-02
8.414500000000000000e+03 1.077694759411086852e+04 4.281916553832013084e-02
8.421500000000000000e+03 1.097382677634724860e+04 3.823953005601964106e-02
8.428500000000000000e+03 1.078779425228989385e+04 3.925564607264929451e-02
8.435500000000000000e+03 1.073400516683811475e+04 3.847155803116285300e-02
8.442500000000000000e+03 1.074030289641943818e+04 3.757553326341149524e-02
8.449500000000000000e+03 1.078392007384724457e+04 3.700587297640903911e-02
8.456500000000000000e+03 1.081858645435403196e+04 3.466979133931952922e-02
8.463500000000000000e+03 1.078363991439261372e+04 3.609675382472504052e-02
8.470500000000000000e+03 1.068267198061778799e+04 3.561105851994882804e-02
8.477500000000000000e+03 1.071272616445587846e+04 3.653817122169868148e-02
8.484500000000000000e+03 1.063040709603512369e+04 3.749425736219259842e-02
8.491500000000000000e+03 1.043282065254614827e+04 3.487194244753193811e-02
8.498500000000000000e+03 1.045044633296376924e+04 3.400029689845994463e-02
8.505500000000000000e+03 1.063441327929198633e+04 3.021162347490350883e-02
8.512500000000000000e+03 1.051962375126027655e+04 3.160614443518857536e-02
8.519500000000000000e+03 1.034084571959022833e+04 3.557610319296295592e-02
8.526500000000000000e+03 1.013790146373097377e+04 3.659661403062485635e-02
8.533500000000000000e+03 1.037211520579671742e+04 3.493452866180904448e-02
8.540500000000000000e+03 1.010559108899635794e+04 3.131013272299645184e-02
8.547500000000000000e+03 1.026696750994535614e+04 2.829983366347650284e-02
8.554500000000000000e+03 1.012223153926761188e+04 2.851203769762765058e-02
8.561500000000000000e+03 1.036926949175002846e+04 3.060686739972107509e-02
8.568500000000000000e+03 1.046599913068657224e+04 3.575083086869457194e-02
8.575500000000000000e+03 1.023917660220257130e+04 3.633832385102209878e-02
8.582500000000000000e+03 1.013666278405999765e+04 3.570393155534565960e-02
8.589500000000000000e+03 1.024543239961450490e+04 3.160637929395194307e-02
8.596500000000000000e+03 1.018119579600889483e+04 2.507132625992234895e-02
8.603500000000000000e+03 1.018814580294882035e+04 2.452170894561808007e-02
8.610500000000000000e+03 1.014969684918473649e+04 2.572079043951530641e-02
8.617500000000000000e+03 1.025149989445988649e+04 2.990762943736707119e-02
8.624500000000000000e+03 1.046503167337838568e+04 3.443655572719212660e-02
8.631500000000000000e+03 1.046067290755227077e+04 3.631082194685306130e-02
8.638500000000000000e+03 1.038930917252311156e+04 3.865519944539100999e-02
8.645500000000000000e+03 9.974041844018087431e+03 3.647862865874866578e-02
8.652500000000000000e+03 9.986041677048955535e+03 3.003794257008477256e-02
8.659500000000000000e+03 9.754593796019849833e+03 2.357528254399545928e-02
8.666500000000000000e+03 9.791145384563633343e+03 1.813157575760109344e-02
8.673500000000000000e+03 9.653786803690361921e+03 1.968456340644060207e-02
8.680500000000000000e+03 9.954844893058490925e+03 2.353328239458818416e-02
8.687500000000000000e+03 9.984160456048610286e+03 3.284530079610665371e-02
8.694500000000000000e+03 1.003465263120968120e+04 3.562098714640322267e-02
8.701500000000000000e+03 1.050634814345099221e+04 3.232602639530966770e-02
8.708500000000000000e+03 1.045306472845937424e+04 3.530577689417942894e-02
8.715500000000000000e+03 1.035790866807518432e+04 3.601162608232285484e-02
8.722500000000000000e+03 1.011342596956484704e+04 3.504989807384671641e-02
8.729500000000000000e+03 9.824484098471490142e+03 3.740399597380908436e-02
8.736500000000000000e+03 9.665550486015672504e+03 2.869085824523732314e-02
8.743500000000000000e+03 9.629059542747345404e+03 1.996018291606386011e-02
8.750500000000000000e+03 9.537806619543924171e+03 1.652700246690024313e-02
8.757500000000000000e+03 9.410068052203389016e+03 1.885684396859250989e-02
8.764500000000000000e+03 9.556320345745594750e+03 2.611502542856769526e-02
8.771500000000000000e+03 9.781371935229230075e+03 2.962449584110151551e-02
8.778500000000000000e+03 1.003268984297135648e+04 3.432143223117995606e-02
8.785500000000000000e+03 1.024206899403498028e+04 3.379848953574760700e-02
8.792500000000000000e+03 1.042270477052372917e+04 3.220476393441625701e-02
8.799500000000000000e+03 1.037087685626801249e+04 3.167553589274684639e-02
8.806500000000000000e+03 1.062915787079268193e+04 3.175416037319402085e-02
8.813500000000000000e+03 1.056346219912348351e+04 3.276081529256291702e-02
8.820500000000000000e+03 1.021420219119266585e+04 3.571797653558403396e-02
8.827500000000000000e+03 1.005130497885388650e+04 3.206476465556409861e-02
8.834500000000000000e+03 9.696139280262748798e+03 3.365829847313844131e-02
8.841500000000000000e+03 9.312749706055756178e+03 3.262402537632123206e-02
8.848500000000000000e+03 9.099830442388081792e+03 2.999239645377147975e-02
8.855500000000000000e+03 8.901882450263514329e+03 2.643592292233612473e-02
8.862500000000000000e+03 8.763783850746682219e+03 2.041483587867024344e-02
8.869500000000000000e+03 8.734289772084071956e+03 1.775968763265435568e-02
8.876500000000000000e+03 8.753833946613927765e+03 2.307988867224559232e-02
8.883500000000000000e+03 9.094866362978580582e+03 2.913260265263511312e-02
8.890500000000000000e+03 9.300168381738458265e+03 3.691561726840592722e-02
8.897500000000000000e+03 9.522149212729133069e+03 3.783188146781834432e-02
8.904500000000000000e+03 9.719592699169154002e+03 3.733265123509014322e-02
8.911500000000000000e+03 9.854404320735306101e+03 3.716966228252931159e-02
8.918500000000000000e+03 9.570941223051358975e+03 4.117967574522642116e-02
8.925500000000000000e+03 9.390023919853241750e+03 4.591297696180269422e-02
8.932500000000000000e+03 9.065016648268674544e+03 5.122528185294551034e-02
8.939500000000000000e+03 8.465149155507118849e+03 6.255255671471977863e-02
8.946500000000000000e+03 8.088853100330993584e+03 6.908245962757376957e-02
8.953500000000000000e+03 7.696746760858302878e+03 7.708172674790787771e-02
8.960500000000000000e+03 7.276849465495314689e+03 8.629518654014754764e-02
8.967500000000000000e+03 6.788660613008582914e+03 9.413723070920268499e-02
8.974500000000000000e+03 6.381223895807772351e+03 1.050051860317151448e-01
8.981500000000000000e+03 5.819896726185525040e+03 1.122058710137127102e-01
8.988500000000000000e+03 5.478680661875689111e+03 1.085742771299962328e-01
8.995500000000000000e+03 5.230101953451729059e+03 1.088508034744557484e-01
9.002500000000000000e+03 4.994704081448894613e+03 1.089401525611036620e-01
9.009500000000000000e+03 5.063845089125389677e+03 9.629146810851500760e-02
9.016500000000000000e+03 5.387233113370723004e+03 8.440557389969928492e-02
9.023500000000000000e+03 5.679979324039676612e+03 7.878127585085308027e-02
9.030500000000000000e+03 6.046867461962369816e+03 8.035592268700358920e-02
9.037500000000000000e+03 6.504217027532016800e+03 8.115964784736996729e-02
9.044500000000000000e+03 6.665166873668649714e+03 8.180303781502365479e-02
9.051500000000000000e+03 6.858804958003930551e+03 8.289185632080571520e-02
9.058500000000000000e+03 6.781992143420730827e+03 8.667640387471765850e-02
9.065500000000000000e+03 6.375783661089234556e+03 9.296599828624098338e-02
9.072500000000000000e+03 6.104994978970645207e+03 9.505880586781427499e-02
9.079500000000000000e+03 5.816856648134890747e+03 1.064136380652443009e-01
9.086500000000000000e+03 5.707167167169976892e+03 1.113833581736880102e-01
9.093500000000000000e+03 5.583638747905167293e+03 1.151341647658313400e-01
9.100500000000000000e+03 5.882475572231543993e+03 1.089725693569438131e-01
9.107500000000000000e+03 5.717940075724453891e+03 1.131454388657011784e-01
9.114500000000000000e+03 5.741242121279078674e+03 1.188796577220468526e-01
9.121500000000000000e+03 5.804950635095482539e+03 1.159069632288657198e-01
9.128500000000000000e+03 5.516374323635865039e+03 1.171953354952702531e-01
9.135500000000000000e+03 5.620677678867683426e+03 1.171231014957136163e-01
9.142500000000000000e+03 5.312879160358289482e+03 1.320501289563213998e-01
9.149500000000000000e+03 5.474743381310824589e+03 1.281468827627594287e-01
9.156500000000000000e+03 5.280883432156681010e+03 1.248921031269537713e-01
9.163500000000000000e+03 5.237843473570799688e+03 1.274530071217221117e-01
9.170500000000000000e+03 5.419066024974817083e+03 1.198483869431511695e-01
9.177500000000000000e+03 5.680651536354444033e+03 1.075482230602380213e-01
9.184500000000000000e+03 5.777512526868741588e+03 1.023830554130683995e-01
9.191500000000000000e+03 5.950423546634526247e+03 9.475438305838849995e-02
9.198500000000000000e+03 6.090440587200881055e+03 8.903713961619580397e-02
9.205500000000000000e+03 6.016339374141670305e+03 8.200699715609140183e-02
9.212500000000000000e+03 5.853750948697121203e+03 7.789530865214781830e-02
9.219500000000000000e+03 5.679197962870040101e+03 6.610052705644151039e-02
9.226500000000000000e+03 5.497349095531271814e+03 6.365083751382430433e-02
9.233500000000000000e+03 5.278216613864198735e+03 6.787081624766679033e-02
9.240500000000000000e+03 5.216398558538115140e+03 7.629355875301274681e-02
9.247500000000000000e+03 5.227844369704492237e+03 8.674972667802126336e-02
9.254500000000000000e+03 5.370787637440342223e+03 9.557836425779221712e-02
9.261500000000000000e+03 5.390211064718697344e+03 1.041974246740406534e-01
9.268500000000000000e+03 5.084407467103190356e+03 1.142909648655629079e-01
9.275500000000000000e+03 4.837665017059925958e+03 1.254516748430736794e-01
9.282500000000000000e+03 4.285694307594129896e+03 1.426541549491153749e-01
9.289500000000000000e+03 3.786766467186939735e+03 1.663865539952419925e-01
9.296500000000000000e+03 3.221554459081657114e+03 1.918186021535202290e-01
9.303500000000000000e+03 2.873090294353747140e+03 2.090119445425878686e-01
9.310500000000000000e+03 2.273600427199614387e+03 2.392287595373543407e-01
9.317500000000000000e+03 1.798263159787293716e+03 2.749809884012299754e-01
9.324500000000000000e+03 1.405055186019276562e+03 3.128183525516582963e-01
9.331500000000000000e+03 1.128590483408481305e+03 3.420665727514435872e-01
9.338500000000000000e+03 1.052998440401592916e+03 3.409713430123337274e-01
9.345500000000000000e+03 1.032760542350986498e+03 3.527710079830555512e-01
9.352500000000000000e+03 1.004852514438638423e+03 3.674941477447086213e-01
9.359500000000000000e+03 1.015097472045076529e+03 3.675305368772309733e-01
9.366500000000000000e+03 1.159454958095401480e+03 3.318566053616924250e-01
9.373500000000000000e+03 1.376016960187062523e+03 3.038641939703080608e-01
9.380500000000000000e+03 1.677652049617724742e+03 2.708333516194390556e-01
9.387500000000000000e+03 1.992125196719424139e+03 2.630362559155794977e-01
9.394500000000000000e+03 2.144645283041778839e+03 2.638738058766864070e-01
9.401500000000000000e+03 2.457133343421720383e+03 2.359644530225057935e-01
9.408500000000000000e+03 2.387692950280040805e+03 2.363463240828516665e-01
9.415500000000000000e+03 2.154564257925073434e+03 2.461483296704075063e-01
9.422500000000000000e+03 2.120784271658965281e+03 2.431673457475454769e-01
9.429500000000000000e+03 2.012450451396489143e+03 2.402919438057657120e-01
9.436500000000000000e+03 1.847065375579406918e+03 2.537007296986650284e-01
9.443500000000000000e+03 1.791461929526690028e+03 2.573538335565108137e-01
9.450500000000000000e+03 1.744416997893132930e+03 2.697217657143848868e-01
9.457500000000000000e+03 1.706888920838282957e+03 2.695790635642322797e-01
9.464500000000000000e+03 1.754476311434659465e+03 2.693108783237952442e-01
9.471500000000000000e+03 1.750769863258906980e+03 2.694001681019175809e-01
9.478500000000000000e+03 1.930357370088589732e+03 2.531186108454701600e-01
9.485500000000000000e+03 1.874861067684637192e+03 2.554168049794228734e-01
9.492500000000000000e+03 2.006164106450597046e+03 2.350547846708167243e-01
9.499500000000000000e+03 2.038062294872062012e+03 2.291638881851865428e-01
9.506500000000000000e+03 1.902175500374641615e+03 2.549126833862929153e-01
9.513500000000000000e+03 1.784207275866382133e+03 2.613313500514742871e-01
9.520500000000000000e+03 1.906008604559247715e+03 2.311459228079131289e-01
9.527500000000000000e+03 1.842851524777759550e+03 2.313513200429722361e-01
9.534500000000000000e+03 1.714839324799046153e+03 2.465761037911264331e-01
9.541500000000000000e+03 1.684715574744901232e+03 2.304952255816283546e-01
9.548500000000000000e+03 1.914392225876880730e+03 1.976216297934585142e-01
9.555500000000000000e+03 1.903040414912726192e+03 1.955455966383132516e-01
9.562500000000000000e+03 1.888543553193627076e+03 2.046376661684088383e-01
9.569500000000000000e+03 2.016219265846973485e+03 2.172105616578727250e-01
9.576500000000000000e+03 2.081890771076414694e+03 2.229164126653496447e-01
9.583500000000000000e+03 2.149669471666651589e+03 2.109710124864315750e-01
9.590500000000000000e+03 2.412412301356303033e+03 1.922715372520703847e-01
9.597500000000000000e+03 2.485888065053982700e+03 1.954131754783973163e-01
9.604500000000000000e+03 2.524286624152119202e+03 2.040744637626711599e-01
9.611500000000000000e+03 2.674887837101499372e+03 1.907325843704641422e-01
9.618500000000000000e+03 3.009531451723787086e+03 1.683183364004782190e-01
9.625500000000000000e+03 2.960249947997157960e+03 1.656808316500944789e-01
9.632500000000000000e+03 3.073291136552685657e+03 1.654912545368267818e-01
9.639500000000000000e+03 3.102621887101528500e+03 1.558566409926016028e-01
9.646500000000000000e+03 3.168817523644878747e+03 1.539088598587070589e-01
9.653500000000000000e+03 3.263219354297812970e+03 1.505686657603388101e-01
9.660500000000000000e+03 3.553834881863216651e+03 1.346202975701158711e-01
9.667500000000000000e+03 3.881456489154893006e+03 1.203931514224976795e-01
9.674500000000000000e+03 4.262392715091906211e+03 1.069107601357217607e-01
9.681500000000000000e+03 4.644238207239970507e+03 9.303006529240333278e-02
9.688500000000000000e+03 4.746895218710313202e+03 8.855021301006127388e-02
9.695500000000000000e+03 4.921232418984968717e+03 7.871612173965207571e-02
9.702500000000000000e+03 5.098298448369371727e+03 7.550567605406301175e-02
9.709500000000000000e+03 5.140830896777576527e+03 7.491256525200272465e-02
9.716500000000000000e+03 4.882436967302242010e+03 8.121969869418668719e-02
9.723500000000000000e+03 4.624866724820260060e+03 8.674838003533043296e-02
9.730500000000000000e+03 4.509823392182643147e+03 8.870035304227937012e-02
9.737500000000000000e+03 4.402464167295396692e+03 9.295498897509291147e-02
9.744500000000000000e+03 4.129540069183090964e+03 9.796542602761293406e-02
9.751500000000000000e+03 4.062216471508655559e+03 9.724219687985320715e-02
9.758500000000000000e+03 4.173274639812811984e+03 9.535607339440965724e-02
9.765500000000000000e+03 4.267113433651993546e+03 9.399876382735311564e-02
9.772500000000000000e+03 4.349484836474798612e+03 9.307777333533616415e-02
9.779500000000000000e+03 4.481555288902947723e+03 8.389929561643945377e-02
9.786500000000000000e+03 4.544831527374459256e+03 7.496192541243223983e-02
9.793500000000000000e+03 4.609010635917404215e+03 7.296131007668157920e-02
9.800500000000000000e+03 4.704841144237608205e+03 6.847147149367202590e-02
9.807500000000000000e+03 4.667896351899134061e+03 7.153441641499930226e-02
9.814500000000000000e+03 4.899550467190990275e+03 6.306201768927138795e-02
9.821500000000000000e+03 5.044792490887763051e+03 5.608064961502104429e-02
9.828500000000000000e+03 4.968548691393338231e+03 5.446337894643205058e-02
9.835500000000000000e+03 5.050124852255032238e+03 4.977683397689676437e-02
9.842500000000000000e+03 5.072244660294802088e+03 4.759999941224047487e-02
9.849500000000000000e+03 5.117926802632897306e+03 4.429274783660513276e-02
9.856500000000000000e+03 5.009614967227828856e+03 4.351261680792406494e-02
9.863500000000000000e+03 5.186082405126939193e+03 3.904172759648810720e-02
9.870500000000000000e+03 5.244268777163903906e+03 3.443816972958321787e-02
9.877500000000000000e+03 5.221880067280401818e+03 3.503041419781823679e-02
9.884500000000000000e+03 5.200650083402060773e+03 3.052448278056807060e-02
9.891500000000000000e+03 5.238232811612949263e+03 3.004673898941955662e-02
9.898500000000000000e+03 5.293556516899732742e+03 2.875981480335715670e-02
9.905500000000000000e+03 5.175095770728908974e+03 2.828350353384553179e-02
9.912500000000000000e+03 5.034479264348462493e+03 2.974737320542594765e-02
9.919500000000000000e+03 5.009518477789203644e+03 2.969270296544368817e-02
9.926500000000000000e+03 5.010773705291094302e+03 2.713096520093537245e-02
9.933500000000000000e+03 4.980331512769980691e+03 2.471619770986291376e-02
9.940500000000000000e+03 5.034178825885587685e+03 2.316811484252060543e-02
9.947500000000000000e+03 4.824572191620767626e+03 2.523110750155155291e-02
9.954500000000000000e+03 4.885255908706035370e+03 2.733708984032951969e-02
9.961500000000000000e+03 4.726694042297376654e+03 2.504053093704384711e-02
9.968500000000000000e+03 4.738922441145435187e+03 2.398371333569961766e-02
9.975500000000000000e+03 4.759338695450903288e+03 2.203596539515097902e-02
9.982500000000000000e+03 4.662702768275296876e+03 1.876449717535958947e-02
9.989500000000000000e+03 4.677439702537324592e+03 1.844899892808454095e-02
9.996500000000000000e+03 4.595539313909864177e+03 1.769646313859759082e-02
