# wavelength angstroms, flux, ext coeff
5.551500000000000000e+03 8.665529687232108699e+03 1.574471199489766160e-01
5.558500000000000000e+03 9.089583365093561952e+03 1.507788754935457110e-01
5.565500000000000000e+03 9.534626152793956862e+03 1.470586339167668510e-01
5.572500000000000000e+03 9.803763812231678457e+03 1.422961029851133041e-01
5.579500000000000000e+03 9.810992069144367633e+03 1.423813819103844913e-01
5.586500000000000000e+03 9.540478939119624556e+03 1.433808602981028746e-01
5.593500000000000000e+03 9.439470911091584640e+03 1.428019216767383859e-01
5.600500000000000000e+03 9.070483846970792001e+03 1.421591713494996800e-01
5.607500000000000000e+03 8.907480110548131051e+03 1.440208362639069928e-01
5.614500000000000000e+03 8.905315842260648424e+03 1.436175899107668408e-01
5.621500000000000000e+03 9.316411319053317129e+03 1.440085937853797515e-01
5.628500000000000000e+03 9.805470489376033584e+03 1.409027298792286387e-01
5.635500000000000000e+03 1.021459218276972933e+04 1.435667030661582633e-01
5.642500000000000000e+03 1.048149937201955254e+04 1.468661237996111701e-01
5.649500000000000000e+03 1.084996544817716494e+04 1.420662510890878250e-01
5.656500000000000000e+03 1.136288685059103045e+04 1.429307650852897627e-01
5.663500000000000000e+03 1.147888533976698636e+04 1.443558889548350599e-01
5.670500000000000000e+03 1.169056637526488157e+04 1.437415939616243366e-01
5.677500000000000000e+03 1.199946760627597723e+04 1.458340084828781968e-01
5.684500000000000000e+03 1.232451816491441969e+04 1.452835460208918850e-01
5.691500000000000000e+03 1.269821494344270286e+04 1.443588757029787284e-01
5.698500000000000000e+03 1.280319711587659549e+04 1.449316600770614860e-01
5.705500000000000000e+03 1.300032946911587169e+04 1.435009507941356344e-01
5.712500000000000000e+03 1.352499661196026136e+04 1.446692954814679521e-01
5.719500000000000000e+03 1.404770096011624992e+04 1.437430048727950938e-01
5.726500000000000000e+03 1.439767028383602883e+04 1.448633228193843547e-01
5.733500000000000000e+03 1.485954331384011857e+04 1.433446229440149267e-01
5.740500000000000000e+03 1.516302387206243293e+04 1.406359993982030654e-01
5.747500000000000000e+03 1.506617777177133939e+04 1.424546469931826653e-01
5.754500000000000000e+03 1.473716736294625844e+04 1.425900320276933808e-01
5.761500000000000000e+03 1.451633869849188704e+04 1.415209819034526362e-01
5.768500000000000000e+03 1.455241920362805831e+04 1.411908030320991048e-01
5.775500000000000000e+03 1.455688982951206526e+04 1.413548884915219184e-01
5.782500000000000000e+03 1.489222917830900951e+04 1.394597825357117571e-01
5.789500000000000000e+03 1.483147644461902019e+04 1.376353361009805543e-01
5.796500000000000000e+03 1.511651253057719077e+04 1.373456635138998461e-01
5.803500000000000000e+03 1.521205876158879437e+04 1.376497638888333763e-01
5.810500000000000000e+03 1.526173530157690038e+04 1.349924600756941817e-01
5.817500000000000000e+03 1.525885847214759633e+04 1.370249040872550950e-01
5.824500000000000000e+03 1.565449247571601882e+04 1.323239114194905974e-01
5.831500000000000000e+03 1.566653403399092349e+04 1.367252548780594490e-01
5.838500000000000000e+03 1.575629482106362229e+04 1.344617466719870147e-01
5.845500000000000000e+03 1.583279755184178794e+04 1.328644996743945927e-01
5.852500000000000000e+03 1.586078087874164703e+04 1.337966811106641729e-01
5.859500000000000000e+03 1.548349406696864025e+04 1.328298702149262878e-01
5.866500000000000000e+03 1.505896446544497485e+04 1.354159680825154921e-01
5.873500000000000000e+03 1.449485770167132978e+04 1.401186928677929655e-01
5.880500000000000000e+03 1.379475542492641216e+04 1.435361099974132859e-01
5.887500000000000000e+03 1.367275940470347086e+04 1.458236638240862915e-01
5.894500000000000000e+03 1.352654903372919398e+04 1.446868833215377570e-01
5.901500000000000000e+03 1.366278415471493827e+04 1.468295522994351177e-01
5.908500000000000000e+03 1.419075634689325125e+04 1.461865168994593289e-01
5.915500000000000000e+03 1.432983535317896713e+04 1.479993916492629846e-01
5.922500000000000000e+03 1.464634929533855575e+04 1.454134040790163174e-01
5.929500000000000000e+03 1.481673448929517326e+04 1.448409457189987759e-01
5.936500000000000000e+03 1.477000971428905359e+04 1.447606024133390734e-01
5.943500000000000000e+03 1.482051805722852259e+04 1.442679838706027451e-01
5.950500000000000000e+03 1.510724358579675754e+04 1.447786894792519041e-01
5.957500000000000000e+03 1.538096175152138858e+04 1.443926634401504483e-01
5.964500000000000000e+03 1.577348612821217830e+04 1.417130194256003006e-01
5.971500000000000000e+03 1.615760409921101927e+04 1.388315172049734425e-01
5.978500000000000000e+03 1.645518541924384044e+04 1.376526466521312830e-01
5.985500000000000000e+03 1.671797647802859137e+04 1.369032731509338963e-01
5.992500000000000000e+03 1.690419514911085207e+04 1.377457549382751778e-01
5.999500000000000000e+03 1.736431066232404919e+04 1.349103744525291526e-01
6.006500000000000000e+03 1.777404294063455745e+04 1.328559821997083723e-01
6.013500000000000000e+03 1.797911423297267902e+04 1.323815335957263806e-01
6.020500000000000000e+03 1.841329744357311210e+04 1.329800984725046098e-01
6.027500000000000000e+03 1.889676994405663208e+04 1.311024052898620007e-01
6.034500000000000000e+03 1.927845622764541622e+04 1.290184631974785057e-01
6.041500000000000000e+03 1.958005398628302646e+04 1.278936361624955775e-01
6.048500000000000000e+03 2.017869197522801915e+04 1.277055022973182241e-01
6.055500000000000000e+03 2.034046445463339842e+04 1.271981677984469483e-01
6.062500000000000000e+03 2.049508462354546282e+04 1.272792696265417078e-01
6.069500000000000000e+03 2.068134867979728369e+04 1.274830364727584098e-01
6.076500000000000000e+03 2.092367669406070854e+04 1.272089603968825922e-01
6.083500000000000000e+03 2.125769038973999704e+04 1.240348146276730457e-01
6.090500000000000000e+03 2.123222678523033755e+04 1.254873391322909870e-01
6.097500000000000000e+03 2.126751955734211151e+04 1.229832397985612946e-01
6.104500000000000000e+03 2.133155799034416123e+04 1.233610821416412512e-01
6.111500000000000000e+03 2.130720197312166420e+04 1.233956819952780615e-01
6.118500000000000000e+03 2.121568675413924211e+04 1.205548652095611989e-01
6.125500000000000000e+03 2.120554574717459764e+04 1.214094211242096877e-01
6.132500000000000000e+03 2.131418885730653710e+04 1.201340810689236760e-01
6.139500000000000000e+03 2.121798483250841309e+04 1.181144920699404161e-01
6.146500000000000000e+03 2.102288619262343127e+04 1.169405257017622074e-01
6.153500000000000000e+03 1.998632169356610029e+04 1.165360278466198440e-01
6.160500000000000000e+03 1.881024016185651635e+04 1.143820546272546756e-01
6.167500000000000000e+03 1.741565912250937981e+04 1.162029502396474817e-01
6.174500000000000000e+03 1.700346437783311558e+04 1.121143585950883370e-01
6.181500000000000000e+03 1.674065450507291098e+04 1.160157530381233648e-01
6.188500000000000000e+03 1.682207639737587306e+04 1.149706203359239093e-01
6.195500000000000000e+03 1.715353051327319554e+04 1.136492712514351605e-01
6.202500000000000000e+03 1.701679184497669848e+04 1.121053776107577699e-01
6.209500000000000000e+03 1.649892290497378053e+04 1.112483120666426933e-01
6.216500000000000000e+03 1.574751330843371943e+04 1.127119852893930657e-01
6.223500000000000000e+03 1.581785298912744838e+04 1.111935669688140227e-01
6.230500000000000000e+03 1.580317786038996928e+04 1.094666910976027085e-01
6.237500000000000000e+03 1.581793436535936598e+04 1.096987666626226404e-01
6.244500000000000000e+03 1.617938563255759436e+04 1.074144881929921386e-01
6.251500000000000000e+03 1.650596499264978411e+04 1.075064388660961767e-01
6.258500000000000000e+03 1.678967600259992832e+04 1.116153593182697135e-01
6.265500000000000000e+03 1.707788323710044642e+04 1.133246976357561719e-01
6.272500000000000000e+03 1.731961671354987993e+04 1.142161861365166148e-01
6.279500000000000000e+03 1.781852436713872157e+04 1.161700161148447596e-01
6.286500000000000000e+03 1.836955970892562254e+04 1.159646636070828796e-01
6.293500000000000000e+03 1.895397747514498042e+04 1.145961923464939441e-01
6.300500000000000000e+03 1.949750534039038394e+04 1.134758215391902386e-01
6.307500000000000000e+03 2.002267160471921306e+04 1.126387218893605130e-01
6.314500000000000000e+03 2.049445116579562091e+04 1.064077435840323771e-01
6.321500000000000000e+03 2.078376773561049413e+04 1.052231251797581119e-01
6.328500000000000000e+03 2.083808362898105406e+04 1.035573732757641696e-01
6.335500000000000000e+03 2.114350450524724147e+04 1.039905164140129540e-01
6.342500000000000000e+03 2.139419100307538247e+04 9.984724453249552156e-02
6.349500000000000000e+03 2.159513053823159862e+04 9.934261471175984126e-02
6.356500000000000000e+03 2.189509512015987275e+04 9.745924817141446428e-02
6.363500000000000000e+03 2.205780241202071920e+04 9.813792648930992624e-02
6.370500000000000000e+03 2.196345623461849027e+04 9.881096823912723093e-02
6.377500000000000000e+03 2.224064438032808903e+04 9.818497506938672625e-02
6.384500000000000000e+03 2.242030982392950318e+04 9.672885554002493003e-02
6.391500000000000000e+03 2.223407482553627051e+04 9.651907226910538817e-02
6.398500000000000000e+03 2.240588531101401531e+04 9.495200526707218980e-02
6.405500000000000000e+03 2.216526773726950341e+04 9.559770904055292506e-02
6.412500000000000000e+03 2.217996736144994793e+04 9.241834104535978645e-02
6.419500000000000000e+03 2.223242906871157902e+04 9.532354541453620655e-02
6.426500000000000000e+03 2.230808672311199189e+04 9.630720518302979261e-02
6.433500000000000000e+03 2.206597177833377646e+04 9.608474181581254381e-02
6.440500000000000000e+03 2.221911184693631731e+04 9.241638821491957034e-02
6.447500000000000000e+03 2.205865758833263681e+04 9.584641001758807677e-02
6.454500000000000000e+03 2.181689555155469861e+04 9.701039844614023355e-02
6.461500000000000000e+03 2.180385774495598889e+04 9.789820973756235833e-02
6.468500000000000000e+03 2.159190318269311319e+04 1.004008510453505282e-01
6.475500000000000000e+03 2.148960860666854933e+04 1.014721950554520885e-01
6.482500000000000000e+03 2.153253502091986957e+04 1.016816421892461769e-01
6.489500000000000000e+03 2.219082609491196854e+04 9.840671470538252252e-02
6.496500000000000000e+03 2.227486773236322551e+04 9.814763753064408014e-02
6.503500000000000000e+03 2.289982549751769329e+04 9.829923245663299558e-02
6.510500000000000000e+03 2.326199617813087389e+04 9.677594296927193029e-02
6.517500000000000000e+03 2.369705352907678025e+04 9.644154756114868554e-02
6.524500000000000000e+03 2.397207141328485159e+04 9.782326249350910274e-02
6.531500000000000000e+03 2.377870470149019820e+04 9.972712869776448330e-02
6.538500000000000000e+03 2.395364290883601643e+04 9.894121734267705137e-02
6.545500000000000000e+03 2.398611651806685040e+04 9.627627043849588950e-02
6.552500000000000000e+03 2.446864565065137140e+04 8.801853620840448256e-02
6.559500000000000000e+03 2.463201040682700477e+04 8.007777754549148808e-02
6.566500000000000000e+03 2.507588969138020911e+04 6.924695131316836727e-02
6.573500000000000000e+03 2.537327887342830581e+04 6.869996575677922435e-02
6.580500000000000000e+03 2.509088444720767438e+04 7.984270914593853685e-02
6.587500000000000000e+03 2.504392852754955311e+04 8.834415059751901667e-02
6.594500000000000000e+03 2.492602879809632213e+04 9.185949607792474880e-02
6.601500000000000000e+03 2.532999530981212592e+04 8.791940035665005149e-02
6.608500000000000000e+03 2.532418927044428347e+04 8.504134093417041462e-02
6.615500000000000000e+03 2.545533481328372363e+04 8.178517372255005025e-02
6.622500000000000000e+03 2.534020756314627579e+04 8.225821770852886905e-02
6.629500000000000000e+03 2.546671988446270188e+04 7.852816532793913118e-02
6.636500000000000000e+03 2.545621239896534826e+04 7.953625756168319905e-02
6.643500000000000000e+03 2.569317779098311803e+04 8.038739675957884412e-02
6.650500000000000000e+03 2.548813451772115513e+04 7.957007512553285200e-02
6.657500000000000000e+03 2.543918071520753438e+04 7.491406322738027035e-02
6.664500000000000000e+03 2.453044066562381704e+04 7.715829695441997482e-02
6.671500000000000000e+03 2.361601652568067584e+04 7.456224993693147396e-02
6.678500000000000000e+03 2.281517993509926964e+04 7.788902960165615397e-02
6.685500000000000000e+03 2.151802059237733556e+04 7.689776335967035692e-02
6.692500000000000000e+03 2.065447885266163576e+04 7.547663174995923596e-02
6.699500000000000000e+03 1.967959161484974902e+04 7.555601568385192368e-02
6.706500000000000000e+03 1.894026242004557571e+04 7.601732523004588182e-02
6.713500000000000000e+03 1.851051529348203985e+04 7.377649700737548555e-02
6.720500000000000000e+03 1.831379173405607071e+04 7.479653254133572515e-02
6.727500000000000000e+03 1.828335326688477653e+04 7.297931327123813317e-02
6.734500000000000000e+03 1.798141439341474324e+04 7.087943913447752875e-02
6.741500000000000000e+03 1.766098465812622089e+04 7.346034428243611303e-02
6.748500000000000000e+03 1.794661882382618205e+04 7.115404370119769728e-02
6.755500000000000000e+03 1.789530509968592378e+04 7.207288919275134376e-02
6.762500000000000000e+03 1.791029486716771135e+04 7.286370455799318080e-02
6.769500000000000000e+03 1.782176996897659410e+04 7.035843644463300739e-02
6.776500000000000000e+03 1.775077945956568874e+04 7.113479685166403110e-02
6.783500000000000000e+03 1.778576186274399879e+04 6.928713512645964800e-02
6.790500000000000000e+03 1.758069162399912602e+04 6.922983623314740709e-02
6.797500000000000000e+03 1.814095627714624061e+04 7.057423163495675500e-02
6.804500000000000000e+03 1.838323619701434654e+04 6.759334625080676284e-02
6.811500000000000000e+03 1.872361819421621112e+04 6.917347714935848102e-02
6.818500000000000000e+03 1.914809377844919436e+04 7.024693115063197768e-02
6.825500000000000000e+03 1.953774119674343456e+04 6.795971788315971485e-02
6.832500000000000000e+03 1.977415553077294317e+04 7.026837027314217221e-02
6.839500000000000000e+03 2.003779210249395328e+04 7.193091837970162772e-02
6.846500000000000000e+03 1.981226721121524679e+04 7.949075094738461411e-02
6.853500000000000000e+03 1.897286216269589204e+04 9.233984515942079974e-02
6.860500000000000000e+03 1.795813130697841916e+04 9.819208234833567972e-02
6.867500000000000000e+03 1.712609097720709178e+04 9.748660627840227688e-02
6.874500000000000000e+03 1.676678803761395102e+04 1.069600942607117355e-01
6.881500000000000000e+03 1.691172544636512976e+04 1.258164374698416133e-01
6.888500000000000000e+03 1.764032067081764762e+04 1.271008133927342687e-01
6.895500000000000000e+03 1.887875372992587290e+04 1.140445679510025956e-01
6.902500000000000000e+03 1.983580069078672022e+04 1.062310339650597152e-01
6.909500000000000000e+03 2.071530540193794877e+04 1.032563530534019308e-01
6.916500000000000000e+03 2.167639597086961294e+04 9.953223742310300659e-02
6.923500000000000000e+03 2.224105597056413171e+04 9.834155373074501827e-02
6.930500000000000000e+03 2.251582951801140371e+04 9.632464020841974284e-02
6.937500000000000000e+03 2.313962769594995189e+04 9.300798183169665945e-02
6.944500000000000000e+03 2.390132790319581181e+04 9.132937552684793070e-02
6.951500000000000000e+03 2.505613815728906047e+04 8.809384104819351080e-02
6.958500000000000000e+03 2.580670051681516270e+04 8.509311820668047366e-02
6.965500000000000000e+03 2.718979478522144927e+04 8.055173320024647254e-02
6.972500000000000000e+03 2.757937059779588162e+04 7.880797166092239070e-02
6.979500000000000000e+03 2.808354339742528464e+04 7.811283972882210325e-02
6.986500000000000000e+03 2.838661997043743031e+04 8.032312015739075106e-02
6.993500000000000000e+03 2.912434876028431972e+04 7.853998611640956862e-02
7.000500000000000000e+03 2.931872305386943481e+04 8.131705686105571151e-02
7.007500000000000000e+03 3.030836744798642394e+04 8.031134292408972919e-02
7.014500000000000000e+03 3.063364458101143464e+04 8.006641119308369192e-02
7.021500000000000000e+03 3.138911109453926838e+04 7.690221146445876121e-02
7.028500000000000000e+03 3.154962297167319412e+04 7.688205897247415987e-02
7.035500000000000000e+03 3.238584735370315684e+04 7.536392821131458752e-02
7.042500000000000000e+03 3.296110885528086510e+04 7.259704103875974646e-02
7.049500000000000000e+03 3.316510153433946107e+04 7.036218898914058106e-02
7.056500000000000000e+03 3.323869303660161677e+04 6.944695051104010641e-02
7.063500000000000000e+03 3.220192691759924855e+04 7.135131703199042164e-02
7.070500000000000000e+03 3.070165882289866931e+04 7.011481902208847872e-02
7.077500000000000000e+03 2.860368133985960594e+04 6.631436994251306560e-02
7.084500000000000000e+03 2.620156560148975768e+04 6.613302036169094178e-02
7.091500000000000000e+03 2.347889991063630441e+04 6.591538373643722470e-02
7.098500000000000000e+03 2.151021787061874784e+04 6.357401656730039818e-02
7.105500000000000000e+03 1.991099743605215554e+04 6.363296513184103775e-02
7.112500000000000000e+03 1.870658086767675559e+04 6.288712797922484110e-02
7.119500000000000000e+03 1.816215956612350783e+04 6.084382001812298907e-02
7.126500000000000000e+03 1.768100241080397973e+04 6.297054311088921830e-02
7.133500000000000000e+03 1.730483927621333351e+04 6.496303403545193589e-02
7.140500000000000000e+03 1.724232454239869548e+04 6.645300877443484355e-02
7.147500000000000000e+03 1.675297642205502052e+04 7.322519464029711433e-02
7.154500000000000000e+03 1.611906972702231360e+04 8.305243280139161521e-02
7.161500000000000000e+03 1.561670978601673232e+04 9.424407474255694361e-02
7.168500000000000000e+03 1.487776059352968696e+04 1.084706933274535157e-01
7.175500000000000000e+03 1.421893223797638893e+04 1.163752317374124046e-01
7.182500000000000000e+03 1.374739791841870647e+04 1.222822674240273549e-01
7.189500000000000000e+03 1.374995966342941756e+04 1.257036361916807898e-01
7.196500000000000000e+03 1.385100900074467063e+04 1.209545155887971624e-01
7.203500000000000000e+03 1.468091703200717711e+04 1.132334342405598437e-01
7.210500000000000000e+03 1.566316046977808946e+04 1.095082008480211394e-01
7.217500000000000000e+03 1.648610561899595632e+04 1.086233041327108739e-01
7.224500000000000000e+03 1.715958904531984444e+04 1.042763571453576288e-01
7.231500000000000000e+03 1.731378346734967636e+04 1.011470696351422782e-01
7.238500000000000000e+03 1.755992391299010342e+04 1.046386088967132810e-01
7.245500000000000000e+03 1.788051305151671841e+04 1.103652075499730323e-01
7.252500000000000000e+03 1.841328608740007621e+04 1.145316564362235390e-01
7.259500000000000000e+03 1.911299928965323852e+04 1.178240500402432667e-01
7.266500000000000000e+03 1.955457227148425955e+04 1.145461388575455541e-01
7.273500000000000000e+03 2.056370447066237466e+04 1.115370588305069216e-01
7.280500000000000000e+03 2.100498982307556071e+04 1.102467253274737602e-01
7.287500000000000000e+03 2.201079756685773100e+04 1.081247538108425915e-01
7.294500000000000000e+03 2.287586879486549878e+04 1.054158540688626550e-01
7.301500000000000000e+03 2.402545686739736266e+04 1.038788185480078730e-01
7.308500000000000000e+03 2.495154175564629622e+04 1.008542153624946563e-01
7.315500000000000000e+03 2.625732891715172445e+04 9.253038780692410259e-02
7.322500000000000000e+03 2.756920632640300028e+04 8.812397919966895310e-02
7.329500000000000000e+03 2.866461510811065455e+04 8.098940910093928303e-02
7.336500000000000000e+03 3.033115115047811560e+04 7.398237578520887314e-02
7.343500000000000000e+03 3.105822601285106794e+04 7.082829195582662773e-02
7.350500000000000000e+03 3.181737983993845410e+04 7.085071743982963854e-02
7.357500000000000000e+03 3.254827150843530399e+04 6.611255828271456192e-02
7.364500000000000000e+03 3.348441218865403789e+04 6.382146914350618483e-02
7.371500000000000000e+03 3.398581137326294993e+04 6.360518078003750408e-02
7.378500000000000000e+03 3.520060973906290747e+04 6.236367879406191916e-02
7.385500000000000000e+03 3.535587225664859579e+04 6.091620933519477366e-02
7.392500000000000000e+03 3.623984307185239595e+04 5.902653280374367539e-02
7.399500000000000000e+03 3.727873917610794160e+04 5.787692175229632030e-02
7.406500000000000000e+03 3.790455999596246693e+04 5.477396315905436880e-02
7.413500000000000000e+03 3.861122599515530601e+04 5.223466574770314896e-02
7.420500000000000000e+03 3.913897984078506852e+04 5.319133657254270647e-02
7.427500000000000000e+03 3.914564634357618343e+04 5.016346007602847518e-02
7.434500000000000000e+03 3.990532788697633077e+04 5.015939106290089045e-02
7.441500000000000000e+03 3.969507919032863720e+04 4.835921141592174066e-02
7.448500000000000000e+03 4.014504950669002574e+04 4.761553154325873921e-02
7.455500000000000000e+03 4.037190164880792872e+04 5.070453364084950149e-02
7.462500000000000000e+03 4.077587275862342358e+04 5.092331463864009644e-02
7.469500000000000000e+03 4.142600466436857823e+04 4.685085822173400139e-02
7.476500000000000000e+03 4.165692035835933348e+04 4.685790591859270021e-02
7.483500000000000000e+03 4.203775908451932628e+04 4.822930504330629614e-02
7.490500000000000000e+03 4.202581330109819100e+04 4.624355832617923351e-02
7.497500000000000000e+03 4.224580019131989684e+04 4.619141476802209045e-02
7.504500000000000000e+03 4.245379108087458735e+04 4.815425625595716463e-02
7.511500000000000000e+03 4.247906630940588366e+04 4.736858770622658782e-02
7.518500000000000000e+03 4.288290400282575138e+04 4.796413289171536087e-02
7.525500000000000000e+03 4.346498267291826778e+04 4.442178909299169393e-02
7.532500000000000000e+03 4.325129177791289840e+04 4.591667147321250309e-02
7.539500000000000000e+03 4.337692828414127143e+04 4.518452356266559888e-02
7.546500000000000000e+03 4.312030609026271122e+04 4.724600173691619748e-02
7.553500000000000000e+03 4.295420633732332499e+04 4.674914341182263150e-02
7.560500000000000000e+03 4.316804859267886059e+04 4.758572280070139104e-02
7.567500000000000000e+03 4.269409277351727360e+04 5.343323091048127194e-02
7.574500000000000000e+03 3.996602638286130241e+04 7.451680660823087332e-02
7.581500000000000000e+03 3.556987615786368406e+04 1.118054351868936896e-01
7.588500000000000000e+03 2.780581190696431077e+04 1.425785021896432969e-01
7.595500000000000000e+03 2.076577342019866410e+04 1.373134375033452093e-01
7.602500000000000000e+03 1.499266616014379724e+04 1.452678668497125181e-01
7.609500000000000000e+03 1.156952589369191992e+04 2.458060017356381299e-01
7.616500000000000000e+03 1.082733371215147963e+04 3.400125842184990588e-01
7.623500000000000000e+03 1.156848064638916185e+04 3.309692090149340404e-01
7.630500000000000000e+03 1.236713706319338235e+04 2.799030011855365152e-01
7.637500000000000000e+03 1.304498043590557245e+04 2.427011169243848687e-01
7.644500000000000000e+03 1.442374515637261902e+04 2.153613013622855954e-01
7.651500000000000000e+03 1.626115810463980597e+04 1.889202837852796413e-01
7.658500000000000000e+03 1.883304120055453313e+04 1.517023231997833843e-01
7.665500000000000000e+03 2.078597114730726389e+04 1.264053584704900313e-01
7.672500000000000000e+03 2.268862512937498468e+04 1.024232937066933830e-01
7.679500000000000000e+03 2.368003347528929953e+04 8.356243988298359127e-02
7.686500000000000000e+03 2.440622404277022360e+04 7.216767279892750964e-02
7.693500000000000000e+03 2.507835088397312575e+04 6.351457218284542461e-02
7.700500000000000000e+03 2.531580160362895549e+04 5.901208442313800318e-02
7.707500000000000000e+03 2.564036466403758823e+04 5.129340707912253411e-02
7.714500000000000000e+03 2.557167823971423786e+04 5.096102453162488360e-02
7.721500000000000000e+03 2.566752882201231478e+04 4.738723998907266866e-02
7.728500000000000000e+03 2.564454071931938961e+04 4.403208827779168250e-02
7.735500000000000000e+03 2.581972818372184702e+04 4.473831539536595597e-02
7.742500000000000000e+03 2.577775680409233973e+04 4.531266967413002944e-02
7.749500000000000000e+03 2.584057804436062361e+04 4.397601717863960924e-02
7.756500000000000000e+03 2.549319409168229686e+04 4.584517974142327673e-02
7.763500000000000000e+03 2.566976712365767526e+04 4.275480823947198916e-02
7.770500000000000000e+03 2.557246257105280529e+04 4.222194095928634427e-02
7.777500000000000000e+03 2.603481498202091825e+04 4.147988996722645066e-02
7.784500000000000000e+03 2.604960581159248977e+04 4.133247620728879718e-02
7.791500000000000000e+03 2.648777938020658257e+04 4.528958970559257557e-02
7.798500000000000000e+03 2.696415016997921339e+04 4.259731342869751275e-02
7.805500000000000000e+03 2.689976501439593994e+04 4.174670370474509173e-02
7.812500000000000000e+03 2.620861080317182859e+04 4.140204926767391408e-02
7.819500000000000000e+03 2.633002743587871009e+04 4.218062059286819404e-02
7.826500000000000000e+03 2.612020042649081734e+04 4.054652297630938901e-02
7.833500000000000000e+03 2.565133643618267524e+04 4.226009477778455703e-02
7.840500000000000000e+03 2.544093433677336725e+04 4.086498494768588119e-02
7.847500000000000000e+03 2.523618642711684515e+04 4.121667098702843507e-02
7.854500000000000000e+03 2.529934932183618730e+04 4.155073171986884556e-02
7.861500000000000000e+03 2.545560528804114438e+04 4.574407030136844882e-02
7.868500000000000000e+03 2.576338344959326059e+04 4.595147572834137883e-02
7.875500000000000000e+03 2.546447123768255915e+04 4.952171616987421920e-02
7.882500000000000000e+03 2.562520769814027881e+04 4.860800802688194922e-02
7.889500000000000000e+03 2.540283922461439215e+04 5.301265892435740035e-02
7.896500000000000000e+03 2.484556421158955345e+04 5.105318640933795976e-02
7.903500000000000000e+03 2.471595470876518448e+04 5.267466849470762991e-02
7.910500000000000000e+03 2.498169790905757691e+04 5.229101821542972428e-02
7.917500000000000000e+03 2.555203889023678494e+04 4.907302884585381525e-02
7.924500000000000000e+03 2.594101062791615186e+04 4.789467351676930662e-02
7.931500000000000000e+03 2.622856286153160545e+04 4.723597457019441254e-02
7.938500000000000000e+03 2.656346907807702883e+04 4.839297088091398108e-02
7.945500000000000000e+03 2.699511161871050354e+04 4.648551839582586859e-02
7.952500000000000000e+03 2.683191535422143716e+04 4.872050647409024993e-02
7.959500000000000000e+03 2.658136403949890155e+04 5.280873625157928020e-02
7.966500000000000000e+03 2.681602378578547359e+04 5.151743102457118084e-02
7.973500000000000000e+03 2.749730809356411919e+04 4.997108589593202838e-02
7.980500000000000000e+03 2.800729447039499428e+04 4.954858165289205418e-02
7.987500000000000000e+03 2.844234184654235287e+04 4.937600597106565903e-02
7.994500000000000000e+03 2.867461801552282850e+04 4.911964512082332701e-02
8.001500000000000000e+03 2.934707079063167475e+04 4.840877862835975959e-02
8.008500000000000000e+03 2.946100552167159913e+04 4.956551503208314613e-02
8.015500000000000000e+03 2.932709395886606580e+04 5.466854818719522890e-02
8.022500000000000000e+03 2.940394750112431575e+04 5.456944152978959739e-02
8.029500000000000000e+03 2.963397487611001270e+04 5.301412582829685000e-02
8.036500000000000000e+03 2.974169263952793699e+04 5.177365341749175232e-02
8.043500000000000000e+03 3.017829306885811457e+04 4.762353868173366256e-02
8.050500000000000000e+03 3.105754513638766002e+04 4.877779758522304138e-02
8.057500000000000000e+03 3.120232386497351763e+04 4.712695964313562413e-02
8.064500000000000000e+03 3.171245961190821254e+04 4.349345820255919731e-02
8.071500000000000000e+03 3.211007654447138339e+04 4.468257234891787055e-02
8.078500000000000000e+03 3.195771566199326480e+04 4.751003495019235495e-02
8.085500000000000000e+03 3.246414457111466618e+04 4.673996696766060527e-02
8.092500000000000000e+03 3.211693570554717007e+04 5.093425583992632066e-02
8.099500000000000000e+03 3.193461241439374862e+04 5.466072794497771337e-02
8.106500000000000000e+03 3.241897273184589358e+04 5.574867036811598231e-02
8.113500000000000000e+03 3.206266932058505699e+04 6.244716865106929304e-02
8.120500000000000000e+03 3.120460791972090738e+04 7.329868967320941897e-02
8.127500000000000000e+03 3.032171046197164105e+04 8.094112664395120005e-02
8.134500000000000000e+03 2.995025881949228642e+04 8.735225810385760514e-02
8.141500000000000000e+03 2.886681352661969868e+04 9.579812740050072661e-02
8.148500000000000000e+03 2.791149165624764282e+04 1.004620889548547835e-01
8.155500000000000000e+03 2.732776614632513883e+04 1.065824955013882774e-01
8.162500000000000000e+03 2.721500941129726561e+04 1.055311798317545013e-01
8.169500000000000000e+03 2.735263483463718148e+04 1.046230621352818441e-01
8.176500000000000000e+03 2.752004736860805133e+04 1.026612258775700670e-01
8.183500000000000000e+03 2.797730920511255681e+04 9.473042590400390650e-02
8.190500000000000000e+03 2.859169868165676598e+04 8.988163172601486284e-02
8.197500000000000000e+03 2.990104848403752840e+04 8.384949652687631594e-02
8.204500000000000000e+03 3.075249265660631499e+04 8.440602452508973175e-02
8.211500000000000000e+03 3.079703194767293098e+04 9.074106233893362849e-02
8.218500000000000000e+03 2.995763483878674742e+04 8.910516720415481706e-02
8.225500000000000000e+03 2.956137986174505568e+04 7.916941344981280604e-02
8.232500000000000000e+03 2.963472965669549376e+04 7.837713742833657404e-02
8.239500000000000000e+03 3.017088432551468213e+04 8.618928524429031457e-02
8.246500000000000000e+03 3.142231081711415391e+04 8.484224976336619817e-02
8.253500000000000000e+03 3.184539688832256434e+04 7.634464004168814433e-02
8.260500000000000000e+03 3.235211130373332344e+04 7.209829583887529536e-02
8.267500000000000000e+03 3.186642869133665954e+04 7.419991502830861063e-02
8.274500000000000000e+03 3.126428672785630988e+04 7.471034559512232387e-02
8.281500000000000000e+03 3.092495017121796991e+04 7.363836413224919553e-02
8.288500000000000000e+03 3.106072477638875716e+04 7.582006397148678689e-02
8.295500000000000000e+03 3.071885167568761244e+04 7.520832246869363358e-02
8.302500000000000000e+03 3.081057331033227820e+04 7.309413170890402545e-02
8.309500000000000000e+03 3.057772153166523276e+04 7.413193084029943980e-02
8.316500000000000000e+03 3.058180901198858555e+04 6.792776890791975275e-02
8.323500000000000000e+03 3.069213655197880507e+04 6.410058206957382210e-02
8.330500000000000000e+03 3.068056712796062129e+04 6.382677172393949605e-02
8.337500000000000000e+03 3.118520751025717254e+04 6.263638485988860805e-02
8.344500000000000000e+03 3.163886063659952197e+04 6.000690573534647743e-02
8.351500000000000000e+03 3.237113092383672119e+04 5.617099293395615145e-02
8.358500000000000000e+03 3.244257961821185745e+04 5.289603862206402468e-02
8.365500000000000000e+03 3.242322639408276154e+04 5.136711041557472796e-02
8.372500000000000000e+03 3.227806732947752607e+04 4.908320163808647940e-02
8.379500000000000000e+03 3.231547271185881254e+04 4.623346514608420860e-02
8.386500000000000000e+03 3.188172725201823414e+04 4.546686544271556080e-02
8.393500000000000000e+03 3.187273445151759734e+04 4.110020453366092230e-02
8.400500000000000000e+03 3.175514838717746170e+04 4.388107407655433140e-02
8.407500000000000000e+03 3.130495185162592315e+04 4.308329629525543825e-02
8.414500000000000000e+03 3.068254055948433233e+04 4.281916553832013084e-02
8.421500000000000000e+03 2.938402372258390096e+04 3.823953005601964106e-02
8.428500000000000000e+03 2.767663551840480432e+04 3.925564607264929451e-02
8.435500000000000000e+03 2.578681184512243271e+04 3.847155803116285300e-02
8.442500000000000000e+03 2.421117278231499222e+04 3.757553326341149524e-02
8.449500000000000000e+03 2.303128313266154873e+04 3.700587297640903911e-02
8.456500000000000000e+03 2.287655135415821860e+04 3.466979133931952922e-02
8.463500000000000000e+03 2.298541742828275164e+04 3.609675382472504052e-02
8.470500000000000000e+03 2.296901364559159265e+04 3.561105851994882804e-02
8.477500000000000000e+03 2.358186826555342122e+04 3.653817122169868148e-02
8.484500000000000000e+03 2.325227591364984619e+04 3.749425736219259842e-02
8.491500000000000000e+03 2.344704229614807991e+04 3.487194244753193811e-02
8.498500000000000000e+03 2.330329355543571364e+04 3.400029689845994463e-02
8.505500000000000000e+03 2.340120033839026655e+04 3.021162347490350883e-02
8.512500000000000000e+03 2.339673588463972192e+04 3.160614443518857536e-02
8.519500000000000000e+03 2.368156215651216917e+04 3.557610319296295592e-02
8.526500000000000000e+03 2.363231585596707737e+04 3.659661403062485635e-02
8.533500000000000000e+03 2.432488867681263946e+04 3.493452866180904448e-02
8.540500000000000000e+03 2.502073497933138788e+04 3.131013272299645184e-02
8.547500000000000000e+03 2.522754789573249946e+04 2.829983366347650284e-02
8.554500000000000000e+03 2.535989468913240853e+04 2.851203769762765058e-02
8.561500000000000000e+03 2.586339863946530386e+04 3.060686739972107509e-02
8.568500000000000000e+03 2.565700792677410209e+04 3.575083086869457194e-02
8.575500000000000000e+03 2.599695587897622318e+04 3.633832385102209878e-02
8.582500000000000000e+03 2.650889044503000696e+04 3.570393155534565960e-02
8.589500000000000000e+03 2.715153549346952786e+04 3.160637929395194307e-02
8.596500000000000000e+03 2.784227184657822727e+04 2.507132625992234895e-02
8.603500000000000000e+03 2.827747964211828730e+04 2.452170894561808007e-02
8.610500000000000000e+03 2.881877143956794316e+04 2.572079043951530641e-02
8.617500000000000000e+03 2.882799991540384144e+04 2.990762943736707119e-02
8.624500000000000000e+03 2.916009400388248832e+04 3.443655572719212660e-02
8.631500000000000000e+03 2.930797847526692931e+04 3.631082194685306130e-02
8.638500000000000000e+03 2.980433585953984220e+04 3.865519944539100999e-02
8.645500000000000000e+03 2.997373292391055656e+04 3.647862865874866578e-02
8.652500000000000000e+03 2.978091199863435759e+04 3.003794257008477256e-02
8.659500000000000000e+03 3.033447784819945446e+04 2.357528254399545928e-02
8.666500000000000000e+03 3.030727216418204625e+04 1.813157575760109344e-02
8.673500000000000000e+03 3.045635491836960136e+04 1.968456340644060207e-02
8.680500000000000000e+03 3.071333690254055909e+04 2.353328239458818416e-02
8.687500000000000000e+03 3.087903192551877146e+04 3.284530079610665371e-02
8.694500000000000000e+03 3.128352389198445235e+04 3.562098714640322267e-02
8.701500000000000000e+03 3.196347045442926537e+04 3.232602639530966770e-02
8.708500000000000000e+03 3.219168935278290519e+04 3.530577689417942894e-02
8.715500000000000000e+03 3.242076193740048984e+04 3.601162608232285484e-02
8.722500000000000000e+03 3.290053851678073261e+04 3.504989807384671641e-02
8.729500000000000000e+03 3.314105260499517317e+04 3.740399597380908436e-02
8.736500000000000000e+03 3.344361770097762201e+04 2.869085824523732314e-02
8.743500000000000000e+03 3.421824738520885148e+04 1.996018291606386011e-02
8.750500000000000000e+03 3.421223406367824646e+04 1.652700246690024313e-02
8.757500000000000000e+03 3.437171168910836423e+04 1.885684396859250989e-02
8.764500000000000000e+03 3.416994165902318491e+04 2.611502542856769526e-02
8.771500000000000000e+03 3.379724314564168162e+04 2.962449584110151551e-02
8.778500000000000000e+03 3.399666298511606874e+04 3.432143223117995606e-02
8.785500000000000000e+03 3.418058545789349591e+04 3.379848953574760700e-02
8.792500000000000000e+03 3.433266193689619831e+04 3.220476393441625701e-02
8.799500000000000000e+03 3.455720896856146283e+04 3.167553589274684639e-02
8.806500000000000000e+03 3.414277115082760429e+04 3.175416037319402085e-02
8.813500000000000000e+03 3.434606746331165050e+04 3.276081529256291702e-02
8.820500000000000000e+03 3.417537986861480022e+04 3.571797653558403396e-02
8.827500000000000000e+03 3.454178118379510124e+04 3.206476465556409861e-02
8.834500000000000000e+03 3.442481309137032804e+04 3.365829847313844131e-02
8.841500000000000000e+03 3.480530801958669326e+04 3.262402537632123206e-02
8.848500000000000000e+03 3.500631561911282915e+04 2.999239645377147975e-02
8.855500000000000000e+03 3.495793726410069212e+04 2.643592292233612473e-02
8.862500000000000000e+03 3.544912027579096321e+04 2.041483587867024344e-02
8.869500000000000000e+03 3.529761676667370921e+04 1.775968763265435568e-02
8.876500000000000000e+03 3.527915930237541761e+04 2.307988867224559232e-02
8.883500000000000000e+03 3.507962407807169802e+04 2.913260265263511312e-02
8.890500000000000000e+03 3.476750821556529263e+04 3.691561726840592722e-02
8.897500000000000000e+03 3.489744041281724640e+04 3.783188146781834432e-02
8.904500000000000000e+03 3.459974089827389253e+04 3.733265123509014322e-02
8.911500000000000000e+03 3.446837704227615905e+04 3.716966228252931159e-02
8.918500000000000000e+03 3.411912521497929993e+04 4.117967574522642116e-02
8.925500000000000000e+03 3.351090556416768231e+04 4.591297696180269422e-02
8.932500000000000000e+03 3.277535557231352868e+04 5.122528185294551034e-02
8.939500000000000000e+03 3.167512423092173049e+04 6.255255671471977863e-02
8.946500000000000000e+03 3.053612448544360814e+04 6.908245962757376957e-02
8.953500000000000000e+03 2.892787463577157177e+04 7.708172674790787771e-02
8.960500000000000000e+03 2.799327839191778548e+04 8.629518654014754764e-02
8.967500000000000000e+03 2.675331388076611984e+04 9.413723070920268499e-02
8.974500000000000000e+03 2.607947349811518143e+04 1.050051860317151448e-01
8.981500000000000000e+03 2.491035091125317194e+04 1.122058710137127102e-01
8.988500000000000000e+03 2.448736696588683117e+04 1.085742771299962328e-01
8.995500000000000000e+03 2.437516330773595473e+04 1.088508034744557484e-01
9.002500000000000000e+03 2.464651474544508164e+04 1.089401525611036620e-01
9.009500000000000000e+03 2.543406444579962044e+04 9.629146810851500760e-02
9.016500000000000000e+03 2.629902978751869523e+04 8.440557389969928492e-02
9.023500000000000000e+03 2.734098245069832046e+04 7.878127585085308027e-02
9.030500000000000000e+03 2.856015342750841228e+04 8.035592268700358920e-02
9.037500000000000000e+03 2.958238243146319655e+04 8.115964784736996729e-02
9.044500000000000000e+03 2.983434889054794985e+04 8.180303781502365479e-02
9.051500000000000000e+03 2.977874984350088926e+04 8.289185632080571520e-02
9.058500000000000000e+03 2.879986512526463775e+04 8.667640387471765850e-02
9.065500000000000000e+03 2.712870171280231079e+04 9.296599828624098338e-02
9.072500000000000000e+03 2.609933284515919877e+04 9.505880586781427499e-02
9.079500000000000000e+03 2.524368569600216142e+04 1.064136380652443009e-01
9.086500000000000000e+03 2.474753130068589599e+04 1.113833581736880102e-01
9.093500000000000000e+03 2.453176126557568932e+04 1.151341647658313400e-01
9.100500000000000000e+03 2.500105344661237177e+04 1.089725693569438131e-01
9.107500000000000000e+03 2.495189795573833180e+04 1.131454388657011784e-01
9.114500000000000000e+03 2.509538224090197036e+04 1.188796577220468526e-01
9.121500000000000000e+03 2.487912144929352507e+04 1.159069632288657198e-01
9.128500000000000000e+03 2.439527462617103811e+04 1.171953354952702531e-01
9.135500000000000000e+03 2.427729286871357544e+04 1.171231014957136163e-01
9.142500000000000000e+03 2.359114434809369777e+04 1.320501289563213998e-01
9.149500000000000000e+03 2.394942774425625612e+04 1.281468827627594287e-01
9.156500000000000000e+03 2.393060984360885777e+04 1.248921031269537713e-01
9.163500000000000000e+03 2.383503420093709428e+04 1.274530071217221117e-01
9.170500000000000000e+03 2.424854633623181871e+04 1.198483869431511695e-01
9.177500000000000000e+03 2.535488096139897971e+04 1.075482230602380213e-01
9.184500000000000000e+03 2.571635756324353861e+04 1.023830554130683995e-01
9.191500000000000000e+03 2.682752365998527966e+04 9.475438305838849995e-02
9.198500000000000000e+03 2.720458178237584070e+04 8.903713961619580397e-02
9.205500000000000000e+03 2.708875831223251589e+04 8.200699715609140183e-02
9.212500000000000000e+03 2.709455549952433648e+04 7.789530865214781830e-02
9.219500000000000000e+03 2.649757900414689357e+04 6.610052705644151039e-02
9.226500000000000000e+03 2.624703102005875917e+04 6.365083751382430433e-02
9.233500000000000000e+03 2.572323795391694512e+04 6.787081624766679033e-02
9.240500000000000000e+03 2.505152073097008179e+04 7.629355875301274681e-02
9.247500000000000000e+03 2.448178694782183084e+04 8.674972667802126336e-02
9.254500000000000000e+03 2.423693978684997637e+04 9.557836425779221712e-02
9.261500000000000000e+03 2.374415352892448936e+04 1.041974246740406534e-01
9.268500000000000000e+03 2.243212153654036229e+04 1.142909648655629079e-01
9.275500000000000000e+03 2.083850832049932069e+04 1.254516748430736794e-01
9.282500000000000000e+03 1.885595839810649704e+04 1.426541549491153749e-01
9.289500000000000000e+03 1.686801801137702569e+04 1.663865539952419925e-01
9.296500000000000000e+03 1.499979107952061895e+04 1.918186021535202290e-01
9.303500000000000000e+03 1.342368782659926546e+04 2.090119445425878686e-01
9.310500000000000000e+03 1.152242620425332461e+04 2.392287595373543407e-01
9.317500000000000000e+03 9.725494625091649141e+03 2.749809884012299754e-01
9.324500000000000000e+03 8.042485146012667428e+03 3.128183525516582963e-01
9.331500000000000000e+03 6.874208631095350029e+03 3.420665727514435872e-01
9.338500000000000000e+03 6.460971631321225686e+03 3.409713430123337274e-01
9.345500000000000000e+03 6.408244493886101736e+03 3.527710079830555512e-01
9.352500000000000000e+03 6.481507919921029497e+03 3.674941477447086213e-01
9.359500000000000000e+03 6.552645112345053349e+03 3.675305368772309733e-01
9.366500000000000000e+03 7.098700343705370869e+03 3.318566053616924250e-01
9.373500000000000000e+03 7.684136337513150465e+03 3.038641939703080608e-01
9.380500000000000000e+03 9.205358717337496273e+03 2.708333516194390556e-01
9.387500000000000000e+03 1.098190154672850440e+04 2.630362559155794977e-01
9.394500000000000000e+03 1.214343930928315058e+04 2.638738058766864070e-01
9.401500000000000000e+03 1.317822607377826535e+04 2.359644530225057935e-01
9.408500000000000000e+03 1.282580683367458005e+04 2.363463240828516665e-01
9.415500000000000000e+03 1.196618391250158675e+04 2.461483296704075063e-01
9.422500000000000000e+03 1.128425447688197164e+04 2.431673457475454769e-01
9.429500000000000000e+03 1.059467521620310799e+04 2.402919438057657120e-01
9.436500000000000000e+03 9.974981876007066603e+03 2.537007296986650284e-01
9.443500000000000000e+03 9.996140219603656078e+03 2.573538335565108137e-01
9.450500000000000000e+03 9.786438091510794038e+03 2.697217657143848868e-01
9.457500000000000000e+03 9.983388987826408993e+03 2.695790635642322797e-01
9.464500000000000000e+03 1.025481860570995013e+04 2.693108783237952442e-01
9.471500000000000000e+03 1.035430787762532782e+04 2.694001681019175809e-01
9.478500000000000000e+03 1.104203001585322636e+04 2.531186108454701600e-01
9.485500000000000000e+03 1.109087462790602513e+04 2.554168049794228734e-01
9.492500000000000000e+03 1.148973731458942348e+04 2.350547846708167243e-01
9.499500000000000000e+03 1.178850137495504168e+04 2.291638881851865428e-01
9.506500000000000000e+03 1.169703076478953881e+04 2.549126833862929153e-01
9.513500000000000000e+03 1.150811556344860401e+04 2.613313500514742871e-01
9.520500000000000000e+03 1.175486768891042084e+04 2.311459228079131289e-01
9.527500000000000000e+03 1.197696841243575000e+04 2.313513200429722361e-01
9.534500000000000000e+03 1.203905437402683492e+04 2.465761037911264331e-01
9.541500000000000000e+03 1.251855807678988822e+04 2.304952255816283546e-01
9.548500000000000000e+03 1.299053229056177224e+04 1.976216297934585142e-01
9.555500000000000000e+03 1.300109435998585650e+04 1.955455966383132516e-01
9.562500000000000000e+03 1.310915207530450243e+04 2.046376661684088383e-01
9.569500000000000000e+03 1.327423748616471676e+04 2.172105616578727250e-01
9.576500000000000000e+03 1.357931999817896030e+04 2.229164126653496447e-01
9.583500000000000000e+03 1.353863266844413556e+04 2.109710124864315750e-01
9.590500000000000000e+03 1.388892119542270848e+04 1.922715372520703847e-01
9.597500000000000000e+03 1.397777847871547601e+04 1.954131754783973163e-01
9.604500000000000000e+03 1.438789150192546367e+04 2.040744637626711599e-01
9.611500000000000000e+03 1.524309720674717573e+04 1.907325843704641422e-01
9.618500000000000000e+03 1.583667902388426592e+04 1.683183364004782190e-01
9.625500000000000000e+03 1.619056774583408696e+04 1.656808316500944789e-01
9.632500000000000000e+03 1.640393943950022367e+04 1.654912545368267818e-01
9.639500000000000000e+03 1.667732376231439775e+04 1.558566409926016028e-01
9.646500000000000000e+03 1.679557309238322341e+04 1.539088598587070589e-01
9.653500000000000000e+03 1.695999849570780134e+04 1.505686657603388101e-01
9.660500000000000000e+03 1.769096304117225372e+04 1.346202975701158711e-01
9.667500000000000000e+03 1.885711855271573222e+04 1.203931514224976795e-01
9.674500000000000000e+03 2.048527094053541077e+04 1.069107601357217607e-01
9.681500000000000000e+03 2.182342386841660846e+04 9.303006529240333278e-02
9.688500000000000000e+03 2.244154016511554437e+04 8.855021301006127388e-02
9.695500000000000000e+03 2.291706224381058564e+04 7.871612173965207571e-02
9.702500000000000000e+03 2.319418013534152124e+04 7.550567605406301175e-02
9.709500000000000000e+03 2.290630964676465373e+04 7.491256525200272465e-02
9.716500000000000000e+03 2.238153226577655369e+04 8.121969869418668719e-02
9.723500000000000000e+03 2.175309679241474078e+04 8.674838003533043296e-02
9.730500000000000000e+03 2.083516427756837948e+04 8.870035304227937012e-02
9.737500000000000000e+03 2.038015309826634257e+04 9.295498897509291147e-02
9.744500000000000000e+03 2.011797791910535670e+04 9.796542602761293406e-02
9.751500000000000000e+03 2.028761232555226161e+04 9.724219687985320715e-02
9.758500000000000000e+03 2.020385307977866250e+04 9.535607339440965724e-02
9.765500000000000000e+03 2.056890621529741111e+04 9.399876382735311564e-02
9.772500000000000000e+03 2.101949654517377348e+04 9.307777333533616415e-02
9.779500000000000000e+03 2.130101520566807812e+04 8.389929561643945377e-02
9.786500000000000000e+03 2.144696805582336310e+04 7.496192541243223983e-02
9.793500000000000000e+03 2.156241589030617251e+04 7.296131007668157920e-02
9.800500000000000000e+03 2.191201049827399765e+04 6.847147149367202590e-02
9.807500000000000000e+03 2.227526184270193335e+04 7.153441641499930226e-02
9.814500000000000000e+03 2.286947360902936998e+04 6.306201768927138795e-02
9.821500000000000000e+03 2.328010917186308870e+04 5.608064961502104429e-02
9.828500000000000000e+03 2.328047780525303824e+04 5.446337894643205058e-02
9.835500000000000000e+03 2.339915061976092329e+04 4.977683397689676437e-02
9.842500000000000000e+03 2.348449493999980405e+04 4.759999941224047487e-02
9.849500000000000000e+03 2.390398734923085431e+04 4.429274783660513276e-02
9.856500000000000000e+03 2.414218987203073630e+04 4.351261680792406494e-02
9.863500000000000000e+03 2.442595451819431037e+04 3.904172759648810720e-02
9.870500000000000000e+03 2.404364384846276153e+04 3.443816972958321787e-02
9.877500000000000000e+03 2.379557814153117943e+04 3.503041419781823679e-02
9.884500000000000000e+03 2.421244526866033993e+04 3.052448278056807060e-02
9.891500000000000000e+03 2.429982141672893704e+04 3.004673898941955662e-02
9.898500000000000000e+03 2.395732679880662181e+04 2.875981480335715670e-02
9.905500000000000000e+03 2.373258248075725351e+04 2.828350353384553179e-02
9.912500000000000000e+03 2.360209783334063468e+04 2.974737320542594765e-02
9.919500000000000000e+03 2.333751398310278091e+04 2.969270296544368817e-02
9.926500000000000000e+03 2.316317988821848485e+04 2.713096520093537245e-02
9.933500000000000000e+03 2.351395999457146900e+04 2.471619770986291376e-02
9.940500000000000000e+03 2.283786775155936266e+04 2.316811484252060543e-02
9.947500000000000000e+03 2.294993545095152513e+04 2.523110750155155291e-02
9.954500000000000000e+03 2.246415843311253775e+04 2.733708984032951969e-02
9.961500000000000000e+03 2.231999156856609261e+04 2.504053093704384711e-02
9.968500000000000000e+03 2.221399655411377171e+04 2.398371333569961766e-02
9.975500000000000000e+03 2.192617729157239228e+04 2.203596539515097902e-02
9.982500000000000000e+03 2.174758287290871522e+04 1.876449717535958947e-02
9.989500000000000000e+03 2.165564774343664249e+04 1.844899892808454095e-02
9.996500000000000000e+03 2.176747005342569173e+04 1.769646313859759082e-02
