# wavelength angstroms, flux, ext coeff
5.551500000000000000e+03 3.349228581794841830e+03 1.532198033607451160e-01
5.558500000000000000e+03 3.453563664329526091e+03 1.480420836144223096e-01
5.565500000000000000e+03 3.558598063571028433e+03 1.416963448291848893e-01
5.572500000000000000e+03 3.591991212185558197e+03 1.386019876166378062e-01
5.579500000000000000e+03 3.596657348524047393e+03 1.400217396915829082e-01
5.586500000000000000e+03 3.638414938854625234e+03 1.400350916958855441e-01
5.593500000000000000e+03 3.644943415312774050e+03 1.381027109547866005e-01
5.600500000000000000e+03 3.735195918970270668e+03 1.401330214695896415e-01
5.607500000000000000e+03 3.749817616146976889e+03 1.391464409868031493e-01
5.614500000000000000e+03 3.789613826583281934e+03 1.374957590497689619e-01
5.621500000000000000e+03 3.790909745459659916e+03 1.414627977689497107e-01
5.628500000000000000e+03 3.886459411880583502e+03 1.375387705339375377e-01
5.635500000000000000e+03 3.877121463738305010e+03 1.415244550950354452e-01
5.642500000000000000e+03 3.901680458709259256e+03 1.417114325269351049e-01
5.649500000000000000e+03 3.947854618630370624e+03 1.392683344130036249e-01
5.656500000000000000e+03 3.987955588006926973e+03 1.387176536519611481e-01
5.663500000000000000e+03 4.014512621572882836e+03 1.380968068160398354e-01
5.670500000000000000e+03 3.983726966059826282e+03 1.402770183298816531e-01
5.677500000000000000e+03 4.002722753585664123e+03 1.429208478764502632e-01
5.684500000000000000e+03 4.046255723448739900e+03 1.427616855539599050e-01
5.691500000000000000e+03 4.056288420471454629e+03 1.413714575962615738e-01
5.698500000000000000e+03 4.069394942966403050e+03 1.417570589473068909e-01
5.705500000000000000e+03 4.083629209823982819e+03 1.392529466344176459e-01
5.712500000000000000e+03 4.167400819407329436e+03 1.388223207008557059e-01
5.719500000000000000e+03 4.192663661271953060e+03 1.409217279111441290e-01
5.726500000000000000e+03 4.212178359467176051e+03 1.413370386675714130e-01
5.733500000000000000e+03 4.267280497509468660e+03 1.404904898971604255e-01
5.740500000000000000e+03 4.293133892079303223e+03 1.397960735202485316e-01
5.747500000000000000e+03 4.274236497173252246e+03 1.384278047088028096e-01
5.754500000000000000e+03 4.269479072721544071e+03 1.395582488123712217e-01
5.761500000000000000e+03 4.351300724699963212e+03 1.370151208234717810e-01
5.768500000000000000e+03 4.367861132026172527e+03 1.363968258332286243e-01
5.775500000000000000e+03 4.370653901496980325e+03 1.368384507751864154e-01
5.782500000000000000e+03 4.416295524585339990e+03 1.349695726508504667e-01
5.789500000000000000e+03 4.405796406143818785e+03 1.342630226715234854e-01
5.796500000000000000e+03 4.500978851139393555e+03 1.339014190596701515e-01
5.803500000000000000e+03 4.497989179248411347e+03 1.335502634617544426e-01
5.810500000000000000e+03 4.538873617367548832e+03 1.318223524004117353e-01
5.817500000000000000e+03 4.547595434125429165e+03 1.333945860772893510e-01
5.824500000000000000e+03 4.601469812081350028e+03 1.317070847479144546e-01
5.831500000000000000e+03 4.632357873583183391e+03 1.306217652503754156e-01
5.838500000000000000e+03 4.615078149863029466e+03 1.307945350443927568e-01
5.845500000000000000e+03 4.579104457841436670e+03 1.301365525176956806e-01
5.852500000000000000e+03 4.637787657629107343e+03 1.288182700139592629e-01
5.859500000000000000e+03 4.638960366174666888e+03 1.317380966502592343e-01
5.866500000000000000e+03 4.649311056332338012e+03 1.310134266868735187e-01
5.873500000000000000e+03 4.519779421385052046e+03 1.364347148467901782e-01
5.880500000000000000e+03 4.516578355731010561e+03 1.379212750112898400e-01
5.887500000000000000e+03 4.452603839046721987e+03 1.407601178200493797e-01
5.894500000000000000e+03 4.459560243811285545e+03 1.428383178190530123e-01
5.901500000000000000e+03 4.448069971481987523e+03 1.447369116190896643e-01
5.908500000000000000e+03 4.489787828650300980e+03 1.451749638323065195e-01
5.915500000000000000e+03 4.483197114246870115e+03 1.436406864985156906e-01
5.922500000000000000e+03 4.516048285153103279e+03 1.441146823843335867e-01
5.929500000000000000e+03 4.561135775165768791e+03 1.423815321371706411e-01
5.936500000000000000e+03 4.543122581178542532e+03 1.442019008247067968e-01
5.943500000000000000e+03 4.598469470102312698e+03 1.400653386852399318e-01
5.950500000000000000e+03 4.595684815186068590e+03 1.410565377957750388e-01
5.957500000000000000e+03 4.589193798925806732e+03 1.408456119708204335e-01
5.964500000000000000e+03 4.646092020174989557e+03 1.384839655418179383e-01
5.971500000000000000e+03 4.639341942220759847e+03 1.376109844455778164e-01
5.978500000000000000e+03 4.682684496805590243e+03 1.334965925866659908e-01
5.985500000000000000e+03 4.714189503002569836e+03 1.333436897187716963e-01
5.992500000000000000e+03 4.688273410613479427e+03 1.325362738131327656e-01
5.999500000000000000e+03 4.680350701929583010e+03 1.306415992982771224e-01
6.006500000000000000e+03 4.735146245685822578e+03 1.289123390480226006e-01
6.013500000000000000e+03 4.718692883207561863e+03 1.280404310035372362e-01
6.020500000000000000e+03 4.738581182247382458e+03 1.279191056818684002e-01
6.027500000000000000e+03 4.791367506718066579e+03 1.273433533436637566e-01
6.034500000000000000e+03 4.787583509873094044e+03 1.269638394044362295e-01
6.041500000000000000e+03 4.825031712827856609e+03 1.259153338433396108e-01
6.048500000000000000e+03 4.864047978758863792e+03 1.263789229022375116e-01
6.055500000000000000e+03 4.881110983181079973e+03 1.247697791187789423e-01
6.062500000000000000e+03 4.844342732221888582e+03 1.263737816533483660e-01
6.069500000000000000e+03 4.877158179006100909e+03 1.242012863727610938e-01
6.076500000000000000e+03 4.873117750719509786e+03 1.224844315771583952e-01
6.083500000000000000e+03 4.876449905697385475e+03 1.212306111972037831e-01
6.090500000000000000e+03 4.883921903504939110e+03 1.193929139707153725e-01
6.097500000000000000e+03 4.810079906957482308e+03 1.201474367983325908e-01
6.104500000000000000e+03 4.864122867565873094e+03 1.199254342805782525e-01
6.111500000000000000e+03 4.845667217463527777e+03 1.179078356382379372e-01
6.118500000000000000e+03 4.837082226968870600e+03 1.187621705301225433e-01
6.125500000000000000e+03 4.800490937574381860e+03 1.182924055446098466e-01
6.132500000000000000e+03 4.826531336403048954e+03 1.154439467239980338e-01
6.139500000000000000e+03 4.833340183830890965e+03 1.146981521588812114e-01
6.146500000000000000e+03 4.839831623320933431e+03 1.135226481992888253e-01
6.153500000000000000e+03 4.807845584722204876e+03 1.137607025391054183e-01
6.160500000000000000e+03 4.846913163563398484e+03 1.125169530773647703e-01
6.167500000000000000e+03 4.818079113980476905e+03 1.128988470781887438e-01
6.174500000000000000e+03 4.938412506604105147e+03 1.100866276620843381e-01
6.181500000000000000e+03 4.985150406568671315e+03 1.090882136447393902e-01
6.188500000000000000e+03 4.951255920498793785e+03 1.100617112119885721e-01
6.195500000000000000e+03 5.028853900347248782e+03 1.087116737859238486e-01
6.202500000000000000e+03 5.049025562905455445e+03 1.107883333611521387e-01
6.209500000000000000e+03 5.038481369175648979e+03 1.066571709431761578e-01
6.216500000000000000e+03 5.003943409088518820e+03 1.067830525327523594e-01
6.223500000000000000e+03 4.961488663135635761e+03 1.083766773224707491e-01
6.230500000000000000e+03 4.944182016205927539e+03 1.063821201942410921e-01
6.237500000000000000e+03 4.960627648000977388e+03 1.043309960692297145e-01
6.244500000000000000e+03 4.971484505800778606e+03 1.018112169401550471e-01
6.251500000000000000e+03 4.966020894065574794e+03 1.035913177420673265e-01
6.258500000000000000e+03 4.952374351459691752e+03 1.083256989011136123e-01
6.265500000000000000e+03 4.940857098611950278e+03 1.098836143758729345e-01
6.272500000000000000e+03 4.886803025524787699e+03 1.121023364154342672e-01
6.279500000000000000e+03 4.927240705269581667e+03 1.110915137689450355e-01
6.286500000000000000e+03 4.932801748534842773e+03 1.135157091071188618e-01
6.293500000000000000e+03 4.933442783400629196e+03 1.108499545687931243e-01
6.300500000000000000e+03 4.945141841770036990e+03 1.079284663523333576e-01
6.307500000000000000e+03 4.984247767219963862e+03 1.050699096524398413e-01
6.314500000000000000e+03 4.989351831603659775e+03 1.033269033841050233e-01
6.321500000000000000e+03 5.024098499613618515e+03 1.020545024004465423e-01
6.328500000000000000e+03 5.053386775780583775e+03 1.016639055542091913e-01
6.335500000000000000e+03 5.087106111366353616e+03 1.003020227879189846e-01
6.342500000000000000e+03 5.132955698080497314e+03 9.715882126324237866e-02
6.349500000000000000e+03 5.042174849526441903e+03 9.604638812077759269e-02
6.356500000000000000e+03 5.099768797760733833e+03 9.599762660412705650e-02
6.363500000000000000e+03 5.089114228315510445e+03 9.483252459218668995e-02
6.370500000000000000e+03 5.114864485374180731e+03 9.324050476411688271e-02
6.377500000000000000e+03 5.158526450476031641e+03 9.470235195528298178e-02
6.384500000000000000e+03 5.125096678718738076e+03 9.532635219152889305e-02
6.391500000000000000e+03 5.147956632049458676e+03 9.176404781077089623e-02
6.398500000000000000e+03 5.126092022160789384e+03 9.213467377141008885e-02
6.405500000000000000e+03 5.111710085647392589e+03 9.137474427722394599e-02
6.412500000000000000e+03 5.124508175501331607e+03 9.021390137777637874e-02
6.419500000000000000e+03 5.161389980836836912e+03 9.227746635438321965e-02
6.426500000000000000e+03 5.162340453143880950e+03 9.098875702491567019e-02
6.433500000000000000e+03 5.109966806829119378e+03 9.127395752781053417e-02
6.440500000000000000e+03 5.146273809676663404e+03 8.960969897172323118e-02
6.447500000000000000e+03 5.135771269138883326e+03 8.907057798361052436e-02
6.454500000000000000e+03 5.115582658454333796e+03 9.410684280055824080e-02
6.461500000000000000e+03 5.110882678052592382e+03 9.322640704932613764e-02
6.468500000000000000e+03 5.006880159478222595e+03 9.695983030740784603e-02
6.475500000000000000e+03 4.988189261798386724e+03 9.665881983742181938e-02
6.482500000000000000e+03 4.969933701873004793e+03 9.830146497631570002e-02
6.489500000000000000e+03 4.977610443641186976e+03 9.744618474179221612e-02
6.496500000000000000e+03 5.028700708244102316e+03 9.304116448738780631e-02
6.503500000000000000e+03 5.021100254932235657e+03 9.606743684765632618e-02
6.510500000000000000e+03 4.996260168727140808e+03 9.427352991278512007e-02
6.517500000000000000e+03 5.030024369809364543e+03 9.448813080986223634e-02
6.524500000000000000e+03 5.031567977259574036e+03 9.676763877491355303e-02
6.531500000000000000e+03 4.862849960064381776e+03 9.555755763565988714e-02
6.538500000000000000e+03 4.783849167511044470e+03 9.331749286767307416e-02
6.545500000000000000e+03 4.595468163535619169e+03 9.196220663366161396e-02
6.552500000000000000e+03 4.382819478471210459e+03 8.609732838193108473e-02
6.559500000000000000e+03 4.236665181863518228e+03 7.275751272340383324e-02
6.566500000000000000e+03 4.122854082029682104e+03 6.409496777772284715e-02
6.573500000000000000e+03 4.178609746393853129e+03 6.723671644463630193e-02
6.580500000000000000e+03 4.410592967423339360e+03 7.520191319476622616e-02
6.587500000000000000e+03 4.615465167242159623e+03 8.789654448791604791e-02
6.594500000000000000e+03 4.875559923516917479e+03 8.842519304060507401e-02
6.601500000000000000e+03 5.069436910192242976e+03 8.686731511284428997e-02
6.608500000000000000e+03 5.188983146996833966e+03 8.257933002600684191e-02
6.615500000000000000e+03 5.198257884843087595e+03 7.988095585348206629e-02
6.622500000000000000e+03 5.243703594586959298e+03 7.719172848345073890e-02
6.629500000000000000e+03 5.304938088989089010e+03 7.515291962471155884e-02
6.636500000000000000e+03 5.291007250489999024e+03 7.699509910809476665e-02
6.643500000000000000e+03 5.302519073464251960e+03 7.694505444401428251e-02
6.650500000000000000e+03 5.322345225226911680e+03 7.428905909871479085e-02
6.657500000000000000e+03 5.287017747033327396e+03 7.486256814799738257e-02
6.664500000000000000e+03 5.278556114446649190e+03 7.371581242007071988e-02
6.671500000000000000e+03 5.269587745112982702e+03 7.360299482888559008e-02
6.678500000000000000e+03 5.334026111486736227e+03 7.279608604984939835e-02
6.685500000000000000e+03 5.342644929883113946e+03 7.248398961678458041e-02
6.692500000000000000e+03 5.296160439581859464e+03 7.281113217173307284e-02
6.699500000000000000e+03 5.326104058515925317e+03 7.155494001278010774e-02
6.706500000000000000e+03 5.329606875767643032e+03 7.096650286548983333e-02
6.713500000000000000e+03 5.315958217445790979e+03 7.329900881342046870e-02
6.720500000000000000e+03 5.333986695378094737e+03 6.976249749438881431e-02
6.727500000000000000e+03 5.296503758154251045e+03 7.184748910924053378e-02
6.734500000000000000e+03 5.328952517777026515e+03 6.982545370924020389e-02
6.741500000000000000e+03 5.316240645550622503e+03 6.987804144899648073e-02
6.748500000000000000e+03 5.298080427302514181e+03 6.900744199323839700e-02
6.755500000000000000e+03 5.341242310748951240e+03 6.779717403325358216e-02
6.762500000000000000e+03 5.268691152879640867e+03 6.958715706795889910e-02
6.769500000000000000e+03 5.320084099077304018e+03 6.989618168230392337e-02
6.776500000000000000e+03 5.361876062523389919e+03 6.847342931413352707e-02
6.783500000000000000e+03 5.329490389262176905e+03 6.859328910152771852e-02
6.790500000000000000e+03 5.336976880251811963e+03 6.567625217065514720e-02
6.797500000000000000e+03 5.341682809002678368e+03 6.710952752016037526e-02
6.804500000000000000e+03 5.296454094191682998e+03 6.686921996531894341e-02
6.811500000000000000e+03 5.287768638038166500e+03 6.605037004858523020e-02
6.818500000000000000e+03 5.324944353512684756e+03 6.617070840895400430e-02
6.825500000000000000e+03 5.306631001232950439e+03 6.584286748287701552e-02
6.832500000000000000e+03 5.298298849759793484e+03 6.536407061585965128e-02
6.839500000000000000e+03 5.239826650738868011e+03 6.816693637596035749e-02
6.846500000000000000e+03 5.187231551511463294e+03 7.672078376915378306e-02
6.853500000000000000e+03 4.999449792094972508e+03 8.828287423581626658e-02
6.860500000000000000e+03 4.657097727593586569e+03 9.804754493777013968e-02
6.867500000000000000e+03 4.344158465900647570e+03 9.474376755250116244e-02
6.874500000000000000e+03 4.160000229018704886e+03 1.020813341731056090e-01
6.881500000000000000e+03 4.185499655798246749e+03 1.187955343049573176e-01
6.888500000000000000e+03 4.271117702247770467e+03 1.211371564603092449e-01
6.895500000000000000e+03 4.372796710620062186e+03 1.107996967079178940e-01
6.902500000000000000e+03 4.472374590673171042e+03 1.029712931550445243e-01
6.909500000000000000e+03 4.566887283049628422e+03 1.018046275822831054e-01
6.916500000000000000e+03 4.679974408110313561e+03 9.527260077751124878e-02
6.923500000000000000e+03 4.700821724288402947e+03 9.635180663919377941e-02
6.930500000000000000e+03 4.755437961908733087e+03 9.077938516591216311e-02
6.937500000000000000e+03 4.774250786658459219e+03 8.992214858297382929e-02
6.944500000000000000e+03 4.828527003571927708e+03 8.978391706061904232e-02
6.951500000000000000e+03 4.858386771593325648e+03 8.545782780748657770e-02
6.958500000000000000e+03 4.958013461407007526e+03 8.037281364697464181e-02
6.965500000000000000e+03 5.004868445471300220e+03 7.742923598360054727e-02
6.972500000000000000e+03 5.046991529135507335e+03 7.539594930299879649e-02
6.979500000000000000e+03 5.026577063388333954e+03 7.431063111314806235e-02
6.986500000000000000e+03 4.965415818527107149e+03 7.563935526894566275e-02
6.993500000000000000e+03 4.966803842360489398e+03 7.418765966060840433e-02
7.000500000000000000e+03 4.895116768241587124e+03 7.823419584490505507e-02
7.007500000000000000e+03 4.897119613329889944e+03 7.837138477092198130e-02
7.014500000000000000e+03 4.848476834829280961e+03 7.909228912264917866e-02
7.021500000000000000e+03 4.874696413491376916e+03 7.503024292121293626e-02
7.028500000000000000e+03 4.916282337045916393e+03 7.478592303651278306e-02
7.035500000000000000e+03 4.985810290260037618e+03 6.968058145293662409e-02
7.042500000000000000e+03 4.978773276422468371e+03 6.883510316757933400e-02
7.049500000000000000e+03 5.008502062537405436e+03 6.818214434468392038e-02
7.056500000000000000e+03 4.972229867877800643e+03 6.870658047272833191e-02
7.063500000000000000e+03 4.966857890151622087e+03 6.573959052418330840e-02
7.070500000000000000e+03 5.028548845601050743e+03 6.383597848662186935e-02
7.077500000000000000e+03 5.022869778528649476e+03 6.271685776346118402e-02
7.084500000000000000e+03 5.087978169572880688e+03 6.040768601346679922e-02
7.091500000000000000e+03 5.000891155619435267e+03 6.095089818887063776e-02
7.098500000000000000e+03 4.983441780327983906e+03 6.067510331537466495e-02
7.105500000000000000e+03 4.996811813866795092e+03 5.912715631572101199e-02
7.112500000000000000e+03 4.942584239573199739e+03 5.842820834320096302e-02
7.119500000000000000e+03 4.917375171243015757e+03 5.983723087481302577e-02
7.126500000000000000e+03 4.977825016435792350e+03 5.880142428594847814e-02
7.133500000000000000e+03 4.919066328868331766e+03 6.190907177934141387e-02
7.140500000000000000e+03 4.906127099782075675e+03 6.491085842825132513e-02
7.147500000000000000e+03 4.777735045939969496e+03 6.921600200314377560e-02
7.154500000000000000e+03 4.696384921941311404e+03 7.983192381829679052e-02
7.161500000000000000e+03 4.504971805912882701e+03 9.211246225870052540e-02
7.168500000000000000e+03 4.273071642949135821e+03 1.015648911088892770e-01
7.175500000000000000e+03 4.055286673265741229e+03 1.121114841448069277e-01
7.182500000000000000e+03 3.863096524440024496e+03 1.184799810698531908e-01
7.189500000000000000e+03 3.821726726095440881e+03 1.186409601371661432e-01
7.196500000000000000e+03 3.877351552832747984e+03 1.182708219475864797e-01
7.203500000000000000e+03 3.976975992033558214e+03 1.110874416999664965e-01
7.210500000000000000e+03 4.166387839097380493e+03 1.066153527314139260e-01
7.217500000000000000e+03 4.288738809439502802e+03 1.021913301263870505e-01
7.224500000000000000e+03 4.276423233986119158e+03 1.027600256249225075e-01
7.231500000000000000e+03 4.213856062541764913e+03 9.789807400769279244e-02
7.238500000000000000e+03 4.072367097034166363e+03 1.013603816526185558e-01
7.245500000000000000e+03 4.025599608525566964e+03 1.053981958791787577e-01
7.252500000000000000e+03 4.014712035228258173e+03 1.125586082115536957e-01
7.259500000000000000e+03 4.010097248705448237e+03 1.155152666876223810e-01
7.266500000000000000e+03 4.035732959865231351e+03 1.110354559634667004e-01
7.273500000000000000e+03 4.037906865027328422e+03 1.068031898561893206e-01
7.280500000000000000e+03 4.045148602882429714e+03 1.051434083413020498e-01
7.287500000000000000e+03 4.061536275610733810e+03 1.051109793869161035e-01
7.294500000000000000e+03 4.107140971481799170e+03 1.021503896295484354e-01
7.301500000000000000e+03 4.152418536200156268e+03 9.946382550926145816e-02
7.308500000000000000e+03 4.177005461419605126e+03 9.582444407788187624e-02
7.315500000000000000e+03 4.243479116238751885e+03 8.946522061990991315e-02
7.322500000000000000e+03 4.321804428382463811e+03 8.282376531193073876e-02
7.329500000000000000e+03 4.401286303124196820e+03 7.605624469517728581e-02
7.336500000000000000e+03 4.500316812748348639e+03 6.959813905784509314e-02
7.343500000000000000e+03 4.572749559028337899e+03 6.795083495468140500e-02
7.350500000000000000e+03 4.528483991178577526e+03 6.464953861516481437e-02
7.357500000000000000e+03 4.550562942642385678e+03 6.306843766697828313e-02
7.364500000000000000e+03 4.577065541639904950e+03 6.249882606882192770e-02
7.371500000000000000e+03 4.561845271803781543e+03 6.069311679985503472e-02
7.378500000000000000e+03 4.571573564163250921e+03 5.975406440537192609e-02
7.385500000000000000e+03 4.577559674650026864e+03 5.751323905790731855e-02
7.392500000000000000e+03 4.524207732533629496e+03 5.570813670082773450e-02
7.399500000000000000e+03 4.521061579747588439e+03 5.375910739067449318e-02
7.406500000000000000e+03 4.540780548857241229e+03 5.036839140145862176e-02
7.413500000000000000e+03 4.517068323761895954e+03 4.753915411676418179e-02
7.420500000000000000e+03 4.515100892233735976e+03 4.732604074455115661e-02
7.427500000000000000e+03 4.553756557450692526e+03 4.730978907405482964e-02
7.434500000000000000e+03 4.526293477361408804e+03 4.800635931312465660e-02
7.441500000000000000e+03 4.526406160115645434e+03 4.616365800742438380e-02
7.448500000000000000e+03 4.543364037985154027e+03 4.462751592489617308e-02
7.455500000000000000e+03 4.525410628873125461e+03 4.490404498763893304e-02
7.462500000000000000e+03 4.541748412729521078e+03 4.314822767313315072e-02
7.469500000000000000e+03 4.525893432145785482e+03 4.419663379903212425e-02
7.476500000000000000e+03 4.463409657205625990e+03 4.412477599022721075e-02
7.483500000000000000e+03 4.472223367647108716e+03 4.167907443958015351e-02
7.490500000000000000e+03 4.485234123997617644e+03 4.715022527756290022e-02
7.497500000000000000e+03 4.463014518325279823e+03 4.321896707294911599e-02
7.504500000000000000e+03 4.388164280490219426e+03 4.506045062729833323e-02
7.511500000000000000e+03 4.436126424229715667e+03 4.237949239427622750e-02
7.518500000000000000e+03 4.456935647966409306e+03 4.342149631969419166e-02
7.525500000000000000e+03 4.419386937095092435e+03 4.047690933983217471e-02
7.532500000000000000e+03 4.389765260407540154e+03 4.384947008005355557e-02
7.539500000000000000e+03 4.408382407397829411e+03 4.205328472855256183e-02
7.546500000000000000e+03 4.342129355575997579e+03 4.364661094999557067e-02
7.553500000000000000e+03 4.395978999927993755e+03 4.236028994375681811e-02
7.560500000000000000e+03 4.337781777934514139e+03 4.480375650618664829e-02
7.567500000000000000e+03 4.247115992416437621e+03 5.375177180926786480e-02
7.574500000000000000e+03 4.079593789707789711e+03 7.229779400749682117e-02
7.581500000000000000e+03 3.660878010139275375e+03 1.093911004590201602e-01
7.588500000000000000e+03 2.971023197392276870e+03 1.398662252847297505e-01
7.595500000000000000e+03 2.188180572129520442e+03 1.347644897100129802e-01
7.602500000000000000e+03 1.633274354043699304e+03 1.410244647059919476e-01
7.609500000000000000e+03 1.381874345803092410e+03 2.450153445266573526e-01
7.616500000000000000e+03 1.426317160812820703e+03 3.365848044808792405e-01
7.623500000000000000e+03 1.563852149763384887e+03 3.273073896815704154e-01
7.630500000000000000e+03 1.674600980357765366e+03 2.768020029427864515e-01
7.637500000000000000e+03 1.836890437030639532e+03 2.388697488819703230e-01
7.644500000000000000e+03 2.065609754024373160e+03 2.138496278928724015e-01
7.651500000000000000e+03 2.380682016232751721e+03 1.809544449024034773e-01
7.658500000000000000e+03 2.738594079091110871e+03 1.501082628273233688e-01
7.665500000000000000e+03 3.065510282017514783e+03 1.191002568279544011e-01
7.672500000000000000e+03 3.327947048944574362e+03 9.626609358747477418e-02
7.679500000000000000e+03 3.555581750932399700e+03 8.014667991414624326e-02
7.686500000000000000e+03 3.704126770082125404e+03 6.593932742512946532e-02
7.693500000000000000e+03 3.816970312301396007e+03 5.757450266405578221e-02
7.700500000000000000e+03 3.824100337694540940e+03 5.456092207182303144e-02
7.707500000000000000e+03 3.872666575326541988e+03 5.015114090837801547e-02
7.714500000000000000e+03 3.904253699560588302e+03 4.579354323135191585e-02
7.721500000000000000e+03 3.890110089165006684e+03 4.463102122632338353e-02
7.728500000000000000e+03 3.922577396214658165e+03 4.557375210646818359e-02
7.735500000000000000e+03 3.937687130729260389e+03 3.877954908914186399e-02
7.742500000000000000e+03 3.900255325244138476e+03 4.167655159560733347e-02
7.749500000000000000e+03 3.908349751252947499e+03 3.895312277275695539e-02
7.756500000000000000e+03 3.817996264150272964e+03 3.947990492512167687e-02
7.763500000000000000e+03 3.831466204288489735e+03 3.803423606013030256e-02
7.770500000000000000e+03 3.846341876350881194e+03 3.672619031771357651e-02
7.777500000000000000e+03 3.829433385251078562e+03 3.708926520611344202e-02
7.784500000000000000e+03 3.821592871054062016e+03 3.648134634042082824e-02
7.791500000000000000e+03 3.809568137327211844e+03 3.941689995212334374e-02
7.798500000000000000e+03 3.844337955659467298e+03 3.858546336305518354e-02
7.805500000000000000e+03 3.805630678842707312e+03 3.768327092622225649e-02
7.812500000000000000e+03 3.784187900878542223e+03 3.701552378786775177e-02
7.819500000000000000e+03 3.749295895360171471e+03 3.811144860783438615e-02
7.826500000000000000e+03 3.708460877863006317e+03 3.797556901434211152e-02
7.833500000000000000e+03 3.685761016320494036e+03 3.731077848151628101e-02
7.840500000000000000e+03 3.683690340331826519e+03 3.643747992850358830e-02
7.847500000000000000e+03 3.672609440016120971e+03 3.562093602042633311e-02
7.854500000000000000e+03 3.588029384073098754e+03 3.947932489456583427e-02
7.861500000000000000e+03 3.607431565355080238e+03 4.146383082231150374e-02
7.868500000000000000e+03 3.564452133468852935e+03 4.219543281901281390e-02
7.875500000000000000e+03 3.564281559653784370e+03 4.486294658465805885e-02
7.882500000000000000e+03 3.517460933457122792e+03 4.691172751172559968e-02
7.889500000000000000e+03 3.466280291310916255e+03 4.863107356838701489e-02
7.896500000000000000e+03 3.448684222941575626e+03 5.113637666234398943e-02
7.903500000000000000e+03 3.426097705874588428e+03 4.890353314171420190e-02
7.910500000000000000e+03 3.397542866109080023e+03 4.806111108280291394e-02
7.917500000000000000e+03 3.395077820256297855e+03 4.638698529660445491e-02
7.924500000000000000e+03 3.393563902876973771e+03 4.499270221015232857e-02
7.931500000000000000e+03 3.364831905724268381e+03 4.474022438975359950e-02
7.938500000000000000e+03 3.383488780659342410e+03 4.199621805697171389e-02
7.945500000000000000e+03 3.387740345710219117e+03 4.571527782209986596e-02
7.952500000000000000e+03 3.344533668363204924e+03 4.510873329178771707e-02
7.959500000000000000e+03 3.341812371474250085e+03 4.431287206362471975e-02
7.966500000000000000e+03 3.297781204014071136e+03 4.867036077319968068e-02
7.973500000000000000e+03 3.300559942900687929e+03 4.976982948779958005e-02
7.980500000000000000e+03 3.281856477256025300e+03 4.834374877994677966e-02
7.987500000000000000e+03 3.299697232216239627e+03 4.526753079067277752e-02
7.994500000000000000e+03 3.266075244749009016e+03 4.764406803167278714e-02
8.001500000000000000e+03 3.267049305481229567e+03 4.580196048364752748e-02
8.008500000000000000e+03 3.184835505114274838e+03 4.932352896968276307e-02
8.015500000000000000e+03 3.182927872158502851e+03 4.780563855056443878e-02
8.022500000000000000e+03 3.188761482028334285e+03 4.775536054875632874e-02
8.029500000000000000e+03 3.135972673639082132e+03 5.104095704346079537e-02
8.036500000000000000e+03 3.169898631949697574e+03 4.867456021955583745e-02
8.043500000000000000e+03 3.155307369209506760e+03 4.655782678532246338e-02
8.050500000000000000e+03 3.198226539256402248e+03 4.232186518780710338e-02
8.057500000000000000e+03 3.161716581184900861e+03 4.107389430374216305e-02
8.064500000000000000e+03 3.149322795662797489e+03 3.868315144121017846e-02
8.071500000000000000e+03 3.180651332985215049e+03 3.784025710137416121e-02
8.078500000000000000e+03 3.134735528739870006e+03 4.240442634920440351e-02
8.085500000000000000e+03 3.101289467346456149e+03 4.449821161298697647e-02
8.092500000000000000e+03 3.069669127499336355e+03 4.625512025829783824e-02
8.099500000000000000e+03 3.049919870280610212e+03 4.767848499639066456e-02
8.106500000000000000e+03 2.978783923502071957e+03 5.455037324288621037e-02
8.113500000000000000e+03 2.940529898781202519e+03 6.115169314500136510e-02
8.120500000000000000e+03 2.852684477622069608e+03 6.690134643700042238e-02
8.127500000000000000e+03 2.760481364535404282e+03 7.589788419199999803e-02
8.134500000000000000e+03 2.672511441857868704e+03 8.295376895206867107e-02
8.141500000000000000e+03 2.581612500517799617e+03 9.370230306826517197e-02
8.148500000000000000e+03 2.507382328102101383e+03 9.874534337128659800e-02
8.155500000000000000e+03 2.426844170155793563e+03 1.003716191816443476e-01
8.162500000000000000e+03 2.410826655107694933e+03 1.013776170095954110e-01
8.169500000000000000e+03 2.377974780779537468e+03 1.032826822011596174e-01
8.176500000000000000e+03 2.384002033096457126e+03 9.945664456704715606e-02
8.183500000000000000e+03 2.452618693403007455e+03 9.031760062024568603e-02
8.190500000000000000e+03 2.477139460270528161e+03 8.264765452731577533e-02
8.197500000000000000e+03 2.528458745736960736e+03 8.171015639709500178e-02
8.204500000000000000e+03 2.597474017881896998e+03 8.290735564892348641e-02
8.211500000000000000e+03 2.516862221523034350e+03 8.717771784411910974e-02
8.218500000000000000e+03 2.447353656060901358e+03 8.915220255289608986e-02
8.225500000000000000e+03 2.375206573985133218e+03 7.582081113190719535e-02
8.232500000000000000e+03 2.402502488916207312e+03 7.559886423015928225e-02
8.239500000000000000e+03 2.456218014262973611e+03 8.181822940292536595e-02
8.246500000000000000e+03 2.564722383934465142e+03 7.764727667066509409e-02
8.253500000000000000e+03 2.617943243807863837e+03 7.161696541653585213e-02
8.260500000000000000e+03 2.605655312092488657e+03 6.868707269577915830e-02
8.267500000000000000e+03 2.598680676618533198e+03 7.037834932304445901e-02
8.274500000000000000e+03 2.513776622486148426e+03 7.181987675666147430e-02
8.281500000000000000e+03 2.499713832490852383e+03 7.269776252122663041e-02
8.288500000000000000e+03 2.514249818725868408e+03 7.363585073376122114e-02
8.295500000000000000e+03 2.495501391266758219e+03 7.387405111340160369e-02
8.302500000000000000e+03 2.529511995802289675e+03 7.072514956016819065e-02
8.309500000000000000e+03 2.532206812617001560e+03 6.850406904838901578e-02
8.316500000000000000e+03 2.534070710968486765e+03 6.067224693330024177e-02
8.323500000000000000e+03 2.517742441217090800e+03 6.375905336450007899e-02
8.330500000000000000e+03 2.554024783061706785e+03 6.160446959113330401e-02
8.337500000000000000e+03 2.557332734687956417e+03 5.816059564650322145e-02
8.344500000000000000e+03 2.606032248469415208e+03 5.561292134184714353e-02
8.351500000000000000e+03 2.621626894332743632e+03 5.217055820742783068e-02
8.358500000000000000e+03 2.637425379848545617e+03 5.141218196070159591e-02
8.365500000000000000e+03 2.653052020962116330e+03 4.951054395574689543e-02
8.372500000000000000e+03 2.647915444061479320e+03 4.492641395476240640e-02
8.379500000000000000e+03 2.700955734990233395e+03 4.341647105082908215e-02
8.386500000000000000e+03 2.661556114704143511e+03 4.033597130251075080e-02
8.393500000000000000e+03 2.655177300517995263e+03 4.055239259353687897e-02
8.400500000000000000e+03 2.688255474985412548e+03 3.769874130761211722e-02
8.407500000000000000e+03 2.643076052809400608e+03 4.105164137593320106e-02
8.414500000000000000e+03 2.674025439462682243e+03 3.743335902339079563e-02
8.421500000000000000e+03 2.686643234149372802e+03 3.598772568319291015e-02
8.428500000000000000e+03 2.661232437020185444e+03 3.475908165107978454e-02
8.435500000000000000e+03 2.640579974809855685e+03 3.561396121900118478e-02
8.442500000000000000e+03 2.632659599029686888e+03 3.340201734373336728e-02
8.449500000000000000e+03 2.640181050367763874e+03 3.557176226850212314e-02
8.456500000000000000e+03 2.667196371929040652e+03 2.965821507342009458e-02
8.463500000000000000e+03 2.595279469652684838e+03 3.378992184642869157e-02
8.470500000000000000e+03 2.629302946905019780e+03 3.034080647654452401e-02
8.477500000000000000e+03 2.604427471336098279e+03 3.401898944241690814e-02
8.484500000000000000e+03 2.602783424356813157e+03 3.288147094092893491e-02
8.491500000000000000e+03 2.549247727620331716e+03 3.268296840689376148e-02
8.498500000000000000e+03 2.558178378402448288e+03 2.801114884985424561e-02
8.505500000000000000e+03 2.509990647976439959e+03 3.107113488863373976e-02
8.512500000000000000e+03 2.533955247991721535e+03 2.793122646312459420e-02
8.519500000000000000e+03 2.571490003315876493e+03 2.926014425848529055e-02
8.526500000000000000e+03 2.565715350760365254e+03 3.324983722484500803e-02
8.533500000000000000e+03 2.517386268481317984e+03 3.147203550518578447e-02
8.540500000000000000e+03 2.479989996549387797e+03 2.840092195045949494e-02
8.547500000000000000e+03 2.483191099938138450e+03 2.476956661644051302e-02
8.554500000000000000e+03 2.471334920205526942e+03 2.397443592207986612e-02
8.561500000000000000e+03 2.539305533091730922e+03 2.778988506378303469e-02
8.568500000000000000e+03 2.504421856184264016e+03 3.256052738008982650e-02
8.575500000000000000e+03 2.521885850743911305e+03 3.369911369404327700e-02
8.582500000000000000e+03 2.514558611364389890e+03 2.888477684416563065e-02
8.589500000000000000e+03 2.523554349685024590e+03 2.516484561564773237e-02
8.596500000000000000e+03 2.490223349826223966e+03 2.607683603757370364e-02
8.603500000000000000e+03 2.533500176689020918e+03 2.219314057883053221e-02
8.610500000000000000e+03 2.513078464304811405e+03 2.731237905108643491e-02
8.617500000000000000e+03 2.478343820692858571e+03 2.995899303199399052e-02
8.624500000000000000e+03 2.506605464920351551e+03 3.030694551451622656e-02
8.631500000000000000e+03 2.506806885182119458e+03 3.419357048081121675e-02
8.638500000000000000e+03 2.489620753934964796e+03 3.470765627244298129e-02
8.645500000000000000e+03 2.487082075971753511e+03 3.226637522349818515e-02
8.652500000000000000e+03 2.443442698267035212e+03 2.783734985001490303e-02
8.659500000000000000e+03 2.395792590963039402e+03 2.063355719456765741e-02
8.666500000000000000e+03 2.402388375010334585e+03 1.298971645529544729e-02
8.673500000000000000e+03 2.372459674017045472e+03 1.495887133209208159e-02
8.680500000000000000e+03 2.381685807814840700e+03 2.212547260365041457e-02
8.687500000000000000e+03 2.400488662122143069e+03 2.782672315796487147e-02
8.694500000000000000e+03 2.432019646550961625e+03 3.207566833784854937e-02
8.701500000000000000e+03 2.467089681047679278e+03 3.081663391730075224e-02
8.708500000000000000e+03 2.460036810866400174e+03 3.222205297919358141e-02
8.715500000000000000e+03 2.437803530712010797e+03 3.073942344728504070e-02
8.722500000000000000e+03 2.455229527576374949e+03 3.062654120563250079e-02
8.729500000000000000e+03 2.408748853331483133e+03 3.214483852028406086e-02
8.736500000000000000e+03 2.363497609449251740e+03 2.534723518831190694e-02
8.743500000000000000e+03 2.366798655021716968e+03 1.386557696364975473e-02
8.750500000000000000e+03 2.352003527945002133e+03 1.313501551986077584e-02
8.757500000000000000e+03 2.347852506291628288e+03 1.548466556785038986e-02
8.764500000000000000e+03 2.370854537452793465e+03 2.358207639846272852e-02
8.771500000000000000e+03 2.382446249687590807e+03 2.536314350884512694e-02
8.778500000000000000e+03 2.428472518810328893e+03 2.800861180374661016e-02
8.785500000000000000e+03 2.417519034563804780e+03 3.068108457678004122e-02
8.792500000000000000e+03 2.413473210164566808e+03 3.034406319638000352e-02
8.799500000000000000e+03 2.437874073779812079e+03 2.855728690388699073e-02
8.806500000000000000e+03 2.433623443090230467e+03 2.638393923217508333e-02
8.813500000000000000e+03 2.419847791744849474e+03 2.690126570081274177e-02
8.820500000000000000e+03 2.385589294643456924e+03 2.993509359902080808e-02
8.827500000000000000e+03 2.346532932636612259e+03 3.036693801982104021e-02
8.834500000000000000e+03 2.319251136226787366e+03 3.127327277459187455e-02
8.841500000000000000e+03 2.307297789281221867e+03 2.695102053275954743e-02
8.848500000000000000e+03 2.291732515338012035e+03 2.834328747088560307e-02
8.855500000000000000e+03 2.200806168648877247e+03 2.405193220458698433e-02
8.862500000000000000e+03 2.200565327885613897e+03 1.635937893857839984e-02
8.869500000000000000e+03 2.191872834544579291e+03 1.329438697291341655e-02
8.876500000000000000e+03 2.218585601950063847e+03 1.791613904503356128e-02
8.883500000000000000e+03 2.232667114129157653e+03 2.807414883291857802e-02
8.890500000000000000e+03 2.259861377927621561e+03 3.305076028785866593e-02
8.897500000000000000e+03 2.256941440744535157e+03 3.492294934850424803e-02
8.904500000000000000e+03 2.303077356017186503e+03 3.249735182632931124e-02
8.911500000000000000e+03 2.292881877345514113e+03 3.380299358432105328e-02
8.918500000000000000e+03 2.244472364427198954e+03 3.887442990724611358e-02
8.925500000000000000e+03 2.206778784648320197e+03 4.122397217212316750e-02
8.932500000000000000e+03 2.191358750189928287e+03 4.720393402008662281e-02
8.939500000000000000e+03 2.122731322359753449e+03 5.941294135299406837e-02
8.946500000000000000e+03 2.062847217187439128e+03 6.574164019372059908e-02
8.953500000000000000e+03 1.954480703331399809e+03 7.633440682305150937e-02
8.960500000000000000e+03 1.908577884519352665e+03 7.831330401095377980e-02
8.967500000000000000e+03 1.809871919718223353e+03 9.120070887684966765e-02
8.974500000000000000e+03 1.755780952487556533e+03 1.038295464618207986e-01
8.981500000000000000e+03 1.653278795524468251e+03 1.116948716090792881e-01
8.988500000000000000e+03 1.596507075664675313e+03 1.047941064815706702e-01
8.995500000000000000e+03 1.552247207802854064e+03 1.067601942858674990e-01
9.002500000000000000e+03 1.526991237458020805e+03 1.026864561747842242e-01
9.009500000000000000e+03 1.553960584094075330e+03 9.007356642087524512e-02
9.016500000000000000e+03 1.580638276690119710e+03 8.176830348827381079e-02
9.023500000000000000e+03 1.656770240937134531e+03 7.369794203627549889e-02
9.030500000000000000e+03 1.734260019979972185e+03 7.558424642634672952e-02
9.037500000000000000e+03 1.834754877761500438e+03 7.543377388529202976e-02
9.044500000000000000e+03 1.868279634297718758e+03 7.884226053837198323e-02
9.051500000000000000e+03 1.900912228238581292e+03 7.711277018811873996e-02
9.058500000000000000e+03 1.813082354654578467e+03 8.571296366725705829e-02
9.065500000000000000e+03 1.759277113301025338e+03 8.434237841078481845e-02
9.072500000000000000e+03 1.661825353615443191e+03 9.191542948151847081e-02
9.079500000000000000e+03 1.583905512865307628e+03 1.011457695134861945e-01
9.086500000000000000e+03 1.571478857510341186e+03 1.069300102282780829e-01
9.093500000000000000e+03 1.583203642300977890e+03 1.070541106115573543e-01
9.100500000000000000e+03 1.607755785309995872e+03 1.083251747102370321e-01
9.107500000000000000e+03 1.625328902359126232e+03 1.092071203058403855e-01
9.114500000000000000e+03 1.608533362718975695e+03 1.189402878291857674e-01
9.121500000000000000e+03 1.602380317939782799e+03 1.160159453785520600e-01
9.128500000000000000e+03 1.558183731384210887e+03 1.131844201479681317e-01
9.135500000000000000e+03 1.561698160256654774e+03 1.159845072496396290e-01
9.142500000000000000e+03 1.547462085094461600e+03 1.268017604670917398e-01
9.149500000000000000e+03 1.531487012025824015e+03 1.228940757587069221e-01
9.156500000000000000e+03 1.525122586225250643e+03 1.206794135690172631e-01
9.163500000000000000e+03 1.537673394757178585e+03 1.220461337380741029e-01
9.170500000000000000e+03 1.543925312477494572e+03 1.150059761510904138e-01
9.177500000000000000e+03 1.557627086616788347e+03 1.023709463209990095e-01
9.184500000000000000e+03 1.605118275265020202e+03 9.619396442902007627e-02
9.191500000000000000e+03 1.664104988089640074e+03 9.086263496992390276e-02
9.198500000000000000e+03 1.714954992484097829e+03 8.450535366657840886e-02
9.205500000000000000e+03 1.708738973572056011e+03 7.963040935092376149e-02
9.212500000000000000e+03 1.652221645619785932e+03 7.350348393646682910e-02
9.219500000000000000e+03 1.596471257540891656e+03 6.452248256061915432e-02
9.226500000000000000e+03 1.543243047802817273e+03 6.052438060285979943e-02
9.233500000000000000e+03 1.521518043419579499e+03 6.656361590167961251e-02
9.240500000000000000e+03 1.528312069289873989e+03 7.424113849804776788e-02
9.247500000000000000e+03 1.540004797990519137e+03 8.396679970235378099e-02
9.254500000000000000e+03 1.575392693966430897e+03 9.127293520622024869e-02
9.261500000000000000e+03 1.596268900935118836e+03 9.872141544982575290e-02
9.268500000000000000e+03 1.534377717386402992e+03 1.096136167247171583e-01
9.275500000000000000e+03 1.465759737011796233e+03 1.225784572689648244e-01
9.282500000000000000e+03 1.342198684117011908e+03 1.407744652895783211e-01
9.289500000000000000e+03 1.245789133855163982e+03 1.648894161405652647e-01
9.296500000000000000e+03 1.127323088308997967e+03 1.879401965787721174e-01
9.303500000000000000e+03 1.047344110413744829e+03 2.087418627305298036e-01
9.310500000000000000e+03 8.883033091856708552e+02 2.364384439163901841e-01
9.317500000000000000e+03 7.544808998718101520e+02 2.663373287889591601e-01
9.324500000000000000e+03 6.323306743402666825e+02 3.129171111754875945e-01
9.331500000000000000e+03 5.586735829623867176e+02 3.368702366674862225e-01
9.338500000000000000e+03 5.216979863690880848e+02 3.413649647974378309e-01
9.345500000000000000e+03 5.250279206285573537e+02 3.444212105389863887e-01
9.352500000000000000e+03 5.363685033412979237e+02 3.646290005268020273e-01
9.359500000000000000e+03 5.421780100414019898e+02 3.653580622859610161e-01
9.366500000000000000e+03 5.889306290161255220e+02 3.290096871348469620e-01
9.373500000000000000e+03 6.033349414370478598e+02 2.970164821636129271e-01
9.380500000000000000e+03 6.992713880739003116e+02 2.692460084084423166e-01
9.387500000000000000e+03 8.393456859032446573e+02 2.578239340637559218e-01
9.394500000000000000e+03 9.095191311709137381e+02 2.582766479896044798e-01
9.401500000000000000e+03 9.471751346278590518e+02 2.379495461994465821e-01
9.408500000000000000e+03 9.264857127499973330e+02 2.335341376674389402e-01
9.415500000000000000e+03 8.529985811385812440e+02 2.443201843127582318e-01
9.422500000000000000e+03 8.255440798331640053e+02 2.371579082844068598e-01
9.429500000000000000e+03 7.893423879694378229e+02 2.374115707023564670e-01
9.436500000000000000e+03 7.268638737185034415e+02 2.516617180155856781e-01
9.443500000000000000e+03 7.406971496149607219e+02 2.555730470482637795e-01
9.450500000000000000e+03 7.370896873760016206e+02 2.676644989541055453e-01
9.457500000000000000e+03 7.414753843092871648e+02 2.623378286205521603e-01
9.464500000000000000e+03 7.305593595089716246e+02 2.673880319850893694e-01
9.471500000000000000e+03 7.604506388933597236e+02 2.632552927755915650e-01
9.478500000000000000e+03 7.910878411307585338e+02 2.484655233369031102e-01
9.485500000000000000e+03 7.819993575157178611e+02 2.522491880482968241e-01
9.492500000000000000e+03 7.958811085855679721e+02 2.312445248414650434e-01
9.499500000000000000e+03 8.197001916524236549e+02 2.255850772368648560e-01
9.506500000000000000e+03 7.961545792452087653e+02 2.550463425759274538e-01
9.513500000000000000e+03 7.921979060717034145e+02 2.547364021856436955e-01
9.520500000000000000e+03 8.009534950909472855e+02 2.260095681355317743e-01
9.527500000000000000e+03 7.752952771765665148e+02 2.325136045548509001e-01
9.534500000000000000e+03 7.568846137033809782e+02 2.405457117359374175e-01
9.541500000000000000e+03 7.539123240000551505e+02 2.260260852225506323e-01
9.548500000000000000e+03 7.710817575625380869e+02 1.977518320364408388e-01
9.555500000000000000e+03 7.682504007646123227e+02 1.900198457647079564e-01
9.562500000000000000e+03 7.740962757330887598e+02 1.981837978665956235e-01
9.569500000000000000e+03 8.190180488045765514e+02 2.144793117115137981e-01
9.576500000000000000e+03 8.535253976151954021e+02 2.197102322085410508e-01
9.583500000000000000e+03 8.583798682351069829e+02 2.072275500726552533e-01
9.590500000000000000e+03 8.851654344836094879e+02 1.892066728288370470e-01
9.597500000000000000e+03 8.879092087140521699e+02 1.966771896177263168e-01
9.604500000000000000e+03 9.003986647293737633e+02 2.009533993132170404e-01
9.611500000000000000e+03 9.487718494809123513e+02 1.873405191145698367e-01
9.618500000000000000e+03 9.943213106078684405e+02 1.663642278454164070e-01
9.625500000000000000e+03 9.915647214920165879e+02 1.647273330553922499e-01
9.632500000000000000e+03 9.861602600445660300e+02 1.623550090856678840e-01
9.639500000000000000e+03 1.009706287295817788e+03 1.534676106786487526e-01
9.646500000000000000e+03 1.012352168836409987e+03 1.534700902611802198e-01
9.653500000000000000e+03 1.035731580897872846e+03 1.469376413647237589e-01
9.660500000000000000e+03 1.060910399726952846e+03 1.331239866817546802e-01
9.667500000000000000e+03 1.110736408736969679e+03 1.176496150865381785e-01
9.674500000000000000e+03 1.179460141033990567e+03 1.045165251056543454e-01
9.681500000000000000e+03 1.261818321714707054e+03 9.296861081181460873e-02
9.688500000000000000e+03 1.296534555990536091e+03 8.308301447350893709e-02
9.695500000000000000e+03 1.324927768590653159e+03 7.357610115634603820e-02
9.702500000000000000e+03 1.317256901495296233e+03 7.130850467983354535e-02
9.709500000000000000e+03 1.294588437669459381e+03 7.567555645000999254e-02
9.716500000000000000e+03 1.277951909473493060e+03 7.545566871021909539e-02
9.723500000000000000e+03 1.236053350674132162e+03 8.255940402299148662e-02
9.730500000000000000e+03 1.193066268689815161e+03 8.806913902749156919e-02
9.737500000000000000e+03 1.178386981086404376e+03 9.073460105719534374e-02
9.744500000000000000e+03 1.123038517031490301e+03 9.534352357110163767e-02
9.751500000000000000e+03 1.133036336112308163e+03 9.192295276071164867e-02
9.758500000000000000e+03 1.146264003497074327e+03 8.813756461524618890e-02
9.765500000000000000e+03 1.160258076595533566e+03 8.950031933191034128e-02
9.772500000000000000e+03 1.170687368186430604e+03 8.700383430187358380e-02
9.779500000000000000e+03 1.190888119133175678e+03 8.110740913880591652e-02
9.786500000000000000e+03 1.186780226782673935e+03 7.226620295363256341e-02
9.793500000000000000e+03 1.177275697751673079e+03 7.121793561618035284e-02
9.800500000000000000e+03 1.206144173493207290e+03 6.718756273484592645e-02
9.807500000000000000e+03 1.207034840767991909e+03 6.641965789837055156e-02
9.814500000000000000e+03 1.222131985310663595e+03 5.864205595135899701e-02
9.821500000000000000e+03 1.260054112314386884e+03 5.194514736692532747e-02
9.828500000000000000e+03 1.247063848027452195e+03 4.801377793622270407e-02
9.835500000000000000e+03 1.251992942190323674e+03 4.848803910812220230e-02
9.842500000000000000e+03 1.234519257791852851e+03 4.324175459091191692e-02
9.849500000000000000e+03 1.248285604026729743e+03 4.128506232273371906e-02
9.856500000000000000e+03 1.241459320454770932e+03 3.652694926405349735e-02
9.863500000000000000e+03 1.252393436142501287e+03 3.349743232934394160e-02
9.870500000000000000e+03 1.236886459520465678e+03 3.221433143134834476e-02
9.877500000000000000e+03 1.223694484703253465e+03 3.021834469909922757e-02
9.884500000000000000e+03 1.236707802844266325e+03 2.721584496467798278e-02
9.891500000000000000e+03 1.219159306703972106e+03 2.760595294237908059e-02
9.898500000000000000e+03 1.233530450328597681e+03 2.367706863140172160e-02
9.905500000000000000e+03 1.198633452930382418e+03 2.543254091630683597e-02
9.912500000000000000e+03 1.215530315089837814e+03 2.239086039934549965e-02
9.919500000000000000e+03 1.179492561049042251e+03 2.228864488676276026e-02
9.926500000000000000e+03 1.184036675297089687e+03 2.444717888415836801e-02
9.933500000000000000e+03 1.182384300424776029e+03 2.149280386920933775e-02
9.940500000000000000e+03 1.155359640960994739e+03 2.333913588664309618e-02
9.947500000000000000e+03 1.139310835146292447e+03 2.217550940872320756e-02
9.954500000000000000e+03 1.130254904480912501e+03 2.236713031520749448e-02
9.961500000000000000e+03 1.117272404239497746e+03 2.170993469267252021e-02
9.968500000000000000e+03 1.139335709943902657e+03 2.075691803670912799e-02
9.975500000000000000e+03 1.094790636572085987e+03 1.846681418248834194e-02
9.982500000000000000e+03 1.068256519698485135e+03 2.012234254058281949e-02
9.989500000000000000e+03 1.060394092558561624e+03 1.615598702291910771e-02
9.996500000000000000e+03 1.072138798197889173e+03 1.382110356954220805e-02
