# wavelength angstroms, flux, ext coeff
3.001800000000000182e+03 1.404782045073697250e-01 0.000000000000000000e+00
3.005300000000000182e+03 9.323097835905372333e-02 0.000000000000000000e+00
3.008800000000000182e+03 6.446550225672195822e+00 8.420606055000562362e-01
3.012300000000000182e+03 2.228971439413357558e+01 5.940382994032277209e-01
3.015800000000000182e+03 5.586626771463133467e-01 0.000000000000000000e+00
3.019300000000000182e+03 2.996300647851149468e-01 0.000000000000000000e+00
3.022800000000000182e+03 3.437226083587662240e-01 1.716716430664203319e+00
3.026300000000000182e+03 1.253091680117740658e+01 8.358041368849340458e-01
3.029800000000000182e+03 1.308998453879993740e+01 8.599206971594031135e-01
3.033300000000000182e+03 1.301851543712524428e+00 0.000000000000000000e+00
3.036800000000000182e+03 2.453039590415636295e-01 1.926459716380426457e+00
3.040300000000000182e+03 4.800202896928503549e+00 1.181353974832185516e+00
3.043800000000000182e+03 3.715721730860621630e+00 0.000000000000000000e+00
3.047300000000000182e+03 3.483062668043857890e+00 0.000000000000000000e+00
3.050800000000000182e+03 1.962840822414378739e+00 1.473326461037501200e+00
3.054300000000000182e+03 1.651149428039801803e+00 1.519555107799178240e+00
3.057800000000000182e+03 1.227419070119402988e+00 1.609718040216199020e+00
3.061300000000000182e+03 7.011244217407769597e+00 1.206780528199633107e+00
3.064800000000000182e+03 9.819182861088641801e+00 0.000000000000000000e+00
3.068300000000000182e+03 2.837011495810433548e+00 1.460728600662308807e+00
3.071800000000000182e+03 2.187193023445461293e+00 1.537955854637901520e+00
3.075300000000000182e+03 1.206847331660114153e-01 2.288616551519122577e+00
3.078800000000000182e+03 1.855866261515342686e+01 0.000000000000000000e+00
3.082300000000000182e+03 2.315664266216135581e-01 2.123898669913452331e+00
3.085800000000000182e+03 1.484449129717562821e+00 1.664452697146240778e+00
3.089300000000000182e+03 1.200090467613281087e+00 1.739449020248136080e+00
3.092800000000000182e+03 7.124667912501687184e+00 1.325620931707531369e+00
3.096300000000000182e+03 3.984315333632989287e+00 1.465193285820956426e+00
3.099800000000000182e+03 7.986402980348668024e-01 1.861439689885425519e+00
3.103300000000000182e+03 7.569482720183371427e-01 1.850956020934670487e+00
3.106800000000000182e+03 4.294371230030959552e+00 1.460926237046148657e+00
3.110300000000000182e+03 1.114351405754187452e+00 1.769097517860420243e+00
3.113800000000000182e+03 1.369355571447032682e+00 1.749765657495711224e+00
3.117300000000000182e+03 1.664094090740604770e+00 1.708611234197146223e+00
3.120800000000000182e+03 1.766684145946794793e+00 1.678551917206266619e+00
3.124300000000000182e+03 1.113054389538093680e+01 1.256741457296008724e+00
3.127800000000000182e+03 2.435082492357890871e+00 1.635563676764508978e+00
3.131300000000000182e+03 1.189523077480341051e+01 1.252910904658456337e+00
3.134800000000000182e+03 3.728600831331984722e+00 1.519495215905189545e+00
3.138300000000000182e+03 1.267736819203860854e+01 1.243014357586529561e+00
3.141800000000000182e+03 1.295170491695842507e+01 1.242089118432649020e+00
3.145300000000000182e+03 4.588525980919975211e+00 1.473399346584816971e+00
3.148800000000000182e+03 7.065449766060179826e+00 1.368475371099356019e+00
3.152300000000000182e+03 1.876856337046745082e+01 1.168607399836872229e+00
3.155800000000000182e+03 1.753714965771352041e+01 1.184895054854826713e+00
3.159300000000000182e+03 1.924378595198631814e+01 1.161991397633295842e+00
3.162800000000000182e+03 1.112818705027095767e+01 1.277310435092086527e+00
3.166300000000000182e+03 1.134541352171682682e+01 1.281599806001027630e+00
3.169800000000000182e+03 1.420658681486280450e+01 1.228159965537631626e+00
3.173300000000000182e+03 1.785095100219825071e+01 1.178113399655371873e+00
3.176800000000000182e+03 1.389363361532522312e+01 1.252528772368691090e+00
3.180300000000000182e+03 2.085249845977067196e+01 1.144613402325762808e+00
3.183800000000000182e+03 1.636321512248350984e+01 1.207502182858204876e+00
3.187300000000000182e+03 1.874950979092601955e+01 1.184979860286233810e+00
3.190800000000000182e+03 3.129399572985619216e+01 1.059655500356450730e+00
3.194300000000000182e+03 2.216332852808583809e+01 1.146986508736428823e+00
3.197800000000000182e+03 2.328732048909071395e+01 1.129527825268048069e+00
3.201300000000000182e+03 2.477263560059893521e+01 1.121637679114571018e+00
3.204800000000000182e+03 2.871334397593800958e+01 1.098595291038251487e+00
3.208300000000000182e+03 4.454203468440367431e+01 9.941079436691923066e-01
3.211800000000000182e+03 3.382888156878641439e+01 1.057121541692191968e+00
3.215300000000000182e+03 3.520238834878305312e+01 1.051110533790788892e+00
3.218800000000000182e+03 4.355371741869318214e+01 1.004364365648980018e+00
3.222300000000000182e+03 3.799442673749232569e+01 1.034266790811767978e+00
3.225800000000000182e+03 4.028013530630202155e+01 1.007034322381656688e+00
3.229300000000000182e+03 4.417001198647083271e+01 1.005684750120116489e+00
3.232800000000000182e+03 4.753815459239328334e+01 9.888529347313554929e-01
3.236300000000000182e+03 5.090577314085244609e+01 9.789459859586620016e-01
3.239800000000000182e+03 7.163976068735959757e+01 8.975432552434565725e-01
3.243300000000000182e+03 5.975197511737566458e+01 9.520274739496493721e-01
3.246800000000000182e+03 5.894926220571773001e+01 9.490197932420411098e-01
3.250300000000000182e+03 8.082262720713259796e+01 8.795940422720507357e-01
3.253800000000000182e+03 8.085045401756796934e+01 8.832238702777763795e-01
3.257300000000000182e+03 6.665236379694631808e+01 9.240118527818640404e-01
3.260800000000000182e+03 7.844845339592649225e+01 8.834939141459792200e-01
3.264300000000000182e+03 7.807105141322524844e+01 8.963957416878033380e-01
3.267800000000000182e+03 1.059785666910898527e+02 8.301446172309286942e-01
3.271300000000000182e+03 1.034926354486051565e+02 8.362088748639590063e-01
3.274800000000000182e+03 8.702972038562147361e+01 8.796894052761312643e-01
3.278300000000000182e+03 8.885298327696342824e+01 8.782522389150932973e-01
3.281800000000000182e+03 8.926270120923243212e+01 8.702246038664680494e-01
3.285300000000000182e+03 1.069574952109721266e+02 8.359517523398282135e-01
3.288800000000000182e+03 1.074380623957199532e+02 8.374075985658637755e-01
3.292300000000000182e+03 1.045954688818367089e+02 8.420022119477424960e-01
3.295800000000000182e+03 1.114040730091904692e+02 8.294870250750826512e-01
3.299300000000000182e+03 1.242276018780366798e+02 8.054606957025078895e-01
3.302800000000000182e+03 1.211292800571354746e+02 8.162000597273636471e-01
3.306300000000000182e+03 1.253036850259013733e+02 8.142970819592707521e-01
3.309800000000000182e+03 1.240661441322339726e+02 8.136405645054799463e-01
3.313300000000000182e+03 1.442562603109737722e+02 7.813223801328191831e-01
3.316800000000000182e+03 1.593730369080967932e+02 7.634427778141926746e-01
3.320300000000000182e+03 1.313123012471319271e+02 7.919049794339323434e-01
3.323800000000000182e+03 1.660303752592271564e+02 7.477416310353598439e-01
3.327300000000000182e+03 1.616280551942883790e+02 7.558546562571533123e-01
3.330800000000000182e+03 1.819315020781718601e+02 7.372019712714069639e-01
3.334300000000000182e+03 1.480719008352289734e+02 7.675917432006905683e-01
3.337800000000000182e+03 1.531006397866429438e+02 7.681752376936432647e-01
3.341300000000000182e+03 1.601083083347879779e+02 7.632816033926044241e-01
3.344800000000000182e+03 1.799300994720506708e+02 7.372803953961595269e-01
3.348300000000000182e+03 1.703423000357154251e+02 7.510245157556242335e-01
3.351800000000000182e+03 1.759858767361872651e+02 7.437095669618235538e-01
3.355300000000000182e+03 1.871604732154567898e+02 7.360294041965358414e-01
3.358800000000000182e+03 1.867059221872080172e+02 7.351215877668463294e-01
3.362300000000000182e+03 2.001713456063874048e+02 7.158908094121585464e-01
3.365800000000000182e+03 1.880563026299577700e+02 7.262318663817599607e-01
3.369300000000000182e+03 1.958606376621617073e+02 7.244185193736860651e-01
3.372800000000000182e+03 1.957353661949516379e+02 7.240002063753802064e-01
3.376300000000000182e+03 2.007512276908182400e+02 7.173701792399875821e-01
3.379800000000000182e+03 2.182660385017587714e+02 7.007297696792145203e-01
3.383300000000000182e+03 2.558773944255345896e+02 6.781712603723206723e-01
3.386800000000000182e+03 2.281366602642322334e+02 6.977075319823382582e-01
3.390300000000000182e+03 2.284514121592196432e+02 6.983086907841874469e-01
3.393800000000000182e+03 2.415602293176742137e+02 6.882298164301517973e-01
3.397300000000000182e+03 2.660477480756331943e+02 6.688398240014172824e-01
3.400800000000000182e+03 2.430736988469741675e+02 6.864097032175301427e-01
3.404300000000000182e+03 2.501356173405280003e+02 6.850483443664415750e-01
3.407800000000000182e+03 2.910894190535753410e+02 6.556784707532640200e-01
3.411300000000000182e+03 2.638693318344031695e+02 6.730985730264362754e-01
3.414800000000000182e+03 3.006898266622235951e+02 6.505515181898926524e-01
3.418300000000000182e+03 2.706408318193971922e+02 6.676044175373926359e-01
3.421800000000000182e+03 2.879025965529085624e+02 6.596799472171377410e-01
3.425300000000000182e+03 3.051998017412605577e+02 6.482082793805100662e-01
3.428800000000000182e+03 2.968752735384087487e+02 6.549908854859515239e-01
3.432300000000000182e+03 2.885646308791324373e+02 6.561256962277345339e-01
3.435800000000000182e+03 3.065177275281349694e+02 6.458246546536097199e-01
3.439300000000000182e+03 3.305643517549824537e+02 6.329297436595732185e-01
3.442800000000000182e+03 3.122179450765609090e+02 6.500630420073020277e-01
3.446300000000000182e+03 3.192199959704200865e+02 6.387915002173005785e-01
3.449800000000000182e+03 3.580257641751944675e+02 6.184545611228295936e-01
3.453300000000000182e+03 3.319777612391192179e+02 6.360405975470557749e-01
3.456800000000000182e+03 3.624351926443922594e+02 6.105165059929654747e-01
3.460300000000000182e+03 3.374668965581846578e+02 6.319199410252894777e-01
3.463800000000000182e+03 3.400001680169795577e+02 6.283129415808491602e-01
3.467300000000000182e+03 3.415962042350166712e+02 6.268722159057569243e-01
3.470800000000000182e+03 3.430867152059407204e+02 6.263216327702669783e-01
3.474300000000000182e+03 3.827669265834218777e+02 6.027921122376942442e-01
3.477800000000000182e+03 3.608205891089709212e+02 6.193955953101961676e-01
3.481300000000000182e+03 3.720848847926121152e+02 6.137450086493732027e-01
3.484800000000000182e+03 3.807422475427599693e+02 6.106146597138915055e-01
3.488300000000000182e+03 4.088792617708061812e+02 5.949211921214905274e-01
3.491800000000000182e+03 3.950965286274958430e+02 6.049337627586482968e-01
3.495300000000000182e+03 4.240358244033970436e+02 5.902857025172342231e-01
3.498800000000000182e+03 3.956762449348340738e+02 6.019400822894129810e-01
3.502300000000000182e+03 4.559493506212039620e+02 5.823859506539170727e-01
3.505800000000000182e+03 4.466476540544542786e+02 5.823912449851446071e-01
3.509300000000000182e+03 4.146781440401123859e+02 5.957158288502497623e-01
3.512800000000000182e+03 4.310682988297095335e+02 5.947226263933277357e-01
3.516300000000000182e+03 4.679702143728159740e+02 5.759921801383062201e-01
3.519800000000000182e+03 4.570470344729181988e+02 5.828154543459137527e-01
3.523300000000000182e+03 4.821057256855756350e+02 5.748594543539410351e-01
3.526800000000000182e+03 4.847445871757541909e+02 5.723516330787743467e-01
3.530300000000000182e+03 4.990090848205013572e+02 5.675896867059208040e-01
3.533800000000000182e+03 4.812889074916724326e+02 5.774012172901832329e-01
3.537300000000000182e+03 4.788439170199290515e+02 5.743801331101602292e-01
3.540800000000000182e+03 4.875883619479938034e+02 5.725753348945764598e-01
3.544300000000000182e+03 5.142966261716012468e+02 5.624994058826884302e-01
3.547800000000000182e+03 5.200373067355967578e+02 5.628495322487820918e-01
3.551300000000000182e+03 5.371853252829369012e+02 5.535902167266116836e-01
3.554800000000000182e+03 5.150673546936266121e+02 5.644745887347600855e-01
3.558300000000000182e+03 5.106385667008739233e+02 5.613082871100343318e-01
3.561800000000000182e+03 5.367673439828020037e+02 5.572679667946051074e-01
3.565300000000000182e+03 5.252721320834276639e+02 5.540687516210128782e-01
3.568800000000000182e+03 5.637914574836100883e+02 5.428721565669456517e-01
3.572300000000000182e+03 5.396344631016448830e+02 5.533603098892120320e-01
3.575800000000000182e+03 5.528964402171679922e+02 5.506829802969795962e-01
3.579300000000000182e+03 5.442731036161663951e+02 5.480801906687768899e-01
3.582800000000000182e+03 5.609522003863442023e+02 5.470670865140340178e-01
3.586300000000000182e+03 6.103993824354857907e+02 5.267248837377961346e-01
3.589800000000000182e+03 5.786975460625800451e+02 5.406325774428331066e-01
3.593300000000000182e+03 5.981755578483302997e+02 5.331882150078190996e-01
3.596800000000000182e+03 5.936927999005300762e+02 5.339375555405944107e-01
3.600300000000000182e+03 6.095714539667039844e+02 5.344228870171937595e-01
3.603800000000000182e+03 5.974260802052676809e+02 5.316937098581488996e-01
3.607300000000000182e+03 6.181196018221646682e+02 5.299433803776807395e-01
3.610800000000000182e+03 6.080684392924131316e+02 5.316556686508175922e-01
3.614300000000000182e+03 6.241612464988006650e+02 5.285311198078522787e-01
3.617800000000000182e+03 6.553071344540067003e+02 5.199093115401527410e-01
3.621300000000000182e+03 6.426281624677980062e+02 5.213443206390071527e-01
3.624800000000000182e+03 7.001751794916721110e+02 5.091659008670760267e-01
3.628300000000000182e+03 6.639789250881683529e+02 5.178695879000435598e-01
3.631800000000000182e+03 6.671961011366223602e+02 5.139586574304232380e-01
3.635300000000000182e+03 7.003483134805342161e+02 5.103509419456208063e-01
3.638800000000000182e+03 7.144033524027364592e+02 5.105971382661199653e-01
3.642300000000000182e+03 7.361722543095635274e+02 5.013816776103134920e-01
3.645800000000000182e+03 7.461920924357225431e+02 5.002177259644272622e-01
3.649300000000000182e+03 7.698475101812191497e+02 5.000183418576531480e-01
3.652800000000000182e+03 7.746298227213627570e+02 4.943711238711446243e-01
3.656300000000000182e+03 7.290876994750167341e+02 5.045478460655122843e-01
3.659800000000000182e+03 7.505101311061625893e+02 5.024440931503481034e-01
3.663300000000000182e+03 7.452030036905123325e+02 5.013010839598520674e-01
3.666800000000000182e+03 7.724468734845925155e+02 4.942908336175644290e-01
3.670300000000000182e+03 7.532739313685272009e+02 4.978444187814844435e-01
3.673800000000000182e+03 7.374442032154519211e+02 4.963369102954450773e-01
3.677300000000000182e+03 7.628682200447570949e+02 4.910575574993584214e-01
3.680800000000000182e+03 7.471942280980487112e+02 4.919141294748778925e-01
3.684300000000000182e+03 7.488550759483551928e+02 4.851199806479175036e-01
3.687800000000000182e+03 7.463696846700755714e+02 4.856584940761761171e-01
3.691300000000000182e+03 7.639030784882884291e+02 4.805805935521966776e-01
3.694800000000000182e+03 7.692107317713634984e+02 4.765600098503853244e-01
3.698300000000000182e+03 8.097936751860846698e+02 4.727983333113806586e-01
3.701800000000000182e+03 8.193877182896465001e+02 4.737830917958342214e-01
3.705300000000000182e+03 8.421765641614726974e+02 4.709505328154704462e-01
3.708800000000000182e+03 8.356127728832032062e+02 4.691361983235389221e-01
3.712300000000000182e+03 8.165659165919693123e+02 4.753978323137851292e-01
3.715800000000000182e+03 8.536155707768787124e+02 4.700925128170007627e-01
3.719300000000000182e+03 8.505436187829802748e+02 4.676137823613988886e-01
3.722800000000000182e+03 8.880701332643153592e+02 4.556628729265340128e-01
3.726300000000000182e+03 9.271310902335900437e+02 4.523896024394283844e-01
3.729800000000000182e+03 9.564920566198637744e+02 4.510583053736740289e-01
3.733300000000000182e+03 9.440312419323614677e+02 4.606319203068291457e-01
3.736800000000000182e+03 9.610150273180428258e+02 4.572882347024278538e-01
3.740300000000000182e+03 1.000153670243116835e+03 4.606038141928865959e-01
3.743800000000000182e+03 1.083038654407082049e+03 4.512196831997727919e-01
3.747300000000000182e+03 1.106898279494931558e+03 4.537941089684190965e-01
3.750800000000000182e+03 1.171100803076648162e+03 4.496637602103249476e-01
3.754300000000000182e+03 1.149212430742685001e+03 4.546969191126580823e-01
3.757800000000000182e+03 1.191892001188205541e+03 4.476286037881661573e-01
3.761300000000000182e+03 1.242183538948628666e+03 4.464475118610960469e-01
3.764800000000000182e+03 1.220427541209147648e+03 4.447586012080437801e-01
3.768300000000000182e+03 1.307452879503598751e+03 4.349178270644452615e-01
3.771800000000000182e+03 1.302375870171356382e+03 4.417928817510770045e-01
3.775300000000000182e+03 1.356443409237807828e+03 4.408979683467790234e-01
3.778800000000000182e+03 1.405541857322788928e+03 4.387728297050291215e-01
3.782300000000000182e+03 1.499704357910428143e+03 4.385544234136224406e-01
3.785800000000000182e+03 1.559163166099594036e+03 4.379563175517128815e-01
3.789300000000000182e+03 1.670800716426267172e+03 4.317891004762429152e-01
3.792800000000000182e+03 1.719345082887945182e+03 4.334857108314481011e-01
3.796300000000000182e+03 1.816323552973118922e+03 4.307258826933808016e-01
3.799800000000000182e+03 1.893920128506392757e+03 4.326635618154239249e-01
3.803300000000000182e+03 1.887949038346276211e+03 4.352816522254872034e-01
3.806800000000000182e+03 1.993994946050689123e+03 4.319884052265585139e-01
3.810300000000000182e+03 1.980978515915155185e+03 4.324325128745792335e-01
3.813800000000000182e+03 1.950664225059892942e+03 4.290370006220957655e-01
3.817300000000000182e+03 1.939672059914768852e+03 4.219892440071956741e-01
3.820800000000000182e+03 1.900566203576955786e+03 4.147527669050194987e-01
3.824300000000000182e+03 1.855097812662103024e+03 4.097877684180460389e-01
3.827800000000000182e+03 1.805758441050570127e+03 4.076729290835468533e-01
3.831300000000000182e+03 1.942410881375003100e+03 3.998976682077144962e-01
3.834800000000000182e+03 1.951860507898602918e+03 4.047249137206734293e-01
3.838300000000000182e+03 2.050321986919820574e+03 4.102018053102657325e-01
3.841800000000000182e+03 2.193526768119996177e+03 4.089020141231123340e-01
3.845300000000000182e+03 2.323574857701576548e+03 4.138430974821937225e-01
3.848800000000000182e+03 2.503287259755415562e+03 4.125301184443651015e-01
3.852300000000000182e+03 2.661061125520838686e+03 4.092772945140302765e-01
3.855800000000000182e+03 2.796117512610361700e+03 4.116868736275459684e-01
3.859300000000000182e+03 2.944796054000078584e+03 4.108655225529446731e-01
3.862800000000000182e+03 2.982996796939955857e+03 4.112217159555830448e-01
3.866300000000000182e+03 2.983952414854213657e+03 4.126166376314777673e-01
3.869800000000000182e+03 2.958756267059885431e+03 4.119298807567391973e-01
3.873300000000000182e+03 2.840973730724346296e+03 4.072570231869689916e-01
3.876800000000000182e+03 2.660274615276430723e+03 4.027632134645491302e-01
3.880300000000000182e+03 2.430544410140630589e+03 3.956941513131127519e-01
3.883800000000000182e+03 2.248045384892805032e+03 3.824129661093229604e-01
3.887300000000000182e+03 2.125036307854070401e+03 3.723378929644419744e-01
3.890800000000000182e+03 2.141830655167876557e+03 3.671061862528026132e-01
3.894300000000000182e+03 2.251233464244049173e+03 3.677086608332687523e-01
3.897800000000000182e+03 2.382433466710940138e+03 3.816961508869608499e-01
3.901300000000000182e+03 2.679962488870948164e+03 3.896713796909727079e-01
3.904800000000000182e+03 2.877514287859082287e+03 3.956396928988631934e-01
3.908300000000000182e+03 3.186517587164775250e+03 3.965328248764575791e-01
3.911800000000000182e+03 3.339785371634096464e+03 3.969616369216064644e-01
3.915300000000000182e+03 3.514081587882386884e+03 3.907959423509101415e-01
3.918800000000000182e+03 3.483745911147773313e+03 3.853149111316633846e-01
3.922300000000000182e+03 3.556994890767014567e+03 3.797675638230299522e-01
3.925800000000000182e+03 3.604440812477156669e+03 3.710512051693503621e-01
3.929300000000000182e+03 3.557339905515816099e+03 3.675352195317255211e-01
3.932800000000000182e+03 3.628755048611199072e+03 3.657164259220525016e-01
3.936300000000000182e+03 3.667358396451722001e+03 3.707981490615977482e-01
3.939800000000000182e+03 3.679413402237169521e+03 3.743140960801321082e-01
3.943300000000000182e+03 3.701606206283321171e+03 3.794535774581390686e-01
3.946800000000000182e+03 3.671231719246762623e+03 3.815091647209680747e-01
3.950300000000000182e+03 3.481996070319154569e+03 3.853320946153896420e-01
3.953800000000000182e+03 3.294438392078959168e+03 3.812960958468873396e-01
3.957300000000000182e+03 3.043761321105107982e+03 3.728844238276500245e-01
3.960800000000000182e+03 2.816846903808973821e+03 3.637911295633193820e-01
3.964300000000000182e+03 2.572748043619747932e+03 3.485936441874372682e-01
3.967800000000000182e+03 2.456870945064134048e+03 3.351753727291514329e-01
3.971300000000000182e+03 2.487602377177709513e+03 3.350406603771559078e-01
3.974800000000000182e+03 2.615999579745562187e+03 3.369318645410870894e-01
3.978300000000000182e+03 2.802825548657845957e+03 3.524753568847575069e-01
3.981800000000000182e+03 3.133604374784444644e+03 3.562767185411387372e-01
3.985300000000000182e+03 3.471090451979179761e+03 3.626801118864229068e-01
3.988800000000000182e+03 3.836063113474137936e+03 3.621961805563504444e-01
3.992300000000000182e+03 4.086936446961472484e+03 3.642513451288819648e-01
3.995800000000000182e+03 4.318227087950531313e+03 3.586778162215613075e-01
3.999300000000000182e+03 4.483537117845812645e+03 3.580771926317589116e-01
4.002800000000000182e+03 4.729688214333030373e+03 3.536218338621658352e-01
4.006300000000000182e+03 4.839203147925530175e+03 3.545628900201577283e-01
4.009800000000000182e+03 5.035173502838239983e+03 3.537827608220318054e-01
4.013300000000000182e+03 5.076105911311930868e+03 3.493632510556726745e-01
4.016800000000000182e+03 5.125555681095490399e+03 3.500594147152595870e-01
4.020300000000000182e+03 5.165281563035828185e+03 3.482881871853683031e-01
4.023800000000000182e+03 5.251515850435936954e+03 3.444026321584451877e-01
4.027300000000000182e+03 5.388901160335205532e+03 3.417862462523991729e-01
4.030800000000000182e+03 5.374004088522728125e+03 3.432373278242715209e-01
4.034300000000000182e+03 5.397227901570870017e+03 3.426457981786970031e-01
4.037800000000000182e+03 5.419719932123583931e+03 3.389408880729292139e-01
4.041300000000000182e+03 5.418024784638538222e+03 3.404364075883535290e-01
4.044800000000000182e+03 5.498831476210638357e+03 3.395383344050136865e-01
4.048300000000000182e+03 5.416455008460407953e+03 3.401326910588627350e-01
4.051800000000000182e+03 5.506770194254102535e+03 3.369597702463491551e-01
4.055300000000000182e+03 5.585782413138796073e+03 3.352113777313754372e-01
4.058800000000000182e+03 5.567247790234013337e+03 3.327009140511307250e-01
4.062300000000000182e+03 5.392023228916480548e+03 3.348707035892258821e-01
4.065800000000000182e+03 5.348795122121448912e+03 3.336494538450367475e-01
4.069300000000000182e+03 5.253956586765283646e+03 3.322690922096814270e-01
4.072800000000000182e+03 5.218192170168197663e+03 3.285702472591962575e-01
4.076300000000000182e+03 4.796977398705346786e+03 3.311760150591668284e-01
4.079800000000000182e+03 4.620552353687400682e+03 3.295879485011858345e-01
4.083300000000000182e+03 4.386262662899788666e+03 3.274051661557953463e-01
4.086800000000000182e+03 4.148035429087668490e+03 3.263081789102864616e-01
4.090300000000000182e+03 3.942546688918212567e+03 3.270893377825621617e-01
4.093800000000000182e+03 3.795230378543511961e+03 3.210478260847183796e-01
4.097300000000000182e+03 3.501203638008753842e+03 3.207653721364375765e-01
4.100800000000000182e+03 3.487344033486349417e+03 3.114097884158986140e-01
4.104300000000000182e+03 3.254369258327103580e+03 3.107367520759921620e-01
4.107800000000000182e+03 3.335750958795420956e+03 3.050337648028267901e-01
4.111300000000000182e+03 3.513261076775111633e+03 3.016988723147714380e-01
4.114800000000000182e+03 3.712975406119283434e+03 3.062298279159146874e-01
4.118300000000000182e+03 4.125191933396759850e+03 3.089605765024948103e-01
4.121800000000000182e+03 4.456305591744900084e+03 3.158436310177176187e-01
4.125300000000000182e+03 4.818726006132795192e+03 3.193318378269073277e-01
4.128800000000000182e+03 5.202157947114114904e+03 3.184988605101596870e-01
4.132300000000000182e+03 5.529202085916122087e+03 3.149493191244606694e-01
4.135800000000000182e+03 5.818971328592790996e+03 3.142063438541234377e-01
4.139300000000000182e+03 5.944172122603386015e+03 3.117926385339029882e-01
4.142800000000000182e+03 6.250419120631532678e+03 3.081878324823913995e-01
4.146300000000000182e+03 6.226669403740837879e+03 3.075195445483811518e-01
4.149800000000000182e+03 6.277465990463132584e+03 3.062275257653080951e-01
4.153300000000000182e+03 6.365118650264616917e+03 3.057177158630696723e-01
4.156800000000000182e+03 6.447105719163588219e+03 3.043463772444111592e-01
4.160300000000000182e+03 6.451566475350924520e+03 3.025380554784599108e-01
4.163800000000000182e+03 6.552836595653219774e+03 3.031622512914459167e-01
4.167300000000000182e+03 6.570428557623955385e+03 3.018160504456200433e-01
4.170800000000000182e+03 6.650850805207303893e+03 3.018416706400559035e-01
4.174300000000000182e+03 6.490167085414569556e+03 3.023295881897169468e-01
4.177800000000000182e+03 6.695810412748990530e+03 2.981365016623284681e-01
4.181300000000000182e+03 6.696636690029529746e+03 2.967873605200428977e-01
4.184800000000000182e+03 6.744348891510789144e+03 2.950272417742146325e-01
4.188300000000000182e+03 6.736476869781911773e+03 2.959102800361059771e-01
4.191800000000000182e+03 6.830364392759684961e+03 2.953374665936014942e-01
4.195300000000000182e+03 6.792845838458938488e+03 2.933904959093481257e-01
4.198800000000000182e+03 6.806629704205317466e+03 2.954278977144780272e-01
4.202300000000000182e+03 6.815693779332362283e+03 2.932919134257285787e-01
4.205800000000000182e+03 6.904985247692504345e+03 2.899657290829917855e-01
4.209300000000000182e+03 6.954240070711755834e+03 2.908459861608891917e-01
4.212800000000000182e+03 7.049180485636098638e+03 2.892717275555272693e-01
4.216300000000000182e+03 6.948498722182942402e+03 2.898077998334825378e-01
4.219800000000000182e+03 6.961344947905289700e+03 2.868022058264703134e-01
4.223300000000000182e+03 6.998241579244649074e+03 2.874450665926800985e-01
4.226800000000000182e+03 7.193140767191648592e+03 2.821443197220516175e-01
4.230300000000000182e+03 7.154492630321537945e+03 2.832102278220018921e-01
4.233800000000000182e+03 7.128611682479975570e+03 2.821882222797030826e-01
4.237300000000000182e+03 7.161726669004433461e+03 2.806377584228297306e-01
4.240800000000000182e+03 7.146753613560107624e+03 2.842457376714231931e-01
4.244300000000000182e+03 7.217572863519165367e+03 2.832180813560464805e-01
4.247800000000000182e+03 7.203363258317371219e+03 2.820277639907555756e-01
4.251300000000000182e+03 7.186243195463628581e+03 2.784790148097619489e-01
4.254800000000000182e+03 7.317343561913815392e+03 2.779816202012700965e-01
4.258300000000000182e+03 7.226619891874535824e+03 2.756555824267277188e-01
4.261800000000000182e+03 7.358491432971254653e+03 2.738426609288731051e-01
4.265300000000000182e+03 7.213457440829406551e+03 2.760188046407161533e-01
4.268800000000000182e+03 7.270584419664960478e+03 2.744657780563621863e-01
4.272300000000000182e+03 7.378700348011255301e+03 2.737393789345787254e-01
4.275800000000000182e+03 7.308747747328067817e+03 2.727033757937212810e-01
4.279300000000000182e+03 7.345396157527728064e+03 2.732352492202670402e-01
4.282800000000000182e+03 7.276529006881779424e+03 2.728674010047021370e-01
4.286300000000000182e+03 7.327287582096068945e+03 2.715925121137562348e-01
4.289800000000000182e+03 7.269962569975681618e+03 2.725571114055012623e-01
4.293300000000000182e+03 7.227520730024313707e+03 2.702279211988218299e-01
4.296800000000000182e+03 7.269173614411045492e+03 2.704430662646642447e-01
4.300300000000000182e+03 7.385743970064072528e+03 2.670448932024446775e-01
4.303800000000000182e+03 7.161338130015225943e+03 2.678141006978398964e-01
4.307300000000000182e+03 7.003098228090824705e+03 2.687641541888630692e-01
4.310800000000000182e+03 6.753363372326443823e+03 2.672082728713104371e-01
4.314300000000000182e+03 6.599722521268832679e+03 2.659378381931409296e-01
4.317800000000000182e+03 6.302100931954434600e+03 2.625268033514221444e-01
4.321300000000000182e+03 5.834586410546876323e+03 2.628363865475761840e-01
4.324800000000000182e+03 5.551729009128635880e+03 2.629351992501111068e-01
4.328300000000000182e+03 5.247894227037556448e+03 2.595568418531172816e-01
4.331800000000000182e+03 4.910973274929418039e+03 2.579518414104915447e-01
4.335300000000000182e+03 4.692536278056876654e+03 2.598403940038058191e-01
4.338800000000000182e+03 4.587494521179930416e+03 2.541864560524059180e-01
4.342300000000000182e+03 4.537820388352814916e+03 2.506008029130301074e-01
4.345800000000000182e+03 4.613743923292815452e+03 2.462811621425208541e-01
4.349300000000000182e+03 4.786282766999020168e+03 2.412093168635361662e-01
4.352800000000000182e+03 5.053327177841200864e+03 2.442083826317224815e-01
4.356300000000000182e+03 5.441056853842651435e+03 2.467005934960482538e-01
4.359800000000000182e+03 5.880666992184370429e+03 2.511443745835657548e-01
4.363300000000000182e+03 6.279909275192412679e+03 2.575873627498299068e-01
4.366800000000000182e+03 6.744459640246538584e+03 2.592316491980093951e-01
4.370300000000000182e+03 7.109505562615529016e+03 2.583760238096867723e-01
4.373800000000000182e+03 7.411975414419489425e+03 2.576868861052611925e-01
4.377300000000000182e+03 7.812755123875966092e+03 2.523922123586908595e-01
4.380800000000000182e+03 7.757109536585385285e+03 2.499078413012917610e-01
4.384300000000000182e+03 7.917279468917680788e+03 2.470134907329624152e-01
4.387800000000000182e+03 7.985525986377791014e+03 2.479324775596760122e-01
4.391300000000000182e+03 8.137315597346814684e+03 2.465355783895583075e-01
4.394800000000000182e+03 8.148008003481471860e+03 2.448473631701911513e-01
4.398300000000000182e+03 8.110968503807843263e+03 2.455718177287991022e-01
4.401800000000000182e+03 8.199880143063914147e+03 2.454736074192187256e-01
4.405300000000000182e+03 8.318708067404768371e+03 2.447370286303351128e-01
4.408800000000000182e+03 8.300011718768982973e+03 2.464361470326739689e-01
4.412300000000000182e+03 8.352922446752851101e+03 2.445512670133629107e-01
4.415800000000000182e+03 8.304534352336922893e+03 2.431914042673139209e-01
4.419300000000000182e+03 8.435214653727251061e+03 2.427155910151871931e-01
4.422800000000000182e+03 8.361662856773349631e+03 2.423028903637437503e-01
4.426300000000000182e+03 8.477137646230443352e+03 2.400327589083417756e-01
4.429800000000000182e+03 8.351090099482067671e+03 2.415221882137137122e-01
4.433300000000000182e+03 8.441902000313708413e+03 2.397495454288602057e-01
4.436800000000000182e+03 8.666048215938873909e+03 2.386919706437470867e-01
4.440300000000000182e+03 8.534841626648511010e+03 2.377890060597403765e-01
4.443800000000000182e+03 8.509626794184603568e+03 2.394078318069029487e-01
4.447300000000000182e+03 8.483264966558039305e+03 2.384797544647337120e-01
4.450800000000000182e+03 8.490948057330784650e+03 2.394167201431341707e-01
4.454300000000000182e+03 8.590483902729456531e+03 2.349850658501284884e-01
4.457800000000000182e+03 8.595494190846289712e+03 2.378680208784699213e-01
4.461300000000000182e+03 8.742822597773592861e+03 2.354081775305653101e-01
4.464800000000000182e+03 8.825973481196549983e+03 2.334467187917096398e-01
4.468300000000000182e+03 8.879950490440023714e+03 2.332677137547395640e-01
4.471800000000000182e+03 8.809398825791266063e+03 2.310439133016614632e-01
4.475300000000000182e+03 8.798335461760229009e+03 2.288480589531395881e-01
4.478800000000000182e+03 8.699348905096145245e+03 2.311592492963098766e-01
4.482300000000000182e+03 8.702057028042885577e+03 2.295424995499995291e-01
4.485800000000000182e+03 8.828557177448903531e+03 2.275670967241097131e-01
4.489300000000000182e+03 8.853442632144522577e+03 2.274694610670822126e-01
4.492800000000000182e+03 8.845235460259258616e+03 2.277624395427008119e-01
4.496300000000000182e+03 8.756889130193352685e+03 2.292166842930723758e-01
4.499800000000000182e+03 8.985753701477473442e+03 2.284471224231855169e-01
4.503300000000000182e+03 8.902805780587119443e+03 2.264384980053796848e-01
4.506800000000000182e+03 9.026684714104942032e+03 2.244342181227065303e-01
4.510300000000000182e+03 8.942700023755638540e+03 2.237364285049197599e-01
4.513800000000000182e+03 9.066661180421078825e+03 2.261474754179381708e-01
4.517300000000000182e+03 9.025650467860496065e+03 2.249242949502202049e-01
4.520800000000000182e+03 9.076059480908237674e+03 2.231518421923270878e-01
4.524300000000000182e+03 8.890173261594198266e+03 2.238161501508924567e-01
4.527800000000000182e+03 9.124094100594529664e+03 2.203510451544137272e-01
4.531300000000000182e+03 8.998688564344027327e+03 2.232295239714923440e-01
4.534800000000000182e+03 8.699642531781059006e+03 2.251313909101370914e-01
4.538300000000000182e+03 8.950824364964037159e+03 2.200903411318722580e-01
4.541800000000000182e+03 8.955389415235324122e+03 2.208198629006119240e-01
4.545300000000000182e+03 8.862544560914184331e+03 2.196689025375299642e-01
4.548800000000000182e+03 8.891906553849563352e+03 2.179325510118276243e-01
4.552300000000000182e+03 9.114871832364766306e+03 2.186289760789861258e-01
4.555800000000000182e+03 9.070870929374896150e+03 2.177826786826421168e-01
4.559300000000000182e+03 9.183642337345027045e+03 2.161003543214022049e-01
4.562800000000000182e+03 9.261699745304562384e+03 2.179781852423204602e-01
4.566300000000000182e+03 9.071469457278783011e+03 2.168937024252616252e-01
4.569800000000000182e+03 9.109399313653821082e+03 2.161294764678148572e-01
4.573300000000000182e+03 9.101185106643861218e+03 2.164442275246168945e-01
4.576800000000000182e+03 9.202363857319165618e+03 2.147733040060254006e-01
4.580300000000000182e+03 9.126150054303803699e+03 2.143734935552464027e-01
4.583800000000000182e+03 9.259625971621158897e+03 2.129982014547885105e-01
4.587300000000000182e+03 9.257916640450890554e+03 2.113558878781149342e-01
4.590800000000000182e+03 9.171862018683745191e+03 2.117716680378499694e-01
4.594300000000000182e+03 9.291036274201098422e+03 2.122744613545360648e-01
4.597800000000000182e+03 9.327955987161534722e+03 2.097132720749429191e-01
4.601300000000000182e+03 9.267601618731285271e+03 2.108863065773421974e-01
4.604800000000000182e+03 9.229599930316611790e+03 2.095283212206346390e-01
4.608300000000000182e+03 9.435285233922604675e+03 2.096302957825940672e-01
4.611800000000000182e+03 9.254100192578998758e+03 2.085922791056104564e-01
4.615300000000000182e+03 9.415337124214085634e+03 2.075882661886126745e-01
4.618800000000000182e+03 9.223308291802779422e+03 2.094576580793618137e-01
4.622300000000000182e+03 9.221822580614027174e+03 2.088124090703774305e-01
4.625800000000000182e+03 9.171086566624366242e+03 2.065716277238011933e-01
4.629300000000000182e+03 9.134951203384705877e+03 2.059952238074448660e-01
4.632800000000000182e+03 9.226735197069347123e+03 2.035732499568430054e-01
4.636300000000000182e+03 9.302895270985101888e+03 2.044004858862956964e-01
4.639800000000000182e+03 9.229509107860236327e+03 2.042897870362286317e-01
4.643300000000000182e+03 9.363016021278850531e+03 2.060646343888737630e-01
4.646800000000000182e+03 9.450395567153263983e+03 2.005430222525030892e-01
4.650300000000000182e+03 9.569827618690984309e+03 2.021601717845689927e-01
4.653800000000000182e+03 9.310373758079120307e+03 2.038975620823510748e-01
4.657300000000000182e+03 9.460258708010678674e+03 2.003606609908788749e-01
4.660800000000000182e+03 9.391379592012832290e+03 2.011777421368589613e-01
4.664300000000000182e+03 9.424080642741932024e+03 2.005993156003396394e-01
4.667800000000000182e+03 9.421770300433594457e+03 2.009628000615554244e-01
4.671300000000000182e+03 9.433352719053542387e+03 2.004668917996406674e-01
4.674800000000000182e+03 9.425085687716768007e+03 1.994065446204053016e-01
4.678300000000000182e+03 9.307609151048307467e+03 1.988055064313703768e-01
4.681800000000000182e+03 9.319320058234940007e+03 1.975238704265501188e-01
4.685300000000000182e+03 9.190294712667526255e+03 1.992637729212255182e-01
4.688800000000000182e+03 9.362076437387182523e+03 1.986930209714351803e-01
4.692300000000000182e+03 9.180640665721381083e+03 1.969532784254378055e-01
4.695800000000000182e+03 9.120562921263470344e+03 1.982312681592468262e-01
4.699300000000000182e+03 9.197181556321940661e+03 1.957478380413547603e-01
4.702800000000000182e+03 9.072460256254398701e+03 1.964257128308232736e-01
4.706300000000000182e+03 9.224545877702708822e+03 1.909691244010122968e-01
4.709800000000000182e+03 9.240094577011017464e+03 1.930382238874044643e-01
4.713300000000000182e+03 9.180515986496488040e+03 1.933883426268299954e-01
4.716800000000000182e+03 9.164873590549277651e+03 1.937773385838494344e-01
4.720300000000000182e+03 9.328393056633938613e+03 1.924412467507551350e-01
4.723800000000000182e+03 9.317058541940652503e+03 1.922268537436442326e-01
4.727300000000000182e+03 9.436113347478121796e+03 1.931217276854901299e-01
4.730800000000000182e+03 9.397783342509144859e+03 1.920003252139981798e-01
4.734300000000000182e+03 9.469612195569010510e+03 1.917987665281254417e-01
4.737800000000000182e+03 9.419914210134465975e+03 1.908806318067031715e-01
4.741300000000000182e+03 9.489037861770308155e+03 1.893853012452631768e-01
4.744800000000000182e+03 9.546521515000196814e+03 1.881259971383642815e-01
4.748300000000000182e+03 9.451198118596428685e+03 1.900000273777414372e-01
4.751800000000000182e+03 9.455019175300049028e+03 1.872030208841351517e-01
4.755300000000000182e+03 9.405984531238282216e+03 1.898741487121465565e-01
4.758800000000000182e+03 9.438467339824168448e+03 1.855069160674046869e-01
4.762300000000000182e+03 9.386459802692088488e+03 1.870283847288918833e-01
4.765800000000000182e+03 9.413615299501920163e+03 1.862066112745888458e-01
4.769300000000000182e+03 9.401375500160780575e+03 1.860331791095874987e-01
4.772800000000000182e+03 9.115572204746533316e+03 1.871189077706382209e-01
4.776300000000000182e+03 9.400971859184788627e+03 1.863953315571306169e-01
4.779800000000000182e+03 9.401939019931465737e+03 1.846649020309983624e-01
4.783300000000000182e+03 9.198344345639343373e+03 1.885337188284455789e-01
4.786800000000000182e+03 9.110213471677479902e+03 1.867888210371862756e-01
4.790300000000000182e+03 9.141448531096551960e+03 1.856798391250080726e-01
4.793800000000000182e+03 9.278090041389390535e+03 1.844199444024365031e-01
4.797300000000000182e+03 9.254036501587494058e+03 1.842747958976292677e-01
4.800800000000000182e+03 9.086293355390762372e+03 1.832683714526206209e-01
4.804300000000000182e+03 9.123883197697810829e+03 1.844068931149286661e-01
4.807800000000000182e+03 8.963830731264701171e+03 1.831040208429215443e-01
4.811300000000000182e+03 9.138859341475381370e+03 1.818296615280694806e-01
4.814800000000000182e+03 8.769138471102456606e+03 1.830954002801427338e-01
4.818300000000000182e+03 8.746788139124275403e+03 1.823265496795649643e-01
4.821800000000000182e+03 8.670647249728452152e+03 1.833885327234690832e-01
4.825300000000000182e+03 8.386737367711763000e+03 1.843249455119441993e-01
4.828800000000000182e+03 8.460100065691829514e+03 1.840431720694302720e-01
4.832300000000000182e+03 8.123744903111002714e+03 1.829810155413548467e-01
4.835800000000000182e+03 7.690789345935831989e+03 1.826633826359503887e-01
4.839300000000000182e+03 7.413761779120114625e+03 1.797492133148398674e-01
4.842800000000000182e+03 7.104297930704276041e+03 1.803870203117572124e-01
4.846300000000000182e+03 6.619061595621359629e+03 1.794350945883696202e-01
4.849800000000000182e+03 6.320718364781045238e+03 1.798256982882723842e-01
4.853300000000000182e+03 6.078739534121244105e+03 1.776033879791145131e-01
4.856800000000000182e+03 5.728599803898199752e+03 1.744964522332149159e-01
4.860300000000000182e+03 5.526527139102613546e+03 1.718916486433531010e-01
4.863800000000000182e+03 5.467511616015736763e+03 1.674984569699770054e-01
4.867300000000000182e+03 5.365979370324317642e+03 1.632266910804704430e-01
4.870800000000000182e+03 5.624571140602453852e+03 1.628058325103852177e-01
4.874300000000000182e+03 5.844363139116441744e+03 1.648259116065240171e-01
4.877800000000000182e+03 6.311520106908507842e+03 1.699627656945630894e-01
4.881300000000000182e+03 6.698306460231834535e+03 1.755756452430630443e-01
4.884800000000000182e+03 7.163194856555432125e+03 1.773963292637062150e-01
4.888300000000000182e+03 7.471419904234090609e+03 1.814505844058182937e-01
4.891800000000000182e+03 7.995961156222104364e+03 1.769673251861740293e-01
4.895300000000000182e+03 8.223257130215017241e+03 1.789394602732382322e-01
4.898800000000000182e+03 8.556870389755207725e+03 1.742537179629855826e-01
4.902300000000000182e+03 8.647259622802966987e+03 1.746240808133632250e-01
4.905800000000000182e+03 8.568365829685717472e+03 1.741553211211607499e-01
4.909300000000000182e+03 8.997822442093583959e+03 1.709532734126877340e-01
4.912800000000000182e+03 8.853149232255693278e+03 1.718352346645455053e-01
4.916300000000000182e+03 8.890587499759065395e+03 1.708418417028463865e-01
4.919800000000000182e+03 9.013251589045685250e+03 1.706113112147756294e-01
4.923300000000000182e+03 8.854686906551267384e+03 1.703181961161741864e-01
4.926800000000000182e+03 9.115591894150446024e+03 1.698337384266636885e-01
4.930300000000000182e+03 9.032076177785946129e+03 1.702285313335560601e-01
4.933800000000000182e+03 8.901900936500645912e+03 1.712892474821642863e-01
4.937300000000000182e+03 9.008798261041463775e+03 1.669744197212393866e-01
4.940800000000000182e+03 9.039128381636841368e+03 1.691592924089571903e-01
4.944300000000000182e+03 9.054292408514105773e+03 1.683033896087334780e-01
4.947800000000000182e+03 9.117426659205426404e+03 1.681704254927894049e-01
4.951300000000000182e+03 9.020087090904928118e+03 1.673522876077679911e-01
4.954800000000000182e+03 9.165262476126801630e+03 1.684665060699623018e-01
4.958300000000000182e+03 9.036049879608532137e+03 1.682174884440282847e-01
4.961800000000000182e+03 9.147372664687709403e+03 1.664862193365369558e-01
4.965300000000000182e+03 9.154646770109475256e+03 1.668455674667085331e-01
4.968800000000000182e+03 9.107058993975542762e+03 1.685356261283416923e-01
4.972300000000000182e+03 9.115986548093093006e+03 1.659766883353771538e-01
4.975800000000000182e+03 9.104189713742283857e+03 1.669663927263750069e-01
4.979300000000000182e+03 9.169581087934730022e+03 1.666304048642916202e-01
4.982800000000000182e+03 8.977600009165307711e+03 1.652953967443178684e-01
4.986300000000000182e+03 9.117818838327884805e+03 1.641747644248449933e-01
4.989800000000000182e+03 9.017832212134648216e+03 1.685246888319992253e-01
4.993300000000000182e+03 8.983700654726470020e+03 1.660527948908933349e-01
4.996800000000000182e+03 8.906400155405424812e+03 1.667937500646258508e-01
5.000300000000000182e+03 8.836144315761030157e+03 1.656114552748460533e-01
5.003800000000000182e+03 9.014493924229633194e+03 1.639173772477711399e-01
5.007300000000000182e+03 8.768852290946992071e+03 1.652444659130302695e-01
5.010800000000000182e+03 8.906066222093320903e+03 1.637204360123570290e-01
5.014300000000000182e+03 8.839701414236233177e+03 1.641130406166918243e-01
5.017800000000000182e+03 8.785815948046532867e+03 1.649824136696660948e-01
5.021300000000000182e+03 8.930874643293067493e+03 1.645864891034077848e-01
5.024800000000000182e+03 8.786795705177471973e+03 1.669829306748338016e-01
5.028300000000000182e+03 8.875306041104751785e+03 1.654033132109114790e-01
5.031800000000000182e+03 8.739491721941811193e+03 1.685044144956130696e-01
5.035300000000000182e+03 8.713695790019757624e+03 1.682115250410274876e-01
5.038800000000000182e+03 8.731622344825469554e+03 1.675727552906411677e-01
5.042300000000000182e+03 8.740092602604341664e+03 1.659758514348624869e-01
5.045800000000000182e+03 8.798547108962187849e+03 1.645291400560166817e-01
5.049300000000000182e+03 8.730039922321177073e+03 1.634290678023828103e-01
5.052800000000000182e+03 8.881640940963776302e+03 1.618274177818158632e-01
5.056300000000000182e+03 8.814346318763546151e+03 1.640529638210910524e-01
5.059800000000000182e+03 8.801107978394986276e+03 1.639130654582125479e-01
5.063300000000000182e+03 8.710074565788487234e+03 1.628367138584053131e-01
5.066800000000000182e+03 8.825788468625405585e+03 1.631968058031597890e-01
5.070300000000000182e+03 8.878871816022014173e+03 1.621728434353924830e-01
5.073800000000000182e+03 8.796942479904111678e+03 1.620500658772015823e-01
5.077300000000000182e+03 8.820157842289920154e+03 1.611105881927803463e-01
5.080800000000000182e+03 8.832325143737441977e+03 1.634448698342923223e-01
5.084300000000000182e+03 8.902223194493808478e+03 1.590238381890752561e-01
5.087800000000000182e+03 8.785049575083612581e+03 1.605714618503563118e-01
5.091300000000000182e+03 8.799596305103381383e+03 1.607263330928438427e-01
5.094800000000000182e+03 8.939515077788117196e+03 1.587913014048366322e-01
5.098300000000000182e+03 9.057621204905133709e+03 1.581472322001139796e-01
5.101800000000000182e+03 8.951731334076359417e+03 1.551153805364705873e-01
5.105300000000000182e+03 8.881558627485685065e+03 1.578168270275793483e-01
5.108800000000000182e+03 9.032933641813589929e+03 1.558083873296003119e-01
5.112300000000000182e+03 8.948402470687769892e+03 1.553938629748784495e-01
5.115800000000000182e+03 9.000730306568175365e+03 1.560122183650427818e-01
5.119300000000000182e+03 8.931031338539056378e+03 1.541039443679020349e-01
5.122800000000000182e+03 8.857839695742359254e+03 1.561324737234406623e-01
5.126300000000000182e+03 8.973700284701597411e+03 1.558186739868191450e-01
5.129800000000000182e+03 8.750572781937426043e+03 1.565728111615716511e-01
5.133300000000000182e+03 8.849309454159403685e+03 1.535069850551402659e-01
5.136800000000000182e+03 8.824513160077218345e+03 1.535771981479882031e-01
5.140300000000000182e+03 8.768079302334466774e+03 1.531892464439622570e-01
5.143800000000000182e+03 8.845662546660953012e+03 1.535222412267207293e-01
5.147300000000000182e+03 8.702870612409515161e+03 1.537599926537513984e-01
5.150800000000000182e+03 8.738514000250142999e+03 1.540615356012348947e-01
5.154300000000000182e+03 8.667315595609881711e+03 1.526777684303437521e-01
5.157800000000000182e+03 8.743338280604872125e+03 1.529191295827103392e-01
5.161300000000000182e+03 8.567254198661557894e+03 1.540532370998462242e-01
5.164800000000000182e+03 8.514369284417785821e+03 1.535021588597340614e-01
5.168300000000000182e+03 8.685877513319464924e+03 1.508698092923157208e-01
5.171800000000000182e+03 8.529633199404906918e+03 1.524936645615075081e-01
5.175300000000000182e+03 8.746697006731332294e+03 1.498437917798723651e-01
5.178800000000000182e+03 8.688457110666604422e+03 1.509549109340228012e-01
5.182300000000000182e+03 8.663105885148828747e+03 1.504665365926700638e-01
5.185800000000000182e+03 8.690136639196089163e+03 1.486740444505235403e-01
5.189300000000000182e+03 8.467502053668215012e+03 1.529369783519134718e-01
5.192800000000000182e+03 8.657515455185355677e+03 1.509969110272681714e-01
5.196300000000000182e+03 8.590278174085731735e+03 1.524425735747641231e-01
5.199800000000000182e+03 8.637225403379947238e+03 1.511304570087128041e-01
5.203300000000000182e+03 8.596879225117092574e+03 1.522909372985580545e-01
5.206800000000000182e+03 8.571813426459664697e+03 1.521961059068213939e-01
5.210300000000000182e+03 8.712653952978935195e+03 1.509720246203599403e-01
5.213800000000000182e+03 8.584599108609128962e+03 1.520430882079560619e-01
5.217300000000000182e+03 8.582002091579342959e+03 1.521668770173482121e-01
5.220800000000000182e+03 8.744792328845413067e+03 1.499775980818993382e-01
5.224300000000000182e+03 8.552742559218580936e+03 1.505994509606045917e-01
5.227800000000000182e+03 8.512826700468511262e+03 1.510790042309960723e-01
5.231300000000000182e+03 8.522995201766651007e+03 1.491410883678292720e-01
5.234800000000000182e+03 8.439482900570435959e+03 1.525987160323714897e-01
5.238300000000000182e+03 8.545320000805953896e+03 1.508173710048603677e-01
5.241800000000000182e+03 8.515653139318479589e+03 1.513155868482987942e-01
5.245300000000000182e+03 8.384424547752749277e+03 1.514775882608828117e-01
5.248800000000000182e+03 8.477093229303483895e+03 1.521262909197229340e-01
5.252300000000000182e+03 8.544163486434103106e+03 1.510040338516654979e-01
5.255800000000000182e+03 8.393534006482677796e+03 1.507588114774646992e-01
5.259300000000000182e+03 8.510185882885813044e+03 1.497448875663363321e-01
5.262800000000000182e+03 8.344213244322943865e+03 1.499322848213164305e-01
5.266300000000000182e+03 8.340502088898609145e+03 1.471637817190851738e-01
5.269800000000000182e+03 8.362191821695483668e+03 1.481223662645549666e-01
5.273300000000000182e+03 8.273192197008724179e+03 1.492858562757585772e-01
5.276800000000000182e+03 8.429597825540315171e+03 1.498182655824213394e-01
5.280300000000000182e+03 8.320549088149702584e+03 1.487299824972726503e-01
5.283800000000000182e+03 8.252646606967462503e+03 1.509191599143234752e-01
5.287300000000000182e+03 8.351443006554631211e+03 1.497047343698598987e-01
5.290800000000000182e+03 8.365686952923528224e+03 1.494366257140622711e-01
5.294300000000000182e+03 8.383751704697499008e+03 1.498860985735078200e-01
5.297800000000000182e+03 8.415754053381195263e+03 1.489445773846629351e-01
5.301300000000000182e+03 8.454610875881553511e+03 1.489259868064019277e-01
5.304800000000000182e+03 8.179663175341722308e+03 1.489354690281576576e-01
5.308300000000000182e+03 8.289343178198989335e+03 1.495689152754177409e-01
5.311800000000000182e+03 8.265223581700418436e+03 1.494266819435212112e-01
5.315300000000000182e+03 8.193253569893484382e+03 1.480702812483273567e-01
5.318800000000000182e+03 8.306987073820175283e+03 1.463427959884462670e-01
5.322300000000000182e+03 8.126356690697509293e+03 1.513700684077930458e-01
5.325800000000000182e+03 8.247790737350800555e+03 1.469333410395425588e-01
5.329300000000000182e+03 8.197652787451419499e+03 1.472226401065105383e-01
5.332800000000000182e+03 8.217203135701114661e+03 1.473626549751717030e-01
5.336300000000000182e+03 8.234272728249707143e+03 1.462697056069152401e-01
5.339800000000000182e+03 8.241660659884957568e+03 1.461702524266026704e-01
5.343300000000000182e+03 8.239669460281866122e+03 1.467530859440089042e-01
5.346800000000000182e+03 8.306229800641820475e+03 1.475111670195704272e-01
5.350300000000000182e+03 8.337433474265702898e+03 1.450339327941094214e-01
5.353800000000000182e+03 8.343214243892431114e+03 1.456244678653089153e-01
5.357300000000000182e+03 8.118914937626259416e+03 1.470662348071408998e-01
5.360800000000000182e+03 8.169911974383536290e+03 1.475881700081587145e-01
5.364300000000000182e+03 8.243770396367997819e+03 1.457649164486788107e-01
5.367800000000000182e+03 8.079993042738442455e+03 1.463409961295058792e-01
5.371300000000000182e+03 7.971465281868167040e+03 1.471567740351547859e-01
5.374800000000000182e+03 8.028128147544453896e+03 1.460984467691101019e-01
5.378300000000000182e+03 8.275427487610171738e+03 1.450718152893942792e-01
5.381800000000000182e+03 8.139694461557467548e+03 1.456513613775697047e-01
5.385300000000000182e+03 8.211228923416714679e+03 1.446840092083456208e-01
5.388800000000000182e+03 8.214180394189606886e+03 1.455266308488255833e-01
5.392300000000000182e+03 8.189499533258567681e+03 1.438940203811989726e-01
5.395800000000000182e+03 8.190381470858006651e+03 1.454674073974309978e-01
5.399300000000000182e+03 8.149908458892549788e+03 1.434357092945661161e-01
5.402800000000000182e+03 8.115479502279778899e+03 1.434347421178283066e-01
5.406300000000000182e+03 7.973107720652971693e+03 1.473575001083168301e-01
5.409800000000000182e+03 7.974944141282747296e+03 1.455288168494361656e-01
5.413300000000000182e+03 7.943070284680297846e+03 1.441423532566201704e-01
5.416800000000000182e+03 8.037196527942722241e+03 1.448349289587348154e-01
5.420300000000000182e+03 7.810864468077496895e+03 1.459384096417192245e-01
5.423800000000000182e+03 7.931213754286100084e+03 1.453761544942377970e-01
5.427300000000000182e+03 7.838137151861135862e+03 1.470658494913838210e-01
5.430800000000000182e+03 7.906512581436092660e+03 1.466920436949769313e-01
5.434300000000000182e+03 7.937092974616577521e+03 1.438292836046889123e-01
5.437800000000000182e+03 7.854061786538982233e+03 1.459278084624040239e-01
5.441300000000000182e+03 7.999861949593312602e+03 1.444890171750277119e-01
5.444800000000000182e+03 7.950193875885529451e+03 1.429708004408016264e-01
5.448300000000000182e+03 7.766403129082310443e+03 1.461291288393356813e-01
5.451800000000000182e+03 7.771015236016468407e+03 1.434071400118647754e-01
5.455300000000000182e+03 7.825215468090105787e+03 1.447225516118685051e-01
5.458800000000000182e+03 7.717396053725428828e+03 1.427992132770966316e-01
5.462300000000000182e+03 7.870098390051051865e+03 1.436759403830580595e-01
5.465800000000000182e+03 7.800565533836749637e+03 1.430228397736243995e-01
5.469300000000000182e+03 7.809474849333902057e+03 1.420145881626784512e-01
5.472800000000000182e+03 7.885345347361349013e+03 1.415459231677668461e-01
5.476300000000000182e+03 7.807126166186220871e+03 1.428815981671807678e-01
5.479800000000000182e+03 7.776530822154460111e+03 1.428146183431201754e-01
5.483300000000000182e+03 7.701439804938694579e+03 1.438847187712382347e-01
5.486800000000000182e+03 7.677711564265638117e+03 1.415245078731735551e-01
5.490300000000000182e+03 7.777636529495809555e+03 1.418647657510598570e-01
5.493800000000000182e+03 7.869328760086676994e+03 1.409037046258226900e-01
5.497300000000000182e+03 7.750706612338599371e+03 1.413449126959632762e-01
5.500800000000000182e+03 7.785488684998742428e+03 1.430386232137378366e-01
5.504300000000000182e+03 7.704656767268405929e+03 1.407896565006701850e-01
5.507800000000000182e+03 7.674108707497243813e+03 1.417665357262156145e-01
5.511300000000000182e+03 7.752934781883604956e+03 1.399786805764066389e-01
5.514800000000000182e+03 7.589688559605857336e+03 1.412305499487649940e-01
5.518300000000000182e+03 7.758884552421562148e+03 1.379944082319791709e-01
5.521800000000000182e+03 7.599934185613777117e+03 1.406768774567485891e-01
5.525300000000000182e+03 7.793941842785739027e+03 1.401142305824029377e-01
5.528800000000000182e+03 7.684936579679078932e+03 1.406945775376111651e-01
5.532300000000000182e+03 7.658465720752553352e+03 1.413421472505724807e-01
5.535800000000000182e+03 7.551519412137462496e+03 1.405155345322010862e-01
5.539300000000000182e+03 7.748484638480207650e+03 1.381249742920337142e-01
5.542800000000000182e+03 7.546174750527122342e+03 1.397481808247991175e-01
5.546300000000000182e+03 7.676804465438737680e+03 1.401827324836637245e-01
5.549800000000000182e+03 7.545307098145030068e+03 1.391068220578496883e-01
5.553300000000000182e+03 7.635243697487831923e+03 1.389333399824677628e-01
5.556800000000000182e+03 7.451231979213892373e+03 1.408125635827296163e-01
5.560300000000000182e+03 7.540700800573703418e+03 1.385007940241800295e-01
5.563800000000000182e+03 7.607760656182032108e+03 1.387718178485770892e-01
5.567300000000000182e+03 7.628754595200589392e+03 1.393254133748911827e-01
5.570800000000000182e+03 7.585471466484910707e+03 1.385869934262676795e-01
5.574300000000000182e+03 7.600786426020299587e+03 1.383433766319564495e-01
5.577800000000000182e+03 7.497383048078128013e+03 1.388203772185923335e-01
5.581300000000000182e+03 7.544051597126684101e+03 1.384701878681834641e-01
5.584800000000000182e+03 7.498524537447659895e+03 1.398131271745761961e-01
5.588300000000000182e+03 7.483773896888164927e+03 1.400815032071933697e-01
5.591800000000000182e+03 7.508640087425515958e+03 1.398263151783244174e-01
5.595300000000000182e+03 7.340786787573867514e+03 1.417359851739835586e-01
5.598800000000000182e+03 7.440039309462445999e+03 1.412559709998323088e-01
5.602300000000000182e+03 7.432694210093984111e+03 1.411956059047919099e-01
5.605800000000000182e+03 7.372797888638912809e+03 1.427747933115085244e-01
5.609300000000000182e+03 7.390978414223364780e+03 1.382794433821600832e-01
5.612800000000000182e+03 7.544605296846257261e+03 1.385857828456312502e-01
5.616300000000000182e+03 7.308663535646957826e+03 1.396928845925079210e-01
5.619800000000000182e+03 7.365892815217891439e+03 1.411310758298007229e-01
5.623300000000000182e+03 7.463755397285177423e+03 1.389725597405396251e-01
5.626800000000000182e+03 7.371032707376331018e+03 1.389103327083853479e-01
5.630300000000000182e+03 7.389964175301985051e+03 1.420677167556234632e-01
5.633800000000000182e+03 7.347974119902071834e+03 1.389934329566735460e-01
5.637300000000000182e+03 7.222261654851684398e+03 1.405347810628854721e-01
5.640800000000000182e+03 7.427990791959942726e+03 1.383838016700550400e-01
5.644300000000000182e+03 7.284967336210291251e+03 1.400666167616809177e-01
5.647800000000000182e+03 7.361953065764007988e+03 1.380235497462563299e-01
5.651300000000000182e+03 7.240225013042778301e+03 1.395443027312738282e-01
5.654800000000000182e+03 7.415298648242942363e+03 1.391593501277906264e-01
5.658300000000000182e+03 7.163509156043618532e+03 1.395399722354557226e-01
5.661800000000000182e+03 7.157456299121085067e+03 1.422249152884473844e-01
5.665300000000000182e+03 7.273340056935401662e+03 1.411108755624515543e-01
5.668800000000000182e+03 7.096620657137465969e+03 1.399698447949134505e-01
5.672300000000000182e+03 7.087727689903384089e+03 1.440778828798798261e-01
5.675800000000000182e+03 7.082109013895922544e+03 1.430309231967776817e-01
5.679300000000000182e+03 7.089533573128241187e+03 1.416136717815799639e-01
5.682800000000000182e+03 7.243908239941784814e+03 1.404311779185672959e-01
5.686300000000000182e+03 7.089245480967641925e+03 1.430359827285257734e-01
5.689800000000000182e+03 7.054811353518676697e+03 1.430348870778971881e-01
5.693300000000000182e+03 7.018191402594989995e+03 1.412034052987347632e-01
5.696800000000000182e+03 7.181426668374182555e+03 1.443832270008980623e-01
5.700300000000000182e+03 6.990717042494781708e+03 1.403683296210021525e-01
5.703800000000000182e+03 7.057558516820479781e+03 1.408169711892860720e-01
5.707300000000000182e+03 7.008890318938751079e+03 1.402489144154411560e-01
5.710800000000000182e+03 7.143227968821359354e+03 1.405835232369449239e-01
5.714300000000000182e+03 7.036862012836664690e+03 1.404148757740816544e-01
5.717800000000000182e+03 7.057402242743964962e+03 1.396494181835767623e-01
5.721300000000000182e+03 6.997452762697618709e+03 1.433586710498669370e-01
5.724800000000000182e+03 6.976778008792554829e+03 1.401580952710931305e-01
5.728300000000000182e+03 7.006279245168835587e+03 1.407830914133729183e-01
5.731800000000000182e+03 7.006704483926413559e+03 1.391128333644230664e-01
5.735300000000000182e+03 6.918873042438725861e+03 1.387340159105641679e-01
5.738800000000000182e+03 6.924170389619869638e+03 1.399780537412488313e-01
5.742300000000000182e+03 6.990327498644892330e+03 1.385468628545109548e-01
5.745800000000000182e+03 6.970081364454175855e+03 1.402605303919515489e-01
5.749300000000000182e+03 6.887728251764507149e+03 1.369321517642218267e-01
5.752800000000000182e+03 6.954528927008842402e+03 1.381274871435954898e-01
5.756300000000000182e+03 6.951707853479122605e+03 1.372925463998901641e-01
5.759800000000000182e+03 6.871037128817734811e+03 1.387661730246433911e-01
5.763300000000000182e+03 6.943037080941001477e+03 1.364269031219924322e-01
5.766800000000000182e+03 6.962553004801894531e+03 1.346266960002772684e-01
5.770300000000000182e+03 6.982269203661944630e+03 1.379379423799995119e-01
5.773800000000000182e+03 7.046710330917895590e+03 1.364526714475186309e-01
5.777300000000000182e+03 6.898425736561677695e+03 1.359548949579570953e-01
5.780800000000000182e+03 6.844158445961672442e+03 1.352801681086353291e-01
5.784300000000000182e+03 7.014904709933585764e+03 1.333676966532968133e-01
5.787800000000000182e+03 6.904510670862790903e+03 1.348376860341689853e-01
5.791300000000000182e+03 6.954496409094112096e+03 1.326978744873011651e-01
5.794800000000000182e+03 6.862156785127798685e+03 1.342553776730510684e-01
5.798300000000000182e+03 6.841303726573535641e+03 1.320489894806853581e-01
5.801800000000000182e+03 6.836149257290478999e+03 1.348271306551544479e-01
5.805300000000000182e+03 6.868928867133390668e+03 1.329911606199861984e-01
5.808800000000000182e+03 6.866141409953887887e+03 1.323592914133804865e-01
5.812300000000000182e+03 6.815164934764208738e+03 1.329248808958356509e-01
5.815800000000000182e+03 6.947656191869812574e+03 1.304670911856264937e-01
5.819300000000000182e+03 6.830655163354063006e+03 1.315793278723458859e-01
5.822800000000000182e+03 6.785493975749087440e+03 1.313587678062164421e-01
5.826300000000000182e+03 6.749174480051776300e+03 1.332929995151568014e-01
5.829800000000000182e+03 6.735600874387592739e+03 1.320578129358817576e-01
5.833300000000000182e+03 6.766821583287747671e+03 1.318491478273932649e-01
5.836800000000000182e+03 6.674331847809104147e+03 1.319985970041357703e-01
5.840300000000000182e+03 6.772733617512606543e+03 1.286776439606197031e-01
5.843800000000000182e+03 6.627576564074937778e+03 1.321505854706597760e-01
5.847300000000000182e+03 6.936478131930196469e+03 1.278564453552390456e-01
5.850800000000000182e+03 6.710351182187625454e+03 1.317782093391053899e-01
5.854300000000000182e+03 6.711779495954449885e+03 1.314932360643330800e-01
5.857800000000000182e+03 6.688387186682421998e+03 1.294447815579384264e-01
5.861300000000000182e+03 6.670774664791389114e+03 1.309344741039887294e-01
5.864800000000000182e+03 6.808499241450403133e+03 1.313901512274613659e-01
5.868300000000000182e+03 6.657002433626806123e+03 1.302178011519850576e-01
5.871800000000000182e+03 6.460348473056983494e+03 1.319921425729523312e-01
5.875300000000000182e+03 6.405995160758497150e+03 1.345790987911084924e-01
5.878800000000000182e+03 6.409817759767914140e+03 1.363188305982654391e-01
5.882300000000000182e+03 6.278867727244819434e+03 1.418224483477243392e-01
5.885800000000000182e+03 6.104310440629199547e+03 1.422066700357547675e-01
5.889300000000000182e+03 5.906811115824923036e+03 1.453021251632510835e-01
5.892800000000000182e+03 6.042631568601477738e+03 1.454529153386949769e-01
5.896300000000000182e+03 6.031594082796478688e+03 1.462556705520688949e-01
5.899800000000000182e+03 6.041578804124052112e+03 1.443730095697698113e-01
5.903300000000000182e+03 6.042024768793024123e+03 1.439846010429794709e-01
5.906800000000000182e+03 6.010740675755781922e+03 1.443398703259698157e-01
5.910300000000000182e+03 6.047828976235708978e+03 1.431324495364582894e-01
5.913800000000000182e+03 5.919588986152544749e+03 1.448825680925183434e-01
5.917300000000000182e+03 5.870370137801677629e+03 1.447252133059420964e-01
5.920800000000000182e+03 5.944916152026537929e+03 1.426784108347129154e-01
5.924300000000000182e+03 5.876444719296368021e+03 1.444070197825909063e-01
5.927800000000000182e+03 6.041905732276371054e+03 1.409840314962554630e-01
5.931300000000000182e+03 6.005583986202203050e+03 1.406868076469782181e-01
5.934800000000000182e+03 5.946870526183625770e+03 1.417181847589464860e-01
5.938300000000000182e+03 5.915089141943900358e+03 1.407378213769019948e-01
5.941800000000000182e+03 5.805465878539915138e+03 1.409376040941587305e-01
5.945300000000000182e+03 5.739662280059460500e+03 1.436788993401245940e-01
5.948800000000000182e+03 5.781278851091611614e+03 1.428079904721924753e-01
5.952300000000000182e+03 5.782388549792571212e+03 1.419998903008536373e-01
5.955800000000000182e+03 5.887647780903990679e+03 1.394449170430885621e-01
5.959300000000000182e+03 5.847484352856191435e+03 1.385297523027273492e-01
5.962800000000000182e+03 5.856285562748789744e+03 1.361071927231410073e-01
5.966300000000000182e+03 5.795799128662204566e+03 1.382598813523587822e-01
5.969800000000000182e+03 5.728724782991047505e+03 1.375892321116915507e-01
5.973300000000000182e+03 5.916429394335276811e+03 1.343741581886905290e-01
5.976800000000000182e+03 5.734776969475989063e+03 1.341145047362373444e-01
5.980300000000000182e+03 5.694148572654658892e+03 1.349397177024917460e-01
5.983800000000000182e+03 5.753538117566621622e+03 1.345718959655318181e-01
5.987300000000000182e+03 5.711570368253313973e+03 1.334549127232451948e-01
5.990800000000000182e+03 5.781585091541004658e+03 1.349704031692178230e-01
5.994300000000000182e+03 5.747316690160467260e+03 1.324026689468042473e-01
5.997800000000000182e+03 5.655973419065695452e+03 1.309446033654260155e-01
