# wavelength angstroms, flux, ext coeff
5.551500000000000000e+03 6.522796383496445742e+03 1.532198033607451160e-01
5.558500000000000000e+03 6.673781564190851896e+03 1.480420836144223096e-01
5.565500000000000000e+03 6.871834368829978303e+03 1.416963448291848893e-01
5.572500000000000000e+03 6.984532422398458948e+03 1.386019876166378062e-01
5.579500000000000000e+03 6.954562791938815280e+03 1.400217396915829082e-01
5.586500000000000000e+03 7.036631059791054213e+03 1.400350916958855441e-01
5.593500000000000000e+03 7.061093334476978271e+03 1.381027109547866005e-01
5.600500000000000000e+03 7.139627997608267833e+03 1.401330214695896415e-01
5.607500000000000000e+03 7.201147193945823346e+03 1.391464409868031493e-01
5.614500000000000000e+03 7.204453079033586619e+03 1.374957590497689619e-01
5.621500000000000000e+03 7.208119892111714762e+03 1.414627977689497107e-01
5.628500000000000000e+03 7.289711495207939151e+03 1.375387705339375377e-01
5.635500000000000000e+03 7.270394164515481862e+03 1.415244550950354452e-01
5.642500000000000000e+03 7.355790510529997846e+03 1.417114325269351049e-01
5.649500000000000000e+03 7.370213416238814716e+03 1.392683344130036249e-01
5.656500000000000000e+03 7.483930328707224362e+03 1.387176536519611481e-01
5.663500000000000000e+03 7.507258743536907787e+03 1.380968068160398354e-01
5.670500000000000000e+03 7.565039687141904324e+03 1.402770183298816531e-01
5.677500000000000000e+03 7.487290854087947992e+03 1.429208478764502632e-01
5.684500000000000000e+03 7.512657004064125431e+03 1.427616855539599050e-01
5.691500000000000000e+03 7.640123587019088518e+03 1.413714575962615738e-01
5.698500000000000000e+03 7.588136984443077381e+03 1.417570589473068909e-01
5.705500000000000000e+03 7.620998824399690420e+03 1.392529466344176459e-01
5.712500000000000000e+03 7.602403859670413112e+03 1.388223207008557059e-01
5.719500000000000000e+03 7.709034015010124676e+03 1.409217279111441290e-01
5.726500000000000000e+03 7.710059766521615529e+03 1.413370386675714130e-01
5.733500000000000000e+03 7.757959255176114311e+03 1.404904898971604255e-01
5.740500000000000000e+03 7.743715863858876219e+03 1.397960735202485316e-01
5.747500000000000000e+03 7.733745712622018800e+03 1.384278047088028096e-01
5.754500000000000000e+03 7.809194672508505391e+03 1.395582488123712217e-01
5.761500000000000000e+03 7.895236793580829726e+03 1.370151208234717810e-01
5.768500000000000000e+03 7.891542925566444865e+03 1.363968258332286243e-01
5.775500000000000000e+03 7.901302785294133173e+03 1.368384507751864154e-01
5.782500000000000000e+03 7.919168695285048670e+03 1.349695726508504667e-01
5.789500000000000000e+03 7.891700968836657012e+03 1.342630226715234854e-01
5.796500000000000000e+03 8.031820008973369113e+03 1.339014190596701515e-01
5.803500000000000000e+03 7.975838935945797857e+03 1.335502634617544426e-01
5.810500000000000000e+03 8.020678372105496237e+03 1.318223524004117353e-01
5.817500000000000000e+03 7.946227458635002222e+03 1.333945860772893510e-01
5.824500000000000000e+03 8.090069859947580881e+03 1.317070847479144546e-01
5.831500000000000000e+03 8.103428383199970085e+03 1.306217652503754156e-01
5.838500000000000000e+03 8.030553645031003725e+03 1.307945350443927568e-01
5.845500000000000000e+03 8.022759379494312270e+03 1.301365525176956806e-01
5.852500000000000000e+03 8.094439984467908289e+03 1.288182700139592629e-01
5.859500000000000000e+03 8.026918007407602090e+03 1.317380966502592343e-01
5.866500000000000000e+03 7.970801371498065237e+03 1.310134266868735187e-01
5.873500000000000000e+03 7.865991861666662771e+03 1.364347148467901782e-01
5.880500000000000000e+03 7.874238171477152719e+03 1.379212750112898400e-01
5.887500000000000000e+03 7.913140053902546242e+03 1.407601178200493797e-01
5.894500000000000000e+03 7.861004902559692709e+03 1.428383178190530123e-01
5.901500000000000000e+03 7.773338243331138983e+03 1.447369116190896643e-01
5.908500000000000000e+03 7.862798069834740090e+03 1.451749638323065195e-01
5.915500000000000000e+03 7.874118385354027851e+03 1.436406864985156906e-01
5.922500000000000000e+03 7.840360231834988554e+03 1.441146823843335867e-01
5.929500000000000000e+03 7.922378117926417872e+03 1.423815321371706411e-01
5.936500000000000000e+03 7.796745504046880342e+03 1.442019008247067968e-01
5.943500000000000000e+03 7.802881074609849748e+03 1.400653386852399318e-01
5.950500000000000000e+03 7.864496992712621250e+03 1.410565377957750388e-01
5.957500000000000000e+03 7.881772988047700892e+03 1.408456119708204335e-01
5.964500000000000000e+03 7.922656331183296061e+03 1.384839655418179383e-01
5.971500000000000000e+03 7.877728127202398355e+03 1.376109844455778164e-01
5.978500000000000000e+03 7.920427352708873514e+03 1.334965925866659908e-01
5.985500000000000000e+03 7.949268427125156450e+03 1.333436897187716963e-01
5.992500000000000000e+03 7.938086494901108381e+03 1.325362738131327656e-01
5.999500000000000000e+03 8.009526470697743207e+03 1.306415992982771224e-01
6.006500000000000000e+03 8.056073747556340095e+03 1.289123390480226006e-01
6.013500000000000000e+03 8.016489582839403738e+03 1.280404310035372362e-01
6.020500000000000000e+03 7.996927556244013431e+03 1.279191056818684002e-01
6.027500000000000000e+03 8.094164402498168783e+03 1.273433533436637566e-01
6.034500000000000000e+03 8.037507112625054106e+03 1.269638394044362295e-01
6.041500000000000000e+03 8.013331660916021974e+03 1.259153338433396108e-01
6.048500000000000000e+03 7.988060544298545210e+03 1.263789229022375116e-01
6.055500000000000000e+03 8.055052736032263965e+03 1.247697791187789423e-01
6.062500000000000000e+03 7.951568282027427813e+03 1.263737816533483660e-01
6.069500000000000000e+03 8.051380973181443551e+03 1.242012863727610938e-01
6.076500000000000000e+03 8.033842459818764837e+03 1.224844315771583952e-01
6.083500000000000000e+03 8.106335817078274886e+03 1.212306111972037831e-01
6.090500000000000000e+03 8.078544593632323995e+03 1.193929139707153725e-01
6.097500000000000000e+03 8.023389519486518111e+03 1.201474367983325908e-01
6.104500000000000000e+03 8.009970706705038538e+03 1.199254342805782525e-01
6.111500000000000000e+03 7.997200080517275637e+03 1.179078356382379372e-01
6.118500000000000000e+03 8.068935692031202052e+03 1.187621705301225433e-01
6.125500000000000000e+03 8.017097574436992545e+03 1.182924055446098466e-01
6.132500000000000000e+03 8.042388176205417949e+03 1.154439467239980338e-01
6.139500000000000000e+03 7.992066075737763640e+03 1.146981521588812114e-01
6.146500000000000000e+03 8.048145853627264842e+03 1.135226481992888253e-01
6.153500000000000000e+03 7.971966958914958013e+03 1.137607025391054183e-01
6.160500000000000000e+03 7.991758860426728461e+03 1.125169530773647703e-01
6.167500000000000000e+03 7.918364949437521318e+03 1.128988470781887438e-01
6.174500000000000000e+03 8.051528475220704422e+03 1.100866276620843381e-01
6.181500000000000000e+03 8.080895073801455510e+03 1.090882136447393902e-01
6.188500000000000000e+03 8.006095734140084460e+03 1.100617112119885721e-01
6.195500000000000000e+03 8.082196667179666292e+03 1.087116737859238486e-01
6.202500000000000000e+03 8.003232583789293130e+03 1.107883333611521387e-01
6.209500000000000000e+03 8.052331800017070236e+03 1.066571709431761578e-01
6.216500000000000000e+03 7.942943192692304365e+03 1.067830525327523594e-01
6.223500000000000000e+03 7.968627291402078299e+03 1.083766773224707491e-01
6.230500000000000000e+03 8.030855436920114698e+03 1.063821201942410921e-01
6.237500000000000000e+03 8.017367829052946945e+03 1.043309960692297145e-01
6.244500000000000000e+03 7.983274620864873214e+03 1.018112169401550471e-01
6.251500000000000000e+03 7.911515808023490536e+03 1.035913177420673265e-01
6.258500000000000000e+03 7.917894930040072722e+03 1.083256989011136123e-01
6.265500000000000000e+03 7.820724850242296270e+03 1.098836143758729345e-01
6.272500000000000000e+03 7.785619066824709080e+03 1.121023364154342672e-01
6.279500000000000000e+03 7.734733169725375774e+03 1.110915137689450355e-01
6.286500000000000000e+03 7.652292557957007375e+03 1.135157091071188618e-01
6.293500000000000000e+03 7.675100423500078250e+03 1.108499545687931243e-01
6.300500000000000000e+03 7.791447652414270124e+03 1.079284663523333576e-01
6.307500000000000000e+03 7.825224679859386924e+03 1.050699096524398413e-01
6.314500000000000000e+03 7.895138539608254177e+03 1.033269033841050233e-01
6.321500000000000000e+03 7.842451616416446996e+03 1.020545024004465423e-01
6.328500000000000000e+03 7.813402118817321934e+03 1.016639055542091913e-01
6.335500000000000000e+03 7.818672268015184272e+03 1.003020227879189846e-01
6.342500000000000000e+03 7.809178200022407509e+03 9.715882126324237866e-02
6.349500000000000000e+03 7.784514184375990226e+03 9.604638812077759269e-02
6.356500000000000000e+03 7.770721614268995836e+03 9.599762660412705650e-02
6.363500000000000000e+03 7.877104886014804833e+03 9.483252459218668995e-02
6.370500000000000000e+03 7.773561620042029062e+03 9.324050476411688271e-02
6.377500000000000000e+03 7.837999318117185794e+03 9.470235195528298178e-02
6.384500000000000000e+03 7.819982169297632026e+03 9.532635219152889305e-02
6.391500000000000000e+03 7.892339644604641762e+03 9.176404781077089623e-02
6.398500000000000000e+03 7.893959778000293227e+03 9.213467377141008885e-02
6.405500000000000000e+03 7.804873919819233379e+03 9.137474427722394599e-02
6.412500000000000000e+03 7.854757665344754969e+03 9.021390137777637874e-02
6.419500000000000000e+03 7.790881259637139010e+03 9.227746635438321965e-02
6.426500000000000000e+03 7.859977728030818980e+03 9.098875702491567019e-02
6.433500000000000000e+03 7.813111840173311975e+03 9.127395752781053417e-02
6.440500000000000000e+03 7.797087897628084647e+03 8.960969897172323118e-02
6.447500000000000000e+03 7.874302969116587519e+03 8.907057798361052436e-02
6.454500000000000000e+03 7.730218485553291430e+03 9.410684280055824080e-02
6.461500000000000000e+03 7.831485465620366085e+03 9.322640704932613764e-02
6.468500000000000000e+03 7.607963385988862683e+03 9.695983030740784603e-02
6.475500000000000000e+03 7.571466916557869808e+03 9.665881983742181938e-02
6.482500000000000000e+03 7.562441159323167085e+03 9.830146497631570002e-02
6.489500000000000000e+03 7.560039674354388808e+03 9.744618474179221612e-02
6.496500000000000000e+03 7.742850956636478259e+03 9.304116448738780631e-02
6.503500000000000000e+03 7.593066523962509564e+03 9.606743684765632618e-02
6.510500000000000000e+03 7.633913763443249081e+03 9.427352991278512007e-02
6.517500000000000000e+03 7.504235921747908833e+03 9.448813080986223634e-02
6.524500000000000000e+03 7.508664743477293996e+03 9.676763877491355303e-02
6.531500000000000000e+03 7.348752340703712434e+03 9.555755763565988714e-02
6.538500000000000000e+03 7.253757393312349450e+03 9.331749286767307416e-02
6.545500000000000000e+03 6.988863510355007747e+03 9.196220663366161396e-02
6.552500000000000000e+03 6.729709471528954055e+03 8.609732838193108473e-02
6.559500000000000000e+03 6.552165269013092257e+03 7.275751272340383324e-02
6.566500000000000000e+03 6.388807586404820540e+03 6.409496777772284715e-02
6.573500000000000000e+03 6.476611529063127819e+03 6.723671644463630193e-02
6.580500000000000000e+03 6.776466287963548893e+03 7.520191319476622616e-02
6.587500000000000000e+03 7.050609295132633633e+03 8.789654448791604791e-02
6.594500000000000000e+03 7.361161216590934600e+03 8.842519304060507401e-02
6.601500000000000000e+03 7.564155633140393547e+03 8.686731511284428997e-02
6.608500000000000000e+03 7.607204312162835777e+03 8.257933002600684191e-02
6.615500000000000000e+03 7.552556770042003336e+03 7.988095585348206629e-02
6.622500000000000000e+03 7.619215975156841523e+03 7.719172848345073890e-02
6.629500000000000000e+03 7.694492052734035497e+03 7.515291962471155884e-02
6.636500000000000000e+03 7.680632200811349321e+03 7.699509910809476665e-02
6.643500000000000000e+03 7.648247668237856487e+03 7.694505444401428251e-02
6.650500000000000000e+03 7.683521448713327118e+03 7.428905909871479085e-02
6.657500000000000000e+03 7.517211876499897699e+03 7.486256814799738257e-02
6.664500000000000000e+03 7.543328463273460329e+03 7.371581242007071988e-02
6.671500000000000000e+03 7.598045325891601351e+03 7.360299482888559008e-02
6.678500000000000000e+03 7.576251867697989837e+03 7.279608604984939835e-02
6.685500000000000000e+03 7.556782738489268922e+03 7.248398961678458041e-02
6.692500000000000000e+03 7.540640434399476362e+03 7.281113217173307284e-02
6.699500000000000000e+03 7.511525774606981031e+03 7.155494001278010774e-02
6.706500000000000000e+03 7.501244584817146460e+03 7.096650286548983333e-02
6.713500000000000000e+03 7.500741195332985626e+03 7.329900881342046870e-02
6.720500000000000000e+03 7.595850107947018842e+03 6.976249749438881431e-02
6.727500000000000000e+03 7.514202683472158242e+03 7.184748910924053378e-02
6.734500000000000000e+03 7.473981458160392322e+03 6.982545370924020389e-02
6.741500000000000000e+03 7.465329879346099915e+03 6.987804144899648073e-02
6.748500000000000000e+03 7.490589618897784021e+03 6.900744199323839700e-02
6.755500000000000000e+03 7.450647910546023013e+03 6.779717403325358216e-02
6.762500000000000000e+03 7.405560465205066066e+03 6.958715706795889910e-02
6.769500000000000000e+03 7.414386437079429925e+03 6.989618168230392337e-02
6.776500000000000000e+03 7.385216463930523787e+03 6.847342931413352707e-02
6.783500000000000000e+03 7.437054752713538619e+03 6.859328910152771852e-02
6.790500000000000000e+03 7.359984680539177134e+03 6.567625217065514720e-02
6.797500000000000000e+03 7.417390465426126866e+03 6.710952752016037526e-02
6.804500000000000000e+03 7.357105115496038707e+03 6.686921996531894341e-02
6.811500000000000000e+03 7.318151089658723322e+03 6.605037004858523020e-02
6.818500000000000000e+03 7.300608927597495494e+03 6.617070840895400430e-02
6.825500000000000000e+03 7.296796809163227408e+03 6.584286748287701552e-02
6.832500000000000000e+03 7.300458194735816505e+03 6.536407061585965128e-02
6.839500000000000000e+03 7.269037672753999686e+03 6.816693637596035749e-02
6.846500000000000000e+03 7.156041940709145820e+03 7.672078376915378306e-02
6.853500000000000000e+03 6.927726966188670303e+03 8.828287423581626658e-02
6.860500000000000000e+03 6.502949555335194418e+03 9.804754493777013968e-02
6.867500000000000000e+03 6.055556924576299025e+03 9.474376755250116244e-02
6.874500000000000000e+03 5.837028676765760792e+03 1.020813341731056090e-01
6.881500000000000000e+03 5.857401985048875758e+03 1.187955343049573176e-01
6.888500000000000000e+03 5.936232481265915339e+03 1.211371564603092449e-01
6.895500000000000000e+03 6.036426043807317001e+03 1.107996967079178940e-01
6.902500000000000000e+03 6.171826945693981543e+03 1.029712931550445243e-01
6.909500000000000000e+03 6.327985612090631548e+03 1.018046275822831054e-01
6.916500000000000000e+03 6.456711967751095472e+03 9.527260077751124878e-02
6.923500000000000000e+03 6.512662469873625014e+03 9.635180663919377941e-02
6.930500000000000000e+03 6.565580988733140657e+03 9.077938516591216311e-02
6.937500000000000000e+03 6.539397838475276330e+03 8.992214858297382929e-02
6.944500000000000000e+03 6.562481051170477258e+03 8.978391706061904232e-02
6.951500000000000000e+03 6.605050641852973968e+03 8.545782780748657770e-02
6.958500000000000000e+03 6.720402278060835670e+03 8.037281364697464181e-02
6.965500000000000000e+03 6.714519758045166782e+03 7.742923598360054727e-02
6.972500000000000000e+03 6.776596963587529899e+03 7.539594930299879649e-02
6.979500000000000000e+03 6.722884758102480191e+03 7.431063111314806235e-02
6.986500000000000000e+03 6.669156042594645442e+03 7.563935526894566275e-02
6.993500000000000000e+03 6.677395014840151816e+03 7.418765966060840433e-02
7.000500000000000000e+03 6.679234809968572335e+03 7.823419584490505507e-02
7.007500000000000000e+03 6.622473296282908450e+03 7.837138477092198130e-02
7.014500000000000000e+03 6.574048148788991057e+03 7.909228912264917866e-02
7.021500000000000000e+03 6.596745106403916907e+03 7.503024292121293626e-02
7.028500000000000000e+03 6.586942087775591972e+03 7.478592303651278306e-02
7.035500000000000000e+03 6.621644242509180913e+03 6.968058145293662409e-02
7.042500000000000000e+03 6.594808838510454734e+03 6.883510316757933400e-02
7.049500000000000000e+03 6.612747004935707992e+03 6.818214434468392038e-02
7.056500000000000000e+03 6.543702521953129690e+03 6.870658047272833191e-02
7.063500000000000000e+03 6.567304554692189413e+03 6.573959052418330840e-02
7.070500000000000000e+03 6.600515026899773147e+03 6.383597848662186935e-02
7.077500000000000000e+03 6.578275485425542684e+03 6.271685776346118402e-02
7.084500000000000000e+03 6.629830330072336437e+03 6.040768601346679922e-02
7.091500000000000000e+03 6.621189215571611385e+03 6.095089818887063776e-02
7.098500000000000000e+03 6.610260988821823958e+03 6.067510331537466495e-02
7.105500000000000000e+03 6.557520829579763813e+03 5.912715631572101199e-02
7.112500000000000000e+03 6.587721753345437719e+03 5.842820834320096302e-02
7.119500000000000000e+03 6.500650681284045277e+03 5.983723087481302577e-02
7.126500000000000000e+03 6.507599832289585720e+03 5.880142428594847814e-02
7.133500000000000000e+03 6.429988472288255252e+03 6.190907177934141387e-02
7.140500000000000000e+03 6.436162650666361515e+03 6.491085842825132513e-02
7.147500000000000000e+03 6.355835426442734388e+03 6.921600200314377560e-02
7.154500000000000000e+03 6.193239071174006313e+03 7.983192381829679052e-02
7.161500000000000000e+03 5.968647577537643883e+03 9.211246225870052540e-02
7.168500000000000000e+03 5.652511561594876184e+03 1.015648911088892770e-01
7.175500000000000000e+03 5.422512042642437336e+03 1.121114841448069277e-01
7.182500000000000000e+03 5.235977024703841380e+03 1.184799810698531908e-01
7.189500000000000000e+03 5.146562265931735965e+03 1.186409601371661432e-01
7.196500000000000000e+03 5.227058010116558762e+03 1.182708219475864797e-01
7.203500000000000000e+03 5.275955188033037302e+03 1.110874416999664965e-01
7.210500000000000000e+03 5.514176531359495129e+03 1.066153527314139260e-01
7.217500000000000000e+03 5.619763843951258423e+03 1.021913301263870505e-01
7.224500000000000000e+03 5.578990450548610170e+03 1.027600256249225075e-01
7.231500000000000000e+03 5.569459041796284509e+03 9.789807400769279244e-02
7.238500000000000000e+03 5.342137481406212828e+03 1.013603816526185558e-01
7.245500000000000000e+03 5.301600072532903141e+03 1.053981958791787577e-01
7.252500000000000000e+03 5.321899539972880120e+03 1.125586082115536957e-01
7.259500000000000000e+03 5.277923346323670557e+03 1.155152666876223810e-01
7.266500000000000000e+03 5.302743435193876394e+03 1.110354559634667004e-01
7.273500000000000000e+03 5.270375850325900501e+03 1.068031898561893206e-01
7.280500000000000000e+03 5.295439913410963527e+03 1.051434083413020498e-01
7.287500000000000000e+03 5.319848602753290834e+03 1.051109793869161035e-01
7.294500000000000000e+03 5.361497035918678193e+03 1.021503896295484354e-01
7.301500000000000000e+03 5.421183553278468935e+03 9.946382550926145816e-02
7.308500000000000000e+03 5.399112720341185195e+03 9.582444407788187624e-02
7.315500000000000000e+03 5.506003476237227915e+03 8.946522061990991315e-02
7.322500000000000000e+03 5.554004833796417188e+03 8.282376531193073876e-02
7.329500000000000000e+03 5.636354374223116793e+03 7.605624469517728581e-02
7.336500000000000000e+03 5.719998108299748310e+03 6.959813905784509314e-02
7.343500000000000000e+03 5.722156468823002797e+03 6.795083495468140500e-02
7.350500000000000000e+03 5.712418947668602414e+03 6.464953861516481437e-02
7.357500000000000000e+03 5.698530473014659037e+03 6.306843766697828313e-02
7.364500000000000000e+03 5.755141868105695721e+03 6.249882606882192770e-02
7.371500000000000000e+03 5.721920440189207511e+03 6.069311679985503472e-02
7.378500000000000000e+03 5.708948958016278993e+03 5.975406440537192609e-02
7.385500000000000000e+03 5.732320517555496735e+03 5.751323905790731855e-02
7.392500000000000000e+03 5.724065934693328018e+03 5.570813670082773450e-02
7.399500000000000000e+03 5.699271174400498239e+03 5.375910739067449318e-02
7.406500000000000000e+03 5.771012364603574497e+03 5.036839140145862176e-02
7.413500000000000000e+03 5.685023441391338565e+03 4.753915411676418179e-02
7.420500000000000000e+03 5.665167762194709212e+03 4.732604074455115661e-02
7.427500000000000000e+03 5.717881176092697388e+03 4.730978907405482964e-02
7.434500000000000000e+03 5.684497552391940189e+03 4.800635931312465660e-02
7.441500000000000000e+03 5.741276726681086984e+03 4.616365800742438380e-02
7.448500000000000000e+03 5.592058301063697400e+03 4.462751592489617308e-02
7.455500000000000000e+03 5.551119696576199203e+03 4.490404498763893304e-02
7.462500000000000000e+03 5.587047703672112220e+03 4.314822767313315072e-02
7.469500000000000000e+03 5.566472436692419251e+03 4.419663379903212425e-02
7.476500000000000000e+03 5.580250998035565317e+03 4.412477599022721075e-02
7.483500000000000000e+03 5.484739665264575706e+03 4.167907443958015351e-02
7.490500000000000000e+03 5.559309415254248961e+03 4.715022527756290022e-02
7.497500000000000000e+03 5.469361247930552963e+03 4.321896707294911599e-02
7.504500000000000000e+03 5.448298806371162755e+03 4.506045062729833323e-02
7.511500000000000000e+03 5.424839312293201147e+03 4.237949239427622750e-02
7.518500000000000000e+03 5.409457101111360316e+03 4.342149631969419166e-02
7.525500000000000000e+03 5.447345576523483032e+03 4.047690933983217471e-02
7.532500000000000000e+03 5.316692569806216852e+03 4.384947008005355557e-02
7.539500000000000000e+03 5.331244501759107152e+03 4.205328472855256183e-02
7.546500000000000000e+03 5.279062618382898108e+03 4.364661094999557067e-02
7.553500000000000000e+03 5.269471326040902568e+03 4.236028994375681811e-02
7.560500000000000000e+03 5.298783887736793986e+03 4.480375650618664829e-02
7.567500000000000000e+03 5.132423329141470276e+03 5.375177180926786480e-02
7.574500000000000000e+03 5.014405544818153430e+03 7.229779400749682117e-02
7.581500000000000000e+03 4.544031018958026834e+03 1.093911004590201602e-01
7.588500000000000000e+03 3.738943907582919564e+03 1.398662252847297505e-01
7.595500000000000000e+03 2.760701029357065636e+03 1.347644897100129802e-01
7.602500000000000000e+03 2.116321690989929266e+03 1.410244647059919476e-01
7.609500000000000000e+03 1.866715368704266439e+03 2.450153445266573526e-01
7.616500000000000000e+03 1.949367113319542568e+03 3.365848044808792405e-01
7.623500000000000000e+03 2.141615005540848870e+03 3.273073896815704154e-01
7.630500000000000000e+03 2.256135090627940826e+03 2.768020029427864515e-01
7.637500000000000000e+03 2.404401100075353497e+03 2.388697488819703230e-01
7.644500000000000000e+03 2.662960672892265393e+03 2.138496278928724015e-01
7.651500000000000000e+03 3.069581222632773461e+03 1.809544449024034773e-01
7.658500000000000000e+03 3.484049240867015669e+03 1.501082628273233688e-01
7.665500000000000000e+03 3.815964451576286137e+03 1.191002568279544011e-01
7.672500000000000000e+03 4.044370560471846147e+03 9.626609358747477418e-02
7.679500000000000000e+03 4.321346552707058436e+03 8.014667991414624326e-02
7.686500000000000000e+03 4.454171346786136382e+03 6.593932742512946532e-02
7.693500000000000000e+03 4.559503642531371952e+03 5.757450266405578221e-02
7.700500000000000000e+03 4.623065620205963569e+03 5.456092207182303144e-02
7.707500000000000000e+03 4.568308035553674017e+03 5.015114090837801547e-02
7.714500000000000000e+03 4.637579732740051440e+03 4.579354323135191585e-02
7.721500000000000000e+03 4.655436617143776857e+03 4.463102122632338353e-02
7.728500000000000000e+03 4.597227943591844451e+03 4.557375210646818359e-02
7.735500000000000000e+03 4.623542686623537520e+03 3.877954908914186399e-02
7.742500000000000000e+03 4.564690113213703626e+03 4.167655159560733347e-02
7.749500000000000000e+03 4.634383739136704207e+03 3.895312277275695539e-02
7.756500000000000000e+03 4.527170686916306295e+03 3.947990492512167687e-02
7.763500000000000000e+03 4.486249182751997068e+03 3.803423606013030256e-02
7.770500000000000000e+03 4.467191952484195099e+03 3.672619031771357651e-02
7.777500000000000000e+03 4.449845783663941802e+03 3.708926520611344202e-02
7.784500000000000000e+03 4.419788533189731424e+03 3.648134634042082824e-02
7.791500000000000000e+03 4.434594832061550733e+03 3.941689995212334374e-02
7.798500000000000000e+03 4.447252875117642361e+03 3.858546336305518354e-02
7.805500000000000000e+03 4.400485149241018007e+03 3.768327092622225649e-02
7.812500000000000000e+03 4.435632670589034205e+03 3.701552378786775177e-02
7.819500000000000000e+03 4.378751237518030393e+03 3.811144860783438615e-02
7.826500000000000000e+03 4.324899799938390061e+03 3.797556901434211152e-02
7.833500000000000000e+03 4.289558405425822457e+03 3.731077848151628101e-02
7.840500000000000000e+03 4.256293516120951608e+03 3.643747992850358830e-02
7.847500000000000000e+03 4.287536171077585095e+03 3.562093602042633311e-02
7.854500000000000000e+03 4.180856025839303584e+03 3.947932489456583427e-02
7.861500000000000000e+03 4.146929852182309332e+03 4.146383082231150374e-02
7.868500000000000000e+03 4.104858124612316715e+03 4.219543281901281390e-02
7.875500000000000000e+03 4.064308471289877616e+03 4.486294658465805885e-02
7.882500000000000000e+03 4.035187665208486123e+03 4.691172751172559968e-02
7.889500000000000000e+03 3.951324392264168182e+03 4.863107356838701489e-02
7.896500000000000000e+03 3.953097771770877898e+03 5.113637666234398943e-02
7.903500000000000000e+03 3.978707555987816704e+03 4.890353314171420190e-02
7.910500000000000000e+03 3.923820343811968542e+03 4.806111108280291394e-02
7.917500000000000000e+03 3.984476516113933940e+03 4.638698529660445491e-02
7.924500000000000000e+03 3.929983030818160387e+03 4.499270221015232857e-02
7.931500000000000000e+03 3.911859446591186952e+03 4.474022438975359950e-02
7.938500000000000000e+03 3.880737845680775081e+03 4.199621805697171389e-02
7.945500000000000000e+03 3.873792260505672402e+03 4.571527782209986596e-02
7.952500000000000000e+03 3.861501958916786407e+03 4.510873329178771707e-02
7.959500000000000000e+03 3.798341743829906136e+03 4.431287206362471975e-02
7.966500000000000000e+03 3.828341064748859026e+03 4.867036077319968068e-02
7.973500000000000000e+03 3.748082333221561385e+03 4.976982948779958005e-02
7.980500000000000000e+03 3.749706024581594193e+03 4.834374877994677966e-02
7.987500000000000000e+03 3.726822820515345029e+03 4.526753079067277752e-02
7.994500000000000000e+03 3.680776839008944989e+03 4.764406803167278714e-02
8.001500000000000000e+03 3.713662464530484158e+03 4.580196048364752748e-02
8.008500000000000000e+03 3.659169886134769058e+03 4.932352896968276307e-02
8.015500000000000000e+03 3.622707010485719820e+03 4.780563855056443878e-02
8.022500000000000000e+03 3.617139078459087159e+03 4.775536054875632874e-02
8.029500000000000000e+03 3.579778268174819459e+03 5.104095704346079537e-02
8.036500000000000000e+03 3.580321522292545978e+03 4.867456021955583745e-02
8.043500000000000000e+03 3.567577720181607674e+03 4.655782678532246338e-02
8.050500000000000000e+03 3.591788281370705135e+03 4.232186518780710338e-02
8.057500000000000000e+03 3.608909642197786525e+03 4.107389430374216305e-02
8.064500000000000000e+03 3.535781172303178664e+03 3.868315144121017846e-02
8.071500000000000000e+03 3.606660993728919493e+03 3.784025710137416121e-02
8.078500000000000000e+03 3.505700406954890241e+03 4.240442634920440351e-02
8.085500000000000000e+03 3.499307020437281608e+03 4.449821161298697647e-02
8.092500000000000000e+03 3.464390201132498532e+03 4.625512025829783824e-02
8.099500000000000000e+03 3.389135789102741910e+03 4.767848499639066456e-02
8.106500000000000000e+03 3.336694936753362981e+03 5.455037324288621037e-02
8.113500000000000000e+03 3.313084654508946187e+03 6.115169314500136510e-02
8.120500000000000000e+03 3.206957702629197684e+03 6.690134643700042238e-02
8.127500000000000000e+03 3.060472951693517643e+03 7.589788419199999803e-02
8.134500000000000000e+03 2.993506444148031733e+03 8.295376895206867107e-02
8.141500000000000000e+03 2.923402713366322587e+03 9.370230306826517197e-02
8.148500000000000000e+03 2.873976399066440536e+03 9.874534337128659800e-02
8.155500000000000000e+03 2.778996419020220401e+03 1.003716191816443476e-01
8.162500000000000000e+03 2.719136546852726951e+03 1.013776170095954110e-01
8.169500000000000000e+03 2.718798769425210139e+03 1.032826822011596174e-01
8.176500000000000000e+03 2.732605430831733429e+03 9.945664456704715606e-02
8.183500000000000000e+03 2.840385672929729481e+03 9.031760062024568603e-02
8.190500000000000000e+03 2.808178122442871882e+03 8.264765452731577533e-02
8.197500000000000000e+03 2.870594274933906945e+03 8.171015639709500178e-02
8.204500000000000000e+03 2.957910729119224015e+03 8.290735564892348641e-02
8.211500000000000000e+03 2.860598017882974091e+03 8.717771784411910974e-02
8.218500000000000000e+03 2.741743678603450007e+03 8.915220255289608986e-02
8.225500000000000000e+03 2.702417904432997602e+03 7.582081113190719535e-02
8.232500000000000000e+03 2.676097297433411313e+03 7.559886423015928225e-02
8.239500000000000000e+03 2.837658864968545913e+03 8.181822940292536595e-02
8.246500000000000000e+03 2.921778571958431712e+03 7.764727667066509409e-02
8.253500000000000000e+03 2.937647217341657779e+03 7.161696541653585213e-02
8.260500000000000000e+03 2.933670354555960785e+03 6.868707269577915830e-02
8.267500000000000000e+03 2.887918695470992134e+03 7.037834932304445901e-02
8.274500000000000000e+03 2.788683530574907763e+03 7.181987675666147430e-02
8.281500000000000000e+03 2.741035556774779252e+03 7.269776252122663041e-02
8.288500000000000000e+03 2.831519167740929788e+03 7.363585073376122114e-02
8.295500000000000000e+03 2.751254133603164973e+03 7.387405111340160369e-02
8.302500000000000000e+03 2.815190991475708870e+03 7.072514956016819065e-02
8.309500000000000000e+03 2.832647561574695374e+03 6.850406904838901578e-02
8.316500000000000000e+03 2.828477205809574571e+03 6.067224693330024177e-02
8.323500000000000000e+03 2.793754473041503843e+03 6.375905336450007899e-02
8.330500000000000000e+03 2.875516799767643079e+03 6.160446959113330401e-02
8.337500000000000000e+03 2.899404959783112645e+03 5.816059564650322145e-02
8.344500000000000000e+03 2.858089968269280689e+03 5.561292134184714353e-02
8.351500000000000000e+03 2.860026059809893923e+03 5.217055820742783068e-02
8.358500000000000000e+03 2.908760422042657865e+03 5.141218196070159591e-02
8.365500000000000000e+03 2.882100624697525745e+03 4.951054395574689543e-02
8.372500000000000000e+03 2.888899480526164552e+03 4.492641395476240640e-02
8.379500000000000000e+03 2.926895074825595657e+03 4.341647105082908215e-02
8.386500000000000000e+03 2.857419357412395129e+03 4.033597130251075080e-02
8.393500000000000000e+03 2.856847916598982920e+03 4.055239259353687897e-02
8.400500000000000000e+03 2.927505252463370653e+03 3.769874130761211722e-02
8.407500000000000000e+03 2.844384908180763887e+03 4.105164137593320106e-02
8.414500000000000000e+03 2.815865622585426536e+03 3.743335902339079563e-02
8.421500000000000000e+03 2.831235758968400660e+03 3.598772568319291015e-02
8.428500000000000000e+03 2.800856257154581726e+03 3.475908165107978454e-02
8.435500000000000000e+03 2.788327765481210463e+03 3.561396121900118478e-02
8.442500000000000000e+03 2.765948954661885637e+03 3.340201734373336728e-02
8.449500000000000000e+03 2.774078874099473524e+03 3.557176226850212314e-02
8.456500000000000000e+03 2.785570702746500956e+03 2.965821507342009458e-02
8.463500000000000000e+03 2.758122687343824964e+03 3.378992184642869157e-02
8.470500000000000000e+03 2.728098729129466392e+03 3.034080647654452401e-02
8.477500000000000000e+03 2.766819704314018054e+03 3.401898944241690814e-02
8.484500000000000000e+03 2.693376143979601238e+03 3.288147094092893491e-02
8.491500000000000000e+03 2.690721553973321534e+03 3.268296840689376148e-02
8.498500000000000000e+03 2.726182413025894675e+03 2.801114884985424561e-02
8.505500000000000000e+03 2.667324828357944170e+03 3.107113488863373976e-02
8.512500000000000000e+03 2.705362759995827219e+03 2.793122646312459420e-02
8.519500000000000000e+03 2.748885577784352790e+03 2.926014425848529055e-02
8.526500000000000000e+03 2.681906233933451404e+03 3.324983722484500803e-02
8.533500000000000000e+03 2.693989582561685438e+03 3.147203550518578447e-02
8.540500000000000000e+03 2.609243249024906618e+03 2.840092195045949494e-02
8.547500000000000000e+03 2.591623491421450581e+03 2.476956661644051302e-02
8.554500000000000000e+03 2.615835615756868265e+03 2.397443592207986612e-02
8.561500000000000000e+03 2.712020540500477637e+03 2.778988506378303469e-02
8.568500000000000000e+03 2.641437065129418443e+03 3.256052738008982650e-02
8.575500000000000000e+03 2.655036109950016453e+03 3.369911369404327700e-02
8.582500000000000000e+03 2.625300851839385359e+03 2.888477684416563065e-02
8.589500000000000000e+03 2.600213620301111405e+03 2.516484561564773237e-02
8.596500000000000000e+03 2.558122536077513814e+03 2.607683603757370364e-02
8.603500000000000000e+03 2.629738954183385431e+03 2.219314057883053221e-02
8.610500000000000000e+03 2.570462882834603988e+03 2.731237905108643491e-02
8.617500000000000000e+03 2.581773524120656930e+03 2.995899303199399052e-02
8.624500000000000000e+03 2.652495768710601624e+03 3.030694551451622656e-02
8.631500000000000000e+03 2.676237974543775181e+03 3.419357048081121675e-02
8.638500000000000000e+03 2.623188223620466488e+03 3.470765627244298129e-02
8.645500000000000000e+03 2.575052787711434121e+03 3.226637522349818515e-02
8.652500000000000000e+03 2.512082842368844467e+03 2.783734985001490303e-02
8.659500000000000000e+03 2.478276284857212431e+03 2.063355719456765741e-02
8.666500000000000000e+03 2.489203656649687218e+03 1.298971645529544729e-02
8.673500000000000000e+03 2.477342734877186558e+03 1.495887133209208159e-02
8.680500000000000000e+03 2.498282304394566381e+03 2.212547260365041457e-02
8.687500000000000000e+03 2.514360248107045663e+03 2.782672315796487147e-02
8.694500000000000000e+03 2.590656998040731651e+03 3.207566833784854937e-02
8.701500000000000000e+03 2.644804633160161757e+03 3.081663391730075224e-02
8.708500000000000000e+03 2.649076824150030461e+03 3.222205297919358141e-02
8.715500000000000000e+03 2.637540830354589161e+03 3.073942344728504070e-02
8.722500000000000000e+03 2.591821270631268817e+03 3.062654120563250079e-02
8.729500000000000000e+03 2.531964510119472834e+03 3.214483852028406086e-02
8.736500000000000000e+03 2.446996685351046381e+03 2.534723518831190694e-02
8.743500000000000000e+03 2.436767064315993139e+03 1.386557696364975473e-02
8.750500000000000000e+03 2.376778075610168344e+03 1.313501551986077584e-02
8.757500000000000000e+03 2.345159759815600864e+03 1.548466556785038986e-02
8.764500000000000000e+03 2.424536079850329315e+03 2.358207639846272852e-02
8.771500000000000000e+03 2.480121410286176342e+03 2.536314350884512694e-02
8.778500000000000000e+03 2.538895403288406669e+03 2.800861180374661016e-02
8.785500000000000000e+03 2.526878787282534631e+03 3.068108457678004122e-02
8.792500000000000000e+03 2.620134496419735569e+03 3.034406319638000352e-02
8.799500000000000000e+03 2.617350274234763219e+03 2.855728690388699073e-02
8.806500000000000000e+03 2.590503077037856201e+03 2.638393923217508333e-02
8.813500000000000000e+03 2.631843763223299447e+03 2.690126570081274177e-02
8.820500000000000000e+03 2.579781984726360406e+03 2.993509359902080808e-02
8.827500000000000000e+03 2.478239488165552302e+03 3.036693801982104021e-02
8.834500000000000000e+03 2.451970286706310617e+03 3.127327277459187455e-02
8.841500000000000000e+03 2.398645825621452786e+03 2.695102053275954743e-02
8.848500000000000000e+03 2.355841478408251078e+03 2.834328747088560307e-02
8.855500000000000000e+03 2.235707581862642655e+03 2.405193220458698433e-02
8.862500000000000000e+03 2.168000069942174378e+03 1.635937893857839984e-02
8.869500000000000000e+03 2.161952093198220155e+03 1.329438697291341655e-02
8.876500000000000000e+03 2.240843076594610011e+03 1.791613904503356128e-02
8.883500000000000000e+03 2.282725920266200319e+03 2.807414883291857802e-02
8.890500000000000000e+03 2.336471514248360563e+03 3.305076028785866593e-02
8.897500000000000000e+03 2.368754666820249895e+03 3.492294934850424803e-02
8.904500000000000000e+03 2.436104585409897481e+03 3.249735182632931124e-02
8.911500000000000000e+03 2.437924780177420416e+03 3.380299358432105328e-02
8.918500000000000000e+03 2.389729952874585251e+03 3.887442990724611358e-02
8.925500000000000000e+03 2.386336740688233476e+03 4.122397217212316750e-02
8.932500000000000000e+03 2.359193872466423727e+03 4.720393402008662281e-02
8.939500000000000000e+03 2.307351164546241762e+03 5.941294135299406837e-02
8.946500000000000000e+03 2.241172533776340515e+03 6.574164019372059908e-02
8.953500000000000000e+03 2.139411468345566846e+03 7.633440682305150937e-02
8.960500000000000000e+03 2.077539469597857533e+03 7.831330401095377980e-02
8.967500000000000000e+03 1.956307414828034780e+03 9.120070887684966765e-02
8.974500000000000000e+03 1.905581295489868580e+03 1.038295464618207986e-01
8.981500000000000000e+03 1.783805992263915641e+03 1.116948716090792881e-01
8.988500000000000000e+03 1.687591551655308649e+03 1.047941064815706702e-01
8.995500000000000000e+03 1.632128282641861915e+03 1.067601942858674990e-01
9.002500000000000000e+03 1.581904856569955655e+03 1.026864561747842242e-01
9.009500000000000000e+03 1.559464950912707081e+03 9.007356642087524512e-02
9.016500000000000000e+03 1.635794956046384641e+03 8.176830348827381079e-02
9.023500000000000000e+03 1.663315986378420121e+03 7.369794203627549889e-02
9.030500000000000000e+03 1.758917037677815870e+03 7.558424642634672952e-02
9.037500000000000000e+03 1.862781344796610256e+03 7.543377388529202976e-02
9.044500000000000000e+03 1.963099240254838151e+03 7.884226053837198323e-02
9.051500000000000000e+03 2.045359351025520482e+03 7.711277018811873996e-02
9.058500000000000000e+03 1.970781933888385311e+03 8.571296366725705829e-02
9.065500000000000000e+03 1.908973932678928577e+03 8.434237841078481845e-02
9.072500000000000000e+03 1.876260947722817718e+03 9.191542948151847081e-02
9.079500000000000000e+03 1.777334529873583506e+03 1.011457695134861945e-01
9.086500000000000000e+03 1.751108228438508377e+03 1.069300102282780829e-01
9.093500000000000000e+03 1.748640109252509774e+03 1.070541106115573543e-01
9.100500000000000000e+03 1.803054936748067121e+03 1.083251747102370321e-01
9.107500000000000000e+03 1.796637707803572766e+03 1.092071203058403855e-01
9.114500000000000000e+03 1.757550769274227832e+03 1.189402878291857674e-01
9.121500000000000000e+03 1.751935982262044718e+03 1.160159453785520600e-01
9.128500000000000000e+03 1.694813034476432676e+03 1.131844201479681317e-01
9.135500000000000000e+03 1.715195125530267887e+03 1.159845072496396290e-01
9.142500000000000000e+03 1.661788888737075922e+03 1.268017604670917398e-01
9.149500000000000000e+03 1.650723760715715116e+03 1.228940757587069221e-01
9.156500000000000000e+03 1.641138710480910959e+03 1.206794135690172631e-01
9.163500000000000000e+03 1.672974817374378972e+03 1.220461337380741029e-01
9.170500000000000000e+03 1.646014787684405974e+03 1.150059761510904138e-01
9.177500000000000000e+03 1.686483653430553886e+03 1.023709463209990095e-01
9.184500000000000000e+03 1.695766312608842554e+03 9.619396442902007627e-02
9.191500000000000000e+03 1.736123838857345163e+03 9.086263496992390276e-02
9.198500000000000000e+03 1.747431208561122503e+03 8.450535366657840886e-02
9.205500000000000000e+03 1.775042913752097093e+03 7.963040935092376149e-02
9.212500000000000000e+03 1.645295778272087546e+03 7.350348393646682910e-02
9.219500000000000000e+03 1.573257153101857512e+03 6.452248256061915432e-02
9.226500000000000000e+03 1.517740367613839226e+03 6.052438060285979943e-02
9.233500000000000000e+03 1.454934343337853306e+03 6.656361590167961251e-02
9.240500000000000000e+03 1.494622995858097966e+03 7.424113849804776788e-02
9.247500000000000000e+03 1.540007093867661979e+03 8.396679970235378099e-02
9.254500000000000000e+03 1.589062309616199627e+03 9.127293520622024869e-02
9.261500000000000000e+03 1.644775681024746746e+03 9.872141544982575290e-02
9.268500000000000000e+03 1.620069569773099602e+03 1.096136167247171583e-01
9.275500000000000000e+03 1.543308002196216648e+03 1.225784572689648244e-01
9.282500000000000000e+03 1.414977093345097501e+03 1.407744652895783211e-01
9.289500000000000000e+03 1.347644454582940170e+03 1.648894161405652647e-01
9.296500000000000000e+03 1.240665852476409782e+03 1.879401965787721174e-01
9.303500000000000000e+03 1.173657639426924106e+03 2.087418627305298036e-01
9.310500000000000000e+03 1.006468764566587424e+03 2.364384439163901841e-01
9.317500000000000000e+03 8.708117388751081762e+02 2.663373287889591601e-01
9.324500000000000000e+03 7.484992911586140281e+02 3.129171111754875945e-01
9.331500000000000000e+03 6.624990547837892336e+02 3.368702366674862225e-01
9.338500000000000000e+03 6.229097741374888528e+02 3.413649647974378309e-01
9.345500000000000000e+03 6.267264233136584153e+02 3.444212105389863887e-01
9.352500000000000000e+03 6.321072655131578131e+02 3.646290005268020273e-01
9.359500000000000000e+03 6.362443101954437452e+02 3.653580622859610161e-01
9.366500000000000000e+03 7.058323706522969587e+02 3.290096871348469620e-01
9.373500000000000000e+03 7.121848981176915458e+02 2.970164821636129271e-01
9.380500000000000000e+03 8.034621917641962909e+02 2.692460084084423166e-01
9.387500000000000000e+03 9.706523659336163519e+02 2.578239340637559218e-01
9.394500000000000000e+03 1.021829714794416191e+03 2.582766479896044798e-01
9.401500000000000000e+03 1.105529474839460136e+03 2.379495461994465821e-01
9.408500000000000000e+03 1.046608357231576292e+03 2.335341376674389402e-01
9.415500000000000000e+03 9.837750149949109755e+02 2.443201843127582318e-01
9.422500000000000000e+03 9.465465536631538725e+02 2.371579082844068598e-01
9.429500000000000000e+03 8.905654945557208748e+02 2.374115707023564670e-01
9.436500000000000000e+03 8.146349120510815283e+02 2.516617180155856781e-01
9.443500000000000000e+03 8.656715497523688327e+02 2.555730470482637795e-01
9.450500000000000000e+03 8.472013382341833676e+02 2.676644989541055453e-01
9.457500000000000000e+03 8.518644630182897117e+02 2.623378286205521603e-01
9.464500000000000000e+03 8.324520403184228599e+02 2.673880319850893694e-01
9.471500000000000000e+03 8.499776311199320844e+02 2.632552927755915650e-01
9.478500000000000000e+03 8.962490587779418547e+02 2.484655233369031102e-01
9.485500000000000000e+03 8.585235284873837145e+02 2.522491880482968241e-01
9.492500000000000000e+03 8.743752419351594654e+02 2.312445248414650434e-01
9.499500000000000000e+03 8.895216186307198996e+02 2.255850772368648560e-01
9.506500000000000000e+03 8.575153805612501401e+02 2.550463425759274538e-01
9.513500000000000000e+03 8.489604596947611981e+02 2.547364021856436955e-01
9.520500000000000000e+03 8.654254887936551768e+02 2.260095681355317743e-01
9.527500000000000000e+03 8.346032919915514867e+02 2.325136045548509001e-01
9.534500000000000000e+03 7.812703438702727681e+02 2.405457117359374175e-01
9.541500000000000000e+03 7.926577263691694952e+02 2.260260852225506323e-01
9.548500000000000000e+03 7.889645807972175362e+02 1.977518320364408388e-01
9.555500000000000000e+03 7.797134802858062130e+02 1.900198457647079564e-01
9.562500000000000000e+03 7.933074923285329305e+02 1.981837978665956235e-01
9.569500000000000000e+03 8.717789444545574042e+02 2.144793117115137981e-01
9.576500000000000000e+03 8.985132551324616088e+02 2.197102322085410508e-01
9.583500000000000000e+03 9.294666438266468731e+02 2.072275500726552533e-01
9.590500000000000000e+03 9.688288275521630339e+02 1.892066728288370470e-01
9.597500000000000000e+03 9.798526972627130363e+02 1.966771896177263168e-01
9.604500000000000000e+03 9.776549972680284100e+02 2.009533993132170404e-01
9.611500000000000000e+03 1.025234205068275969e+03 1.873405191145698367e-01
9.618500000000000000e+03 1.078043283575137139e+03 1.663642278454164070e-01
9.625500000000000000e+03 1.056060669442155358e+03 1.647273330553922499e-01
9.632500000000000000e+03 1.039766066304478500e+03 1.623550090856678840e-01
9.639500000000000000e+03 1.057133414460957965e+03 1.534676106786487526e-01
9.646500000000000000e+03 1.074323159129412943e+03 1.534700902611802198e-01
9.653500000000000000e+03 1.103364492307695627e+03 1.469376413647237589e-01
9.660500000000000000e+03 1.097926363628552053e+03 1.331239866817546802e-01
9.667500000000000000e+03 1.140477747989123372e+03 1.176496150865381785e-01
9.674500000000000000e+03 1.219280750715804743e+03 1.045165251056543454e-01
9.681500000000000000e+03 1.292111518174441017e+03 9.296861081181460873e-02
9.688500000000000000e+03 1.296157859475810255e+03 8.308301447350893709e-02
9.695500000000000000e+03 1.336945091244616606e+03 7.357610115634603820e-02
9.702500000000000000e+03 1.291133570323172989e+03 7.130850467983354535e-02
9.709500000000000000e+03 1.322197155392083914e+03 7.567555645000999254e-02
9.716500000000000000e+03 1.276689358608350631e+03 7.545566871021909539e-02
9.723500000000000000e+03 1.231986871376746421e+03 8.255940402299148662e-02
9.730500000000000000e+03 1.203133387575715915e+03 8.806913902749156919e-02
9.737500000000000000e+03 1.205514192001256788e+03 9.073460105719534374e-02
9.744500000000000000e+03 1.165581822503522517e+03 9.534352357110163767e-02
9.751500000000000000e+03 1.126602063927806512e+03 9.192295276071164867e-02
9.758500000000000000e+03 1.175540635789433964e+03 8.813756461524618890e-02
9.765500000000000000e+03 1.163979358916663386e+03 8.950031933191034128e-02
9.772500000000000000e+03 1.187680148749135924e+03 8.700383430187358380e-02
9.779500000000000000e+03 1.204657818174461227e+03 8.110740913880591652e-02
9.786500000000000000e+03 1.194068887695869762e+03 7.226620295363256341e-02
9.793500000000000000e+03 1.154263393538522223e+03 7.121793561618035284e-02
9.800500000000000000e+03 1.184033432591169685e+03 6.718756273484592645e-02
9.807500000000000000e+03 1.180862906563796287e+03 6.641965789837055156e-02
9.814500000000000000e+03 1.204431763203694800e+03 5.864205595135899701e-02
9.821500000000000000e+03 1.260891896570633435e+03 5.194514736692532747e-02
9.828500000000000000e+03 1.196339955552175297e+03 4.801377793622270407e-02
9.835500000000000000e+03 1.239444775578685494e+03 4.848803910812220230e-02
9.842500000000000000e+03 1.207168268659246905e+03 4.324175459091191692e-02
9.849500000000000000e+03 1.191688754538802414e+03 4.128506232273371906e-02
9.856500000000000000e+03 1.201301493011202183e+03 3.652694926405349735e-02
9.863500000000000000e+03 1.200628854665683775e+03 3.349743232934394160e-02
9.870500000000000000e+03 1.203298710118926692e+03 3.221433143134834476e-02
9.877500000000000000e+03 1.187606735083984859e+03 3.021834469909922757e-02
9.884500000000000000e+03 1.216688362814529228e+03 2.721584496467798278e-02
9.891500000000000000e+03 1.168085344478955903e+03 2.760595294237908059e-02
9.898500000000000000e+03 1.202126758323537615e+03 2.367706863140172160e-02
9.905500000000000000e+03 1.176651403371959759e+03 2.543254091630683597e-02
9.912500000000000000e+03 1.171656996871844967e+03 2.239086039934549965e-02
9.919500000000000000e+03 1.134926445832412810e+03 2.228864488676276026e-02
9.926500000000000000e+03 1.121203530022485438e+03 2.444717888415836801e-02
9.933500000000000000e+03 1.139140229075634807e+03 2.149280386920933775e-02
9.940500000000000000e+03 1.107724026908166934e+03 2.333913588664309618e-02
9.947500000000000000e+03 1.107705612259623877e+03 2.217550940872320756e-02
9.954500000000000000e+03 1.060121796681003843e+03 2.236713031520749448e-02
9.961500000000000000e+03 1.045357078232169215e+03 2.170993469267252021e-02
9.968500000000000000e+03 1.067832215745817393e+03 2.075691803670912799e-02
9.975500000000000000e+03 1.022086551033088767e+03 1.846681418248834194e-02
9.982500000000000000e+03 9.950705589438833840e+02 2.012234254058281949e-02
9.989500000000000000e+03 9.894345257481120370e+02 1.615598702291910771e-02
9.996500000000000000e+03 1.001625146826602304e+03 1.382110356954220805e-02
