# wavelength angstroms, flux, ext coeff
5.551500000000000000e+03 2.344637878033249217e+04 1.532198033607451160e-01
5.558500000000000000e+03 2.416110141100130204e+04 1.480420836144223096e-01
5.565500000000000000e+03 2.448497836993522651e+04 1.416963448291848893e-01
5.572500000000000000e+03 2.476524715429875141e+04 1.386019876166378062e-01
5.579500000000000000e+03 2.481703686004200790e+04 1.400217396915829082e-01
5.586500000000000000e+03 2.504921998149924548e+04 1.400350916958855441e-01
5.593500000000000000e+03 2.540401875802910581e+04 1.381027109547866005e-01
5.600500000000000000e+03 2.564225611159094478e+04 1.401330214695896415e-01
5.607500000000000000e+03 2.601667178790246544e+04 1.391464409868031493e-01
5.614500000000000000e+03 2.620633766812109752e+04 1.374957590497689619e-01
5.621500000000000000e+03 2.643207989111384086e+04 1.414627977689497107e-01
5.628500000000000000e+03 2.692164409246566356e+04 1.375387705339375377e-01
5.635500000000000000e+03 2.713517065160628044e+04 1.415244550950354452e-01
5.642500000000000000e+03 2.705446071948104873e+04 1.417114325269351049e-01
5.649500000000000000e+03 2.729594866146939967e+04 1.392683344130036249e-01
5.656500000000000000e+03 2.737956053966103718e+04 1.387176536519611481e-01
5.663500000000000000e+03 2.736634672204000526e+04 1.380968068160398354e-01
5.670500000000000000e+03 2.761442377723527534e+04 1.402770183298816531e-01
5.677500000000000000e+03 2.780595621972149092e+04 1.429208478764502632e-01
5.684500000000000000e+03 2.798307271324155226e+04 1.427616855539599050e-01
5.691500000000000000e+03 2.816637805231019593e+04 1.413714575962615738e-01
5.698500000000000000e+03 2.824707446416511448e+04 1.417570589473068909e-01
5.705500000000000000e+03 2.853384164763681474e+04 1.392529466344176459e-01
5.712500000000000000e+03 2.875456230703012989e+04 1.388223207008557059e-01
5.719500000000000000e+03 2.912808285488657566e+04 1.409217279111441290e-01
5.726500000000000000e+03 2.950650768823913313e+04 1.413370386675714130e-01
5.733500000000000000e+03 2.991872221489790536e+04 1.404904898971604255e-01
5.740500000000000000e+03 2.980974104616081968e+04 1.397960735202485316e-01
5.747500000000000000e+03 2.971007089282889865e+04 1.384278047088028096e-01
5.754500000000000000e+03 2.972236852097240990e+04 1.395582488123712217e-01
5.761500000000000000e+03 3.015084427459141443e+04 1.370151208234717810e-01
5.768500000000000000e+03 3.010965653879430101e+04 1.363968258332286243e-01
5.775500000000000000e+03 3.028741982143101268e+04 1.368384507751864154e-01
5.782500000000000000e+03 3.048591684388500653e+04 1.349695726508504667e-01
5.789500000000000000e+03 3.065964391133480603e+04 1.342630226715234854e-01
5.796500000000000000e+03 3.081652268512009323e+04 1.339014190596701515e-01
5.803500000000000000e+03 3.108813502970742411e+04 1.335502634617544426e-01
5.810500000000000000e+03 3.129346027875202344e+04 1.318223524004117353e-01
5.817500000000000000e+03 3.120153062487092029e+04 1.333945860772893510e-01
5.824500000000000000e+03 3.151961976082222827e+04 1.317070847479144546e-01
5.831500000000000000e+03 3.180546258437909273e+04 1.306217652503754156e-01
5.838500000000000000e+03 3.161955119935077892e+04 1.307945350443927568e-01
5.845500000000000000e+03 3.178366750560767105e+04 1.301365525176956806e-01
5.852500000000000000e+03 3.199767787391583261e+04 1.288182700139592629e-01
5.859500000000000000e+03 3.162892157194349056e+04 1.317380966502592343e-01
5.866500000000000000e+03 3.198728029092125871e+04 1.310134266868735187e-01
5.873500000000000000e+03 3.161187220452222391e+04 1.364347148467901782e-01
5.880500000000000000e+03 3.110562879269181940e+04 1.379212750112898400e-01
5.887500000000000000e+03 3.089572346481495333e+04 1.407601178200493797e-01
5.894500000000000000e+03 3.094849795384107347e+04 1.428383178190530123e-01
5.901500000000000000e+03 3.083996592615293412e+04 1.447369116190896643e-01
5.908500000000000000e+03 3.122540200017538882e+04 1.451749638323065195e-01
5.915500000000000000e+03 3.153083962644306303e+04 1.436406864985156906e-01
5.922500000000000000e+03 3.153536315256065427e+04 1.441146823843335867e-01
5.929500000000000000e+03 3.167845165915331017e+04 1.423815321371706411e-01
5.936500000000000000e+03 3.178013407194082902e+04 1.442019008247067968e-01
5.943500000000000000e+03 3.179065693742985604e+04 1.400653386852399318e-01
5.950500000000000000e+03 3.194163034195552245e+04 1.410565377957750388e-01
5.957500000000000000e+03 3.195801084016615278e+04 1.408456119708204335e-01
5.964500000000000000e+03 3.220346174024452921e+04 1.384839655418179383e-01
5.971500000000000000e+03 3.231152184474595197e+04 1.376109844455778164e-01
5.978500000000000000e+03 3.233109364842269861e+04 1.334965925866659908e-01
5.985500000000000000e+03 3.240965858655797638e+04 1.333436897187716963e-01
5.992500000000000000e+03 3.242444459605427619e+04 1.325362738131327656e-01
5.999500000000000000e+03 3.244140460574537065e+04 1.306415992982771224e-01
6.006500000000000000e+03 3.259704598438862376e+04 1.289123390480226006e-01
6.013500000000000000e+03 3.270570461575247828e+04 1.280404310035372362e-01
6.020500000000000000e+03 3.259871651678243506e+04 1.279191056818684002e-01
6.027500000000000000e+03 3.285110883248052414e+04 1.273433533436637566e-01
6.034500000000000000e+03 3.288207021368869755e+04 1.269638394044362295e-01
6.041500000000000000e+03 3.282844913471296604e+04 1.259153338433396108e-01
6.048500000000000000e+03 3.308595502661959472e+04 1.263789229022375116e-01
6.055500000000000000e+03 3.337757335687574232e+04 1.247697791187789423e-01
6.062500000000000000e+03 3.313401279685671761e+04 1.263737816533483660e-01
6.069500000000000000e+03 3.309398936855693319e+04 1.242012863727610938e-01
6.076500000000000000e+03 3.335373643719208485e+04 1.224844315771583952e-01
6.083500000000000000e+03 3.332142894959175464e+04 1.212306111972037831e-01
6.090500000000000000e+03 3.339746460211490194e+04 1.193929139707153725e-01
6.097500000000000000e+03 3.316977617944761005e+04 1.201474367983325908e-01
6.104500000000000000e+03 3.320380718680688733e+04 1.199254342805782525e-01
6.111500000000000000e+03 3.310455244648300140e+04 1.179078356382379372e-01
6.118500000000000000e+03 3.297146816262555512e+04 1.187621705301225433e-01
6.125500000000000000e+03 3.291227273288886499e+04 1.182924055446098466e-01
6.132500000000000000e+03 3.283820006355616351e+04 1.154439467239980338e-01
6.139500000000000000e+03 3.293476514256608789e+04 1.146981521588812114e-01
6.146500000000000000e+03 3.302626779970792995e+04 1.135226481992888253e-01
6.153500000000000000e+03 3.290533409299759660e+04 1.137607025391054183e-01
6.160500000000000000e+03 3.291302376056553476e+04 1.125169530773647703e-01
6.167500000000000000e+03 3.308461474219972297e+04 1.128988470781887438e-01
6.174500000000000000e+03 3.344494791876121599e+04 1.100866276620843381e-01
6.181500000000000000e+03 3.361721087153531698e+04 1.090882136447393902e-01
6.188500000000000000e+03 3.372740106733392167e+04 1.100617112119885721e-01
6.195500000000000000e+03 3.396164825166505034e+04 1.087116737859238486e-01
6.202500000000000000e+03 3.412469553610915318e+04 1.107883333611521387e-01
6.209500000000000000e+03 3.418947610721932142e+04 1.066571709431761578e-01
6.216500000000000000e+03 3.402220913754212961e+04 1.067830525327523594e-01
6.223500000000000000e+03 3.398923114269349753e+04 1.083766773224707491e-01
6.230500000000000000e+03 3.360840860338349012e+04 1.063821201942410921e-01
6.237500000000000000e+03 3.365237141399061511e+04 1.043309960692297145e-01
6.244500000000000000e+03 3.352124538437405135e+04 1.018112169401550471e-01
6.251500000000000000e+03 3.346811674668365595e+04 1.035913177420673265e-01
6.258500000000000000e+03 3.370628724788141699e+04 1.083256989011136123e-01
6.265500000000000000e+03 3.359706277684414817e+04 1.098836143758729345e-01
6.272500000000000000e+03 3.357526164192435681e+04 1.121023364154342672e-01
6.279500000000000000e+03 3.339355723261547246e+04 1.110915137689450355e-01
6.286500000000000000e+03 3.347373185008476139e+04 1.135157091071188618e-01
6.293500000000000000e+03 3.357618105125189322e+04 1.108499545687931243e-01
6.300500000000000000e+03 3.336653813328253455e+04 1.079284663523333576e-01
6.307500000000000000e+03 3.361790446317846363e+04 1.050699096524398413e-01
6.314500000000000000e+03 3.385905597823464632e+04 1.033269033841050233e-01
6.321500000000000000e+03 3.402360530292600743e+04 1.020545024004465423e-01
6.328500000000000000e+03 3.393628051478564157e+04 1.016639055542091913e-01
6.335500000000000000e+03 3.406512736068810045e+04 1.003020227879189846e-01
6.342500000000000000e+03 3.425901367214149650e+04 9.715882126324237866e-02
6.349500000000000000e+03 3.422462849924699549e+04 9.604638812077759269e-02
6.356500000000000000e+03 3.424933954681609612e+04 9.599762660412705650e-02
6.363500000000000000e+03 3.438693461458163802e+04 9.483252459218668995e-02
6.370500000000000000e+03 3.426751420939824311e+04 9.324050476411688271e-02
6.377500000000000000e+03 3.450635954041507648e+04 9.470235195528298178e-02
6.384500000000000000e+03 3.459109392386219406e+04 9.532635219152889305e-02
6.391500000000000000e+03 3.443938448998735112e+04 9.176404781077089623e-02
6.398500000000000000e+03 3.446486305497495050e+04 9.213467377141008885e-02
6.405500000000000000e+03 3.437026715371970931e+04 9.137474427722394599e-02
6.412500000000000000e+03 3.433427261931612884e+04 9.021390137777637874e-02
6.419500000000000000e+03 3.429926337050872826e+04 9.227746635438321965e-02
6.426500000000000000e+03 3.452167937713552965e+04 9.098875702491567019e-02
6.433500000000000000e+03 3.447793750809293124e+04 9.127395752781053417e-02
6.440500000000000000e+03 3.452942822850493394e+04 8.960969897172323118e-02
6.447500000000000000e+03 3.457804263006953261e+04 8.907057798361052436e-02
6.454500000000000000e+03 3.428889845630478521e+04 9.410684280055824080e-02
6.461500000000000000e+03 3.423896026914054528e+04 9.322640704932613764e-02
6.468500000000000000e+03 3.376518811433627707e+04 9.695983030740784603e-02
6.475500000000000000e+03 3.379263985670347029e+04 9.665881983742181938e-02
6.482500000000000000e+03 3.355698462113421556e+04 9.830146497631570002e-02
6.489500000000000000e+03 3.360848924870147312e+04 9.744618474179221612e-02
6.496500000000000000e+03 3.381887713723248453e+04 9.304116448738780631e-02
6.503500000000000000e+03 3.372604420302845392e+04 9.606743684765632618e-02
6.510500000000000000e+03 3.378069916411213489e+04 9.427352991278512007e-02
6.517500000000000000e+03 3.373024762701168947e+04 9.448813080986223634e-02
6.524500000000000000e+03 3.354583454897619959e+04 9.676763877491355303e-02
6.531500000000000000e+03 3.300267219605014543e+04 9.555755763565988714e-02
6.538500000000000000e+03 3.203756384834919299e+04 9.331749286767307416e-02
6.545500000000000000e+03 3.064833067793096052e+04 9.196220663366161396e-02
6.552500000000000000e+03 2.933547732966606782e+04 8.609732838193108473e-02
6.559500000000000000e+03 2.799472023921586879e+04 7.275751272340383324e-02
6.566500000000000000e+03 2.728781737838120898e+04 6.409496777772284715e-02
6.573500000000000000e+03 2.751664471852202405e+04 6.723671644463630193e-02
6.580500000000000000e+03 2.915058421497822201e+04 7.520191319476622616e-02
6.587500000000000000e+03 3.107734114815101930e+04 8.789654448791604791e-02
6.594500000000000000e+03 3.272532350703633711e+04 8.842519304060507401e-02
6.601500000000000000e+03 3.396318050057801884e+04 8.686731511284428997e-02
6.608500000000000000e+03 3.441052470682768762e+04 8.257933002600684191e-02
6.615500000000000000e+03 3.480498931185084075e+04 7.988095585348206629e-02
6.622500000000000000e+03 3.480688411011520657e+04 7.719172848345073890e-02
6.629500000000000000e+03 3.492955142348564550e+04 7.515291962471155884e-02
6.636500000000000000e+03 3.512314065814052447e+04 7.699509910809476665e-02
6.643500000000000000e+03 3.514153492564862972e+04 7.694505444401428251e-02
6.650500000000000000e+03 3.503842767367190390e+04 7.428905909871479085e-02
6.657500000000000000e+03 3.497925685871461610e+04 7.486256814799738257e-02
6.664500000000000000e+03 3.518844332178554760e+04 7.371581242007071988e-02
6.671500000000000000e+03 3.501660108743316960e+04 7.360299482888559008e-02
6.678500000000000000e+03 3.517482735290961136e+04 7.279608604984939835e-02
6.685500000000000000e+03 3.550669595924417808e+04 7.248398961678458041e-02
6.692500000000000000e+03 3.527135764027161349e+04 7.281113217173307284e-02
6.699500000000000000e+03 3.530366150503657991e+04 7.155494001278010774e-02
6.706500000000000000e+03 3.522798790220549563e+04 7.096650286548983333e-02
6.713500000000000000e+03 3.517972911977526383e+04 7.329900881342046870e-02
6.720500000000000000e+03 3.542194109801213926e+04 6.976249749438881431e-02
6.727500000000000000e+03 3.540302376797325996e+04 7.184748910924053378e-02
6.734500000000000000e+03 3.522972399530887196e+04 6.982545370924020389e-02
6.741500000000000000e+03 3.508301956848565897e+04 6.987804144899648073e-02
6.748500000000000000e+03 3.530982273444703605e+04 6.900744199323839700e-02
6.755500000000000000e+03 3.521397762825161772e+04 6.779717403325358216e-02
6.762500000000000000e+03 3.524955634946734062e+04 6.958715706795889910e-02
6.769500000000000000e+03 3.505356474761366553e+04 6.989618168230392337e-02
6.776500000000000000e+03 3.502706026466420735e+04 6.847342931413352707e-02
6.783500000000000000e+03 3.503951945605148649e+04 6.859328910152771852e-02
6.790500000000000000e+03 3.497364285461358668e+04 6.567625217065514720e-02
6.797500000000000000e+03 3.510888543552556803e+04 6.710952752016037526e-02
6.804500000000000000e+03 3.496826224575118249e+04 6.686921996531894341e-02
6.811500000000000000e+03 3.496511122194576456e+04 6.605037004858523020e-02
6.818500000000000000e+03 3.490602118015414453e+04 6.617070840895400430e-02
6.825500000000000000e+03 3.478321889814005408e+04 6.584286748287701552e-02
6.832500000000000000e+03 3.504985141318460956e+04 6.536407061585965128e-02
6.839500000000000000e+03 3.478429680797508627e+04 6.816693637596035749e-02
6.846500000000000000e+03 3.434491136349770386e+04 7.672078376915378306e-02
6.853500000000000000e+03 3.328391947480359522e+04 8.828287423581626658e-02
6.860500000000000000e+03 3.139747457827632024e+04 9.804754493777013968e-02
6.867500000000000000e+03 2.930923952295624258e+04 9.474376755250116244e-02
6.874500000000000000e+03 2.836838527025834628e+04 1.020813341731056090e-01
6.881500000000000000e+03 2.874761223424859782e+04 1.187955343049573176e-01
6.888500000000000000e+03 2.923278378462237015e+04 1.211371564603092449e-01
6.895500000000000000e+03 2.984952036453745313e+04 1.107996967079178940e-01
6.902500000000000000e+03 3.044633262632191690e+04 1.029712931550445243e-01
6.909500000000000000e+03 3.106004520237882753e+04 1.018046275822831054e-01
6.916500000000000000e+03 3.162237578980183753e+04 9.527260077751124878e-02
6.923500000000000000e+03 3.181482146176789320e+04 9.635180663919377941e-02
6.930500000000000000e+03 3.218111266621932009e+04 9.077938516591216311e-02
6.937500000000000000e+03 3.218603474460333018e+04 8.992214858297382929e-02
6.944500000000000000e+03 3.213356667133179144e+04 8.978391706061904232e-02
6.951500000000000000e+03 3.253046834997234691e+04 8.545782780748657770e-02
6.958500000000000000e+03 3.280618769730233907e+04 8.037281364697464181e-02
6.965500000000000000e+03 3.321874418095989677e+04 7.742923598360054727e-02
6.972500000000000000e+03 3.342424751223754720e+04 7.539594930299879649e-02
6.979500000000000000e+03 3.316076926414907939e+04 7.431063111314806235e-02
6.986500000000000000e+03 3.304393802218807105e+04 7.563935526894566275e-02
6.993500000000000000e+03 3.309467003033380024e+04 7.418765966060840433e-02
7.000500000000000000e+03 3.259046549022812178e+04 7.823419584490505507e-02
7.007500000000000000e+03 3.241367815041961512e+04 7.837138477092198130e-02
7.014500000000000000e+03 3.216159726270209285e+04 7.909228912264917866e-02
7.021500000000000000e+03 3.246625974551084801e+04 7.503024292121293626e-02
7.028500000000000000e+03 3.272172223158076667e+04 7.478592303651278306e-02
7.035500000000000000e+03 3.286050204202868917e+04 6.968058145293662409e-02
7.042500000000000000e+03 3.284811169241486641e+04 6.883510316757933400e-02
7.049500000000000000e+03 3.300983757186320872e+04 6.818214434468392038e-02
7.056500000000000000e+03 3.294156262141733896e+04 6.870658047272833191e-02
7.063500000000000000e+03 3.280108236454731377e+04 6.573959052418330840e-02
7.070500000000000000e+03 3.320129760363316018e+04 6.383597848662186935e-02
7.077500000000000000e+03 3.308008067487486551e+04 6.271685776346118402e-02
7.084500000000000000e+03 3.331519198849277018e+04 6.040768601346679922e-02
7.091500000000000000e+03 3.285980924918710662e+04 6.095089818887063776e-02
7.098500000000000000e+03 3.281955526008261222e+04 6.067510331537466495e-02
7.105500000000000000e+03 3.248527292911974655e+04 5.912715631572101199e-02
7.112500000000000000e+03 3.272674297561565982e+04 5.842820834320096302e-02
7.119500000000000000e+03 3.255170943679925404e+04 5.983723087481302577e-02
7.126500000000000000e+03 3.254017427124600363e+04 5.880142428594847814e-02
7.133500000000000000e+03 3.214208642695192975e+04 6.190907177934141387e-02
7.140500000000000000e+03 3.227747890664335864e+04 6.491085842825132513e-02
7.147500000000000000e+03 3.170412965002922283e+04 6.921600200314377560e-02
7.154500000000000000e+03 3.103791300945555849e+04 7.983192381829679052e-02
7.161500000000000000e+03 3.014880869395248010e+04 9.211246225870052540e-02
7.168500000000000000e+03 2.890630712916664925e+04 1.015648911088892770e-01
7.175500000000000000e+03 2.746218256821296745e+04 1.121114841448069277e-01
7.182500000000000000e+03 2.666165979599708226e+04 1.184799810698531908e-01
7.189500000000000000e+03 2.624648729395014743e+04 1.186409601371661432e-01
7.196500000000000000e+03 2.648110254094235643e+04 1.182708219475864797e-01
7.203500000000000000e+03 2.733223335004426917e+04 1.110874416999664965e-01
7.210500000000000000e+03 2.829906360520231101e+04 1.066153527314139260e-01
7.217500000000000000e+03 2.905263637256509901e+04 1.021913301263870505e-01
7.224500000000000000e+03 2.870131322777567038e+04 1.027600256249225075e-01
7.231500000000000000e+03 2.842976011812926299e+04 9.789807400769279244e-02
7.238500000000000000e+03 2.786587555221031653e+04 1.013603816526185558e-01
7.245500000000000000e+03 2.734139514742638858e+04 1.053981958791787577e-01
7.252500000000000000e+03 2.740896869068973319e+04 1.125586082115536957e-01
7.259500000000000000e+03 2.744945455473093170e+04 1.155152666876223810e-01
7.266500000000000000e+03 2.771174432265657742e+04 1.110354559634667004e-01
7.273500000000000000e+03 2.741987043864640509e+04 1.068031898561893206e-01
7.280500000000000000e+03 2.756210246489924248e+04 1.051434083413020498e-01
7.287500000000000000e+03 2.735606307408788780e+04 1.051109793869161035e-01
7.294500000000000000e+03 2.781455124134076323e+04 1.021503896295484354e-01
7.301500000000000000e+03 2.785367265935810792e+04 9.946382550926145816e-02
7.308500000000000000e+03 2.807411138374945222e+04 9.582444407788187624e-02
7.315500000000000000e+03 2.841291426489618971e+04 8.946522061990991315e-02
7.322500000000000000e+03 2.900459033682378140e+04 8.282376531193073876e-02
7.329500000000000000e+03 2.953387737895818645e+04 7.605624469517728581e-02
7.336500000000000000e+03 2.977353145370708444e+04 6.959813905784509314e-02
7.343500000000000000e+03 2.977740215354695829e+04 6.795083495468140500e-02
7.350500000000000000e+03 2.995053194337478635e+04 6.464953861516481437e-02
7.357500000000000000e+03 2.981914613366348203e+04 6.306843766697828313e-02
7.364500000000000000e+03 3.008861853593160777e+04 6.249882606882192770e-02
7.371500000000000000e+03 3.002886920842098698e+04 6.069311679985503472e-02
7.378500000000000000e+03 2.992691037466626585e+04 5.975406440537192609e-02
7.385500000000000000e+03 2.962385539462455563e+04 5.751323905790731855e-02
7.392500000000000000e+03 2.953399569486486507e+04 5.570813670082773450e-02
7.399500000000000000e+03 2.955719622121813518e+04 5.375910739067449318e-02
7.406500000000000000e+03 2.944581961185199543e+04 5.036839140145862176e-02
7.413500000000000000e+03 2.946228577446910276e+04 4.753915411676418179e-02
7.420500000000000000e+03 2.962832399536591765e+04 4.732604074455115661e-02
7.427500000000000000e+03 2.967622790702672501e+04 4.730978907405482964e-02
7.434500000000000000e+03 2.959109353086076590e+04 4.800635931312465660e-02
7.441500000000000000e+03 2.962948807723724894e+04 4.616365800742438380e-02
7.448500000000000000e+03 2.966899797406963989e+04 4.462751592489617308e-02
7.455500000000000000e+03 2.946152453788945058e+04 4.490404498763893304e-02
7.462500000000000000e+03 2.948601733822921960e+04 4.314822767313315072e-02
7.469500000000000000e+03 2.928006547236109691e+04 4.419663379903212425e-02
7.476500000000000000e+03 2.926667444309204438e+04 4.412477599022721075e-02
7.483500000000000000e+03 2.931745644274752703e+04 4.167907443958015351e-02
7.490500000000000000e+03 2.902274755291614929e+04 4.715022527756290022e-02
7.497500000000000000e+03 2.893501187302415929e+04 4.321896707294911599e-02
7.504500000000000000e+03 2.873904026041699035e+04 4.506045062729833323e-02
7.511500000000000000e+03 2.870655037486466244e+04 4.237949239427622750e-02
7.518500000000000000e+03 2.868776979566489899e+04 4.342149631969419166e-02
7.525500000000000000e+03 2.867952585165845085e+04 4.047690933983217471e-02
7.532500000000000000e+03 2.850356202408792160e+04 4.384947008005355557e-02
7.539500000000000000e+03 2.848508824742915749e+04 4.205328472855256183e-02
7.546500000000000000e+03 2.829532449048894341e+04 4.364661094999557067e-02
7.553500000000000000e+03 2.835665933740734181e+04 4.236028994375681811e-02
7.560500000000000000e+03 2.818501148254517102e+04 4.480375650618664829e-02
7.567500000000000000e+03 2.783209036568531519e+04 5.375177180926786480e-02
7.574500000000000000e+03 2.704708313402086787e+04 7.229779400749682117e-02
7.581500000000000000e+03 2.471623645245872831e+04 1.093911004590201602e-01
7.588500000000000000e+03 2.076322252176476104e+04 1.398662252847297505e-01
7.595500000000000000e+03 1.541374049777754954e+04 1.347644897100129802e-01
7.602500000000000000e+03 1.168100002259720713e+04 1.410244647059919476e-01
7.609500000000000000e+03 1.066367722802704338e+04 2.450153445266573526e-01
7.616500000000000000e+03 1.152762539076697431e+04 3.365848044808792405e-01
7.623500000000000000e+03 1.248069544884526476e+04 3.273073896815704154e-01
7.630500000000000000e+03 1.303197156839884883e+04 2.768020029427864515e-01
7.637500000000000000e+03 1.377361736436469073e+04 2.388697488819703230e-01
7.644500000000000000e+03 1.540982400021263311e+04 2.138496278928724015e-01
7.651500000000000000e+03 1.715702089324476037e+04 1.809544449024034773e-01
7.658500000000000000e+03 1.938661649295470124e+04 1.501082628273233688e-01
7.665500000000000000e+03 2.099380930688012086e+04 1.191002568279544011e-01
7.672500000000000000e+03 2.253622772162466936e+04 9.626609358747477418e-02
7.679500000000000000e+03 2.369278991630948804e+04 8.014667991414624326e-02
7.686500000000000000e+03 2.462700610286069059e+04 6.593932742512946532e-02
7.693500000000000000e+03 2.498988487911850098e+04 5.757450266405578221e-02
7.700500000000000000e+03 2.504081658361281006e+04 5.456092207182303144e-02
7.707500000000000000e+03 2.530318891201046063e+04 5.015114090837801547e-02
7.714500000000000000e+03 2.528775394853408216e+04 4.579354323135191585e-02
7.721500000000000000e+03 2.532015693251570337e+04 4.463102122632338353e-02
7.728500000000000000e+03 2.534263448300980599e+04 4.557375210646818359e-02
7.735500000000000000e+03 2.543074557238004127e+04 3.877954908914186399e-02
7.742500000000000000e+03 2.529279986659934366e+04 4.167655159560733347e-02
7.749500000000000000e+03 2.505087851029001831e+04 3.895312277275695539e-02
7.756500000000000000e+03 2.477164073674526298e+04 3.947990492512167687e-02
7.763500000000000000e+03 2.484907321433597826e+04 3.803423606013030256e-02
7.770500000000000000e+03 2.476235955726711836e+04 3.672619031771357651e-02
7.777500000000000000e+03 2.466840137535398753e+04 3.708926520611344202e-02
7.784500000000000000e+03 2.484021034963242710e+04 3.648134634042082824e-02
7.791500000000000000e+03 2.473967231034077486e+04 3.941689995212334374e-02
7.798500000000000000e+03 2.459672544509702857e+04 3.858546336305518354e-02
7.805500000000000000e+03 2.440850957842657590e+04 3.768327092622225649e-02
7.812500000000000000e+03 2.436768325241722778e+04 3.701552378786775177e-02
7.819500000000000000e+03 2.424540642138596741e+04 3.811144860783438615e-02
7.826500000000000000e+03 2.401643218798796806e+04 3.797556901434211152e-02
7.833500000000000000e+03 2.398776029316991117e+04 3.731077848151628101e-02
7.840500000000000000e+03 2.371151571019064431e+04 3.643747992850358830e-02
7.847500000000000000e+03 2.353729125311146345e+04 3.562093602042633311e-02
7.854500000000000000e+03 2.356087399360658674e+04 3.947932489456583427e-02
7.861500000000000000e+03 2.341333478647023367e+04 4.146383082231150374e-02
7.868500000000000000e+03 2.332599445103572725e+04 4.219543281901281390e-02
7.875500000000000000e+03 2.299697310169762568e+04 4.486294658465805885e-02
7.882500000000000000e+03 2.294048783874158471e+04 4.691172751172559968e-02
7.889500000000000000e+03 2.269101701677389428e+04 4.863107356838701489e-02
7.896500000000000000e+03 2.250696853887400357e+04 5.113637666234398943e-02
7.903500000000000000e+03 2.239057146319918684e+04 4.890353314171420190e-02
7.910500000000000000e+03 2.213774141874324050e+04 4.806111108280291394e-02
7.917500000000000000e+03 2.215975331490738972e+04 4.638698529660445491e-02
7.924500000000000000e+03 2.215649646378539182e+04 4.499270221015232857e-02
7.931500000000000000e+03 2.197152737053175952e+04 4.474022438975359950e-02
7.938500000000000000e+03 2.177546195487116347e+04 4.199621805697171389e-02
7.945500000000000000e+03 2.183025006905408372e+04 4.571527782209986596e-02
7.952500000000000000e+03 2.162186529908579905e+04 4.510873329178771707e-02
7.959500000000000000e+03 2.159753185471013057e+04 4.431287206362471975e-02
7.966500000000000000e+03 2.154084269344950735e+04 4.867036077319968068e-02
7.973500000000000000e+03 2.151573043344087273e+04 4.976982948779958005e-02
7.980500000000000000e+03 2.148610608760359173e+04 4.834374877994677966e-02
7.987500000000000000e+03 2.147990520401059621e+04 4.526753079067277752e-02
7.994500000000000000e+03 2.125290717351600324e+04 4.764406803167278714e-02
8.001500000000000000e+03 2.116919023531829589e+04 4.580196048364752748e-02
8.008500000000000000e+03 2.075586080692824180e+04 4.932352896968276307e-02
8.015500000000000000e+03 2.081775232759267601e+04 4.780563855056443878e-02
8.022500000000000000e+03 2.073583565432623072e+04 4.775536054875632874e-02
8.029500000000000000e+03 2.055300827492751341e+04 5.104095704346079537e-02
8.036500000000000000e+03 2.042482859948870464e+04 4.867456021955583745e-02
8.043500000000000000e+03 2.048434905307859663e+04 4.655782678532246338e-02
8.050500000000000000e+03 2.067329930437288203e+04 4.232186518780710338e-02
8.057500000000000000e+03 2.052009253393592735e+04 4.107389430374216305e-02
8.064500000000000000e+03 2.057496695842974805e+04 3.868315144121017846e-02
8.071500000000000000e+03 2.060840819843728605e+04 3.784025710137416121e-02
8.078500000000000000e+03 2.041739537692365775e+04 4.240442634920440351e-02
8.085500000000000000e+03 2.018493284678641066e+04 4.449821161298697647e-02
8.092500000000000000e+03 2.005487610510979721e+04 4.625512025829783824e-02
8.099500000000000000e+03 1.967277402627450283e+04 4.767848499639066456e-02
8.106500000000000000e+03 1.955024917401288985e+04 5.455037324288621037e-02
8.113500000000000000e+03 1.925724409915725118e+04 6.115169314500136510e-02
8.120500000000000000e+03 1.899843117737597640e+04 6.690134643700042238e-02
8.127500000000000000e+03 1.841131354844915404e+04 7.589788419199999803e-02
8.134500000000000000e+03 1.792468411423090220e+04 8.295376895206867107e-02
8.141500000000000000e+03 1.738137134402588345e+04 9.370230306826517197e-02
8.148500000000000000e+03 1.702702847865237345e+04 9.874534337128659800e-02
8.155500000000000000e+03 1.652684630079923227e+04 1.003716191816443476e-01
8.162500000000000000e+03 1.621614494431587264e+04 1.013776170095954110e-01
8.169500000000000000e+03 1.620157506503883633e+04 1.032826822011596174e-01
8.176500000000000000e+03 1.615569685037210184e+04 9.945664456704715606e-02
8.183500000000000000e+03 1.654795941190298254e+04 9.031760062024568603e-02
8.190500000000000000e+03 1.663004077001276164e+04 8.264765452731577533e-02
8.197500000000000000e+03 1.682340602665872211e+04 8.171015639709500178e-02
8.204500000000000000e+03 1.707724213991294528e+04 8.290735564892348641e-02
8.211500000000000000e+03 1.700960905055636977e+04 8.717771784411910974e-02
8.218500000000000000e+03 1.657002290609043484e+04 8.915220255289608986e-02
8.225500000000000000e+03 1.591865684564850199e+04 7.582081113190719535e-02
8.232500000000000000e+03 1.577121946241013211e+04 7.559886423015928225e-02
8.239500000000000000e+03 1.644542383631571283e+04 8.181822940292536595e-02
8.246500000000000000e+03 1.710429992025720640e+04 7.764727667066509409e-02
8.253500000000000000e+03 1.726281426833163641e+04 7.161696541653585213e-02
8.260500000000000000e+03 1.726645694096963052e+04 6.868707269577915830e-02
8.267500000000000000e+03 1.708405732629938575e+04 7.037834932304445901e-02
8.274500000000000000e+03 1.672928637096064995e+04 7.181987675666147430e-02
8.281500000000000000e+03 1.656417665913746168e+04 7.269776252122663041e-02
8.288500000000000000e+03 1.650944709528629392e+04 7.363585073376122114e-02
8.295500000000000000e+03 1.657399348794597609e+04 7.387405111340160369e-02
8.302500000000000000e+03 1.674260453224447338e+04 7.072514956016819065e-02
8.309500000000000000e+03 1.678678849408871611e+04 6.850406904838901578e-02
8.316500000000000000e+03 1.674247654608532685e+04 6.067224693330024177e-02
8.323500000000000000e+03 1.650198833213692342e+04 6.375905336450007899e-02
8.330500000000000000e+03 1.679139188385384114e+04 6.160446959113330401e-02
8.337500000000000000e+03 1.694682822155924805e+04 5.816059564650322145e-02
8.344500000000000000e+03 1.699021331054983602e+04 5.561292134184714353e-02
8.351500000000000000e+03 1.709076205340164233e+04 5.217055820742783068e-02
8.358500000000000000e+03 1.731247736159020860e+04 5.141218196070159591e-02
8.365500000000000000e+03 1.721775220462908692e+04 4.951054395574689543e-02
8.372500000000000000e+03 1.733061753396505446e+04 4.492641395476240640e-02
8.379500000000000000e+03 1.739327001608850696e+04 4.341647105082908215e-02
8.386500000000000000e+03 1.729702718061682026e+04 4.033597130251075080e-02
8.393500000000000000e+03 1.717255143378115463e+04 4.055239259353687897e-02
8.400500000000000000e+03 1.748508218919228966e+04 3.769874130761211722e-02
8.407500000000000000e+03 1.704617215746788133e+04 4.105164137593320106e-02
8.414500000000000000e+03 1.724012057322657711e+04 3.743335902339079563e-02
8.421500000000000000e+03 1.719304619824647671e+04 3.598772568319291015e-02
8.428500000000000000e+03 1.703653810965614321e+04 3.475908165107978454e-02
8.435500000000000000e+03 1.701181082166593114e+04 3.561396121900118478e-02
8.442500000000000000e+03 1.699305040985207961e+04 3.340201734373336728e-02
8.449500000000000000e+03 1.684741610555959778e+04 3.557176226850212314e-02
8.456500000000000000e+03 1.695083772739011692e+04 2.965821507342009458e-02
8.463500000000000000e+03 1.680570250147704792e+04 3.378992184642869157e-02
8.470500000000000000e+03 1.679252342833852890e+04 3.034080647654452401e-02
8.477500000000000000e+03 1.671680912137271662e+04 3.401898944241690814e-02
8.484500000000000000e+03 1.655210424210131532e+04 3.288147094092893491e-02
8.491500000000000000e+03 1.661197428264154951e+04 3.268296840689376148e-02
8.498500000000000000e+03 1.632622993548299928e+04 2.801114884985424561e-02
8.505500000000000000e+03 1.629472330828385566e+04 3.107113488863373976e-02
8.512500000000000000e+03 1.630931356477259760e+04 2.793122646312459420e-02
8.519500000000000000e+03 1.628872151480518187e+04 2.926014425848529055e-02
8.526500000000000000e+03 1.646647973119798917e+04 3.324983722484500803e-02
8.533500000000000000e+03 1.629213057819271853e+04 3.147203550518578447e-02
8.540500000000000000e+03 1.603328584006691381e+04 2.840092195045949494e-02
8.547500000000000000e+03 1.590333710576538942e+04 2.476956661644051302e-02
8.554500000000000000e+03 1.596810652564183329e+04 2.397443592207986612e-02
8.561500000000000000e+03 1.616953835331596565e+04 2.778988506378303469e-02
8.568500000000000000e+03 1.630586916440597815e+04 3.256052738008982650e-02
8.575500000000000000e+03 1.625336880213735458e+04 3.369911369404327700e-02
8.582500000000000000e+03 1.634872402511629116e+04 2.888477684416563065e-02
8.589500000000000000e+03 1.618430042712286922e+04 2.516484561564773237e-02
8.596500000000000000e+03 1.597759592612289634e+04 2.607683603757370364e-02
8.603500000000000000e+03 1.617921981277169107e+04 2.219314057883053221e-02
8.610500000000000000e+03 1.592746998852211800e+04 2.731237905108643491e-02
8.617500000000000000e+03 1.602847909100840661e+04 2.995899303199399052e-02
8.624500000000000000e+03 1.622506136180088652e+04 3.030694551451622656e-02
8.631500000000000000e+03 1.627097571256051378e+04 3.419357048081121675e-02
8.638500000000000000e+03 1.614886622626314056e+04 3.470765627244298129e-02
8.645500000000000000e+03 1.597323012780575300e+04 3.226637522349818515e-02
8.652500000000000000e+03 1.564237639852762004e+04 2.783734985001490303e-02
8.659500000000000000e+03 1.530939957950094504e+04 2.063355719456765741e-02
8.666500000000000000e+03 1.513188985507044526e+04 1.298971645529544729e-02
8.673500000000000000e+03 1.496912419047791082e+04 1.495887133209208159e-02
8.680500000000000000e+03 1.515590448017726703e+04 2.212547260365041457e-02
8.687500000000000000e+03 1.538639672327785593e+04 2.782672315796487147e-02
8.694500000000000000e+03 1.560649070021220177e+04 3.207566833784854937e-02
8.701500000000000000e+03 1.588030457940925771e+04 3.081663391730075224e-02
8.708500000000000000e+03 1.590784265653840339e+04 3.222205297919358141e-02
8.715500000000000000e+03 1.582045045165360170e+04 3.073942344728504070e-02
8.722500000000000000e+03 1.584058090162771805e+04 3.062654120563250079e-02
8.729500000000000000e+03 1.543319625245169300e+04 3.214483852028406086e-02
8.736500000000000000e+03 1.518307631448125176e+04 2.534723518831190694e-02
8.743500000000000000e+03 1.505483916226247493e+04 1.386557696364975473e-02
8.750500000000000000e+03 1.483328040368818984e+04 1.313501551986077584e-02
8.757500000000000000e+03 1.490634627722102232e+04 1.548466556785038986e-02
8.764500000000000000e+03 1.518849161911458577e+04 2.358207639846272852e-02
8.771500000000000000e+03 1.537805588462823289e+04 2.536314350884512694e-02
8.778500000000000000e+03 1.547828891622543597e+04 2.800861180374661016e-02
8.785500000000000000e+03 1.556942640102719633e+04 3.068108457678004122e-02
8.792500000000000000e+03 1.560332991385896275e+04 3.034406319638000352e-02
8.799500000000000000e+03 1.547634649017728407e+04 2.855728690388699073e-02
8.806500000000000000e+03 1.553772032571454656e+04 2.638393923217508333e-02
8.813500000000000000e+03 1.536218986834256975e+04 2.690126570081274177e-02
8.820500000000000000e+03 1.525573896044189860e+04 2.993509359902080808e-02
8.827500000000000000e+03 1.514183666380737304e+04 3.036693801982104021e-02
8.834500000000000000e+03 1.506253469675104498e+04 3.127327277459187455e-02
8.841500000000000000e+03 1.490054329998327921e+04 2.695102053275954743e-02
8.848500000000000000e+03 1.466946963068938931e+04 2.834328747088560307e-02
8.855500000000000000e+03 1.418648223458271605e+04 2.405193220458698433e-02
8.862500000000000000e+03 1.396506674606362685e+04 1.635937893857839984e-02
8.869500000000000000e+03 1.384188749078846558e+04 1.329438697291341655e-02
8.876500000000000000e+03 1.408846983391765389e+04 1.791613904503356128e-02
8.883500000000000000e+03 1.442714455358267332e+04 2.807414883291857802e-02
8.890500000000000000e+03 1.458548875396820949e+04 3.305076028785866593e-02
8.897500000000000000e+03 1.480938452701535061e+04 3.492294934850424803e-02
8.904500000000000000e+03 1.490053032606247325e+04 3.249735182632931124e-02
8.911500000000000000e+03 1.480793725098166396e+04 3.380299358432105328e-02
8.918500000000000000e+03 1.455477231231512451e+04 3.887442990724611358e-02
8.925500000000000000e+03 1.437317749742200613e+04 4.122397217212316750e-02
8.932500000000000000e+03 1.419418338112099264e+04 4.720393402008662281e-02
8.939500000000000000e+03 1.397375245848175655e+04 5.941294135299406837e-02
8.946500000000000000e+03 1.358542782815168539e+04 6.574164019372059908e-02
8.953500000000000000e+03 1.307788257457386135e+04 7.633440682305150937e-02
8.960500000000000000e+03 1.265094498742350515e+04 7.831330401095377980e-02
8.967500000000000000e+03 1.218261780290028946e+04 9.120070887684966765e-02
8.974500000000000000e+03 1.191966639611087339e+04 1.038295464618207986e-01
8.981500000000000000e+03 1.139187985694602867e+04 1.116948716090792881e-01
8.988500000000000000e+03 1.093013817420949636e+04 1.047941064815706702e-01
8.995500000000000000e+03 1.058131084590443425e+04 1.067601942858674990e-01
9.002500000000000000e+03 1.041610978351216181e+04 1.026864561747842242e-01
9.009500000000000000e+03 1.029557897766654787e+04 9.007356642087524512e-02
9.016500000000000000e+03 1.055831751105365947e+04 8.176830348827381079e-02
9.023500000000000000e+03 1.095986457408318165e+04 7.369794203627549889e-02
9.030500000000000000e+03 1.159141073481333842e+04 7.558424642634672952e-02
9.037500000000000000e+03 1.221084856169241903e+04 7.543377388529202976e-02
9.044500000000000000e+03 1.254077290992954295e+04 7.884226053837198323e-02
9.051500000000000000e+03 1.254142457407198162e+04 7.711277018811873996e-02
9.058500000000000000e+03 1.216864906573647568e+04 8.571296366725705829e-02
9.065500000000000000e+03 1.163985175848925974e+04 8.434237841078481845e-02
9.072500000000000000e+03 1.122716352084346545e+04 9.191542948151847081e-02
9.079500000000000000e+03 1.083939825586655206e+04 1.011457695134861945e-01
9.086500000000000000e+03 1.070976813178025259e+04 1.069300102282780829e-01
9.093500000000000000e+03 1.074674896008781434e+04 1.070541106115573543e-01
9.100500000000000000e+03 1.088169750589566138e+04 1.083251747102370321e-01
9.107500000000000000e+03 1.102531755255210192e+04 1.092071203058403855e-01
9.114500000000000000e+03 1.107496197472765743e+04 1.189402878291857674e-01
9.121500000000000000e+03 1.095551357153257777e+04 1.160159453785520600e-01
9.128500000000000000e+03 1.068431531792216629e+04 1.131844201479681317e-01
9.135500000000000000e+03 1.059587976487742708e+04 1.159845072496396290e-01
9.142500000000000000e+03 1.057649316795237064e+04 1.268017604670917398e-01
9.149500000000000000e+03 1.054869842761955806e+04 1.228940757587069221e-01
9.156500000000000000e+03 1.045703293672132349e+04 1.206794135690172631e-01
9.163500000000000000e+03 1.052400908096853163e+04 1.220461337380741029e-01
9.170500000000000000e+03 1.058908546947448122e+04 1.150059761510904138e-01
9.177500000000000000e+03 1.081740504741101904e+04 1.023709463209990095e-01
9.184500000000000000e+03 1.099219590092930594e+04 9.619396442902007627e-02
9.191500000000000000e+03 1.125795905516390485e+04 9.086263496992390276e-02
9.198500000000000000e+03 1.145846521757591472e+04 8.450535366657840886e-02
9.205500000000000000e+03 1.129458652388830160e+04 7.963040935092376149e-02
9.212500000000000000e+03 1.092086123000531006e+04 7.350348393646682910e-02
9.219500000000000000e+03 1.055936113323525024e+04 6.452248256061915432e-02
9.226500000000000000e+03 1.026459347350778626e+04 6.052438060285979943e-02
9.233500000000000000e+03 1.002957434509048653e+04 6.656361590167961251e-02
9.240500000000000000e+03 1.013251855448507013e+04 7.424113849804776788e-02
9.247500000000000000e+03 1.029042869951314242e+04 8.396679970235378099e-02
9.254500000000000000e+03 1.049998908254475100e+04 9.127293520622024869e-02
9.261500000000000000e+03 1.058388827420097186e+04 9.872141544982575290e-02
9.268500000000000000e+03 1.040129514275722249e+04 1.096136167247171583e-01
9.275500000000000000e+03 1.007997879823177391e+04 1.225784572689648244e-01
9.282500000000000000e+03 9.407604842276705313e+03 1.407744652895783211e-01
9.289500000000000000e+03 8.818043486924922036e+03 1.648894161405652647e-01
9.296500000000000000e+03 8.186057630556713775e+03 1.879401965787721174e-01
9.303500000000000000e+03 7.518228226075325438e+03 2.087418627305298036e-01
9.310500000000000000e+03 6.663804636027795823e+03 2.364384439163901841e-01
9.317500000000000000e+03 5.810230914906012913e+03 2.663373287889591601e-01
9.324500000000000000e+03 5.131425473630280067e+03 3.129171111754875945e-01
9.331500000000000000e+03 4.582182632548865513e+03 3.368702366674862225e-01
9.338500000000000000e+03 4.232159921581566778e+03 3.413649647974378309e-01
9.345500000000000000e+03 4.253819845031182922e+03 3.444212105389863887e-01
9.352500000000000000e+03 4.347206436332204248e+03 3.646290005268020273e-01
9.359500000000000000e+03 4.409347868764281884e+03 3.653580622859610161e-01
9.366500000000000000e+03 4.659166316060542158e+03 3.290096871348469620e-01
9.373500000000000000e+03 4.792380138502968293e+03 2.970164821636129271e-01
9.380500000000000000e+03 5.398231648689586109e+03 2.692460084084423166e-01
9.387500000000000000e+03 6.301596439083063160e+03 2.578239340637559218e-01
9.394500000000000000e+03 6.797124486989157958e+03 2.582766479896044798e-01
9.401500000000000000e+03 7.042560807252278209e+03 2.379495461994465821e-01
9.408500000000000000e+03 6.757459578627546762e+03 2.335341376674389402e-01
9.415500000000000000e+03 6.420372812052371955e+03 2.443201843127582318e-01
9.422500000000000000e+03 6.167184254592521029e+03 2.371579082844068598e-01
9.429500000000000000e+03 5.823614057344351750e+03 2.374115707023564670e-01
9.436500000000000000e+03 5.478113398217506074e+03 2.516617180155856781e-01
9.443500000000000000e+03 5.580289680969858637e+03 2.555730470482637795e-01
9.450500000000000000e+03 5.573205487360945881e+03 2.676644989541055453e-01
9.457500000000000000e+03 5.637699740305794876e+03 2.623378286205521603e-01
9.464500000000000000e+03 5.573857574641969222e+03 2.673880319850893694e-01
9.471500000000000000e+03 5.769766679342646057e+03 2.632552927755915650e-01
9.478500000000000000e+03 5.962670307013703678e+03 2.484655233369031102e-01
9.485500000000000000e+03 5.895195705442459257e+03 2.522491880482968241e-01
9.492500000000000000e+03 5.938236667074107572e+03 2.312445248414650434e-01
9.499500000000000000e+03 5.978451327701143782e+03 2.255850772368648560e-01
9.506500000000000000e+03 6.038800921901561196e+03 2.550463425759274538e-01
9.513500000000000000e+03 5.947593154174405754e+03 2.547364021856436955e-01
9.520500000000000000e+03 5.848358095757918818e+03 2.260095681355317743e-01
9.527500000000000000e+03 5.791000682113453877e+03 2.325136045548509001e-01
9.534500000000000000e+03 5.715913670584552165e+03 2.405457117359374175e-01
9.541500000000000000e+03 5.621358724243458710e+03 2.260260852225506323e-01
9.548500000000000000e+03 5.522762412018021678e+03 1.977518320364408388e-01
9.555500000000000000e+03 5.543388130409308360e+03 1.900198457647079564e-01
9.562500000000000000e+03 5.712503779515356655e+03 1.981837978665956235e-01
9.569500000000000000e+03 6.064486303667204993e+03 2.144793117115137981e-01
9.576500000000000000e+03 6.270022251713598962e+03 2.197102322085410508e-01
9.583500000000000000e+03 6.288367263207214819e+03 2.072275500726552533e-01
9.590500000000000000e+03 6.341814651600633624e+03 1.892066728288370470e-01
9.597500000000000000e+03 6.506926077709481433e+03 1.966771896177263168e-01
9.604500000000000000e+03 6.624345522670616447e+03 2.009533993132170404e-01
9.611500000000000000e+03 6.845573513721019481e+03 1.873405191145698367e-01
9.618500000000000000e+03 7.015078497655417777e+03 1.663642278454164070e-01
9.625500000000000000e+03 6.934480057337025755e+03 1.647273330553922499e-01
9.632500000000000000e+03 7.029603676230153724e+03 1.623550090856678840e-01
9.639500000000000000e+03 7.082154886010209339e+03 1.534676106786487526e-01
9.646500000000000000e+03 7.176287258832241605e+03 1.534700902611802198e-01
9.653500000000000000e+03 7.291359843082782390e+03 1.469376413647237589e-01
9.660500000000000000e+03 7.394429372365866584e+03 1.331239866817546802e-01
9.667500000000000000e+03 7.616555644099973506e+03 1.176496150865381785e-01
9.674500000000000000e+03 8.094688732295437148e+03 1.045165251056543454e-01
9.681500000000000000e+03 8.449419193196228662e+03 9.296861081181460873e-02
9.688500000000000000e+03 8.637126310082612690e+03 8.308301447350893709e-02
9.695500000000000000e+03 8.718779121851745003e+03 7.357610115634603820e-02
9.702500000000000000e+03 8.684436963110181750e+03 7.130850467983354535e-02
9.709500000000000000e+03 8.656195306635643647e+03 7.567555645000999254e-02
9.716500000000000000e+03 8.558359422157431254e+03 7.545566871021909539e-02
9.723500000000000000e+03 8.324342585662456258e+03 8.255940402299148662e-02
9.730500000000000000e+03 8.074072764565870784e+03 8.806913902749156919e-02
9.737500000000000000e+03 7.836366939028746856e+03 9.073460105719534374e-02
9.744500000000000000e+03 7.663827259557767320e+03 9.534352357110163767e-02
9.751500000000000000e+03 7.644777394178010582e+03 9.192295276071164867e-02
9.758500000000000000e+03 7.711135000785409829e+03 8.813756461524618890e-02
9.765500000000000000e+03 7.732851776972332118e+03 8.950031933191034128e-02
9.772500000000000000e+03 7.892004618166007276e+03 8.700383430187358380e-02
9.779500000000000000e+03 7.944740898766545797e+03 8.110740913880591652e-02
9.786500000000000000e+03 7.943891461613997308e+03 7.226620295363256341e-02
9.793500000000000000e+03 7.846035538013333280e+03 7.121793561618035284e-02
9.800500000000000000e+03 7.902468844724724477e+03 6.718756273484592645e-02
9.807500000000000000e+03 7.973681546550338680e+03 6.641965789837055156e-02
9.814500000000000000e+03 8.064560836303494398e+03 5.864205595135899701e-02
9.821500000000000000e+03 8.193541695893047290e+03 5.194514736692532747e-02
9.828500000000000000e+03 8.093410811865679534e+03 4.801377793622270407e-02
9.835500000000000000e+03 8.091022808825342508e+03 4.848803910812220230e-02
9.842500000000000000e+03 8.137033656585095741e+03 4.324175459091191692e-02
9.849500000000000000e+03 8.078438467216143181e+03 4.128506232273371906e-02
9.856500000000000000e+03 8.083904605826079205e+03 3.652694926405349735e-02
9.863500000000000000e+03 8.076302420674855057e+03 3.349743232934394160e-02
9.870500000000000000e+03 7.972066687966773316e+03 3.221433143134834476e-02
9.877500000000000000e+03 7.970377765745141005e+03 3.021834469909922757e-02
9.884500000000000000e+03 7.973425207482767291e+03 2.721584496467798278e-02
9.891500000000000000e+03 7.818622536382822545e+03 2.760595294237908059e-02
9.898500000000000000e+03 7.851592252530241240e+03 2.367706863140172160e-02
9.905500000000000000e+03 7.697545630237382284e+03 2.543254091630683597e-02
9.912500000000000000e+03 7.685963924454422340e+03 2.239086039934549965e-02
9.919500000000000000e+03 7.602900955266098208e+03 2.228864488676276026e-02
9.926500000000000000e+03 7.500452573093226420e+03 2.444717888415836801e-02
9.933500000000000000e+03 7.518051493075545295e+03 2.149280386920933775e-02
9.940500000000000000e+03 7.342747780641225290e+03 2.333913588664309618e-02
9.947500000000000000e+03 7.340703846068921848e+03 2.217550940872320756e-02
9.954500000000000000e+03 7.206013873766527468e+03 2.236713031520749448e-02
9.961500000000000000e+03 7.136899745734855969e+03 2.170993469267252021e-02
9.968500000000000000e+03 7.115928165143157457e+03 2.075691803670912799e-02
9.975500000000000000e+03 6.944940731845794289e+03 1.846681418248834194e-02
9.982500000000000000e+03 6.826329799398623436e+03 2.012234254058281949e-02
9.989500000000000000e+03 6.845335988345870646e+03 1.615598702291910771e-02
9.996500000000000000e+03 6.744922978919053094e+03 1.382110356954220805e-02
