# wavelength angstroms, flux, ext coeff
3.001800000000000182e+03 3.620193981547149775e+01 0.000000000000000000e+00
3.005300000000000182e+03 3.677863669444850103e+01 0.000000000000000000e+00
3.008800000000000182e+03 2.933598068823428662e+01 8.420606055000562362e-01
3.012300000000000182e+03 5.604626401134095914e+01 5.940382994032277209e-01
3.015800000000000182e+03 5.687584027691884359e+01 0.000000000000000000e+00
3.019300000000000182e+03 6.754441774596075732e+01 0.000000000000000000e+00
3.022800000000000182e+03 1.366289285606619153e+01 1.716716430664203319e+00
3.026300000000000182e+03 5.703926042450530076e+01 8.358041368849340458e-01
3.029800000000000182e+03 6.376945737390727942e+01 8.599206971594031135e-01
3.033300000000000182e+03 1.182032852401358980e+02 0.000000000000000000e+00
3.036800000000000182e+03 1.887119709446636051e+01 1.926459716380426457e+00
3.040300000000000182e+03 5.405898708277043596e+01 1.181353974832185516e+00
3.043800000000000182e+03 1.652866152151232484e+02 0.000000000000000000e+00
3.047300000000000182e+03 1.909533476992924363e+02 0.000000000000000000e+00
3.050800000000000182e+03 4.937080657798689032e+01 1.473326461037501200e+00
3.054300000000000182e+03 5.315490666872570813e+01 1.519555107799178240e+00
3.057800000000000182e+03 5.125072392353966677e+01 1.609718040216199020e+00
3.061300000000000182e+03 9.488634223632662668e+01 1.206780528199633107e+00
3.064800000000000182e+03 2.990211478637851883e+02 0.000000000000000000e+00
3.068300000000000182e+03 7.802500098401402795e+01 1.460728600662308807e+00
3.071800000000000182e+03 8.079556324848741156e+01 1.537955854637901520e+00
3.075300000000000182e+03 3.623043937498023581e+01 2.288616551519122577e+00
3.078800000000000182e+03 4.262176438483916741e+02 0.000000000000000000e+00
3.082300000000000182e+03 4.886427185087762126e+01 2.123898669913452331e+00
3.085800000000000182e+03 9.216114587076559417e+01 1.664452697146240778e+00
3.089300000000000182e+03 9.086245728103027375e+01 1.739449020248136080e+00
3.092800000000000182e+03 1.619997279679272708e+02 1.325620931707531369e+00
3.096300000000000182e+03 1.438290040338661697e+02 1.465193285820956426e+00
3.099800000000000182e+03 9.503444751580703098e+01 1.861439689885425519e+00
3.103300000000000182e+03 1.030280316793279951e+02 1.850956020934670487e+00
3.106800000000000182e+03 1.689021550269000045e+02 1.460926237046148657e+00
3.110300000000000182e+03 1.215383918897117468e+02 1.769097517860420243e+00
3.113800000000000182e+03 1.283246610103173850e+02 1.749765657495711224e+00
3.117300000000000182e+03 1.387304244775519351e+02 1.708611234197146223e+00
3.120800000000000182e+03 1.474096900487261905e+02 1.678551917206266619e+00
3.124300000000000182e+03 2.628555935596391464e+02 1.256741457296008724e+00
3.127800000000000182e+03 1.722585260187971130e+02 1.635563676764508978e+00
3.131300000000000182e+03 2.809195493561484795e+02 1.252910904658456337e+00
3.134800000000000182e+03 2.058892226832989252e+02 1.519495215905189545e+00
3.138300000000000182e+03 3.042442285703924085e+02 1.243014357586529561e+00
3.141800000000000182e+03 3.148004049363910894e+02 1.242089118432649020e+00
3.145300000000000182e+03 2.459847378131458697e+02 1.473399346584816971e+00
3.148800000000000182e+03 2.897030450221943738e+02 1.368475371099356019e+00
3.152300000000000182e+03 3.909056430325848623e+02 1.168607399836872229e+00
3.155800000000000182e+03 3.928051264790321397e+02 1.184895054854826713e+00
3.159300000000000182e+03 4.118881311456507888e+02 1.161991397633295842e+00
3.162800000000000182e+03 3.676144661919929035e+02 1.277310435092086527e+00
3.166300000000000182e+03 3.835226900042565035e+02 1.281599806001027630e+00
3.169800000000000182e+03 4.284444516233256195e+02 1.228159965537631626e+00
3.173300000000000182e+03 4.592121838644904983e+02 1.178113399655371873e+00
3.176800000000000182e+03 4.182287532205327807e+02 1.252528772368691090e+00
3.180300000000000182e+03 4.936152913052538338e+02 1.144613402325762808e+00
3.183800000000000182e+03 4.713632344544697048e+02 1.207502182858204876e+00
3.187300000000000182e+03 4.962101564867304546e+02 1.184979860286233810e+00
3.190800000000000182e+03 6.020691565986785463e+02 1.059655500356450730e+00
3.194300000000000182e+03 5.417547758023877122e+02 1.146986508736428823e+00
3.197800000000000182e+03 5.609139638209885561e+02 1.129527825268048069e+00
3.201300000000000182e+03 5.869938236407645036e+02 1.121637679114571018e+00
3.204800000000000182e+03 6.187573311856500595e+02 1.098595291038251487e+00
3.208300000000000182e+03 7.264685113263269614e+02 9.941079436691923066e-01
3.211800000000000182e+03 6.849607673332607192e+02 1.057121541692191968e+00
3.215300000000000182e+03 7.064555824137406717e+02 1.051110533790788892e+00
3.218800000000000182e+03 7.590656337224988874e+02 1.004364365648980018e+00
3.222300000000000182e+03 7.347548532307474716e+02 1.034266790811767978e+00
3.225800000000000182e+03 7.735725725454752819e+02 1.007034322381656688e+00
3.229300000000000182e+03 7.934846014599596629e+02 1.005684750120116489e+00
3.232800000000000182e+03 8.225380168779556698e+02 9.888529347313554929e-01
3.236300000000000182e+03 8.544157820315720073e+02 9.789459859586620016e-01
3.239800000000000182e+03 9.841394252936341900e+02 8.975432552434565725e-01
3.243300000000000182e+03 9.235649373012689693e+02 9.520274739496493721e-01
3.246800000000000182e+03 9.288125040827328576e+02 9.490197932420411098e-01
3.250300000000000182e+03 1.014436556035923331e+03 8.795940422720507357e-01
3.253800000000000182e+03 1.033058850882708612e+03 8.832238702777763795e-01
3.257300000000000182e+03 9.837866624205767039e+02 9.240118527818640404e-01
3.260800000000000182e+03 1.073705323790851253e+03 8.834939141459792200e-01
3.264300000000000182e+03 1.076078259016504262e+03 8.963957416878033380e-01
3.267800000000000182e+03 1.204460099149315056e+03 8.301446172309286942e-01
3.271300000000000182e+03 1.198548042006295873e+03 8.362088748639590063e-01
3.274800000000000182e+03 1.131398053801153083e+03 8.796894052761312643e-01
3.278300000000000182e+03 1.133744107572958001e+03 8.782522389150932973e-01
3.281800000000000182e+03 1.145447302237499116e+03 8.702246038664680494e-01
3.285300000000000182e+03 1.230529337388702288e+03 8.359517523398282135e-01
3.288800000000000182e+03 1.241870243361980783e+03 8.374075985658637755e-01
3.292300000000000182e+03 1.266292910970821367e+03 8.420022119477424960e-01
3.295800000000000182e+03 1.300992478741085506e+03 8.294870250750826512e-01
3.299300000000000182e+03 1.372684666241244486e+03 8.054606957025078895e-01
3.302800000000000182e+03 1.348210200508745856e+03 8.162000597273636471e-01
3.306300000000000182e+03 1.360010150566388575e+03 8.142970819592707521e-01
3.309800000000000182e+03 1.350108290111245196e+03 8.136405645054799463e-01
3.313300000000000182e+03 1.443750321866212744e+03 7.813223801328191831e-01
3.316800000000000182e+03 1.498268688337068397e+03 7.634427778141926746e-01
3.320300000000000182e+03 1.450674313924214403e+03 7.919049794339323434e-01
3.323800000000000182e+03 1.577696771445385821e+03 7.477416310353598439e-01
3.327300000000000182e+03 1.568528087713341847e+03 7.558546562571533123e-01
3.330800000000000182e+03 1.626954275369674406e+03 7.372019712714069639e-01
3.334300000000000182e+03 1.547617107535887271e+03 7.675917432006905683e-01
3.337800000000000182e+03 1.566814312046871237e+03 7.681752376936432647e-01
3.341300000000000182e+03 1.598069464005907321e+03 7.632816033926044241e-01
3.344800000000000182e+03 1.655589701444596358e+03 7.372803953961595269e-01
3.348300000000000182e+03 1.631711382872048944e+03 7.510245157556242335e-01
3.351800000000000182e+03 1.655516327449389564e+03 7.437095669618235538e-01
3.355300000000000182e+03 1.712544318552936147e+03 7.360294041965358414e-01
3.358800000000000182e+03 1.717550172046164334e+03 7.351215877668463294e-01
3.362300000000000182e+03 1.785235667082906275e+03 7.158908094121585464e-01
3.365800000000000182e+03 1.769066285420079794e+03 7.262318663817599607e-01
3.369300000000000182e+03 1.763179437752837430e+03 7.244185193736860651e-01
3.372800000000000182e+03 1.768631750025000429e+03 7.240002063753802064e-01
3.376300000000000182e+03 1.818225933376153307e+03 7.173701792399875821e-01
3.379800000000000182e+03 1.870762554068711324e+03 7.007297696792145203e-01
3.383300000000000182e+03 1.961531323573641657e+03 6.781712603723206723e-01
3.386800000000000182e+03 1.912001177925415277e+03 6.977075319823382582e-01
3.390300000000000182e+03 1.920435688120678378e+03 6.983086907841874469e-01
3.393800000000000182e+03 1.962358334436830773e+03 6.882298164301517973e-01
3.397300000000000182e+03 2.020709642088121655e+03 6.688398240014172824e-01
3.400800000000000182e+03 1.986515288802631176e+03 6.864097032175301427e-01
3.404300000000000182e+03 2.003676723415883316e+03 6.850483443664415750e-01
3.407800000000000182e+03 2.128132652502138171e+03 6.556784707532640200e-01
3.411300000000000182e+03 2.055804652242072734e+03 6.730985730264362754e-01
3.414800000000000182e+03 2.155228543977168101e+03 6.505515181898926524e-01
3.418300000000000182e+03 2.117748653914185979e+03 6.676044175373926359e-01
3.421800000000000182e+03 2.164377164536375403e+03 6.596799472171377410e-01
3.425300000000000182e+03 2.211027626407110802e+03 6.482082793805100662e-01
3.428800000000000182e+03 2.173041580220115520e+03 6.549908854859515239e-01
3.432300000000000182e+03 2.198431173335459334e+03 6.561256962277345339e-01
3.435800000000000182e+03 2.222570907472996623e+03 6.458246546536097199e-01
3.439300000000000182e+03 2.294910282381080378e+03 6.329297436595732185e-01
3.442800000000000182e+03 2.247596221128978414e+03 6.500630420073020277e-01
3.446300000000000182e+03 2.286923983933470481e+03 6.387915002173005785e-01
3.449800000000000182e+03 2.395766195757930291e+03 6.184545611228295936e-01
3.453300000000000182e+03 2.329748181975279749e+03 6.360405975470557749e-01
3.456800000000000182e+03 2.467615615674292712e+03 6.105165059929654747e-01
3.460300000000000182e+03 2.357821587642162285e+03 6.319199410252894777e-01
3.463800000000000182e+03 2.380167601777046912e+03 6.283129415808491602e-01
3.467300000000000182e+03 2.407456531398052448e+03 6.268722159057569243e-01
3.470800000000000182e+03 2.420281115335798404e+03 6.263216327702669783e-01
3.474300000000000182e+03 2.560261095999463123e+03 6.027921122376942442e-01
3.477800000000000182e+03 2.478627746860533534e+03 6.193955953101961676e-01
3.481300000000000182e+03 2.534213359966017833e+03 6.137450086493732027e-01
3.484800000000000182e+03 2.522370973347415202e+03 6.106146597138915055e-01
3.488300000000000182e+03 2.617964461547261635e+03 5.949211921214905274e-01
3.491800000000000182e+03 2.569292293134830288e+03 6.049337627586482968e-01
3.495300000000000182e+03 2.657206645302797369e+03 5.902857025172342231e-01
3.498800000000000182e+03 2.625624678914786273e+03 6.019400822894129810e-01
3.502300000000000182e+03 2.705469303289365598e+03 5.823859506539170727e-01
3.505800000000000182e+03 2.733314899673032869e+03 5.823912449851446071e-01
3.509300000000000182e+03 2.681038338900837061e+03 5.957158288502497623e-01
3.512800000000000182e+03 2.708641876147195489e+03 5.947226263933277357e-01
3.516300000000000182e+03 2.797798262057823649e+03 5.759921801383062201e-01
3.519800000000000182e+03 2.781328330442596325e+03 5.828154543459137527e-01
3.523300000000000182e+03 2.834306449662907653e+03 5.748594543539410351e-01
3.526800000000000182e+03 2.875724113728757857e+03 5.723516330787743467e-01
3.530300000000000182e+03 2.886145349764813091e+03 5.675896867059208040e-01
3.533800000000000182e+03 2.823233231529173281e+03 5.774012172901832329e-01
3.537300000000000182e+03 2.865204142726089685e+03 5.743801331101602292e-01
3.540800000000000182e+03 2.912624460545108832e+03 5.725753348945764598e-01
3.544300000000000182e+03 2.966433537659421290e+03 5.624994058826884302e-01
3.547800000000000182e+03 2.968232195630209844e+03 5.628495322487820918e-01
3.551300000000000182e+03 3.027106449621834145e+03 5.535902167266116836e-01
3.554800000000000182e+03 2.934851025337770807e+03 5.644745887347600855e-01
3.558300000000000182e+03 2.976211060911154163e+03 5.613082871100343318e-01
3.561800000000000182e+03 3.037010471526735728e+03 5.572679667946051074e-01
3.565300000000000182e+03 3.055680665441618203e+03 5.540687516210128782e-01
3.568800000000000182e+03 3.106966105960697405e+03 5.428721565669456517e-01
3.572300000000000182e+03 3.077478560429769004e+03 5.533603098892120320e-01
3.575800000000000182e+03 3.083195621711135118e+03 5.506829802969795962e-01
3.579300000000000182e+03 3.100117180674356405e+03 5.480801906687768899e-01
3.582800000000000182e+03 3.129177591947188375e+03 5.470670865140340178e-01
3.586300000000000182e+03 3.257431493106851121e+03 5.267248837377961346e-01
3.589800000000000182e+03 3.192383529263051514e+03 5.406325774428331066e-01
3.593300000000000182e+03 3.215025892765805111e+03 5.331882150078190996e-01
3.596800000000000182e+03 3.230134884773425711e+03 5.339375555405944107e-01
3.600300000000000182e+03 3.259127770291154775e+03 5.344228870171937595e-01
3.603800000000000182e+03 3.266894188917457086e+03 5.316937098581488996e-01
3.607300000000000182e+03 3.280052113223599918e+03 5.299433803776807395e-01
3.610800000000000182e+03 3.302285904966121052e+03 5.316556686508175922e-01
3.614300000000000182e+03 3.315313605136655951e+03 5.285311198078522787e-01
3.617800000000000182e+03 3.397182766627271576e+03 5.199093115401527410e-01
3.621300000000000182e+03 3.360805233943297026e+03 5.213443206390071527e-01
3.624800000000000182e+03 3.467396969102988805e+03 5.091659008670760267e-01
3.628300000000000182e+03 3.420594071054103097e+03 5.178695879000435598e-01
3.631800000000000182e+03 3.434898119937782212e+03 5.139586574304232380e-01
3.635300000000000182e+03 3.466507532009550232e+03 5.103509419456208063e-01
3.638800000000000182e+03 3.487660062843870037e+03 5.105971382661199653e-01
3.642300000000000182e+03 3.552833394060067803e+03 5.013816776103134920e-01
3.645800000000000182e+03 3.582676240791615328e+03 5.002177259644272622e-01
3.649300000000000182e+03 3.599347594226930141e+03 5.000183418576531480e-01
3.652800000000000182e+03 3.641000987476471437e+03 4.943711238711446243e-01
3.656300000000000182e+03 3.614607592762753939e+03 5.045478460655122843e-01
3.659800000000000182e+03 3.623664410656384462e+03 5.024440931503481034e-01
3.663300000000000182e+03 3.646205620109826668e+03 5.013010839598520674e-01
3.666800000000000182e+03 3.685638835459296843e+03 4.942908336175644290e-01
3.670300000000000182e+03 3.647778428664354124e+03 4.978444187814844435e-01
3.673800000000000182e+03 3.624603658508927765e+03 4.963369102954450773e-01
3.677300000000000182e+03 3.628752281435448367e+03 4.910575574993584214e-01
3.680800000000000182e+03 3.628809805783102092e+03 4.919141294748778925e-01
3.684300000000000182e+03 3.631966886579671609e+03 4.851199806479175036e-01
3.687800000000000182e+03 3.626202858955984539e+03 4.856584940761761171e-01
3.691300000000000182e+03 3.644100993472142363e+03 4.805805935521966776e-01
3.694800000000000182e+03 3.646190025099321247e+03 4.765600098503853244e-01
3.698300000000000182e+03 3.677373249724329980e+03 4.727983333113806586e-01
3.701800000000000182e+03 3.673129470427234992e+03 4.737830917958342214e-01
3.705300000000000182e+03 3.718279532871749780e+03 4.709505328154704462e-01
3.708800000000000182e+03 3.691148287000226901e+03 4.691361983235389221e-01
3.712300000000000182e+03 3.686359569489509795e+03 4.753978323137851292e-01
3.715800000000000182e+03 3.691334004584325612e+03 4.700925128170007627e-01
3.719300000000000182e+03 3.710733549915919411e+03 4.676137823613988886e-01
3.722800000000000182e+03 3.798952441578314847e+03 4.556628729265340128e-01
3.726300000000000182e+03 3.872433271776048059e+03 4.523896024394283844e-01
3.729800000000000182e+03 3.904484839784889573e+03 4.510583053736740289e-01
3.733300000000000182e+03 3.923790590276015791e+03 4.606319203068291457e-01
3.736800000000000182e+03 4.045817769495334232e+03 4.572882347024278538e-01
3.740300000000000182e+03 4.144574549527760610e+03 4.606038141928865959e-01
3.743800000000000182e+03 4.308306580849462989e+03 4.512196831997727919e-01
3.747300000000000182e+03 4.392244923090524026e+03 4.537941089684190965e-01
3.750800000000000182e+03 4.520032920981420830e+03 4.496637602103249476e-01
3.754300000000000182e+03 4.524151256722832841e+03 4.546969191126580823e-01
3.757800000000000182e+03 4.606096433612831788e+03 4.476286037881661573e-01
3.761300000000000182e+03 4.659867060678787311e+03 4.464475118610960469e-01
3.764800000000000182e+03 4.686058482495077442e+03 4.447586012080437801e-01
3.768300000000000182e+03 4.815256758450197594e+03 4.349178270644452615e-01
3.771800000000000182e+03 4.866376568392871377e+03 4.417928817510770045e-01
3.775300000000000182e+03 4.980237359475206176e+03 4.408979683467790234e-01
3.778800000000000182e+03 5.088142101224882936e+03 4.387728297050291215e-01
3.782300000000000182e+03 5.262910741045595387e+03 4.385544234136224406e-01
3.785800000000000182e+03 5.368599722428849418e+03 4.379563175517128815e-01
3.789300000000000182e+03 5.566961507379805880e+03 4.317891004762429152e-01
3.792800000000000182e+03 5.695769030277872844e+03 4.334857108314481011e-01
3.796300000000000182e+03 5.918151303463537261e+03 4.307258826933808016e-01
3.799800000000000182e+03 6.068214180305059926e+03 4.326635618154239249e-01
3.803300000000000182e+03 6.175620265258731706e+03 4.352816522254872034e-01
3.806800000000000182e+03 6.278912169178362092e+03 4.319884052265585139e-01
3.810300000000000182e+03 6.250019622450955467e+03 4.324325128745792335e-01
3.813800000000000182e+03 6.229938200106700606e+03 4.290370006220957655e-01
3.817300000000000182e+03 6.119450817085124072e+03 4.219892440071956741e-01
3.820800000000000182e+03 5.965162294090724572e+03 4.147527669050194987e-01
3.824300000000000182e+03 5.879972839319775630e+03 4.097877684180460389e-01
3.827800000000000182e+03 5.705589584057272077e+03 4.076729290835468533e-01
3.831300000000000182e+03 5.813955767416885465e+03 3.998976682077144962e-01
3.834800000000000182e+03 5.924867866389229675e+03 4.047249137206734293e-01
3.838300000000000182e+03 6.156996514489503170e+03 4.102018053102657325e-01
3.841800000000000182e+03 6.569696329718321067e+03 4.089020141231123340e-01
3.845300000000000182e+03 6.781945507295739844e+03 4.138430974821937225e-01
3.848800000000000182e+03 7.099888578243795564e+03 4.125301184443651015e-01
3.852300000000000182e+03 7.418803916905678307e+03 4.092772945140302765e-01
3.855800000000000182e+03 7.589012721525296001e+03 4.116868736275459684e-01
3.859300000000000182e+03 7.796728806178070045e+03 4.108655225529446731e-01
3.862800000000000182e+03 7.881710466269661083e+03 4.112217159555830448e-01
3.866300000000000182e+03 7.918418612711002424e+03 4.126166376314777673e-01
3.869800000000000182e+03 7.830259367984816890e+03 4.119298807567391973e-01
3.873300000000000182e+03 7.594652797799290056e+03 4.072570231869689916e-01
3.876800000000000182e+03 7.237873576065850102e+03 4.027632134645491302e-01
3.880300000000000182e+03 6.708624267602544933e+03 3.956941513131127519e-01
3.883800000000000182e+03 6.339502080799789837e+03 3.824129661093229604e-01
3.887300000000000182e+03 6.027443389820430639e+03 3.723378929644419744e-01
3.890800000000000182e+03 5.987243864336988736e+03 3.671061862528026132e-01
3.894300000000000182e+03 6.216665760508270068e+03 3.677086608332687523e-01
3.897800000000000182e+03 6.569309988354542838e+03 3.816961508869608499e-01
3.901300000000000182e+03 7.065974263650013199e+03 3.896713796909727079e-01
3.904800000000000182e+03 7.596015072792384672e+03 3.956396928988631934e-01
3.908300000000000182e+03 8.122253011383410922e+03 3.965328248764575791e-01
3.911800000000000182e+03 8.429625041225348468e+03 3.969616369216064644e-01
3.915300000000000182e+03 8.652728203391885472e+03 3.907959423509101415e-01
3.918800000000000182e+03 8.833566660756263445e+03 3.853149111316633846e-01
3.922300000000000182e+03 8.917704518688115058e+03 3.797675638230299522e-01
3.925800000000000182e+03 8.962424478265953439e+03 3.710512051693503621e-01
3.929300000000000182e+03 9.093691415014576705e+03 3.675352195317255211e-01
3.932800000000000182e+03 9.038598457139807579e+03 3.657164259220525016e-01
3.936300000000000182e+03 9.027910679538224940e+03 3.707981490615977482e-01
3.939800000000000182e+03 9.076918066025809821e+03 3.743140960801321082e-01
3.943300000000000182e+03 9.007424720265304131e+03 3.794535774581390686e-01
3.946800000000000182e+03 8.953787327639627620e+03 3.815091647209680747e-01
3.950300000000000182e+03 8.526580407208097313e+03 3.853320946153896420e-01
3.953800000000000182e+03 8.138213497378349530e+03 3.812960958468873396e-01
3.957300000000000182e+03 7.719016467810468384e+03 3.728844238276500245e-01
3.960800000000000182e+03 7.205785670195464263e+03 3.637911295633193820e-01
3.964300000000000182e+03 6.822190948619155279e+03 3.485936441874372682e-01
3.967800000000000182e+03 6.485784615502842826e+03 3.351753727291514329e-01
3.971300000000000182e+03 6.545444095899122658e+03 3.350406603771559078e-01
3.974800000000000182e+03 6.687881768954094696e+03 3.369318645410870894e-01
3.978300000000000182e+03 7.077233825525881002e+03 3.524753568847575069e-01
3.981800000000000182e+03 7.620139388597826837e+03 3.562767185411387372e-01
3.985300000000000182e+03 8.170514664407478449e+03 3.626801118864229068e-01
3.988800000000000182e+03 8.722526454808239578e+03 3.621961805563504444e-01
3.992300000000000182e+03 8.973325175100215347e+03 3.642513451288819648e-01
3.995800000000000182e+03 9.298593822632072261e+03 3.586778162215613075e-01
3.999300000000000182e+03 9.425992222782404497e+03 3.580771926317589116e-01
4.002800000000000182e+03 9.569893636907332620e+03 3.536218338621658352e-01
4.006300000000000182e+03 9.708163105851201180e+03 3.545628900201577283e-01
4.009800000000000182e+03 9.639217768223215899e+03 3.537827608220318054e-01
4.013300000000000182e+03 9.785079157698228300e+03 3.493632510556726745e-01
4.016800000000000182e+03 9.757237476729200353e+03 3.500594147152595870e-01
4.020300000000000182e+03 9.747994940592041530e+03 3.482881871853683031e-01
4.023800000000000182e+03 9.714400310028126114e+03 3.444026321584451877e-01
4.027300000000000182e+03 9.838471554318572089e+03 3.417862462523991729e-01
4.030800000000000182e+03 9.791453205978119513e+03 3.432373278242715209e-01
4.034300000000000182e+03 9.767035592638751041e+03 3.426457981786970031e-01
4.037800000000000182e+03 9.881290092096238368e+03 3.389408880729292139e-01
4.041300000000000182e+03 9.942933669516494774e+03 3.404364075883535290e-01
4.044800000000000182e+03 1.000498940971282536e+04 3.395383344050136865e-01
4.048300000000000182e+03 1.001838500099272278e+04 3.401326910588627350e-01
4.051800000000000182e+03 1.013924428254959457e+04 3.369597702463491551e-01
4.055300000000000182e+03 1.016601419359172905e+04 3.352113777313754372e-01
4.058800000000000182e+03 1.018881262289727965e+04 3.327009140511307250e-01
4.062300000000000182e+03 1.005718481561892077e+04 3.348707035892258821e-01
4.065800000000000182e+03 1.014387393941342816e+04 3.336494538450367475e-01
4.069300000000000182e+03 1.004052762535515103e+04 3.322690922096814270e-01
4.072800000000000182e+03 9.907316606178512302e+03 3.285702472591962575e-01
4.076300000000000182e+03 9.752654886591290051e+03 3.311760150591668284e-01
4.079800000000000182e+03 9.396251492596633398e+03 3.295879485011858345e-01
4.083300000000000182e+03 9.224861107274311507e+03 3.274051661557953463e-01
4.086800000000000182e+03 8.993552003350119776e+03 3.263081789102864616e-01
4.090300000000000182e+03 8.648228939006001383e+03 3.270893377825621617e-01
4.093800000000000182e+03 8.410894044451119044e+03 3.210478260847183796e-01
4.097300000000000182e+03 8.061739184984308849e+03 3.207653721364375765e-01
4.100800000000000182e+03 7.922988258040191795e+03 3.114097884158986140e-01
4.104300000000000182e+03 7.639528709007751786e+03 3.107367520759921620e-01
4.107800000000000182e+03 7.585699687110004561e+03 3.050337648028267901e-01
4.111300000000000182e+03 7.721154691483028728e+03 3.016988723147714380e-01
4.114800000000000182e+03 7.990051637530829794e+03 3.062298279159146874e-01
4.118300000000000182e+03 8.397398008953674434e+03 3.089605765024948103e-01
4.121800000000000182e+03 8.928266844714065883e+03 3.158436310177176187e-01
4.125300000000000182e+03 9.455268749227696389e+03 3.193318378269073277e-01
4.128800000000000182e+03 9.852361515957754818e+03 3.184988605101596870e-01
4.132300000000000182e+03 1.024407747794777424e+04 3.149493191244606694e-01
4.135800000000000182e+03 1.039463704243266511e+04 3.142063438541234377e-01
4.139300000000000182e+03 1.052207742581509956e+04 3.117926385339029882e-01
4.142800000000000182e+03 1.058382395558998542e+04 3.081878324823913995e-01
4.146300000000000182e+03 1.062375080068878742e+04 3.075195445483811518e-01
4.149800000000000182e+03 1.076286757665403820e+04 3.062275257653080951e-01
4.153300000000000182e+03 1.070346455347566916e+04 3.057177158630696723e-01
4.156800000000000182e+03 1.074631692868505525e+04 3.043463772444111592e-01
4.160300000000000182e+03 1.078623600930606517e+04 3.025380554784599108e-01
4.163800000000000182e+03 1.081571035691921679e+04 3.031622512914459167e-01
4.167300000000000182e+03 1.086205587305867448e+04 3.018160504456200433e-01
4.170800000000000182e+03 1.082011424593833362e+04 3.018416706400559035e-01
4.174300000000000182e+03 1.090234047869392271e+04 3.023295881897169468e-01
4.177800000000000182e+03 1.098587521781125906e+04 2.981365016623284681e-01
4.181300000000000182e+03 1.097692857783726322e+04 2.967873605200428977e-01
4.184800000000000182e+03 1.108869064779275141e+04 2.950272417742146325e-01
4.188300000000000182e+03 1.105871794255246277e+04 2.959102800361059771e-01
4.191800000000000182e+03 1.106599651438379260e+04 2.953374665936014942e-01
4.195300000000000182e+03 1.105300201089304574e+04 2.933904959093481257e-01
4.198800000000000182e+03 1.110635271850555364e+04 2.954278977144780272e-01
4.202300000000000182e+03 1.118576559671759787e+04 2.932919134257285787e-01
4.205800000000000182e+03 1.117964237241651063e+04 2.899657290829917855e-01
4.209300000000000182e+03 1.125272211735673409e+04 2.908459861608891917e-01
4.212800000000000182e+03 1.116760360645906803e+04 2.892717275555272693e-01
4.216300000000000182e+03 1.123836198365341625e+04 2.898077998334825378e-01
4.219800000000000182e+03 1.126096921493179434e+04 2.868022058264703134e-01
4.223300000000000182e+03 1.124098211574459310e+04 2.874450665926800985e-01
4.226800000000000182e+03 1.133807042965453365e+04 2.821443197220516175e-01
4.230300000000000182e+03 1.135918101970737189e+04 2.832102278220018921e-01
4.233800000000000182e+03 1.130533007272495524e+04 2.821882222797030826e-01
4.237300000000000182e+03 1.132488165343267065e+04 2.806377584228297306e-01
4.240800000000000182e+03 1.131754129225481665e+04 2.842457376714231931e-01
4.244300000000000182e+03 1.134473924589800663e+04 2.832180813560464805e-01
4.247800000000000182e+03 1.133929333210515324e+04 2.820277639907555756e-01
4.251300000000000182e+03 1.135815970527598984e+04 2.784790148097619489e-01
4.254800000000000182e+03 1.141328688209976099e+04 2.779816202012700965e-01
4.258300000000000182e+03 1.133770578125370230e+04 2.756555824267277188e-01
4.261800000000000182e+03 1.144738694873807981e+04 2.738426609288731051e-01
4.265300000000000182e+03 1.135922191749936974e+04 2.760188046407161533e-01
4.268800000000000182e+03 1.138503568726851699e+04 2.744657780563621863e-01
4.272300000000000182e+03 1.138312531134028359e+04 2.737393789345787254e-01
4.275800000000000182e+03 1.138058204322092570e+04 2.727033757937212810e-01
4.279300000000000182e+03 1.140154039622556411e+04 2.732352492202670402e-01
4.282800000000000182e+03 1.147899596095928973e+04 2.728674010047021370e-01
4.286300000000000182e+03 1.146692374829197615e+04 2.715925121137562348e-01
4.289800000000000182e+03 1.136548924203504612e+04 2.725571114055012623e-01
4.293300000000000182e+03 1.146759729253903970e+04 2.702279211988218299e-01
4.296800000000000182e+03 1.154018690632628932e+04 2.704430662646642447e-01
4.300300000000000182e+03 1.159133048544286066e+04 2.670448932024446775e-01
4.303800000000000182e+03 1.151959177788474699e+04 2.678141006978398964e-01
4.307300000000000182e+03 1.136153082065446870e+04 2.687641541888630692e-01
4.310800000000000182e+03 1.125099568347921559e+04 2.672082728713104371e-01
4.314300000000000182e+03 1.099761701225118668e+04 2.659378381931409296e-01
4.317800000000000182e+03 1.078609302386845411e+04 2.625268033514221444e-01
4.321300000000000182e+03 1.032271333869493174e+04 2.628363865475761840e-01
4.324800000000000182e+03 1.000688995288982915e+04 2.629351992501111068e-01
4.328300000000000182e+03 9.753380080568080302e+03 2.595568418531172816e-01
4.331800000000000182e+03 9.371399042520610237e+03 2.579518414104915447e-01
4.335300000000000182e+03 9.051775910589909472e+03 2.598403940038058191e-01
4.338800000000000182e+03 8.950901086413905432e+03 2.541864560524059180e-01
4.342300000000000182e+03 8.774155454879772151e+03 2.506008029130301074e-01
4.345800000000000182e+03 8.826855502783228076e+03 2.462811621425208541e-01
4.349300000000000182e+03 8.915335611812148272e+03 2.412093168635361662e-01
4.352800000000000182e+03 9.100035129453754053e+03 2.442083826317224815e-01
4.356300000000000182e+03 9.524769660699996166e+03 2.467005934960482538e-01
4.359800000000000182e+03 1.001401022109594305e+04 2.511443745835657548e-01
4.363300000000000182e+03 1.044031885691607386e+04 2.575873627498299068e-01
4.366800000000000182e+03 1.090366536130829991e+04 2.592316491980093951e-01
4.370300000000000182e+03 1.143580651795415906e+04 2.583760238096867723e-01
4.373800000000000182e+03 1.152221129654319520e+04 2.576868861052611925e-01
4.377300000000000182e+03 1.169063043116170047e+04 2.523922123586908595e-01
4.380800000000000182e+03 1.177218212782925730e+04 2.499078413012917610e-01
4.384300000000000182e+03 1.175833854958910342e+04 2.470134907329624152e-01
4.387800000000000182e+03 1.170545106865584057e+04 2.479324775596760122e-01
4.391300000000000182e+03 1.184908980206196611e+04 2.465355783895583075e-01
4.394800000000000182e+03 1.189802648714002498e+04 2.448473631701911513e-01
4.398300000000000182e+03 1.182942060621945711e+04 2.455718177287991022e-01
4.401800000000000182e+03 1.182904595659562801e+04 2.454736074192187256e-01
4.405300000000000182e+03 1.193603799962097946e+04 2.447370286303351128e-01
4.408800000000000182e+03 1.187652950573086127e+04 2.464361470326739689e-01
4.412300000000000182e+03 1.193764422004275548e+04 2.445512670133629107e-01
4.415800000000000182e+03 1.197703267496631997e+04 2.431914042673139209e-01
4.419300000000000182e+03 1.189362104113389250e+04 2.427155910151871931e-01
4.422800000000000182e+03 1.190355416650364168e+04 2.423028903637437503e-01
4.426300000000000182e+03 1.200072783177502970e+04 2.400327589083417756e-01
4.429800000000000182e+03 1.193667788746580845e+04 2.415221882137137122e-01
4.433300000000000182e+03 1.190785603719469873e+04 2.397495454288602057e-01
4.436800000000000182e+03 1.190056064574704396e+04 2.386919706437470867e-01
4.440300000000000182e+03 1.195621904743861342e+04 2.377890060597403765e-01
4.443800000000000182e+03 1.198935021833568135e+04 2.394078318069029487e-01
4.447300000000000182e+03 1.196745615004903266e+04 2.384797544647337120e-01
4.450800000000000182e+03 1.196639786340414139e+04 2.394167201431341707e-01
4.454300000000000182e+03 1.198573181700491295e+04 2.349850658501284884e-01
4.457800000000000182e+03 1.193095619505357536e+04 2.378680208784699213e-01
4.461300000000000182e+03 1.182446773237600064e+04 2.354081775305653101e-01
4.464800000000000182e+03 1.184747044283028481e+04 2.334467187917096398e-01
4.468300000000000182e+03 1.171891636711586216e+04 2.332677137547395640e-01
4.471800000000000182e+03 1.174626681279755758e+04 2.310439133016614632e-01
4.475300000000000182e+03 1.184414915614206257e+04 2.288480589531395881e-01
4.478800000000000182e+03 1.176445691033835465e+04 2.311592492963098766e-01
4.482300000000000182e+03 1.185675557894076883e+04 2.295424995499995291e-01
4.485800000000000182e+03 1.195473430380729042e+04 2.275670967241097131e-01
4.489300000000000182e+03 1.190638510825439516e+04 2.274694610670822126e-01
4.492800000000000182e+03 1.198456595183233185e+04 2.277624395427008119e-01
4.496300000000000182e+03 1.189211319851346707e+04 2.292166842930723758e-01
4.499800000000000182e+03 1.190972028539262647e+04 2.284471224231855169e-01
4.503300000000000182e+03 1.197889824261655122e+04 2.264384980053796848e-01
4.506800000000000182e+03 1.210023196580377953e+04 2.244342181227065303e-01
4.510300000000000182e+03 1.199911153190697769e+04 2.237364285049197599e-01
4.513800000000000182e+03 1.202799396568148040e+04 2.261474754179381708e-01
4.517300000000000182e+03 1.202668912475720572e+04 2.249242949502202049e-01
4.520800000000000182e+03 1.205871399451873003e+04 2.231518421923270878e-01
4.524300000000000182e+03 1.203327758742935112e+04 2.238161501508924567e-01
4.527800000000000182e+03 1.213402423010468374e+04 2.203510451544137272e-01
4.531300000000000182e+03 1.202286591546764794e+04 2.232295239714923440e-01
4.534800000000000182e+03 1.191430487242355412e+04 2.251313909101370914e-01
4.538300000000000182e+03 1.199209982243667400e+04 2.200903411318722580e-01
4.541800000000000182e+03 1.199048126451593998e+04 2.208198629006119240e-01
4.545300000000000182e+03 1.191140001395431136e+04 2.196689025375299642e-01
4.548800000000000182e+03 1.191012928998784264e+04 2.179325510118276243e-01
4.552300000000000182e+03 1.189818558100660266e+04 2.186289760789861258e-01
4.555800000000000182e+03 1.197253221626841696e+04 2.177826786826421168e-01
4.559300000000000182e+03 1.201726985987477201e+04 2.161003543214022049e-01
4.562800000000000182e+03 1.197429069709361465e+04 2.179781852423204602e-01
4.566300000000000182e+03 1.195006467291655645e+04 2.168937024252616252e-01
4.569800000000000182e+03 1.188676030869033821e+04 2.161294764678148572e-01
4.573300000000000182e+03 1.191907932136374802e+04 2.164442275246168945e-01
4.576800000000000182e+03 1.194230855450794115e+04 2.147733040060254006e-01
4.580300000000000182e+03 1.192856516858526811e+04 2.143734935552464027e-01
4.583800000000000182e+03 1.193051010726209643e+04 2.129982014547885105e-01
4.587300000000000182e+03 1.187157941616172684e+04 2.113558878781149342e-01
4.590800000000000182e+03 1.194292915558011191e+04 2.117716680378499694e-01
4.594300000000000182e+03 1.188568819842501216e+04 2.122744613545360648e-01
4.597800000000000182e+03 1.202486529970777701e+04 2.097132720749429191e-01
4.601300000000000182e+03 1.197759971803013650e+04 2.108863065773421974e-01
4.604800000000000182e+03 1.191837821833037378e+04 2.095283212206346390e-01
4.608300000000000182e+03 1.194329435637110328e+04 2.096302957825940672e-01
4.611800000000000182e+03 1.191796555619269748e+04 2.085922791056104564e-01
4.615300000000000182e+03 1.188492641089207973e+04 2.075882661886126745e-01
4.618800000000000182e+03 1.176507594154597609e+04 2.094576580793618137e-01
4.622300000000000182e+03 1.186442423920901274e+04 2.088124090703774305e-01
4.625800000000000182e+03 1.182748809888601500e+04 2.065716277238011933e-01
4.629300000000000182e+03 1.174963514202440820e+04 2.059952238074448660e-01
4.632800000000000182e+03 1.184061945016020763e+04 2.035732499568430054e-01
4.636300000000000182e+03 1.180738466991720998e+04 2.044004858862956964e-01
4.639800000000000182e+03 1.166989970767491468e+04 2.042897870362286317e-01
4.643300000000000182e+03 1.172608008841506671e+04 2.060646343888737630e-01
4.646800000000000182e+03 1.181603979048270594e+04 2.005430222525030892e-01
4.650300000000000182e+03 1.182070493984241511e+04 2.021601717845689927e-01
4.653800000000000182e+03 1.178147319187589710e+04 2.038975620823510748e-01
4.657300000000000182e+03 1.172485382166248746e+04 2.003606609908788749e-01
4.660800000000000182e+03 1.175311734854588212e+04 2.011777421368589613e-01
4.664300000000000182e+03 1.177032642405096158e+04 2.005993156003396394e-01
4.667800000000000182e+03 1.170926174508257100e+04 2.009628000615554244e-01
4.671300000000000182e+03 1.168188931017886898e+04 2.004668917996406674e-01
4.674800000000000182e+03 1.161456266994974249e+04 1.994065446204053016e-01
4.678300000000000182e+03 1.168179977585844972e+04 1.988055064313703768e-01
4.681800000000000182e+03 1.166764925667762873e+04 1.975238704265501188e-01
4.685300000000000182e+03 1.155227464793614854e+04 1.992637729212255182e-01
4.688800000000000182e+03 1.158677166503990702e+04 1.986930209714351803e-01
4.692300000000000182e+03 1.160527451311154073e+04 1.969532784254378055e-01
4.695800000000000182e+03 1.152339596931531378e+04 1.982312681592468262e-01
4.699300000000000182e+03 1.150816382083117969e+04 1.957478380413547603e-01
4.702800000000000182e+03 1.148514812625209379e+04 1.964257128308232736e-01
4.706300000000000182e+03 1.148159124331858402e+04 1.909691244010122968e-01
4.709800000000000182e+03 1.137819620044808653e+04 1.930382238874044643e-01
4.713300000000000182e+03 1.135925394127246000e+04 1.933883426268299954e-01
4.716800000000000182e+03 1.134335887973855642e+04 1.937773385838494344e-01
4.720300000000000182e+03 1.132211576907314156e+04 1.924412467507551350e-01
4.723800000000000182e+03 1.139947508237953298e+04 1.922268537436442326e-01
4.727300000000000182e+03 1.138831054162889814e+04 1.931217276854901299e-01
4.730800000000000182e+03 1.133154774248429567e+04 1.920003252139981798e-01
4.734300000000000182e+03 1.147854711105912611e+04 1.917987665281254417e-01
4.737800000000000182e+03 1.138756590883105309e+04 1.908806318067031715e-01
4.741300000000000182e+03 1.138013197541909540e+04 1.893853012452631768e-01
4.744800000000000182e+03 1.132468514963264170e+04 1.881259971383642815e-01
4.748300000000000182e+03 1.135461126927475198e+04 1.900000273777414372e-01
4.751800000000000182e+03 1.143272699346854097e+04 1.872030208841351517e-01
4.755300000000000182e+03 1.134272795547687565e+04 1.898741487121465565e-01
4.758800000000000182e+03 1.134126575693867744e+04 1.855069160674046869e-01
4.762300000000000182e+03 1.139455993265105644e+04 1.870283847288918833e-01
4.765800000000000182e+03 1.133368584140092207e+04 1.862066112745888458e-01
4.769300000000000182e+03 1.127437473000564933e+04 1.860331791095874987e-01
4.772800000000000182e+03 1.122278130387018791e+04 1.871189077706382209e-01
4.776300000000000182e+03 1.124771536112526519e+04 1.863953315571306169e-01
4.779800000000000182e+03 1.122436926983815647e+04 1.846649020309983624e-01
4.783300000000000182e+03 1.114359237087926522e+04 1.885337188284455789e-01
4.786800000000000182e+03 1.113741497259314201e+04 1.867888210371862756e-01
4.790300000000000182e+03 1.111380013567405331e+04 1.856798391250080726e-01
4.793800000000000182e+03 1.112389084259835363e+04 1.844199444024365031e-01
4.797300000000000182e+03 1.106259030948418877e+04 1.842747958976292677e-01
4.800800000000000182e+03 1.101262578620050408e+04 1.832683714526206209e-01
4.804300000000000182e+03 1.095730262350009616e+04 1.844068931149286661e-01
4.807800000000000182e+03 1.102798481400146193e+04 1.831040208429215443e-01
4.811300000000000182e+03 1.091011735019823573e+04 1.818296615280694806e-01
4.814800000000000182e+03 1.094037312058385396e+04 1.830954002801427338e-01
4.818300000000000182e+03 1.084132104287561924e+04 1.823265496795649643e-01
4.821800000000000182e+03 1.080498132961324518e+04 1.833885327234690832e-01
4.825300000000000182e+03 1.068673301562133565e+04 1.843249455119441993e-01
4.828800000000000182e+03 1.069517061749940513e+04 1.840431720694302720e-01
4.832300000000000182e+03 1.042818054398773347e+04 1.829810155413548467e-01
4.835800000000000182e+03 1.019441970114418291e+04 1.826633826359503887e-01
4.839300000000000182e+03 9.953509550382497764e+03 1.797492133148398674e-01
4.842800000000000182e+03 9.554567139045428121e+03 1.803870203117572124e-01
4.846300000000000182e+03 9.339489284116740237e+03 1.794350945883696202e-01
4.849800000000000182e+03 9.038242032639025638e+03 1.798256982882723842e-01
4.853300000000000182e+03 8.753792586001060045e+03 1.776033879791145131e-01
4.856800000000000182e+03 8.549716403873451782e+03 1.744964522332149159e-01
4.860300000000000182e+03 8.305688874971234327e+03 1.718916486433531010e-01
4.863800000000000182e+03 8.113146640762844982e+03 1.674984569699770054e-01
4.867300000000000182e+03 7.953669813266918936e+03 1.632266910804704430e-01
4.870800000000000182e+03 8.122121388723087875e+03 1.628058325103852177e-01
4.874300000000000182e+03 8.346214658057595443e+03 1.648259116065240171e-01
4.877800000000000182e+03 8.769746307865902054e+03 1.699627656945630894e-01
4.881300000000000182e+03 9.133849667257229157e+03 1.755756452430630443e-01
4.884800000000000182e+03 9.603225015542962865e+03 1.773963292637062150e-01
4.888300000000000182e+03 9.927796178357262761e+03 1.814505844058182937e-01
4.891800000000000182e+03 1.022558849236333117e+04 1.769673251861740293e-01
4.895300000000000182e+03 1.040163670764326343e+04 1.789394602732382322e-01
4.898800000000000182e+03 1.051973739747921536e+04 1.742537179629855826e-01
4.902300000000000182e+03 1.046959064874698561e+04 1.746240808133632250e-01
4.905800000000000182e+03 1.041097519660952275e+04 1.741553211211607499e-01
4.909300000000000182e+03 1.051738108052677308e+04 1.709532734126877340e-01
4.912800000000000182e+03 1.044424724519770098e+04 1.718352346645455053e-01
4.916300000000000182e+03 1.047016684723141225e+04 1.708418417028463865e-01
4.919800000000000182e+03 1.045808484765313005e+04 1.706113112147756294e-01
4.923300000000000182e+03 1.035119523461850622e+04 1.703181961161741864e-01
4.926800000000000182e+03 1.041554735215535038e+04 1.698337384266636885e-01
4.930300000000000182e+03 1.032310929137234962e+04 1.702285313335560601e-01
4.933800000000000182e+03 1.031674557220626411e+04 1.712892474821642863e-01
4.937300000000000182e+03 1.034302971865055952e+04 1.669744197212393866e-01
4.940800000000000182e+03 1.030719168578193785e+04 1.691592924089571903e-01
4.944300000000000182e+03 1.031639555070016468e+04 1.683033896087334780e-01
4.947800000000000182e+03 1.040907731566731309e+04 1.681704254927894049e-01
4.951300000000000182e+03 1.037889616335785831e+04 1.673522876077679911e-01
4.954800000000000182e+03 1.038738942686194605e+04 1.684665060699623018e-01
4.958300000000000182e+03 1.038319795862344108e+04 1.682174884440282847e-01
4.961800000000000182e+03 1.038195300435659192e+04 1.664862193365369558e-01
4.965300000000000182e+03 1.033244596100717717e+04 1.668455674667085331e-01
4.968800000000000182e+03 1.026319194864885685e+04 1.685356261283416923e-01
4.972300000000000182e+03 1.025650532811358789e+04 1.659766883353771538e-01
4.975800000000000182e+03 1.025832099127727633e+04 1.669663927263750069e-01
4.979300000000000182e+03 1.017783232679332468e+04 1.666304048642916202e-01
4.982800000000000182e+03 1.020104559602622976e+04 1.652953967443178684e-01
4.986300000000000182e+03 1.025363744226530798e+04 1.641747644248449933e-01
4.989800000000000182e+03 1.016515817040950787e+04 1.685246888319992253e-01
4.993300000000000182e+03 1.008931946819744553e+04 1.660527948908933349e-01
4.996800000000000182e+03 1.012277363037026043e+04 1.667937500646258508e-01
5.000300000000000182e+03 1.001169077238123464e+04 1.656114552748460533e-01
5.003800000000000182e+03 1.000603086146130772e+04 1.639173772477711399e-01
5.007300000000000182e+03 9.901280575047683669e+03 1.652444659130302695e-01
5.010800000000000182e+03 1.000091264746888191e+04 1.637204360123570290e-01
5.014300000000000182e+03 9.927224737222884869e+03 1.641130406166918243e-01
5.017800000000000182e+03 9.979030932960955397e+03 1.649824136696660948e-01
5.021300000000000182e+03 9.995272484153703772e+03 1.645864891034077848e-01
5.024800000000000182e+03 9.941279683867434869e+03 1.669829306748338016e-01
5.028300000000000182e+03 9.932655340146497110e+03 1.654033132109114790e-01
5.031800000000000182e+03 9.834542200118114124e+03 1.685044144956130696e-01
5.035300000000000182e+03 9.836993671553434979e+03 1.682115250410274876e-01
5.038800000000000182e+03 9.771730134735718821e+03 1.675727552906411677e-01
5.042300000000000182e+03 9.696093398856490239e+03 1.659758514348624869e-01
5.045800000000000182e+03 9.671720721082099772e+03 1.645291400560166817e-01
5.049300000000000182e+03 9.721126939355150171e+03 1.634290678023828103e-01
5.052800000000000182e+03 9.705131267501441471e+03 1.618274177818158632e-01
5.056300000000000182e+03 9.637858352498478780e+03 1.640529638210910524e-01
5.059800000000000182e+03 9.639708954001931488e+03 1.639130654582125479e-01
5.063300000000000182e+03 9.721838566283762702e+03 1.628367138584053131e-01
5.066800000000000182e+03 9.748091636283432308e+03 1.631968058031597890e-01
5.070300000000000182e+03 9.734993730786434753e+03 1.621728434353924830e-01
5.073800000000000182e+03 9.799502358493811698e+03 1.620500658772015823e-01
5.077300000000000182e+03 9.691676376604722464e+03 1.611105881927803463e-01
5.080800000000000182e+03 9.787890373060419734e+03 1.634448698342923223e-01
5.084300000000000182e+03 9.747345965847020125e+03 1.590238381890752561e-01
5.087800000000000182e+03 9.688305519920791994e+03 1.605714618503563118e-01
5.091300000000000182e+03 9.711468038219507434e+03 1.607263330928438427e-01
5.094800000000000182e+03 9.755147894724639627e+03 1.587913014048366322e-01
5.098300000000000182e+03 9.755429955611733021e+03 1.581472322001139796e-01
5.101800000000000182e+03 9.643670176162029748e+03 1.551153805364705873e-01
5.105300000000000182e+03 9.671708865402095398e+03 1.578168270275793483e-01
5.108800000000000182e+03 9.660845439990072919e+03 1.558083873296003119e-01
5.112300000000000182e+03 9.638355448212199917e+03 1.553938629748784495e-01
5.115800000000000182e+03 9.670033869157783556e+03 1.560122183650427818e-01
5.119300000000000182e+03 9.639938338836627736e+03 1.541039443679020349e-01
5.122800000000000182e+03 9.562785197328950744e+03 1.561324737234406623e-01
5.126300000000000182e+03 9.617096748826670591e+03 1.558186739868191450e-01
5.129800000000000182e+03 9.531369158743351363e+03 1.565728111615716511e-01
5.133300000000000182e+03 9.576312015183926633e+03 1.535069850551402659e-01
5.136800000000000182e+03 9.593962108589750642e+03 1.535771981479882031e-01
5.140300000000000182e+03 9.506327349256054731e+03 1.531892464439622570e-01
5.143800000000000182e+03 9.544207344895910865e+03 1.535222412267207293e-01
5.147300000000000182e+03 9.491662567023711745e+03 1.537599926537513984e-01
5.150800000000000182e+03 9.420770498824738752e+03 1.540615356012348947e-01
5.154300000000000182e+03 9.433660861185842805e+03 1.526777684303437521e-01
5.157800000000000182e+03 9.419325035894449684e+03 1.529191295827103392e-01
5.161300000000000182e+03 9.434051792415255477e+03 1.540532370998462242e-01
5.164800000000000182e+03 9.398686507160009569e+03 1.535021588597340614e-01
5.168300000000000182e+03 9.405478589816491876e+03 1.508698092923157208e-01
5.171800000000000182e+03 9.375540669864785741e+03 1.524936645615075081e-01
5.175300000000000182e+03 9.379966495159054830e+03 1.498437917798723651e-01
5.178800000000000182e+03 9.427187172321810067e+03 1.509549109340228012e-01
5.182300000000000182e+03 9.373612010564151205e+03 1.504665365926700638e-01
5.185800000000000182e+03 9.389527526193251106e+03 1.486740444505235403e-01
5.189300000000000182e+03 9.273906513810308752e+03 1.529369783519134718e-01
5.192800000000000182e+03 9.319890550181375147e+03 1.509969110272681714e-01
5.196300000000000182e+03 9.264532944664568276e+03 1.524425735747641231e-01
5.199800000000000182e+03 9.266448638671123263e+03 1.511304570087128041e-01
5.203300000000000182e+03 9.169403673255537797e+03 1.522909372985580545e-01
5.206800000000000182e+03 9.140558443483056180e+03 1.521961059068213939e-01
5.210300000000000182e+03 9.176610725610134978e+03 1.509720246203599403e-01
5.213800000000000182e+03 9.139428095622908586e+03 1.520430882079560619e-01
5.217300000000000182e+03 9.086586937472984573e+03 1.521668770173482121e-01
5.220800000000000182e+03 9.111241660026818863e+03 1.499775980818993382e-01
5.224300000000000182e+03 9.095285932421114921e+03 1.505994509606045917e-01
5.227800000000000182e+03 9.131868835096109251e+03 1.510790042309960723e-01
5.231300000000000182e+03 9.207567833207627700e+03 1.491410883678292720e-01
5.234800000000000182e+03 9.051876991267701669e+03 1.525987160323714897e-01
5.238300000000000182e+03 8.999261521941347382e+03 1.508173710048603677e-01
5.241800000000000182e+03 9.097860909894061479e+03 1.513155868482987942e-01
5.245300000000000182e+03 9.073776024448083263e+03 1.514775882608828117e-01
5.248800000000000182e+03 9.067143860518694055e+03 1.521262909197229340e-01
5.252300000000000182e+03 8.996595943215550506e+03 1.510040338516654979e-01
5.255800000000000182e+03 9.003829426644306295e+03 1.507588114774646992e-01
5.259300000000000182e+03 9.008918644910363582e+03 1.497448875663363321e-01
5.262800000000000182e+03 8.955693389283669603e+03 1.499322848213164305e-01
5.266300000000000182e+03 8.988979235059874554e+03 1.471637817190851738e-01
5.269800000000000182e+03 8.963784770273628965e+03 1.481223662645549666e-01
5.273300000000000182e+03 8.949298157354698560e+03 1.492858562757585772e-01
5.276800000000000182e+03 8.938237358447800943e+03 1.498182655824213394e-01
5.280300000000000182e+03 8.881138169541603929e+03 1.487299824972726503e-01
5.283800000000000182e+03 8.871371081744313415e+03 1.509191599143234752e-01
5.287300000000000182e+03 8.880532264782725179e+03 1.497047343698598987e-01
5.290800000000000182e+03 8.907666218638003556e+03 1.494366257140622711e-01
5.294300000000000182e+03 8.863505151831479452e+03 1.498860985735078200e-01
5.297800000000000182e+03 8.806892998182165684e+03 1.489445773846629351e-01
5.301300000000000182e+03 8.791837832718512800e+03 1.489259868064019277e-01
5.304800000000000182e+03 8.792816393075640008e+03 1.489354690281576576e-01
5.308300000000000182e+03 8.793710270523266445e+03 1.495689152754177409e-01
5.311800000000000182e+03 8.756807725281318199e+03 1.494266819435212112e-01
5.315300000000000182e+03 8.769955890738061498e+03 1.480702812483273567e-01
5.318800000000000182e+03 8.738521395415080406e+03 1.463427959884462670e-01
5.322300000000000182e+03 8.769561639502151593e+03 1.513700684077930458e-01
5.325800000000000182e+03 8.785544111221966887e+03 1.469333410395425588e-01
5.329300000000000182e+03 8.734111606479955299e+03 1.472226401065105383e-01
5.332800000000000182e+03 8.702716129893586185e+03 1.473626549751717030e-01
5.336300000000000182e+03 8.703162683901357013e+03 1.462697056069152401e-01
5.339800000000000182e+03 8.756942742517705483e+03 1.461702524266026704e-01
5.343300000000000182e+03 8.644698747684893533e+03 1.467530859440089042e-01
5.346800000000000182e+03 8.616629209099875879e+03 1.475111670195704272e-01
5.350300000000000182e+03 8.623608248878550512e+03 1.450339327941094214e-01
5.353800000000000182e+03 8.634013262702897919e+03 1.456244678653089153e-01
5.357300000000000182e+03 8.579289861625049525e+03 1.470662348071408998e-01
5.360800000000000182e+03 8.610805731317901518e+03 1.475881700081587145e-01
5.364300000000000182e+03 8.589299636653082416e+03 1.457649164486788107e-01
5.367800000000000182e+03 8.540332555587669049e+03 1.463409961295058792e-01
5.371300000000000182e+03 8.504689467516240256e+03 1.471567740351547859e-01
5.374800000000000182e+03 8.509047151144526651e+03 1.460984467691101019e-01
5.378300000000000182e+03 8.507682861894452799e+03 1.450718152893942792e-01
5.381800000000000182e+03 8.497316195062350744e+03 1.456513613775697047e-01
5.385300000000000182e+03 8.501324153491495963e+03 1.446840092083456208e-01
5.388800000000000182e+03 8.425007139992705561e+03 1.455266308488255833e-01
5.392300000000000182e+03 8.480714617464420371e+03 1.438940203811989726e-01
5.395800000000000182e+03 8.417954106183085969e+03 1.454674073974309978e-01
5.399300000000000182e+03 8.461247926275405916e+03 1.434357092945661161e-01
5.402800000000000182e+03 8.486496253479841471e+03 1.434347421178283066e-01
5.406300000000000182e+03 8.282316133146261564e+03 1.473575001083168301e-01
5.409800000000000182e+03 8.365684949969436275e+03 1.455288168494361656e-01
5.413300000000000182e+03 8.350678204929488857e+03 1.441423532566201704e-01
5.416800000000000182e+03 8.295703466675500749e+03 1.448349289587348154e-01
5.420300000000000182e+03 8.354628043491535209e+03 1.459384096417192245e-01
5.423800000000000182e+03 8.267635755942816104e+03 1.453761544942377970e-01
5.427300000000000182e+03 8.253668309135306117e+03 1.470658494913838210e-01
5.430800000000000182e+03 8.302947122690104152e+03 1.466920436949769313e-01
5.434300000000000182e+03 8.215585808575831834e+03 1.438292836046889123e-01
5.437800000000000182e+03 8.197638360880206164e+03 1.459278084624040239e-01
5.441300000000000182e+03 8.291084205696837671e+03 1.444890171750277119e-01
5.444800000000000182e+03 8.220835379291153004e+03 1.429708004408016264e-01
5.448300000000000182e+03 8.164362440059102482e+03 1.461291288393356813e-01
5.451800000000000182e+03 8.119744302223063642e+03 1.434071400118647754e-01
5.455300000000000182e+03 8.162439786332769472e+03 1.447225516118685051e-01
5.458800000000000182e+03 8.096846065565267054e+03 1.427992132770966316e-01
5.462300000000000182e+03 8.074928497811557463e+03 1.436759403830580595e-01
5.465800000000000182e+03 8.121439074427700689e+03 1.430228397736243995e-01
5.469300000000000182e+03 8.147558311620085078e+03 1.420145881626784512e-01
5.472800000000000182e+03 8.120487653018235505e+03 1.415459231677668461e-01
5.476300000000000182e+03 8.051123891909718623e+03 1.428815981671807678e-01
5.479800000000000182e+03 8.025626217380191520e+03 1.428146183431201754e-01
5.483300000000000182e+03 8.045330934518311551e+03 1.438847187712382347e-01
5.486800000000000182e+03 8.039004387510387460e+03 1.415245078731735551e-01
5.490300000000000182e+03 8.042386294797456685e+03 1.418647657510598570e-01
5.493800000000000182e+03 8.019533563679048711e+03 1.409037046258226900e-01
5.497300000000000182e+03 8.021517684663066575e+03 1.413449126959632762e-01
5.500800000000000182e+03 7.912687563938628045e+03 1.430386232137378366e-01
5.504300000000000182e+03 7.938172855645201707e+03 1.407896565006701850e-01
5.507800000000000182e+03 7.874184935246695204e+03 1.417665357262156145e-01
5.511300000000000182e+03 7.906681981731909218e+03 1.399786805764066389e-01
5.514800000000000182e+03 7.852733318425798643e+03 1.412305499487649940e-01
5.518300000000000182e+03 7.983031359995411549e+03 1.379944082319791709e-01
5.521800000000000182e+03 7.875931505855236537e+03 1.406768774567485891e-01
5.525300000000000182e+03 7.853335111007570049e+03 1.401142305824029377e-01
5.528800000000000182e+03 7.798631111662611147e+03 1.406945775376111651e-01
5.532300000000000182e+03 7.841698862297946107e+03 1.413421472505724807e-01
5.535800000000000182e+03 7.743194254024326256e+03 1.405155345322010862e-01
5.539300000000000182e+03 7.827830736379463815e+03 1.381249742920337142e-01
5.542800000000000182e+03 7.791687632830405164e+03 1.397481808247991175e-01
5.546300000000000182e+03 7.734325462977286406e+03 1.401827324836637245e-01
5.549800000000000182e+03 7.746441953709718291e+03 1.391068220578496883e-01
5.553300000000000182e+03 7.747255587698125055e+03 1.389333399824677628e-01
5.556800000000000182e+03 7.669462450667848316e+03 1.408125635827296163e-01
5.560300000000000182e+03 7.649566234714468010e+03 1.385007940241800295e-01
5.563800000000000182e+03 7.758187454622674522e+03 1.387718178485770892e-01
5.567300000000000182e+03 7.648955454679095965e+03 1.393254133748911827e-01
5.570800000000000182e+03 7.669429241852198174e+03 1.385869934262676795e-01
5.574300000000000182e+03 7.641403115536556470e+03 1.383433766319564495e-01
5.577800000000000182e+03 7.637417372344808427e+03 1.388203772185923335e-01
5.581300000000000182e+03 7.684109357158226885e+03 1.384701878681834641e-01
5.584800000000000182e+03 7.596270929185826390e+03 1.398131271745761961e-01
5.588300000000000182e+03 7.568075724306034317e+03 1.400815032071933697e-01
5.591800000000000182e+03 7.604317299890912182e+03 1.398263151783244174e-01
5.595300000000000182e+03 7.536426294529325787e+03 1.417359851739835586e-01
5.598800000000000182e+03 7.547924092725495939e+03 1.412559709998323088e-01
5.602300000000000182e+03 7.493049623433572378e+03 1.411956059047919099e-01
5.605800000000000182e+03 7.522656924449062899e+03 1.427747933115085244e-01
5.609300000000000182e+03 7.528842791567758468e+03 1.382794433821600832e-01
5.612800000000000182e+03 7.510192104756291883e+03 1.385857828456312502e-01
5.616300000000000182e+03 7.516043890523264054e+03 1.396928845925079210e-01
5.619800000000000182e+03 7.473263980321642521e+03 1.411310758298007229e-01
5.623300000000000182e+03 7.505493096997296561e+03 1.389725597405396251e-01
5.626800000000000182e+03 7.375337784400227065e+03 1.389103327083853479e-01
5.630300000000000182e+03 7.432165025367372436e+03 1.420677167556234632e-01
5.633800000000000182e+03 7.423941908079907989e+03 1.389934329566735460e-01
5.637300000000000182e+03 7.376003182728375577e+03 1.405347810628854721e-01
5.640800000000000182e+03 7.401413120950822304e+03 1.383838016700550400e-01
5.644300000000000182e+03 7.359865635495579227e+03 1.400666167616809177e-01
5.647800000000000182e+03 7.364099633936364626e+03 1.380235497462563299e-01
5.651300000000000182e+03 7.312933403890730915e+03 1.395443027312738282e-01
5.654800000000000182e+03 7.320114330425290973e+03 1.391593501277906264e-01
5.658300000000000182e+03 7.362937607132234916e+03 1.395399722354557226e-01
5.661800000000000182e+03 7.198505904269362873e+03 1.422249152884473844e-01
5.665300000000000182e+03 7.204126201636341648e+03 1.411108755624515543e-01
5.668800000000000182e+03 7.183833967566775755e+03 1.399698447949134505e-01
5.672300000000000182e+03 7.215849062197360581e+03 1.440778828798798261e-01
5.675800000000000182e+03 7.191713583298149388e+03 1.430309231967776817e-01
5.679300000000000182e+03 7.231948359773413358e+03 1.416136717815799639e-01
5.682800000000000182e+03 7.209471061709658898e+03 1.404311779185672959e-01
5.686300000000000182e+03 7.163720745265722144e+03 1.430359827285257734e-01
5.689800000000000182e+03 7.109968247764320949e+03 1.430348870778971881e-01
5.693300000000000182e+03 7.149684396409675173e+03 1.412034052987347632e-01
5.696800000000000182e+03 7.124787697425422266e+03 1.443832270008980623e-01
5.700300000000000182e+03 7.160817248131813358e+03 1.403683296210021525e-01
5.703800000000000182e+03 7.079326749642791583e+03 1.408169711892860720e-01
5.707300000000000182e+03 7.093726700971418722e+03 1.402489144154411560e-01
5.710800000000000182e+03 7.118466308960274546e+03 1.405835232369449239e-01
5.714300000000000182e+03 7.028383228287319980e+03 1.404148757740816544e-01
5.717800000000000182e+03 7.035099861329578744e+03 1.396494181835767623e-01
5.721300000000000182e+03 6.990461557806966994e+03 1.433586710498669370e-01
5.724800000000000182e+03 7.000176222631238488e+03 1.401580952710931305e-01
5.728300000000000182e+03 6.969180443537929932e+03 1.407830914133729183e-01
5.731800000000000182e+03 6.981997397976722823e+03 1.391128333644230664e-01
5.735300000000000182e+03 7.049760309240331480e+03 1.387340159105641679e-01
5.738800000000000182e+03 6.946601778901442231e+03 1.399780537412488313e-01
5.742300000000000182e+03 7.014662544128846093e+03 1.385468628545109548e-01
5.745800000000000182e+03 6.989166546517489223e+03 1.402605303919515489e-01
5.749300000000000182e+03 6.992833908778614386e+03 1.369321517642218267e-01
5.752800000000000182e+03 6.986594114164519851e+03 1.381274871435954898e-01
5.756300000000000182e+03 6.924279612793428896e+03 1.372925463998901641e-01
5.759800000000000182e+03 6.897032822580785250e+03 1.387661730246433911e-01
5.763300000000000182e+03 6.915258229210430727e+03 1.364269031219924322e-01
5.766800000000000182e+03 6.928503846206554044e+03 1.346266960002772684e-01
5.770300000000000182e+03 6.888485299170343751e+03 1.379379423799995119e-01
5.773800000000000182e+03 6.888603699543886250e+03 1.364526714475186309e-01
5.777300000000000182e+03 6.861650523150598019e+03 1.359548949579570953e-01
5.780800000000000182e+03 6.837905508594302773e+03 1.352801681086353291e-01
5.784300000000000182e+03 6.811889785500398830e+03 1.333676966532968133e-01
5.787800000000000182e+03 6.829669263946032515e+03 1.348376860341689853e-01
5.791300000000000182e+03 6.809966908296392830e+03 1.326978744873011651e-01
5.794800000000000182e+03 6.828291902582162948e+03 1.342553776730510684e-01
5.798300000000000182e+03 6.775776108745203601e+03 1.320489894806853581e-01
5.801800000000000182e+03 6.746705272740050532e+03 1.348271306551544479e-01
5.805300000000000182e+03 6.739119173625416806e+03 1.329911606199861984e-01
5.808800000000000182e+03 6.723972986086541823e+03 1.323592914133804865e-01
5.812300000000000182e+03 6.770802641092923295e+03 1.329248808958356509e-01
5.815800000000000182e+03 6.794983108586100570e+03 1.304670911856264937e-01
5.819300000000000182e+03 6.758694187127962323e+03 1.315793278723458859e-01
5.822800000000000182e+03 6.750237610613108700e+03 1.313587678062164421e-01
5.826300000000000182e+03 6.682347321006795937e+03 1.332929995151568014e-01
5.829800000000000182e+03 6.672117392056707104e+03 1.320578129358817576e-01
5.833300000000000182e+03 6.706174577337645133e+03 1.318491478273932649e-01
5.836800000000000182e+03 6.675684561135314652e+03 1.319985970041357703e-01
5.840300000000000182e+03 6.726707343058168590e+03 1.286776439606197031e-01
5.843800000000000182e+03 6.633034113850856556e+03 1.321505854706597760e-01
5.847300000000000182e+03 6.593778175625116091e+03 1.278564453552390456e-01
5.850800000000000182e+03 6.548913403321256737e+03 1.317782093391053899e-01
5.854300000000000182e+03 6.460795063898181070e+03 1.314932360643330800e-01
5.857800000000000182e+03 6.431641717158076062e+03 1.294447815579384264e-01
5.861300000000000182e+03 6.420506165675124066e+03 1.309344741039887294e-01
5.864800000000000182e+03 6.415406693504893155e+03 1.313901512274613659e-01
5.868300000000000182e+03 6.391861351596814529e+03 1.302178011519850576e-01
5.871800000000000182e+03 6.350863587285476569e+03 1.319921425729523312e-01
5.875300000000000182e+03 6.200197783983092449e+03 1.345790987911084924e-01
5.878800000000000182e+03 6.279479823383607254e+03 1.363188305982654391e-01
5.882300000000000182e+03 6.160001062174535946e+03 1.418224483477243392e-01
5.885800000000000182e+03 6.125450615949516759e+03 1.422066700357547675e-01
5.889300000000000182e+03 6.100408473923693236e+03 1.453021251632510835e-01
5.892800000000000182e+03 6.129818753585484956e+03 1.454529153386949769e-01
5.896300000000000182e+03 6.031996275293535291e+03 1.462556705520688949e-01
5.899800000000000182e+03 6.063783490378567876e+03 1.443730095697698113e-01
5.903300000000000182e+03 6.062119234778077043e+03 1.439846010429794709e-01
5.906800000000000182e+03 6.111450280618738361e+03 1.443398703259698157e-01
5.910300000000000182e+03 6.039211244790451929e+03 1.431324495364582894e-01
5.913800000000000182e+03 5.987564928315389807e+03 1.448825680925183434e-01
5.917300000000000182e+03 5.963983494831916687e+03 1.447252133059420964e-01
5.920800000000000182e+03 5.955634908710359014e+03 1.426784108347129154e-01
5.924300000000000182e+03 5.973540442629406243e+03 1.444070197825909063e-01
5.927800000000000182e+03 5.957688841986469015e+03 1.409840314962554630e-01
5.931300000000000182e+03 5.920800290898893763e+03 1.406868076469782181e-01
5.934800000000000182e+03 5.941889403044789105e+03 1.417181847589464860e-01
5.938300000000000182e+03 5.873406536372232949e+03 1.407378213769019948e-01
5.941800000000000182e+03 5.791135156096131141e+03 1.409376040941587305e-01
5.945300000000000182e+03 5.786568233310193136e+03 1.436788993401245940e-01
5.948800000000000182e+03 5.725644472856329230e+03 1.428079904721924753e-01
5.952300000000000182e+03 5.766877065466109343e+03 1.419998903008536373e-01
5.955800000000000182e+03 5.733044904354229402e+03 1.394449170430885621e-01
5.959300000000000182e+03 5.728181064422496092e+03 1.385297523027273492e-01
5.962800000000000182e+03 5.772607178134750939e+03 1.361071927231410073e-01
5.966300000000000182e+03 5.687657672892817573e+03 1.382598813523587822e-01
5.969800000000000182e+03 5.633129116609637094e+03 1.375892321116915507e-01
5.973300000000000182e+03 5.641687205042611822e+03 1.343741581886905290e-01
5.976800000000000182e+03 5.625536603405192182e+03 1.341145047362373444e-01
5.980300000000000182e+03 5.647272635735234871e+03 1.349397177024917460e-01
5.983800000000000182e+03 5.630768725805653958e+03 1.345718959655318181e-01
5.987300000000000182e+03 5.572664878419676825e+03 1.334549127232451948e-01
5.990800000000000182e+03 5.538240725837716127e+03 1.349704031692178230e-01
5.994300000000000182e+03 5.599302175011116560e+03 1.324026689468042473e-01
5.997800000000000182e+03 5.484648930380507409e+03 1.309446033654260155e-01
