# wavelength angstroms, flux, ext coeff
3.001800000000000182e+03 5.060291877157373219e-02 0.000000000000000000e+00
3.005300000000000182e+03 1.381313824651993483e-01 0.000000000000000000e+00
3.008800000000000182e+03 4.416996931639924462e+00 8.420606055000562362e-01
3.012300000000000182e+03 1.700590801149762399e+01 5.940382994032277209e-01
3.015800000000000182e+03 8.640830399177658327e-02 0.000000000000000000e+00
3.019300000000000182e+03 1.690559246774560320e-01 0.000000000000000000e+00
3.022800000000000182e+03 1.513338533429189336e-01 1.716716430664203319e+00
3.026300000000000182e+03 8.525212784841908586e+00 8.358041368849340458e-01
3.029800000000000182e+03 8.811017911872630393e+00 8.599206971594031135e-01
3.033300000000000182e+03 9.944195558410496849e-01 0.000000000000000000e+00
3.036800000000000182e+03 9.792536443741797769e-02 1.926459716380426457e+00
3.040300000000000182e+03 2.804114314501166660e+00 1.181353974832185516e+00
3.043800000000000182e+03 2.142401951184595532e+00 0.000000000000000000e+00
3.047300000000000182e+03 1.908567613684737596e+00 0.000000000000000000e+00
3.050800000000000182e+03 9.598920325249322705e-01 1.473326461037501200e+00
3.054300000000000182e+03 8.318569582792216810e-01 1.519555107799178240e+00
3.057800000000000182e+03 5.808600679675408607e-01 1.609718040216199020e+00
3.061300000000000182e+03 3.963624976973720404e+00 1.206780528199633107e+00
3.064800000000000182e+03 4.833780000354445328e+00 0.000000000000000000e+00
3.068300000000000182e+03 1.376882308139366629e+00 1.460728600662308807e+00
3.071800000000000182e+03 1.029145483171180375e+00 1.537955854637901520e+00
3.075300000000000182e+03 3.326679139842398519e-02 2.288616551519122577e+00
3.078800000000000182e+03 1.544166051455818334e+01 0.000000000000000000e+00
3.082300000000000182e+03 7.049615870532663364e-02 2.123898669913452331e+00
3.085800000000000182e+03 6.539503038188861916e-01 1.664452697146240778e+00
3.089300000000000182e+03 4.772448579145047165e-01 1.739449020248136080e+00
3.092800000000000182e+03 3.835741489868406795e+00 1.325620931707531369e+00
3.096300000000000182e+03 1.923411882041902832e+00 1.465193285820956426e+00
3.099800000000000182e+03 2.935683523828183095e-01 1.861439689885425519e+00
3.103300000000000182e+03 3.407140623124169099e-01 1.850956020934670487e+00
3.106800000000000182e+03 2.169020696761140510e+00 1.460926237046148657e+00
3.110300000000000182e+03 5.060003829403632025e-01 1.769097517860420243e+00
3.113800000000000182e+03 5.653181581645398968e-01 1.749765657495711224e+00
3.117300000000000182e+03 6.815459312633790345e-01 1.708611234197146223e+00
3.120800000000000182e+03 8.524755318431200823e-01 1.678551917206266619e+00
3.124300000000000182e+03 6.322108055276975946e+00 1.256741457296008724e+00
3.127800000000000182e+03 1.213866833291129765e+00 1.635563676764508978e+00
3.131300000000000182e+03 6.833266773122070425e+00 1.252910904658456337e+00
3.134800000000000182e+03 1.888893291415996600e+00 1.519495215905189545e+00
3.138300000000000182e+03 7.458643716482185049e+00 1.243014357586529561e+00
3.141800000000000182e+03 7.767306098502725575e+00 1.242089118432649020e+00
3.145300000000000182e+03 2.713586788705294683e+00 1.473399346584816971e+00
3.148800000000000182e+03 4.321662455107501799e+00 1.368475371099356019e+00
3.152300000000000182e+03 1.175800422000797418e+01 1.168607399836872229e+00
3.155800000000000182e+03 1.121751986388990652e+01 1.184895054854826713e+00
3.159300000000000182e+03 1.242544255155256216e+01 1.161991397633295842e+00
3.162800000000000182e+03 7.489344194378747765e+00 1.277310435092086527e+00
3.166300000000000182e+03 7.593196664455058809e+00 1.281599806001027630e+00
3.169800000000000182e+03 9.815389705743649884e+00 1.228159965537631626e+00
3.173300000000000182e+03 1.254885000006424711e+01 1.178113399655371873e+00
3.176800000000000182e+03 9.534866928639486261e+00 1.252528772368691090e+00
3.180300000000000182e+03 1.482161244657449117e+01 1.144613402325762808e+00
3.183800000000000182e+03 1.163879450787623426e+01 1.207502182858204876e+00
3.187300000000000182e+03 1.344203302961074975e+01 1.184979860286233810e+00
3.190800000000000182e+03 2.318410590295164653e+01 1.059655500356450730e+00
3.194300000000000182e+03 1.599046932260177911e+01 1.146986508736428823e+00
3.197800000000000182e+03 1.768072318814844479e+01 1.129527825268048069e+00
3.201300000000000182e+03 1.862990985372831076e+01 1.121637679114571018e+00
3.204800000000000182e+03 2.103837765896170708e+01 1.098595291038251487e+00
3.208300000000000182e+03 3.545861610226886995e+01 9.941079436691923066e-01
3.211800000000000182e+03 2.766021462564738442e+01 1.057121541692191968e+00
3.215300000000000182e+03 2.881214767264337340e+01 1.051110533790788892e+00
3.218800000000000182e+03 3.560874713941102243e+01 1.004364365648980018e+00
3.222300000000000182e+03 3.210132934071609867e+01 1.034266790811767978e+00
3.225800000000000182e+03 3.458257043735167002e+01 1.007034322381656688e+00
3.229300000000000182e+03 3.723291520953921463e+01 1.005684750120116489e+00
3.232800000000000182e+03 4.033720850450072959e+01 9.888529347313554929e-01
3.236300000000000182e+03 4.363988625391716880e+01 9.789459859586620016e-01
3.239800000000000182e+03 6.274849853428063540e+01 8.975432552434565725e-01
3.243300000000000182e+03 5.160219002026915547e+01 9.520274739496493721e-01
3.246800000000000182e+03 5.317747957049103036e+01 9.490197932420411098e-01
3.250300000000000182e+03 7.400383190230508035e+01 8.795940422720507357e-01
3.253800000000000182e+03 7.272915194926804361e+01 8.832238702777763795e-01
3.257300000000000182e+03 6.212348588422510431e+01 9.240118527818640404e-01
3.260800000000000182e+03 7.584060955587546005e+01 8.834939141459792200e-01
3.264300000000000182e+03 7.473272125463083171e+01 8.963957416878033380e-01
3.267800000000000182e+03 1.026557142612002735e+02 8.301446172309286942e-01
3.271300000000000182e+03 1.008522725663477644e+02 8.362088748639590063e-01
3.274800000000000182e+03 8.329389312876901386e+01 8.796894052761312643e-01
3.278300000000000182e+03 8.269688732787946606e+01 8.782522389150932973e-01
3.281800000000000182e+03 8.788945251933284908e+01 8.702246038664680494e-01
3.285300000000000182e+03 1.043356272291278657e+02 8.359517523398282135e-01
3.288800000000000182e+03 1.057665541779272331e+02 8.374075985658637755e-01
3.292300000000000182e+03 1.072016086038015175e+02 8.420022119477424960e-01
3.295800000000000182e+03 1.182980030061207941e+02 8.294870250750826512e-01
3.299300000000000182e+03 1.302001594604991794e+02 8.054606957025078895e-01
3.302800000000000182e+03 1.254573680744837105e+02 8.162000597273636471e-01
3.306300000000000182e+03 1.303821994253533205e+02 8.142970819592707521e-01
3.309800000000000182e+03 1.294067545487181974e+02 8.136405645054799463e-01
3.313300000000000182e+03 1.519232007628123995e+02 7.813223801328191831e-01
3.316800000000000182e+03 1.664714777429824437e+02 7.634427778141926746e-01
3.320300000000000182e+03 1.464705719057648423e+02 7.919049794339323434e-01
3.323800000000000182e+03 1.790560561434294868e+02 7.477416310353598439e-01
3.327300000000000182e+03 1.772700346806956873e+02 7.558546562571533123e-01
3.330800000000000182e+03 1.936552881740847738e+02 7.372019712714069639e-01
3.334300000000000182e+03 1.684610920973608756e+02 7.675917432006905683e-01
3.337800000000000182e+03 1.677827693861554224e+02 7.681752376936432647e-01
3.341300000000000182e+03 1.729515219356572970e+02 7.632816033926044241e-01
3.344800000000000182e+03 1.967872148681181557e+02 7.372803953961595269e-01
3.348300000000000182e+03 1.881591821246843779e+02 7.510245157556242335e-01
3.351800000000000182e+03 1.965481537459673973e+02 7.437095669618235538e-01
3.355300000000000182e+03 2.003735664615481369e+02 7.360294041965358414e-01
3.358800000000000182e+03 2.092820508771495156e+02 7.351215877668463294e-01
3.362300000000000182e+03 2.265818383907959515e+02 7.158908094121585464e-01
3.365800000000000182e+03 2.199288926383850935e+02 7.262318663817599607e-01
3.369300000000000182e+03 2.256892179991434091e+02 7.244185193736860651e-01
3.372800000000000182e+03 2.211034670843306742e+02 7.240002063753802064e-01
3.376300000000000182e+03 2.332137679007464328e+02 7.173701792399875821e-01
3.379800000000000182e+03 2.505819423571714992e+02 7.007297696792145203e-01
3.383300000000000182e+03 2.785152846079314486e+02 6.781712603723206723e-01
3.386800000000000182e+03 2.604064000159331727e+02 6.977075319823382582e-01
3.390300000000000182e+03 2.677092268323326039e+02 6.983086907841874469e-01
3.393800000000000182e+03 2.774683366886671934e+02 6.882298164301517973e-01
3.397300000000000182e+03 3.052421978295344047e+02 6.688398240014172824e-01
3.400800000000000182e+03 2.893616437322468187e+02 6.864097032175301427e-01
3.404300000000000182e+03 2.892843328230102884e+02 6.850483443664415750e-01
3.407800000000000182e+03 3.351464814340827729e+02 6.556784707532640200e-01
3.411300000000000182e+03 3.110182353909513608e+02 6.730985730264362754e-01
3.414800000000000182e+03 3.434230973481086266e+02 6.505515181898926524e-01
3.418300000000000182e+03 3.249931556637690164e+02 6.676044175373926359e-01
3.421800000000000182e+03 3.386678583189213896e+02 6.596799472171377410e-01
3.425300000000000182e+03 3.601683627291710650e+02 6.482082793805100662e-01
3.428800000000000182e+03 3.589551152004750634e+02 6.549908854859515239e-01
3.432300000000000182e+03 3.502632171720570682e+02 6.561256962277345339e-01
3.435800000000000182e+03 3.772822317190323815e+02 6.458246546536097199e-01
3.439300000000000182e+03 3.968736487508802497e+02 6.329297436595732185e-01
3.442800000000000182e+03 3.785080508174593206e+02 6.500630420073020277e-01
3.446300000000000182e+03 3.963551175623621248e+02 6.387915002173005785e-01
3.449800000000000182e+03 4.227582760778725515e+02 6.184545611228295936e-01
3.453300000000000182e+03 4.073766797697895754e+02 6.360405975470557749e-01
3.456800000000000182e+03 4.538232576863590566e+02 6.105165059929654747e-01
3.460300000000000182e+03 4.104246677727600172e+02 6.319199410252894777e-01
3.463800000000000182e+03 4.256034974648299567e+02 6.283129415808491602e-01
3.467300000000000182e+03 4.277551607099489388e+02 6.268722159057569243e-01
3.470800000000000182e+03 4.403308207206385987e+02 6.263216327702669783e-01
3.474300000000000182e+03 4.834236798713059784e+02 6.027921122376942442e-01
3.477800000000000182e+03 4.558379982234393992e+02 6.193955953101961676e-01
3.481300000000000182e+03 4.713229026567947244e+02 6.137450086493732027e-01
3.484800000000000182e+03 4.713879914207159914e+02 6.106146597138915055e-01
3.488300000000000182e+03 5.287026981496969711e+02 5.949211921214905274e-01
3.491800000000000182e+03 5.076607277329205203e+02 6.049337627586482968e-01
3.495300000000000182e+03 5.372171985985592073e+02 5.902857025172342231e-01
3.498800000000000182e+03 5.183658660686187432e+02 6.019400822894129810e-01
3.502300000000000182e+03 5.677912182402576491e+02 5.823859506539170727e-01
3.505800000000000182e+03 5.769194184392616762e+02 5.823912449851446071e-01
3.509300000000000182e+03 5.474579540662394948e+02 5.957158288502497623e-01
3.512800000000000182e+03 5.533404002211619854e+02 5.947226263933277357e-01
3.516300000000000182e+03 5.937501169395308125e+02 5.759921801383062201e-01
3.519800000000000182e+03 5.942663528835818170e+02 5.828154543459137527e-01
3.523300000000000182e+03 6.086584024824543349e+02 5.748594543539410351e-01
3.526800000000000182e+03 6.222511222992199009e+02 5.723516330787743467e-01
3.530300000000000182e+03 6.374472627870020460e+02 5.675896867059208040e-01
3.533800000000000182e+03 6.127059490853432635e+02 5.774012172901832329e-01
3.537300000000000182e+03 6.249258929866435892e+02 5.743801331101602292e-01
3.540800000000000182e+03 6.479212815998542965e+02 5.725753348945764598e-01
3.544300000000000182e+03 6.871888649814211476e+02 5.624994058826884302e-01
3.547800000000000182e+03 6.895434165964260274e+02 5.628495322487820918e-01
3.551300000000000182e+03 7.200360005875246543e+02 5.535902167266116836e-01
3.554800000000000182e+03 6.919591673065808664e+02 5.644745887347600855e-01
3.558300000000000182e+03 6.945705273405277467e+02 5.613082871100343318e-01
3.561800000000000182e+03 7.122720410306818621e+02 5.572679667946051074e-01
3.565300000000000182e+03 7.124876408530427625e+02 5.540687516210128782e-01
3.568800000000000182e+03 7.671581118663674488e+02 5.428721565669456517e-01
3.572300000000000182e+03 7.215813937251648440e+02 5.533603098892120320e-01
3.575800000000000182e+03 7.320135694983091526e+02 5.506829802969795962e-01
3.579300000000000182e+03 7.467224531779453400e+02 5.480801906687768899e-01
3.582800000000000182e+03 7.538189562146435492e+02 5.470670865140340178e-01
3.586300000000000182e+03 8.287912396874056640e+02 5.267248837377961346e-01
3.589800000000000182e+03 7.843393618626017769e+02 5.406325774428331066e-01
3.593300000000000182e+03 8.076279580497234747e+02 5.331882150078190996e-01
3.596800000000000182e+03 8.040219339391569520e+02 5.339375555405944107e-01
3.600300000000000182e+03 8.145544213976703531e+02 5.344228870171937595e-01
3.603800000000000182e+03 8.274384309466394143e+02 5.316937098581488996e-01
3.607300000000000182e+03 8.470741636897777198e+02 5.299433803776807395e-01
3.610800000000000182e+03 8.432606329945812149e+02 5.316556686508175922e-01
3.614300000000000182e+03 8.650257942532675770e+02 5.285311198078522787e-01
3.617800000000000182e+03 9.038241586656395157e+02 5.199093115401527410e-01
3.621300000000000182e+03 9.039065232562779784e+02 5.213443206390071527e-01
3.624800000000000182e+03 9.590378933770731464e+02 5.091659008670760267e-01
3.628300000000000182e+03 9.252843789473075731e+02 5.178695879000435598e-01
3.631800000000000182e+03 9.493108812514019519e+02 5.139586574304232380e-01
3.635300000000000182e+03 9.797639218751340877e+02 5.103509419456208063e-01
3.638800000000000182e+03 9.576025983917630811e+02 5.105971382661199653e-01
3.642300000000000182e+03 1.036412236095303115e+03 5.013816776103134920e-01
3.645800000000000182e+03 1.049045877312049242e+03 5.002177259644272622e-01
3.649300000000000182e+03 1.068355031121292541e+03 5.000183418576531480e-01
3.652800000000000182e+03 1.091253845469844464e+03 4.943711238711446243e-01
3.656300000000000182e+03 1.059922551907770185e+03 5.045478460655122843e-01
3.659800000000000182e+03 1.077114466974172274e+03 5.024440931503481034e-01
3.663300000000000182e+03 1.068072939458560995e+03 5.013010839598520674e-01
3.666800000000000182e+03 1.108400016068449759e+03 4.942908336175644290e-01
3.670300000000000182e+03 1.102595266342327022e+03 4.978444187814844435e-01
3.673800000000000182e+03 1.075682195962426704e+03 4.963369102954450773e-01
3.677300000000000182e+03 1.084783162749021130e+03 4.910575574993584214e-01
3.680800000000000182e+03 1.072148129626187938e+03 4.919141294748778925e-01
3.684300000000000182e+03 1.084618637422794563e+03 4.851199806479175036e-01
3.687800000000000182e+03 1.083128594889836904e+03 4.856584940761761171e-01
3.691300000000000182e+03 1.091525436717721050e+03 4.805805935521966776e-01
3.694800000000000182e+03 1.125550627874726388e+03 4.765600098503853244e-01
3.698300000000000182e+03 1.163890558650182584e+03 4.727983333113806586e-01
3.701800000000000182e+03 1.175170202957573565e+03 4.737830917958342214e-01
3.705300000000000182e+03 1.178931363527559370e+03 4.709505328154704462e-01
3.708800000000000182e+03 1.234850047587535073e+03 4.691361983235389221e-01
3.712300000000000182e+03 1.189942696774510523e+03 4.753978323137851292e-01
3.715800000000000182e+03 1.242297087583749317e+03 4.700925128170007627e-01
3.719300000000000182e+03 1.269809606452076650e+03 4.676137823613988886e-01
3.722800000000000182e+03 1.309689585956537258e+03 4.556628729265340128e-01
3.726300000000000182e+03 1.342421514952436610e+03 4.523896024394283844e-01
3.729800000000000182e+03 1.406235244117610364e+03 4.510583053736740289e-01
3.733300000000000182e+03 1.364415333686157283e+03 4.606319203068291457e-01
3.736800000000000182e+03 1.455334846044063170e+03 4.572882347024278538e-01
3.740300000000000182e+03 1.488935008938005012e+03 4.606038141928865959e-01
3.743800000000000182e+03 1.618176167394309687e+03 4.512196831997727919e-01
3.747300000000000182e+03 1.657878020284407057e+03 4.537941089684190965e-01
3.750800000000000182e+03 1.680596446241131162e+03 4.496637602103249476e-01
3.754300000000000182e+03 1.736257542860701051e+03 4.546969191126580823e-01
3.757800000000000182e+03 1.795708881116904649e+03 4.476286037881661573e-01
3.761300000000000182e+03 1.817769995903192239e+03 4.464475118610960469e-01
3.764800000000000182e+03 1.889559578107127891e+03 4.447586012080437801e-01
3.768300000000000182e+03 1.980981624555815642e+03 4.349178270644452615e-01
3.771800000000000182e+03 1.957594761687260643e+03 4.417928817510770045e-01
3.775300000000000182e+03 2.069276431164200403e+03 4.408979683467790234e-01
3.778800000000000182e+03 2.140634397480171174e+03 4.387728297050291215e-01
3.782300000000000182e+03 2.230258442846381058e+03 4.385544234136224406e-01
3.785800000000000182e+03 2.302442734264081537e+03 4.379563175517128815e-01
3.789300000000000182e+03 2.475423780638614971e+03 4.317891004762429152e-01
3.792800000000000182e+03 2.530899588413007223e+03 4.334857108314481011e-01
3.796300000000000182e+03 2.682733155203104616e+03 4.307258826933808016e-01
3.799800000000000182e+03 2.781987952499440325e+03 4.326635618154239249e-01
3.803300000000000182e+03 2.801783741192479283e+03 4.352816522254872034e-01
3.806800000000000182e+03 2.914841495835358728e+03 4.319884052265585139e-01
3.810300000000000182e+03 2.931792796747858119e+03 4.324325128745792335e-01
3.813800000000000182e+03 2.901063469598572738e+03 4.290370006220957655e-01
3.817300000000000182e+03 2.908823986471972148e+03 4.219892440071956741e-01
3.820800000000000182e+03 2.903934421649213164e+03 4.147527669050194987e-01
3.824300000000000182e+03 2.827993720561334612e+03 4.097877684180460389e-01
3.827800000000000182e+03 2.834403873270618078e+03 4.076729290835468533e-01
3.831300000000000182e+03 2.940925783472530838e+03 3.998976682077144962e-01
3.834800000000000182e+03 2.957856228583269967e+03 4.047249137206734293e-01
3.838300000000000182e+03 3.101015516776154072e+03 4.102018053102657325e-01
3.841800000000000182e+03 3.348010313722797946e+03 4.089020141231123340e-01
3.845300000000000182e+03 3.513393904811587163e+03 4.138430974821937225e-01
3.848800000000000182e+03 3.733680143913361007e+03 4.125301184443651015e-01
3.852300000000000182e+03 4.048435271874018326e+03 4.092772945140302765e-01
3.855800000000000182e+03 4.143593058585226572e+03 4.116868736275459684e-01
3.859300000000000182e+03 4.326481258385008005e+03 4.108655225529446731e-01
3.862800000000000182e+03 4.386690191850195333e+03 4.112217159555830448e-01
3.866300000000000182e+03 4.406660437641663520e+03 4.126166376314777673e-01
3.869800000000000182e+03 4.266399505395696906e+03 4.119298807567391973e-01
3.873300000000000182e+03 4.229961611635515510e+03 4.072570231869689916e-01
3.876800000000000182e+03 3.966779824974506482e+03 4.027632134645491302e-01
3.880300000000000182e+03 3.706073204923825415e+03 3.956941513131127519e-01
3.883800000000000182e+03 3.556518695119103540e+03 3.824129661093229604e-01
3.887300000000000182e+03 3.433611881548841666e+03 3.723378929644419744e-01
3.890800000000000182e+03 3.500162766333784475e+03 3.671061862528026132e-01
3.894300000000000182e+03 3.649341859862621732e+03 3.677086608332687523e-01
3.897800000000000182e+03 3.809360362579621778e+03 3.816961508869608499e-01
3.901300000000000182e+03 4.103187183754273974e+03 3.896713796909727079e-01
3.904800000000000182e+03 4.403259701345423309e+03 3.956396928988631934e-01
3.908300000000000182e+03 4.704081700479430765e+03 3.965328248764575791e-01
3.911800000000000182e+03 4.837629535634569947e+03 3.969616369216064644e-01
3.915300000000000182e+03 4.891109939802995541e+03 3.907959423509101415e-01
3.918800000000000182e+03 4.908942513372048779e+03 3.853149111316633846e-01
3.922300000000000182e+03 4.751756022550690432e+03 3.797675638230299522e-01
3.925800000000000182e+03 4.691914305076916207e+03 3.710512051693503621e-01
3.929300000000000182e+03 4.761312476234838869e+03 3.675352195317255211e-01
3.932800000000000182e+03 4.755312681638281902e+03 3.657164259220525016e-01
3.936300000000000182e+03 4.756636209905575924e+03 3.707981490615977482e-01
3.939800000000000182e+03 4.985958975311712493e+03 3.743140960801321082e-01
3.943300000000000182e+03 5.095642556228040121e+03 3.794535774581390686e-01
3.946800000000000182e+03 5.178031809788582905e+03 3.815091647209680747e-01
3.950300000000000182e+03 4.927234008936413375e+03 3.853320946153896420e-01
3.953800000000000182e+03 4.798318312006640554e+03 3.812960958468873396e-01
3.957300000000000182e+03 4.608415786228671095e+03 3.728844238276500245e-01
3.960800000000000182e+03 4.304707704917400406e+03 3.637911295633193820e-01
3.964300000000000182e+03 4.121309726046555625e+03 3.485936441874372682e-01
3.967800000000000182e+03 4.040804772725281964e+03 3.351753727291514329e-01
3.971300000000000182e+03 4.019645357015968784e+03 3.350406603771559078e-01
3.974800000000000182e+03 4.224738107783724445e+03 3.369318645410870894e-01
3.978300000000000182e+03 4.456932962737542766e+03 3.524753568847575069e-01
3.981800000000000182e+03 4.943264394563415408e+03 3.562767185411387372e-01
3.985300000000000182e+03 5.448796773606473835e+03 3.626801118864229068e-01
3.988800000000000182e+03 5.931694717266535918e+03 3.621961805563504444e-01
3.992300000000000182e+03 6.305154466167514329e+03 3.642513451288819648e-01
3.995800000000000182e+03 6.771637776088431565e+03 3.586778162215613075e-01
3.999300000000000182e+03 7.130527537748862414e+03 3.580771926317589116e-01
4.002800000000000182e+03 7.445476790566003729e+03 3.536218338621658352e-01
4.006300000000000182e+03 7.576938891820179379e+03 3.545628900201577283e-01
4.009800000000000182e+03 7.854839274970935548e+03 3.537827608220318054e-01
4.013300000000000182e+03 8.026636448413894868e+03 3.493632510556726745e-01
4.016800000000000182e+03 8.029932353862805940e+03 3.500594147152595870e-01
4.020300000000000182e+03 8.249774800014973152e+03 3.482881871853683031e-01
4.023800000000000182e+03 8.378846833998532020e+03 3.444026321584451877e-01
4.027300000000000182e+03 8.533647291089762803e+03 3.417862462523991729e-01
4.030800000000000182e+03 8.381326532032906471e+03 3.432373278242715209e-01
4.034300000000000182e+03 8.562230605480024678e+03 3.426457981786970031e-01
4.037800000000000182e+03 8.739728902898297747e+03 3.389408880729292139e-01
4.041300000000000182e+03 8.662134563207711835e+03 3.404364075883535290e-01
4.044800000000000182e+03 8.704295309918399653e+03 3.395383344050136865e-01
4.048300000000000182e+03 8.775489824168820633e+03 3.401326910588627350e-01
4.051800000000000182e+03 8.818892531362051159e+03 3.369597702463491551e-01
4.055300000000000182e+03 8.757721576240079230e+03 3.352113777313754372e-01
4.058800000000000182e+03 8.799497498961463862e+03 3.327009140511307250e-01
4.062300000000000182e+03 8.725771040872748927e+03 3.348707035892258821e-01
4.065800000000000182e+03 8.682224065785860148e+03 3.336494538450367475e-01
4.069300000000000182e+03 8.480511682328997267e+03 3.322690922096814270e-01
4.072800000000000182e+03 8.361227444501004356e+03 3.285702472591962575e-01
4.076300000000000182e+03 7.989095385507817809e+03 3.311760150591668284e-01
4.079800000000000182e+03 7.656521323397309061e+03 3.295879485011858345e-01
4.083300000000000182e+03 7.287716529556194473e+03 3.274051661557953463e-01
4.086800000000000182e+03 7.022213882787861621e+03 3.263081789102864616e-01
4.090300000000000182e+03 6.798723071225139392e+03 3.270893377825621617e-01
4.093800000000000182e+03 6.383304124450297422e+03 3.210478260847183796e-01
4.097300000000000182e+03 6.057443190763187886e+03 3.207653721364375765e-01
4.100800000000000182e+03 6.062824321609510662e+03 3.114097884158986140e-01
4.104300000000000182e+03 5.770122197644596781e+03 3.107367520759921620e-01
4.107800000000000182e+03 5.916820823897741320e+03 3.050337648028267901e-01
4.111300000000000182e+03 6.212261908343998584e+03 3.016988723147714380e-01
4.114800000000000182e+03 6.545451672806803799e+03 3.062298279159146874e-01
4.118300000000000182e+03 7.130760719148054704e+03 3.089605765024948103e-01
4.121800000000000182e+03 7.467027099233825538e+03 3.158436310177176187e-01
4.125300000000000182e+03 8.093261753623300137e+03 3.193318378269073277e-01
4.128800000000000182e+03 8.702443717300886419e+03 3.184988605101596870e-01
4.132300000000000182e+03 9.290897365565455402e+03 3.149493191244606694e-01
4.135800000000000182e+03 9.537181723103603872e+03 3.142063438541234377e-01
4.139300000000000182e+03 9.956501908891150379e+03 3.117926385339029882e-01
4.142800000000000182e+03 1.023728850199711269e+04 3.081878324823913995e-01
4.146300000000000182e+03 1.038431461524558836e+04 3.075195445483811518e-01
4.149800000000000182e+03 1.072402838343888288e+04 3.062275257653080951e-01
4.153300000000000182e+03 1.071985962446926715e+04 3.057177158630696723e-01
4.156800000000000182e+03 1.094199501504022919e+04 3.043463772444111592e-01
4.160300000000000182e+03 1.119511794954961806e+04 3.025380554784599108e-01
4.163800000000000182e+03 1.112097369868429996e+04 3.031622512914459167e-01
4.167300000000000182e+03 1.118710576865587973e+04 3.018160504456200433e-01
4.170800000000000182e+03 1.117275225160814807e+04 3.018416706400559035e-01
4.174300000000000182e+03 1.130891990874235489e+04 3.023295881897169468e-01
4.177800000000000182e+03 1.138091910128816926e+04 2.981365016623284681e-01
4.181300000000000182e+03 1.152164176257838699e+04 2.967873605200428977e-01
4.184800000000000182e+03 1.157677903572740979e+04 2.950272417742146325e-01
4.188300000000000182e+03 1.164109673175456010e+04 2.959102800361059771e-01
4.191800000000000182e+03 1.151459222866930941e+04 2.953374665936014942e-01
4.195300000000000182e+03 1.168280143208055961e+04 2.933904959093481257e-01
4.198800000000000182e+03 1.158979158395980630e+04 2.954278977144780272e-01
4.202300000000000182e+03 1.186536535128913420e+04 2.932919134257285787e-01
4.205800000000000182e+03 1.202779628302815581e+04 2.899657290829917855e-01
4.209300000000000182e+03 1.194487287528102206e+04 2.908459861608891917e-01
4.212800000000000182e+03 1.225050267156055816e+04 2.892717275555272693e-01
4.216300000000000182e+03 1.199498801910679504e+04 2.898077998334825378e-01
4.219800000000000182e+03 1.219824276895095682e+04 2.868022058264703134e-01
4.223300000000000182e+03 1.200403780031292445e+04 2.874450665926800985e-01
4.226800000000000182e+03 1.224325894528608114e+04 2.821443197220516175e-01
4.230300000000000182e+03 1.225777063784531492e+04 2.832102278220018921e-01
4.233800000000000182e+03 1.235330620508923857e+04 2.821882222797030826e-01
4.237300000000000182e+03 1.228192195766070290e+04 2.806377584228297306e-01
4.240800000000000182e+03 1.221898947564495393e+04 2.842457376714231931e-01
4.244300000000000182e+03 1.250502355422441360e+04 2.832180813560464805e-01
4.247800000000000182e+03 1.247764561749640779e+04 2.820277639907555756e-01
4.251300000000000182e+03 1.288367484958653586e+04 2.784790148097619489e-01
4.254800000000000182e+03 1.268327908040162038e+04 2.779816202012700965e-01
4.258300000000000182e+03 1.296553724518476156e+04 2.756555824267277188e-01
4.261800000000000182e+03 1.289394423643531627e+04 2.738426609288731051e-01
4.265300000000000182e+03 1.259789402936255101e+04 2.760188046407161533e-01
4.268800000000000182e+03 1.278158911827962584e+04 2.744657780563621863e-01
4.272300000000000182e+03 1.278629284918744270e+04 2.737393789345787254e-01
4.275800000000000182e+03 1.281593312747337040e+04 2.727033757937212810e-01
4.279300000000000182e+03 1.279656867926725135e+04 2.732352492202670402e-01
4.282800000000000182e+03 1.312853028842595813e+04 2.728674010047021370e-01
4.286300000000000182e+03 1.310843973830557843e+04 2.715925121137562348e-01
4.289800000000000182e+03 1.284762588862350458e+04 2.725571114055012623e-01
4.293300000000000182e+03 1.297051101684666719e+04 2.702279211988218299e-01
4.296800000000000182e+03 1.283885255386944664e+04 2.704430662646642447e-01
4.300300000000000182e+03 1.281357178806131378e+04 2.670448932024446775e-01
4.303800000000000182e+03 1.251699592411660706e+04 2.678141006978398964e-01
4.307300000000000182e+03 1.207792954554817697e+04 2.687641541888630692e-01
4.310800000000000182e+03 1.203234643331295774e+04 2.672082728713104371e-01
4.314300000000000182e+03 1.158993877430878638e+04 2.659378381931409296e-01
4.317800000000000182e+03 1.122478679770909002e+04 2.625268033514221444e-01
4.321300000000000182e+03 1.066209671495178372e+04 2.628363865475761840e-01
4.324800000000000182e+03 1.012046737512637992e+04 2.629351992501111068e-01
4.328300000000000182e+03 9.726522018047746315e+03 2.595568418531172816e-01
4.331800000000000182e+03 9.335977575265629639e+03 2.579518414104915447e-01
4.335300000000000182e+03 8.750243238448210832e+03 2.598403940038058191e-01
4.338800000000000182e+03 8.761054753735466875e+03 2.541864560524059180e-01
4.342300000000000182e+03 8.585848264842346907e+03 2.506008029130301074e-01
4.345800000000000182e+03 8.836458035063616990e+03 2.462811621425208541e-01
4.349300000000000182e+03 9.202534720499199466e+03 2.412093168635361662e-01
4.352800000000000182e+03 9.441504566699395582e+03 2.442083826317224815e-01
4.356300000000000182e+03 1.006568019668687884e+04 2.467005934960482538e-01
4.359800000000000182e+03 1.088490518633047213e+04 2.511443745835657548e-01
4.363300000000000182e+03 1.156576626342045711e+04 2.575873627498299068e-01
4.366800000000000182e+03 1.207257671804920392e+04 2.592316491980093951e-01
4.370300000000000182e+03 1.301924948771371055e+04 2.583760238096867723e-01
4.373800000000000182e+03 1.342132622200260994e+04 2.576868861052611925e-01
4.377300000000000182e+03 1.411783421605622243e+04 2.523922123586908595e-01
4.380800000000000182e+03 1.450258924702469449e+04 2.499078413012917610e-01
4.384300000000000182e+03 1.440396462495946980e+04 2.470134907329624152e-01
4.387800000000000182e+03 1.480357205512950350e+04 2.479324775596760122e-01
4.391300000000000182e+03 1.481931044269045196e+04 2.465355783895583075e-01
4.394800000000000182e+03 1.518444321494221549e+04 2.448473631701911513e-01
4.398300000000000182e+03 1.503648031393005840e+04 2.455718177287991022e-01
4.401800000000000182e+03 1.495475035612312786e+04 2.454736074192187256e-01
4.405300000000000182e+03 1.501466333802689769e+04 2.447370286303351128e-01
4.408800000000000182e+03 1.503750831259008555e+04 2.464361470326739689e-01
4.412300000000000182e+03 1.505047961963280613e+04 2.445512670133629107e-01
4.415800000000000182e+03 1.507719900334884369e+04 2.431914042673139209e-01
4.419300000000000182e+03 1.521912880748192401e+04 2.427155910151871931e-01
4.422800000000000182e+03 1.515353505054027482e+04 2.423028903637437503e-01
4.426300000000000182e+03 1.540173660158540770e+04 2.400327589083417756e-01
4.429800000000000182e+03 1.534476675159887236e+04 2.415221882137137122e-01
4.433300000000000182e+03 1.530208928802695846e+04 2.397495454288602057e-01
4.436800000000000182e+03 1.552310238757230582e+04 2.386919706437470867e-01
4.440300000000000182e+03 1.592936284339568556e+04 2.377890060597403765e-01
4.443800000000000182e+03 1.580754219617051058e+04 2.394078318069029487e-01
4.447300000000000182e+03 1.594885664258097131e+04 2.384797544647337120e-01
4.450800000000000182e+03 1.579335487988314526e+04 2.394167201431341707e-01
4.454300000000000182e+03 1.634750702869844645e+04 2.349850658501284884e-01
4.457800000000000182e+03 1.614290712111774155e+04 2.378680208784699213e-01
4.461300000000000182e+03 1.615943966827173062e+04 2.354081775305653101e-01
4.464800000000000182e+03 1.643470307872906778e+04 2.334467187917096398e-01
4.468300000000000182e+03 1.631621910635248605e+04 2.332677137547395640e-01
4.471800000000000182e+03 1.665024242496705847e+04 2.310439133016614632e-01
4.475300000000000182e+03 1.651571018468953844e+04 2.288480589531395881e-01
4.478800000000000182e+03 1.655272344271109978e+04 2.311592492963098766e-01
4.482300000000000182e+03 1.672755860212047264e+04 2.295424995499995291e-01
4.485800000000000182e+03 1.682584683729055541e+04 2.275670967241097131e-01
4.489300000000000182e+03 1.666499897404798321e+04 2.274694610670822126e-01
4.492800000000000182e+03 1.692890952551917508e+04 2.277624395427008119e-01
4.496300000000000182e+03 1.693424780302278668e+04 2.292166842930723758e-01
4.499800000000000182e+03 1.682310526648382802e+04 2.284471224231855169e-01
4.503300000000000182e+03 1.709195322912558549e+04 2.264384980053796848e-01
4.506800000000000182e+03 1.754226060976108784e+04 2.244342181227065303e-01
4.510300000000000182e+03 1.757596698482120701e+04 2.237364285049197599e-01
4.513800000000000182e+03 1.719471447672595241e+04 2.261474754179381708e-01
4.517300000000000182e+03 1.712465423321627168e+04 2.249242949502202049e-01
4.520800000000000182e+03 1.734718067315565349e+04 2.231518421923270878e-01
4.524300000000000182e+03 1.745926710340081263e+04 2.238161501508924567e-01
4.527800000000000182e+03 1.752168201671562565e+04 2.203510451544137272e-01
4.531300000000000182e+03 1.728754791079483766e+04 2.232295239714923440e-01
4.534800000000000182e+03 1.684779484685026182e+04 2.251313909101370914e-01
4.538300000000000182e+03 1.735670528270043724e+04 2.200903411318722580e-01
4.541800000000000182e+03 1.707311562834482174e+04 2.208198629006119240e-01
4.545300000000000182e+03 1.726144533685490387e+04 2.196689025375299642e-01
4.548800000000000182e+03 1.758846913123367267e+04 2.179325510118276243e-01
4.552300000000000182e+03 1.734573317107808180e+04 2.186289760789861258e-01
4.555800000000000182e+03 1.766750683445810137e+04 2.177826786826421168e-01
4.559300000000000182e+03 1.740854921774945615e+04 2.161003543214022049e-01
4.562800000000000182e+03 1.768327626424809205e+04 2.179781852423204602e-01
4.566300000000000182e+03 1.791957028060167067e+04 2.168937024252616252e-01
4.569800000000000182e+03 1.802713734913816006e+04 2.161294764678148572e-01
4.573300000000000182e+03 1.786452107216525110e+04 2.164442275246168945e-01
4.576800000000000182e+03 1.803926220483289217e+04 2.147733040060254006e-01
4.580300000000000182e+03 1.796039270759539431e+04 2.143734935552464027e-01
4.583800000000000182e+03 1.769445944183214669e+04 2.129982014547885105e-01
4.587300000000000182e+03 1.815263768022816294e+04 2.113558878781149342e-01
4.590800000000000182e+03 1.803416319111999110e+04 2.117716680378499694e-01
4.594300000000000182e+03 1.784522101731768998e+04 2.122744613545360648e-01
4.597800000000000182e+03 1.807050605590625128e+04 2.097132720749429191e-01
4.601300000000000182e+03 1.813422403066778497e+04 2.108863065773421974e-01
4.604800000000000182e+03 1.825060026934542111e+04 2.095283212206346390e-01
4.608300000000000182e+03 1.843311712251512290e+04 2.096302957825940672e-01
4.611800000000000182e+03 1.840079625946448505e+04 2.085922791056104564e-01
4.615300000000000182e+03 1.826934246049814465e+04 2.075882661886126745e-01
4.618800000000000182e+03 1.822738096981734998e+04 2.094576580793618137e-01
4.622300000000000182e+03 1.826885116120362727e+04 2.088124090703774305e-01
4.625800000000000182e+03 1.816721433178529333e+04 2.065716277238011933e-01
4.629300000000000182e+03 1.831127191998914350e+04 2.059952238074448660e-01
4.632800000000000182e+03 1.833146106603002772e+04 2.035732499568430054e-01
4.636300000000000182e+03 1.804752857313277855e+04 2.044004858862956964e-01
4.639800000000000182e+03 1.833278513568602648e+04 2.042897870362286317e-01
4.643300000000000182e+03 1.829726885062381552e+04 2.060646343888737630e-01
4.646800000000000182e+03 1.879238195330796225e+04 2.005430222525030892e-01
4.650300000000000182e+03 1.854591700442386355e+04 2.021601717845689927e-01
4.653800000000000182e+03 1.837636544061002132e+04 2.038975620823510748e-01
4.657300000000000182e+03 1.885298392579614301e+04 2.003606609908788749e-01
4.660800000000000182e+03 1.889747206392224325e+04 2.011777421368589613e-01
4.664300000000000182e+03 1.873591170511964810e+04 2.005993156003396394e-01
4.667800000000000182e+03 1.883848342332016182e+04 2.009628000615554244e-01
4.671300000000000182e+03 1.885732847550805673e+04 2.004668917996406674e-01
4.674800000000000182e+03 1.873298229618668120e+04 1.994065446204053016e-01
4.678300000000000182e+03 1.879493223440757720e+04 1.988055064313703768e-01
4.681800000000000182e+03 1.849144071364591218e+04 1.975238704265501188e-01
4.685300000000000182e+03 1.832667799905350694e+04 1.992637729212255182e-01
4.688800000000000182e+03 1.839606548832534827e+04 1.986930209714351803e-01
4.692300000000000182e+03 1.836076184841056966e+04 1.969532784254378055e-01
4.695800000000000182e+03 1.818789405998602524e+04 1.982312681592468262e-01
4.699300000000000182e+03 1.813472522401303286e+04 1.957478380413547603e-01
4.702800000000000182e+03 1.788064572499466522e+04 1.964257128308232736e-01
4.706300000000000182e+03 1.830483404795480601e+04 1.909691244010122968e-01
4.709800000000000182e+03 1.800103313619598703e+04 1.930382238874044643e-01
4.713300000000000182e+03 1.829392969679849921e+04 1.933883426268299954e-01
4.716800000000000182e+03 1.809905465678534893e+04 1.937773385838494344e-01
4.720300000000000182e+03 1.860579461459952290e+04 1.924412467507551350e-01
4.723800000000000182e+03 1.864509211977382802e+04 1.922268537436442326e-01
4.727300000000000182e+03 1.877572427809271176e+04 1.931217276854901299e-01
4.730800000000000182e+03 1.882991655712878128e+04 1.920003252139981798e-01
4.734300000000000182e+03 1.921897469951713720e+04 1.917987665281254417e-01
4.737800000000000182e+03 1.919567648884568553e+04 1.908806318067031715e-01
4.741300000000000182e+03 1.912150385540174102e+04 1.893853012452631768e-01
4.744800000000000182e+03 1.914036529541299024e+04 1.881259971383642815e-01
4.748300000000000182e+03 1.918912253839413097e+04 1.900000273777414372e-01
4.751800000000000182e+03 1.917395771096601675e+04 1.872030208841351517e-01
4.755300000000000182e+03 1.873979572481125797e+04 1.898741487121465565e-01
4.758800000000000182e+03 1.916027382931104876e+04 1.855069160674046869e-01
4.762300000000000182e+03 1.928314369818612977e+04 1.870283847288918833e-01
4.765800000000000182e+03 1.910253331561161394e+04 1.862066112745888458e-01
4.769300000000000182e+03 1.893917230430590644e+04 1.860331791095874987e-01
4.772800000000000182e+03 1.881261946735395031e+04 1.871189077706382209e-01
4.776300000000000182e+03 1.880017340306403639e+04 1.863953315571306169e-01
4.779800000000000182e+03 1.916308925683379493e+04 1.846649020309983624e-01
4.783300000000000182e+03 1.862351926313098375e+04 1.885337188284455789e-01
4.786800000000000182e+03 1.850715636086008089e+04 1.867888210371862756e-01
4.790300000000000182e+03 1.876748355660678135e+04 1.856798391250080726e-01
4.793800000000000182e+03 1.895515774836247874e+04 1.844199444024365031e-01
4.797300000000000182e+03 1.855074698830276611e+04 1.842747958976292677e-01
4.800800000000000182e+03 1.855615331683242403e+04 1.832683714526206209e-01
4.804300000000000182e+03 1.856494393536999996e+04 1.844068931149286661e-01
4.807800000000000182e+03 1.835538762344791030e+04 1.831040208429215443e-01
4.811300000000000182e+03 1.822754441764110015e+04 1.818296615280694806e-01
4.814800000000000182e+03 1.822582434227382691e+04 1.830954002801427338e-01
4.818300000000000182e+03 1.810733257192995370e+04 1.823265496795649643e-01
4.821800000000000182e+03 1.775049433958951704e+04 1.833885327234690832e-01
4.825300000000000182e+03 1.749241694671357618e+04 1.843249455119441993e-01
4.828800000000000182e+03 1.691306698443997448e+04 1.840431720694302720e-01
4.832300000000000182e+03 1.639564008027017189e+04 1.829810155413548467e-01
4.835800000000000182e+03 1.607871424372268302e+04 1.826633826359503887e-01
4.839300000000000182e+03 1.533673020828143672e+04 1.797492133148398674e-01
4.842800000000000182e+03 1.467486482716938553e+04 1.803870203117572124e-01
4.846300000000000182e+03 1.396325500370940244e+04 1.794350945883696202e-01
4.849800000000000182e+03 1.309026702107917845e+04 1.798256982882723842e-01
4.853300000000000182e+03 1.275593526388179816e+04 1.776033879791145131e-01
4.856800000000000182e+03 1.197863952222933403e+04 1.744964522332149159e-01
4.860300000000000182e+03 1.182752521851105848e+04 1.718916486433531010e-01
4.863800000000000182e+03 1.160186767552202946e+04 1.674984569699770054e-01
4.867300000000000182e+03 1.164498856989046726e+04 1.632266910804704430e-01
4.870800000000000182e+03 1.182374794672669304e+04 1.628058325103852177e-01
4.874300000000000182e+03 1.249338846895012102e+04 1.648259116065240171e-01
4.877800000000000182e+03 1.294458707044097173e+04 1.699627656945630894e-01
4.881300000000000182e+03 1.391436818066879277e+04 1.755756452430630443e-01
4.884800000000000182e+03 1.494052801859699321e+04 1.773963292637062150e-01
4.888300000000000182e+03 1.528831341331086151e+04 1.814505844058182937e-01
4.891800000000000182e+03 1.641608930286394752e+04 1.769673251861740293e-01
4.895300000000000182e+03 1.664102587205942109e+04 1.789394602732382322e-01
4.898800000000000182e+03 1.738287345678932252e+04 1.742537179629855826e-01
4.902300000000000182e+03 1.762278558533112664e+04 1.746240808133632250e-01
4.905800000000000182e+03 1.803840172442738549e+04 1.741553211211607499e-01
4.909300000000000182e+03 1.836089278803284105e+04 1.709532734126877340e-01
4.912800000000000182e+03 1.846045561497855670e+04 1.718352346645455053e-01
4.916300000000000182e+03 1.847450747330776358e+04 1.708418417028463865e-01
4.919800000000000182e+03 1.861705568575587677e+04 1.706113112147756294e-01
4.923300000000000182e+03 1.842013188959406762e+04 1.703181961161741864e-01
4.926800000000000182e+03 1.838961804371515973e+04 1.698337384266636885e-01
4.930300000000000182e+03 1.837599440649073586e+04 1.702285313335560601e-01
4.933800000000000182e+03 1.840131983154502450e+04 1.712892474821642863e-01
4.937300000000000182e+03 1.883684499975841027e+04 1.669744197212393866e-01
4.940800000000000182e+03 1.878300916418724955e+04 1.691592924089571903e-01
4.944300000000000182e+03 1.868623715536976670e+04 1.683033896087334780e-01
4.947800000000000182e+03 1.888026884602333303e+04 1.681704254927894049e-01
4.951300000000000182e+03 1.889260749957666485e+04 1.673522876077679911e-01
4.954800000000000182e+03 1.931357110680289406e+04 1.684665060699623018e-01
4.958300000000000182e+03 1.910341927680823574e+04 1.682174884440282847e-01
4.961800000000000182e+03 1.936713972193544396e+04 1.664862193365369558e-01
4.965300000000000182e+03 1.903215399394177439e+04 1.668455674667085331e-01
4.968800000000000182e+03 1.874797534410543085e+04 1.685356261283416923e-01
4.972300000000000182e+03 1.893826185043951409e+04 1.659766883353771538e-01
4.975800000000000182e+03 1.913060849804200552e+04 1.669663927263750069e-01
4.979300000000000182e+03 1.855105472046550130e+04 1.666304048642916202e-01
4.982800000000000182e+03 1.878618054516120174e+04 1.652953967443178684e-01
4.986300000000000182e+03 1.904674159547065210e+04 1.641747644248449933e-01
4.989800000000000182e+03 1.863857705962906402e+04 1.685246888319992253e-01
4.993300000000000182e+03 1.866506764046727767e+04 1.660527948908933349e-01
4.996800000000000182e+03 1.845360377301283006e+04 1.667937500646258508e-01
5.000300000000000182e+03 1.839190291702641844e+04 1.656114552748460533e-01
5.003800000000000182e+03 1.868896032976269998e+04 1.639173772477711399e-01
5.007300000000000182e+03 1.820879495474884607e+04 1.652444659130302695e-01
5.010800000000000182e+03 1.848999320333190190e+04 1.637204360123570290e-01
5.014300000000000182e+03 1.822876388119173498e+04 1.641130406166918243e-01
5.017800000000000182e+03 1.851168221463177906e+04 1.649824136696660948e-01
5.021300000000000182e+03 1.873454105743486434e+04 1.645864891034077848e-01
5.024800000000000182e+03 1.859779877489773571e+04 1.669829306748338016e-01
5.028300000000000182e+03 1.863223769108482520e+04 1.654033132109114790e-01
5.031800000000000182e+03 1.838963729998037525e+04 1.685044144956130696e-01
5.035300000000000182e+03 1.820393258507189239e+04 1.682115250410274876e-01
5.038800000000000182e+03 1.819322489409331320e+04 1.675727552906411677e-01
5.042300000000000182e+03 1.840479932747765633e+04 1.659758514348624869e-01
5.045800000000000182e+03 1.829310508261743962e+04 1.645291400560166817e-01
5.049300000000000182e+03 1.868062080426513421e+04 1.634290678023828103e-01
5.052800000000000182e+03 1.874696785227887449e+04 1.618274177818158632e-01
5.056300000000000182e+03 1.833183854772155246e+04 1.640529638210910524e-01
5.059800000000000182e+03 1.845449542746665247e+04 1.639130654582125479e-01
5.063300000000000182e+03 1.830595360172234359e+04 1.628367138584053131e-01
5.066800000000000182e+03 1.856898158884761506e+04 1.631968058031597890e-01
5.070300000000000182e+03 1.872341939342029582e+04 1.621728434353924830e-01
5.073800000000000182e+03 1.871032527961590677e+04 1.620500658772015823e-01
5.077300000000000182e+03 1.872252473220338652e+04 1.611105881927803463e-01
5.080800000000000182e+03 1.868707601482634709e+04 1.634448698342923223e-01
5.084300000000000182e+03 1.894307305788069061e+04 1.590238381890752561e-01
5.087800000000000182e+03 1.884497865703084972e+04 1.605714618503563118e-01
5.091300000000000182e+03 1.903614500181714175e+04 1.607263330928438427e-01
5.094800000000000182e+03 1.899623626017263086e+04 1.587913014048366322e-01
5.098300000000000182e+03 1.901043756175525414e+04 1.581472322001139796e-01
5.101800000000000182e+03 1.937437959023351141e+04 1.551153805364705873e-01
5.105300000000000182e+03 1.907070647575672047e+04 1.578168270275793483e-01
5.108800000000000182e+03 1.905151048883118347e+04 1.558083873296003119e-01
5.112300000000000182e+03 1.918728805394349911e+04 1.553938629748784495e-01
5.115800000000000182e+03 1.909555779262969372e+04 1.560122183650427818e-01
5.119300000000000182e+03 1.921908041247992514e+04 1.541039443679020349e-01
5.122800000000000182e+03 1.896952322198593902e+04 1.561324737234406623e-01
5.126300000000000182e+03 1.885120196084503186e+04 1.558186739868191450e-01
5.129800000000000182e+03 1.886995861801062347e+04 1.565728111615716511e-01
5.133300000000000182e+03 1.884694519938067242e+04 1.535069850551402659e-01
5.136800000000000182e+03 1.891819241744023020e+04 1.535771981479882031e-01
5.140300000000000182e+03 1.901160325497148733e+04 1.531892464439622570e-01
5.143800000000000182e+03 1.872187791675097469e+04 1.535222412267207293e-01
5.147300000000000182e+03 1.871826001045578960e+04 1.537599926537513984e-01
5.150800000000000182e+03 1.871971698159493099e+04 1.540615356012348947e-01
5.154300000000000182e+03 1.884586072142205740e+04 1.526777684303437521e-01
5.157800000000000182e+03 1.860360236823651576e+04 1.529191295827103392e-01
5.161300000000000182e+03 1.844734564924781807e+04 1.540532370998462242e-01
5.164800000000000182e+03 1.835884766570205102e+04 1.535021588597340614e-01
5.168300000000000182e+03 1.846681539148351294e+04 1.508698092923157208e-01
5.171800000000000182e+03 1.846302215835727475e+04 1.524936645615075081e-01
5.175300000000000182e+03 1.855905811573478059e+04 1.498437917798723651e-01
5.178800000000000182e+03 1.848406133462642538e+04 1.509549109340228012e-01
5.182300000000000182e+03 1.832436289336610935e+04 1.504665365926700638e-01
5.185800000000000182e+03 1.848612146981317710e+04 1.486740444505235403e-01
5.189300000000000182e+03 1.821804535028725149e+04 1.529369783519134718e-01
5.192800000000000182e+03 1.833669498504838703e+04 1.509969110272681714e-01
5.196300000000000182e+03 1.846696111360856230e+04 1.524425735747641231e-01
5.199800000000000182e+03 1.845833988964925084e+04 1.511304570087128041e-01
5.203300000000000182e+03 1.847545865124887132e+04 1.522909372985580545e-01
5.206800000000000182e+03 1.826370256373019220e+04 1.521961059068213939e-01
5.210300000000000182e+03 1.837964417968673661e+04 1.509720246203599403e-01
5.213800000000000182e+03 1.807136280536932099e+04 1.520430882079560619e-01
5.217300000000000182e+03 1.833660407681711513e+04 1.521668770173482121e-01
5.220800000000000182e+03 1.854864265712545966e+04 1.499775980818993382e-01
5.224300000000000182e+03 1.821780833363160855e+04 1.505994509606045917e-01
5.227800000000000182e+03 1.838074384076746355e+04 1.510790042309960723e-01
5.231300000000000182e+03 1.838686747726063913e+04 1.491410883678292720e-01
5.234800000000000182e+03 1.838760087487207056e+04 1.525987160323714897e-01
5.238300000000000182e+03 1.848904840868726023e+04 1.508173710048603677e-01
5.241800000000000182e+03 1.840834712197731642e+04 1.513155868482987942e-01
5.245300000000000182e+03 1.839087072139156589e+04 1.514775882608828117e-01
5.248800000000000182e+03 1.832267490400224051e+04 1.521262909197229340e-01
5.252300000000000182e+03 1.831325862904360110e+04 1.510040338516654979e-01
5.255800000000000182e+03 1.852908980801540383e+04 1.507588114774646992e-01
5.259300000000000182e+03 1.807887346438971144e+04 1.497448875663363321e-01
5.262800000000000182e+03 1.796961250872267556e+04 1.499322848213164305e-01
5.266300000000000182e+03 1.815416417870826990e+04 1.471637817190851738e-01
5.269800000000000182e+03 1.809266145981933005e+04 1.481223662645549666e-01
5.273300000000000182e+03 1.798096088196766505e+04 1.492858562757585772e-01
5.276800000000000182e+03 1.794065145865948580e+04 1.498182655824213394e-01
5.280300000000000182e+03 1.815973599940457643e+04 1.487299824972726503e-01
5.283800000000000182e+03 1.790740528262581938e+04 1.509191599143234752e-01
5.287300000000000182e+03 1.825796765036535726e+04 1.497047343698598987e-01
5.290800000000000182e+03 1.849202104763560419e+04 1.494366257140622711e-01
5.294300000000000182e+03 1.822243936101751387e+04 1.498860985735078200e-01
5.297800000000000182e+03 1.820215665193845052e+04 1.489445773846629351e-01
5.301300000000000182e+03 1.841135399669636536e+04 1.489259868064019277e-01
5.304800000000000182e+03 1.813648243741447732e+04 1.489354690281576576e-01
5.308300000000000182e+03 1.773196052029998827e+04 1.495689152754177409e-01
5.311800000000000182e+03 1.805151075860997298e+04 1.494266819435212112e-01
5.315300000000000182e+03 1.814560817063099967e+04 1.480702812483273567e-01
5.318800000000000182e+03 1.794754354404119658e+04 1.463427959884462670e-01
5.322300000000000182e+03 1.752262366294311869e+04 1.513700684077930458e-01
5.325800000000000182e+03 1.804656869818047926e+04 1.469333410395425588e-01
5.329300000000000182e+03 1.763550237541294337e+04 1.472226401065105383e-01
5.332800000000000182e+03 1.785409263720352828e+04 1.473626549751717030e-01
5.336300000000000182e+03 1.785618215635439992e+04 1.462697056069152401e-01
5.339800000000000182e+03 1.806070152540573690e+04 1.461702524266026704e-01
5.343300000000000182e+03 1.803997967799081016e+04 1.467530859440089042e-01
5.346800000000000182e+03 1.798271811435153722e+04 1.475111670195704272e-01
5.350300000000000182e+03 1.829763564946406404e+04 1.450339327941094214e-01
5.353800000000000182e+03 1.797018084288975660e+04 1.456244678653089153e-01
5.357300000000000182e+03 1.818563750137345050e+04 1.470662348071408998e-01
5.360800000000000182e+03 1.774480987772540539e+04 1.475881700081587145e-01
5.364300000000000182e+03 1.800660529455812139e+04 1.457649164486788107e-01
5.367800000000000182e+03 1.769784193966268140e+04 1.463409961295058792e-01
5.371300000000000182e+03 1.786640633572684237e+04 1.471567740351547859e-01
5.374800000000000182e+03 1.778601857392089005e+04 1.460984467691101019e-01
5.378300000000000182e+03 1.779948116666517308e+04 1.450718152893942792e-01
5.381800000000000182e+03 1.771932808963832940e+04 1.456513613775697047e-01
5.385300000000000182e+03 1.758723840479456339e+04 1.446840092083456208e-01
5.388800000000000182e+03 1.778401028324335130e+04 1.455266308488255833e-01
5.392300000000000182e+03 1.777195081423676311e+04 1.438940203811989726e-01
5.395800000000000182e+03 1.769466338004244972e+04 1.454674073974309978e-01
5.399300000000000182e+03 1.787040009321994876e+04 1.434357092945661161e-01
5.402800000000000182e+03 1.758050129754656518e+04 1.434347421178283066e-01
5.406300000000000182e+03 1.739571036344069580e+04 1.473575001083168301e-01
5.409800000000000182e+03 1.737687577939363109e+04 1.455288168494361656e-01
5.413300000000000182e+03 1.776236445962115613e+04 1.441423532566201704e-01
5.416800000000000182e+03 1.764733126725424881e+04 1.448349289587348154e-01
5.420300000000000182e+03 1.732456451485753132e+04 1.459384096417192245e-01
5.423800000000000182e+03 1.754861831492437705e+04 1.453761544942377970e-01
5.427300000000000182e+03 1.750071068000150626e+04 1.470658494913838210e-01
5.430800000000000182e+03 1.739034708938569747e+04 1.466920436949769313e-01
5.434300000000000182e+03 1.719018339845749506e+04 1.438292836046889123e-01
5.437800000000000182e+03 1.741877607814655858e+04 1.459278084624040239e-01
5.441300000000000182e+03 1.750751876548508881e+04 1.444890171750277119e-01
5.444800000000000182e+03 1.771120688867608624e+04 1.429708004408016264e-01
5.448300000000000182e+03 1.751250383164708182e+04 1.461291288393356813e-01
5.451800000000000182e+03 1.747655237161707555e+04 1.434071400118647754e-01
5.455300000000000182e+03 1.734570136371611807e+04 1.447225516118685051e-01
5.458800000000000182e+03 1.751985024445230738e+04 1.427992132770966316e-01
5.462300000000000182e+03 1.745898902075003571e+04 1.436759403830580595e-01
5.465800000000000182e+03 1.696798510490562694e+04 1.430228397736243995e-01
5.469300000000000182e+03 1.732608867317132535e+04 1.420145881626784512e-01
5.472800000000000182e+03 1.741837389955458639e+04 1.415459231677668461e-01
5.476300000000000182e+03 1.728244968337574755e+04 1.428815981671807678e-01
5.479800000000000182e+03 1.749941827084279430e+04 1.428146183431201754e-01
5.483300000000000182e+03 1.717381319672142854e+04 1.438847187712382347e-01
5.486800000000000182e+03 1.758381376836286290e+04 1.415245078731735551e-01
5.490300000000000182e+03 1.752739566215193190e+04 1.418647657510598570e-01
5.493800000000000182e+03 1.759832404692551791e+04 1.409037046258226900e-01
5.497300000000000182e+03 1.766327682751205066e+04 1.413449126959632762e-01
5.500800000000000182e+03 1.750162512462880113e+04 1.430386232137378366e-01
5.504300000000000182e+03 1.735101870089769727e+04 1.407896565006701850e-01
5.507800000000000182e+03 1.715816995382549430e+04 1.417665357262156145e-01
5.511300000000000182e+03 1.744292752741885488e+04 1.399786805764066389e-01
5.514800000000000182e+03 1.724299817125900881e+04 1.412305499487649940e-01
5.518300000000000182e+03 1.752846241808849300e+04 1.379944082319791709e-01
5.521800000000000182e+03 1.730851937558241843e+04 1.406768774567485891e-01
5.525300000000000182e+03 1.725389495507598986e+04 1.401142305824029377e-01
5.528800000000000182e+03 1.703006716191763553e+04 1.406945775376111651e-01
5.532300000000000182e+03 1.717243505226338675e+04 1.413421472505724807e-01
5.535800000000000182e+03 1.705834259566327819e+04 1.405155345322010862e-01
5.539300000000000182e+03 1.718359430672686358e+04 1.381249742920337142e-01
5.542800000000000182e+03 1.709767186581352144e+04 1.397481808247991175e-01
5.546300000000000182e+03 1.714418376891221851e+04 1.401827324836637245e-01
5.549800000000000182e+03 1.716458440423641514e+04 1.391068220578496883e-01
5.553300000000000182e+03 1.691957666837002398e+04 1.389333399824677628e-01
5.556800000000000182e+03 1.704370912859542295e+04 1.408125635827296163e-01
5.560300000000000182e+03 1.684796515143621582e+04 1.385007940241800295e-01
5.563800000000000182e+03 1.706431905228840697e+04 1.387718178485770892e-01
5.567300000000000182e+03 1.652335810944500554e+04 1.393254133748911827e-01
5.570800000000000182e+03 1.697299434620352986e+04 1.385869934262676795e-01
5.574300000000000182e+03 1.668250225450747894e+04 1.383433766319564495e-01
5.577800000000000182e+03 1.683722980575305337e+04 1.388203772185923335e-01
5.581300000000000182e+03 1.682237359860642391e+04 1.384701878681834641e-01
5.584800000000000182e+03 1.666703783121146262e+04 1.398131271745761961e-01
5.588300000000000182e+03 1.660231764411699987e+04 1.400815032071933697e-01
5.591800000000000182e+03 1.647198682915732570e+04 1.398263151783244174e-01
5.595300000000000182e+03 1.667921138205290117e+04 1.417359851739835586e-01
5.598800000000000182e+03 1.641720728646781936e+04 1.412559709998323088e-01
5.602300000000000182e+03 1.656276211256486204e+04 1.411956059047919099e-01
5.605800000000000182e+03 1.624864358111667752e+04 1.427747933115085244e-01
5.609300000000000182e+03 1.654528104255814105e+04 1.382794433821600832e-01
5.612800000000000182e+03 1.662012597803919562e+04 1.385857828456312502e-01
5.616300000000000182e+03 1.653039782846657181e+04 1.396928845925079210e-01
5.619800000000000182e+03 1.642042026344367696e+04 1.411310758298007229e-01
5.623300000000000182e+03 1.659101183725540614e+04 1.389725597405396251e-01
5.626800000000000182e+03 1.674305560106343182e+04 1.389103327083853479e-01
5.630300000000000182e+03 1.616794710639494042e+04 1.420677167556234632e-01
5.633800000000000182e+03 1.648128270966732816e+04 1.389934329566735460e-01
5.637300000000000182e+03 1.654690152054554710e+04 1.405347810628854721e-01
5.640800000000000182e+03 1.671284223127868972e+04 1.383838016700550400e-01
5.644300000000000182e+03 1.636699900766539577e+04 1.400666167616809177e-01
5.647800000000000182e+03 1.650074851427991962e+04 1.380235497462563299e-01
5.651300000000000182e+03 1.639945347892993232e+04 1.395443027312738282e-01
5.654800000000000182e+03 1.632897432534394829e+04 1.391593501277906264e-01
5.658300000000000182e+03 1.611569757863251834e+04 1.395399722354557226e-01
5.661800000000000182e+03 1.610606017716354108e+04 1.422249152884473844e-01
5.665300000000000182e+03 1.618107927323438707e+04 1.411108755624515543e-01
5.668800000000000182e+03 1.623669319981510307e+04 1.399698447949134505e-01
5.672300000000000182e+03 1.575829634027075736e+04 1.440778828798798261e-01
5.675800000000000182e+03 1.585894604694799091e+04 1.430309231967776817e-01
5.679300000000000182e+03 1.579704846352467030e+04 1.416136717815799639e-01
5.682800000000000182e+03 1.574896840736032027e+04 1.404311779185672959e-01
5.686300000000000182e+03 1.585308345538668254e+04 1.430359827285257734e-01
5.689800000000000182e+03 1.589084002675742340e+04 1.430348870778971881e-01
5.693300000000000182e+03 1.591461358451055457e+04 1.412034052987347632e-01
5.696800000000000182e+03 1.585755246396484836e+04 1.443832270008980623e-01
5.700300000000000182e+03 1.597394942061806432e+04 1.403683296210021525e-01
5.703800000000000182e+03 1.582977984325781836e+04 1.408169711892860720e-01
5.707300000000000182e+03 1.580999718969998685e+04 1.402489144154411560e-01
5.710800000000000182e+03 1.571062975367351100e+04 1.405835232369449239e-01
5.714300000000000182e+03 1.575087941660208526e+04 1.404148757740816544e-01
5.717800000000000182e+03 1.595344624192280935e+04 1.396494181835767623e-01
5.721300000000000182e+03 1.551093952049293148e+04 1.433586710498669370e-01
5.724800000000000182e+03 1.588953520251589907e+04 1.401580952710931305e-01
5.728300000000000182e+03 1.569746650804243654e+04 1.407830914133729183e-01
5.731800000000000182e+03 1.571959677999613268e+04 1.391128333644230664e-01
5.735300000000000182e+03 1.598260548257666414e+04 1.387340159105641679e-01
5.738800000000000182e+03 1.569837784286828901e+04 1.399780537412488313e-01
5.742300000000000182e+03 1.581756423768089371e+04 1.385468628545109548e-01
5.745800000000000182e+03 1.581920277413658732e+04 1.402605303919515489e-01
5.749300000000000182e+03 1.591405504271821337e+04 1.369321517642218267e-01
5.752800000000000182e+03 1.577159218675939883e+04 1.381274871435954898e-01
5.756300000000000182e+03 1.577859503858129756e+04 1.372925463998901641e-01
5.759800000000000182e+03 1.570206555902671789e+04 1.387661730246433911e-01
5.763300000000000182e+03 1.598157200798757185e+04 1.364269031219924322e-01
5.766800000000000182e+03 1.606911971809319220e+04 1.346266960002772684e-01
5.770300000000000182e+03 1.559624579781585999e+04 1.379379423799995119e-01
5.773800000000000182e+03 1.583421299613665178e+04 1.364526714475186309e-01
5.777300000000000182e+03 1.574449323736075348e+04 1.359548949579570953e-01
5.780800000000000182e+03 1.574163516523698672e+04 1.352801681086353291e-01
5.784300000000000182e+03 1.596032107514357995e+04 1.333676966532968133e-01
5.787800000000000182e+03 1.589564894218481822e+04 1.348376860341689853e-01
5.791300000000000182e+03 1.605580633433503499e+04 1.326978744873011651e-01
5.794800000000000182e+03 1.567679598452181199e+04 1.342553776730510684e-01
5.798300000000000182e+03 1.577957956474341518e+04 1.320489894806853581e-01
5.801800000000000182e+03 1.560727101142004358e+04 1.348271306551544479e-01
5.805300000000000182e+03 1.574755309590634351e+04 1.329911606199861984e-01
5.808800000000000182e+03 1.594883791803626445e+04 1.323592914133804865e-01
5.812300000000000182e+03 1.588800060863991166e+04 1.329248808958356509e-01
5.815800000000000182e+03 1.619351582893692103e+04 1.304670911856264937e-01
5.819300000000000182e+03 1.581447391574833273e+04 1.315793278723458859e-01
5.822800000000000182e+03 1.575343403312151167e+04 1.313587678062164421e-01
5.826300000000000182e+03 1.574641528149540318e+04 1.332929995151568014e-01
5.829800000000000182e+03 1.570220715208324145e+04 1.320578129358817576e-01
5.833300000000000182e+03 1.563982666152148704e+04 1.318491478273932649e-01
5.836800000000000182e+03 1.543526091868594449e+04 1.319985970041357703e-01
5.840300000000000182e+03 1.583657608677764620e+04 1.286776439606197031e-01
5.843800000000000182e+03 1.543701285774659300e+04 1.321505854706597760e-01
5.847300000000000182e+03 1.575994670902778671e+04 1.278564453552390456e-01
5.850800000000000182e+03 1.546251928762071839e+04 1.317782093391053899e-01
5.854300000000000182e+03 1.552515533257976858e+04 1.314932360643330800e-01
5.857800000000000182e+03 1.542734298794142160e+04 1.294447815579384264e-01
5.861300000000000182e+03 1.546200806267436019e+04 1.309344741039887294e-01
5.864800000000000182e+03 1.531177943056929143e+04 1.313901512274613659e-01
5.868300000000000182e+03 1.521930878598342861e+04 1.302178011519850576e-01
5.871800000000000182e+03 1.504611202834648975e+04 1.319921425729523312e-01
5.875300000000000182e+03 1.471560705243617667e+04 1.345790987911084924e-01
5.878800000000000182e+03 1.462465926284277884e+04 1.363188305982654391e-01
5.882300000000000182e+03 1.408113198969611221e+04 1.418224483477243392e-01
5.885800000000000182e+03 1.398118663592178746e+04 1.422066700357547675e-01
5.889300000000000182e+03 1.383995114509227824e+04 1.453021251632510835e-01
5.892800000000000182e+03 1.361613982035465961e+04 1.454529153386949769e-01
5.896300000000000182e+03 1.376231185591779649e+04 1.462556705520688949e-01
5.899800000000000182e+03 1.370161834533736874e+04 1.443730095697698113e-01
5.903300000000000182e+03 1.371668104061226040e+04 1.439846010429794709e-01
5.906800000000000182e+03 1.378034647460087035e+04 1.443398703259698157e-01
5.910300000000000182e+03 1.367538414231382740e+04 1.431324495364582894e-01
5.913800000000000182e+03 1.364905875140018361e+04 1.448825680925183434e-01
5.917300000000000182e+03 1.386236759902954145e+04 1.447252133059420964e-01
5.920800000000000182e+03 1.355916825970054015e+04 1.426784108347129154e-01
5.924300000000000182e+03 1.361422985773504661e+04 1.444070197825909063e-01
5.927800000000000182e+03 1.352166963734048659e+04 1.409840314962554630e-01
5.931300000000000182e+03 1.366765571551785615e+04 1.406868076469782181e-01
5.934800000000000182e+03 1.363892839275240294e+04 1.417181847589464860e-01
5.938300000000000182e+03 1.351561376466920228e+04 1.407378213769019948e-01
5.941800000000000182e+03 1.344332046201793673e+04 1.409376040941587305e-01
5.945300000000000182e+03 1.319845182556694635e+04 1.436788993401245940e-01
5.948800000000000182e+03 1.345005484548044660e+04 1.428079904721924753e-01
5.952300000000000182e+03 1.327463720978038327e+04 1.419998903008536373e-01
5.955800000000000182e+03 1.339196551933095543e+04 1.394449170430885621e-01
5.959300000000000182e+03 1.343041845032845595e+04 1.385297523027273492e-01
5.962800000000000182e+03 1.355532567564760029e+04 1.361071927231410073e-01
5.966300000000000182e+03 1.335430788017005943e+04 1.382598813523587822e-01
5.969800000000000182e+03 1.349536485284933951e+04 1.375892321116915507e-01
5.973300000000000182e+03 1.349973234070031140e+04 1.343741581886905290e-01
5.976800000000000182e+03 1.326318918105352714e+04 1.341145047362373444e-01
5.980300000000000182e+03 1.324332150904845003e+04 1.349397177024917460e-01
5.983800000000000182e+03 1.326416114118015503e+04 1.345718959655318181e-01
5.987300000000000182e+03 1.317982463542436744e+04 1.334549127232451948e-01
5.990800000000000182e+03 1.301162200383209711e+04 1.349704031692178230e-01
5.994300000000000182e+03 1.315782453403551517e+04 1.324026689468042473e-01
5.997800000000000182e+03 1.313842632323583166e+04 1.309446033654260155e-01
