# wavelength angstroms, flux, ext coeff
5.551500000000000000e+03 9.275024881955238016e+03 1.532198033607451160e-01
5.558500000000000000e+03 9.845105026461875241e+03 1.480420836144223096e-01
5.565500000000000000e+03 1.013269268245422427e+04 1.416963448291848893e-01
5.572500000000000000e+03 1.032122121682741454e+04 1.386019876166378062e-01
5.579500000000000000e+03 1.021005068104198290e+04 1.400217396915829082e-01
5.586500000000000000e+03 1.029894931863612146e+04 1.400350916958855441e-01
5.593500000000000000e+03 1.049902453974195123e+04 1.381027109547866005e-01
5.600500000000000000e+03 1.067429235798956688e+04 1.401330214695896415e-01
5.607500000000000000e+03 1.068720901566720931e+04 1.391464409868031493e-01
5.614500000000000000e+03 1.074998161998655269e+04 1.374957590497689619e-01
5.621500000000000000e+03 1.064696981611818774e+04 1.414627977689497107e-01
5.628500000000000000e+03 1.093339610985999025e+04 1.375387705339375377e-01
5.635500000000000000e+03 1.059719298301489835e+04 1.415244550950354452e-01
5.642500000000000000e+03 1.074543729941710626e+04 1.417114325269351049e-01
5.649500000000000000e+03 1.111961983351021627e+04 1.392683344130036249e-01
5.656500000000000000e+03 1.094021058033891495e+04 1.387176536519611481e-01
5.663500000000000000e+03 1.110821806394458508e+04 1.380968068160398354e-01
5.670500000000000000e+03 1.087206927708538387e+04 1.402770183298816531e-01
5.677500000000000000e+03 1.097541183648244260e+04 1.429208478764502632e-01
5.684500000000000000e+03 1.082478679211574490e+04 1.427616855539599050e-01
5.691500000000000000e+03 1.106901147772364129e+04 1.413714575962615738e-01
5.698500000000000000e+03 1.101566977134560875e+04 1.417570589473068909e-01
5.705500000000000000e+03 1.112296261184921423e+04 1.392529466344176459e-01
5.712500000000000000e+03 1.117342019290959433e+04 1.388223207008557059e-01
5.719500000000000000e+03 1.119467448570640954e+04 1.409217279111441290e-01
5.726500000000000000e+03 1.134888762711603704e+04 1.413370386675714130e-01
5.733500000000000000e+03 1.133171000674622337e+04 1.404904898971604255e-01
5.740500000000000000e+03 1.158036372002823919e+04 1.397960735202485316e-01
5.747500000000000000e+03 1.171698652907203177e+04 1.384278047088028096e-01
5.754500000000000000e+03 1.149786602817517814e+04 1.395582488123712217e-01
5.761500000000000000e+03 1.173667446329683116e+04 1.370151208234717810e-01
5.768500000000000000e+03 1.159492204613399917e+04 1.363968258332286243e-01
5.775500000000000000e+03 1.173359161301740278e+04 1.368384507751864154e-01
5.782500000000000000e+03 1.189155316225168281e+04 1.349695726508504667e-01
5.789500000000000000e+03 1.178550195322308900e+04 1.342630226715234854e-01
5.796500000000000000e+03 1.197691710926947599e+04 1.339014190596701515e-01
5.803500000000000000e+03 1.190848451593590653e+04 1.335502634617544426e-01
5.810500000000000000e+03 1.221490869768328048e+04 1.318223524004117353e-01
5.817500000000000000e+03 1.202022958480522902e+04 1.333945860772893510e-01
5.824500000000000000e+03 1.234008526190357952e+04 1.317070847479144546e-01
5.831500000000000000e+03 1.211063313070886943e+04 1.306217652503754156e-01
5.838500000000000000e+03 1.239745264919378496e+04 1.307945350443927568e-01
5.845500000000000000e+03 1.230160150896752566e+04 1.301365525176956806e-01
5.852500000000000000e+03 1.233307531621107046e+04 1.288182700139592629e-01
5.859500000000000000e+03 1.214648245035228683e+04 1.317380966502592343e-01
5.866500000000000000e+03 1.197052967089045887e+04 1.310134266868735187e-01
5.873500000000000000e+03 1.142923971618457108e+04 1.364347148467901782e-01
5.880500000000000000e+03 1.152107908157956263e+04 1.379212750112898400e-01
5.887500000000000000e+03 1.143322925323261916e+04 1.407601178200493797e-01
5.894500000000000000e+03 1.137914645387381279e+04 1.428383178190530123e-01
5.901500000000000000e+03 1.114572444529047971e+04 1.447369116190896643e-01
5.908500000000000000e+03 1.146142953488485909e+04 1.451749638323065195e-01
5.915500000000000000e+03 1.133797415299140266e+04 1.436406864985156906e-01
5.922500000000000000e+03 1.121842264827102917e+04 1.441146823843335867e-01
5.929500000000000000e+03 1.156608048609678735e+04 1.423815321371706411e-01
5.936500000000000000e+03 1.124105835113894500e+04 1.442019008247067968e-01
5.943500000000000000e+03 1.148921984771130519e+04 1.400653386852399318e-01
5.950500000000000000e+03 1.149731252617160317e+04 1.410565377957750388e-01
5.957500000000000000e+03 1.145865397131273312e+04 1.408456119708204335e-01
5.964500000000000000e+03 1.156777738542821680e+04 1.384839655418179383e-01
5.971500000000000000e+03 1.171523892806408730e+04 1.376109844455778164e-01
5.978500000000000000e+03 1.194777049660695775e+04 1.334965925866659908e-01
5.985500000000000000e+03 1.176444707922336966e+04 1.333436897187716963e-01
5.992500000000000000e+03 1.200640690462782004e+04 1.325362738131327656e-01
5.999500000000000000e+03 1.191659788771576859e+04 1.306415992982771224e-01
6.006500000000000000e+03 1.197721204046996172e+04 1.289123390480226006e-01
6.013500000000000000e+03 1.225618194000273979e+04 1.280404310035372362e-01
6.020500000000000000e+03 1.212719982177806014e+04 1.279191056818684002e-01
6.027500000000000000e+03 1.241193201336984384e+04 1.273433533436637566e-01
6.034500000000000000e+03 1.201489392602372027e+04 1.269638394044362295e-01
6.041500000000000000e+03 1.237208752757436923e+04 1.259153338433396108e-01
6.048500000000000000e+03 1.237167823225006032e+04 1.263789229022375116e-01
6.055500000000000000e+03 1.232988342652272149e+04 1.247697791187789423e-01
6.062500000000000000e+03 1.206810735623467554e+04 1.263737816533483660e-01
6.069500000000000000e+03 1.234143149601484947e+04 1.242012863727610938e-01
6.076500000000000000e+03 1.217783726458755336e+04 1.224844315771583952e-01
6.083500000000000000e+03 1.239411400236647933e+04 1.212306111972037831e-01
6.090500000000000000e+03 1.246586445633928997e+04 1.193929139707153725e-01
6.097500000000000000e+03 1.221678447936230623e+04 1.201474367983325908e-01
6.104500000000000000e+03 1.231967390080277619e+04 1.199254342805782525e-01
6.111500000000000000e+03 1.266740505546051645e+04 1.179078356382379372e-01
6.118500000000000000e+03 1.253672981220455949e+04 1.187621705301225433e-01
6.125500000000000000e+03 1.272936933085099008e+04 1.182924055446098466e-01
6.132500000000000000e+03 1.280329486596801689e+04 1.154439467239980338e-01
6.139500000000000000e+03 1.268587259259640086e+04 1.146981521588812114e-01
6.146500000000000000e+03 1.278352036621403931e+04 1.135226481992888253e-01
6.153500000000000000e+03 1.254693556557623378e+04 1.137607025391054183e-01
6.160500000000000000e+03 1.252173612752650479e+04 1.125169530773647703e-01
6.167500000000000000e+03 1.267530197198576207e+04 1.128988470781887438e-01
6.174500000000000000e+03 1.306028764666479583e+04 1.100866276620843381e-01
6.181500000000000000e+03 1.314599251563128382e+04 1.090882136447393902e-01
6.188500000000000000e+03 1.239206245141490035e+04 1.100617112119885721e-01
6.195500000000000000e+03 1.292370805307896444e+04 1.087116737859238486e-01
6.202500000000000000e+03 1.261763973780423294e+04 1.107883333611521387e-01
6.209500000000000000e+03 1.298166949002397814e+04 1.066571709431761578e-01
6.216500000000000000e+03 1.304687644476489368e+04 1.067830525327523594e-01
6.223500000000000000e+03 1.258404312745152311e+04 1.083766773224707491e-01
6.230500000000000000e+03 1.267560338690034405e+04 1.063821201942410921e-01
6.237500000000000000e+03 1.276788758425577362e+04 1.043309960692297145e-01
6.244500000000000000e+03 1.321615567903589545e+04 1.018112169401550471e-01
6.251500000000000000e+03 1.277982130158521250e+04 1.035913177420673265e-01
6.258500000000000000e+03 1.261891770264505249e+04 1.083256989011136123e-01
6.265500000000000000e+03 1.241507362613390433e+04 1.098836143758729345e-01
6.272500000000000000e+03 1.224945237584362803e+04 1.121023364154342672e-01
6.279500000000000000e+03 1.211572620156496851e+04 1.110915137689450355e-01
6.286500000000000000e+03 1.197127283516635725e+04 1.135157091071188618e-01
6.293500000000000000e+03 1.225468824589680844e+04 1.108499545687931243e-01
6.300500000000000000e+03 1.231114711390398770e+04 1.079284663523333576e-01
6.307500000000000000e+03 1.249233405273266908e+04 1.050699096524398413e-01
6.314500000000000000e+03 1.292574318581002990e+04 1.033269033841050233e-01
6.321500000000000000e+03 1.274514799891722760e+04 1.020545024004465423e-01
6.328500000000000000e+03 1.283310931627796526e+04 1.016639055542091913e-01
6.335500000000000000e+03 1.271966502297700208e+04 1.003020227879189846e-01
6.342500000000000000e+03 1.306560971431993494e+04 9.715882126324237866e-02
6.349500000000000000e+03 1.298874360770910425e+04 9.604638812077759269e-02
6.356500000000000000e+03 1.297180362083926775e+04 9.599762660412705650e-02
6.363500000000000000e+03 1.312934214330217765e+04 9.483252459218668995e-02
6.370500000000000000e+03 1.311884168181174573e+04 9.324050476411688271e-02
6.377500000000000000e+03 1.331575166252221243e+04 9.470235195528298178e-02
6.384500000000000000e+03 1.301714741602180584e+04 9.532635219152889305e-02
6.391500000000000000e+03 1.312123504613151999e+04 9.176404781077089623e-02
6.398500000000000000e+03 1.327777998472556101e+04 9.213467377141008885e-02
6.405500000000000000e+03 1.307717290023888927e+04 9.137474427722394599e-02
6.412500000000000000e+03 1.319242445883566324e+04 9.021390137777637874e-02
6.419500000000000000e+03 1.310383166174885628e+04 9.227746635438321965e-02
6.426500000000000000e+03 1.326667948598678413e+04 9.098875702491567019e-02
6.433500000000000000e+03 1.298982392746000369e+04 9.127395752781053417e-02
6.440500000000000000e+03 1.326009250453594177e+04 8.960969897172323118e-02
6.447500000000000000e+03 1.357857087154157853e+04 8.907057798361052436e-02
6.454500000000000000e+03 1.290692549568781942e+04 9.410684280055824080e-02
6.461500000000000000e+03 1.319252414479566141e+04 9.322640704932613764e-02
6.468500000000000000e+03 1.258086912375010252e+04 9.695983030740784603e-02
6.475500000000000000e+03 1.279165027241871212e+04 9.665881983742181938e-02
6.482500000000000000e+03 1.252348549706242193e+04 9.830146497631570002e-02
6.489500000000000000e+03 1.241904901557869016e+04 9.744618474179221612e-02
6.496500000000000000e+03 1.288423893850011336e+04 9.304116448738780631e-02
6.503500000000000000e+03 1.254182345766440085e+04 9.606743684765632618e-02
6.510500000000000000e+03 1.283486984057313748e+04 9.427352991278512007e-02
6.517500000000000000e+03 1.270148569142275301e+04 9.448813080986223634e-02
6.524500000000000000e+03 1.232282956866433778e+04 9.676763877491355303e-02
6.531500000000000000e+03 1.239378145248004876e+04 9.555755763565988714e-02
6.538500000000000000e+03 1.236274621203001334e+04 9.331749286767307416e-02
6.545500000000000000e+03 1.195951653195986000e+04 9.196220663366161396e-02
6.552500000000000000e+03 1.218035115159809902e+04 8.609732838193108473e-02
6.559500000000000000e+03 1.226763300700455329e+04 7.275751272340383324e-02
6.566500000000000000e+03 1.202272526837140504e+04 6.409496777772284715e-02
6.573500000000000000e+03 1.211206873159397583e+04 6.723671644463630193e-02
6.580500000000000000e+03 1.236028662413718121e+04 7.520191319476622616e-02
6.587500000000000000e+03 1.227471783561913799e+04 8.789654448791604791e-02
6.594500000000000000e+03 1.239521130481181171e+04 8.842519304060507401e-02
6.601500000000000000e+03 1.277008257695346583e+04 8.686731511284428997e-02
6.608500000000000000e+03 1.310696939559223210e+04 8.257933002600684191e-02
6.615500000000000000e+03 1.322644540480662909e+04 7.988095585348206629e-02
6.622500000000000000e+03 1.327396383502176286e+04 7.719172848345073890e-02
6.629500000000000000e+03 1.346863725121075367e+04 7.515291962471155884e-02
6.636500000000000000e+03 1.365376742252495751e+04 7.699509910809476665e-02
6.643500000000000000e+03 1.334605705085349473e+04 7.694505444401428251e-02
6.650500000000000000e+03 1.342845443223672191e+04 7.428905909871479085e-02
6.657500000000000000e+03 1.328165264669124736e+04 7.486256814799738257e-02
6.664500000000000000e+03 1.340940415127633969e+04 7.371581242007071988e-02
6.671500000000000000e+03 1.329294615997295841e+04 7.360299482888559008e-02
6.678500000000000000e+03 1.305821822140463519e+04 7.279608604984939835e-02
6.685500000000000000e+03 1.333697663079094491e+04 7.248398961678458041e-02
6.692500000000000000e+03 1.321742899121975643e+04 7.281113217173307284e-02
6.699500000000000000e+03 1.338940717062378280e+04 7.155494001278010774e-02
6.706500000000000000e+03 1.327013856754482731e+04 7.096650286548983333e-02
6.713500000000000000e+03 1.311531142642999112e+04 7.329900881342046870e-02
6.720500000000000000e+03 1.348820551157812588e+04 6.976249749438881431e-02
6.727500000000000000e+03 1.333027212586624955e+04 7.184748910924053378e-02
6.734500000000000000e+03 1.335614060666690239e+04 6.982545370924020389e-02
6.741500000000000000e+03 1.333378178857874082e+04 6.987804144899648073e-02
6.748500000000000000e+03 1.321369445137440380e+04 6.900744199323839700e-02
6.755500000000000000e+03 1.336376253171185272e+04 6.779717403325358216e-02
6.762500000000000000e+03 1.337998790310850200e+04 6.958715706795889910e-02
6.769500000000000000e+03 1.324687918063155121e+04 6.989618168230392337e-02
6.776500000000000000e+03 1.311551645430889766e+04 6.847342931413352707e-02
6.783500000000000000e+03 1.324165447622407373e+04 6.859328910152771852e-02
6.790500000000000000e+03 1.311587277649893440e+04 6.567625217065514720e-02
6.797500000000000000e+03 1.336077864553207110e+04 6.710952752016037526e-02
6.804500000000000000e+03 1.327703641044059077e+04 6.686921996531894341e-02
6.811500000000000000e+03 1.322111975674750283e+04 6.605037004858523020e-02
6.818500000000000000e+03 1.295704852650577232e+04 6.617070840895400430e-02
6.825500000000000000e+03 1.307317372633144987e+04 6.584286748287701552e-02
6.832500000000000000e+03 1.317715440279604081e+04 6.536407061585965128e-02
6.839500000000000000e+03 1.289761276852467927e+04 6.816693637596035749e-02
6.846500000000000000e+03 1.236633255398118126e+04 7.672078376915378306e-02
6.853500000000000000e+03 1.177680839965775522e+04 8.828287423581626658e-02
6.860500000000000000e+03 1.060986278849644077e+04 9.804754493777013968e-02
6.867500000000000000e+03 9.853851438367737501e+03 9.474376755250116244e-02
6.874500000000000000e+03 9.472167870682693319e+03 1.020813341731056090e-01
6.881500000000000000e+03 8.945034465435164748e+03 1.187955343049573176e-01
6.888500000000000000e+03 9.014025575510833733e+03 1.211371564603092449e-01
6.895500000000000000e+03 9.556282260038185996e+03 1.107996967079178940e-01
6.902500000000000000e+03 9.891938317286543679e+03 1.029712931550445243e-01
6.909500000000000000e+03 1.009699305837156680e+04 1.018046275822831054e-01
6.916500000000000000e+03 1.056959246785805954e+04 9.527260077751124878e-02
6.923500000000000000e+03 1.084782197309619005e+04 9.635180663919377941e-02
6.930500000000000000e+03 1.081129885207244297e+04 9.077938516591216311e-02
6.937500000000000000e+03 1.091281191206469339e+04 8.992214858297382929e-02
6.944500000000000000e+03 1.113771060449974721e+04 8.978391706061904232e-02
6.951500000000000000e+03 1.107965056730066135e+04 8.545782780748657770e-02
6.958500000000000000e+03 1.145919771048036819e+04 8.037281364697464181e-02
6.965500000000000000e+03 1.172162211811789712e+04 7.742923598360054727e-02
6.972500000000000000e+03 1.183400378221535175e+04 7.539594930299879649e-02
6.979500000000000000e+03 1.185773574378286139e+04 7.431063111314806235e-02
6.986500000000000000e+03 1.162287335329339294e+04 7.563935526894566275e-02
6.993500000000000000e+03 1.183011699571060126e+04 7.418765966060840433e-02
7.000500000000000000e+03 1.142959945812417027e+04 7.823419584490505507e-02
7.007500000000000000e+03 1.143010189678027382e+04 7.837138477092198130e-02
7.014500000000000000e+03 1.126134126950574318e+04 7.909228912264917866e-02
7.021500000000000000e+03 1.154039267619232487e+04 7.503024292121293626e-02
7.028500000000000000e+03 1.138743515747764832e+04 7.478592303651278306e-02
7.035500000000000000e+03 1.176981831272397721e+04 6.968058145293662409e-02
7.042500000000000000e+03 1.194991300741702435e+04 6.883510316757933400e-02
7.049500000000000000e+03 1.185723294904399336e+04 6.818214434468392038e-02
7.056500000000000000e+03 1.160684684321861459e+04 6.870658047272833191e-02
7.063500000000000000e+03 1.182575197771803323e+04 6.573959052418330840e-02
7.070500000000000000e+03 1.186708601453367373e+04 6.383597848662186935e-02
7.077500000000000000e+03 1.178665062312618466e+04 6.271685776346118402e-02
7.084500000000000000e+03 1.205009042224545010e+04 6.040768601346679922e-02
7.091500000000000000e+03 1.175588048694440113e+04 6.095089818887063776e-02
7.098500000000000000e+03 1.184570753501982290e+04 6.067510331537466495e-02
7.105500000000000000e+03 1.194730381512206986e+04 5.912715631572101199e-02
7.112500000000000000e+03 1.187627093150332439e+04 5.842820834320096302e-02
7.119500000000000000e+03 1.179773460581373547e+04 5.983723087481302577e-02
7.126500000000000000e+03 1.198528713274590518e+04 5.880142428594847814e-02
7.133500000000000000e+03 1.182652153040740268e+04 6.190907177934141387e-02
7.140500000000000000e+03 1.153735082017419700e+04 6.491085842825132513e-02
7.147500000000000000e+03 1.133483560658805800e+04 6.921600200314377560e-02
7.154500000000000000e+03 1.057176229165190853e+04 7.983192381829679052e-02
7.161500000000000000e+03 1.002713670597589226e+04 9.211246225870052540e-02
7.168500000000000000e+03 9.074807955890852099e+03 1.015648911088892770e-01
7.175500000000000000e+03 8.573127972784186568e+03 1.121114841448069277e-01
7.182500000000000000e+03 8.098648647381940464e+03 1.184799810698531908e-01
7.189500000000000000e+03 8.079224646371338167e+03 1.186409601371661432e-01
7.196500000000000000e+03 7.916607423160696271e+03 1.182708219475864797e-01
7.203500000000000000e+03 8.123780920619243261e+03 1.110874416999664965e-01
7.210500000000000000e+03 8.606880177094510145e+03 1.066153527314139260e-01
7.217500000000000000e+03 8.923424194210319911e+03 1.021913301263870505e-01
7.224500000000000000e+03 9.098142139394125479e+03 1.027600256249225075e-01
7.231500000000000000e+03 9.069311659796796448e+03 9.789807400769279244e-02
7.238500000000000000e+03 8.464053173871616309e+03 1.013603816526185558e-01
7.245500000000000000e+03 8.532053874267410720e+03 1.053981958791787577e-01
7.252500000000000000e+03 8.257585975331776353e+03 1.125586082115536957e-01
7.259500000000000000e+03 8.057983317866864127e+03 1.155152666876223810e-01
7.266500000000000000e+03 8.245632940043855342e+03 1.110354559634667004e-01
7.273500000000000000e+03 8.236997693770823389e+03 1.068031898561893206e-01
7.280500000000000000e+03 8.295710053738335773e+03 1.051434083413020498e-01
7.287500000000000000e+03 8.470476544397890393e+03 1.051109793869161035e-01
7.294500000000000000e+03 8.639150540559963702e+03 1.021503896295484354e-01
7.301500000000000000e+03 8.633400756204422578e+03 9.946382550926145816e-02
7.308500000000000000e+03 8.854333921808492960e+03 9.582444407788187624e-02
7.315500000000000000e+03 9.101225713443976929e+03 8.946522061990991315e-02
7.322500000000000000e+03 9.366076593985082582e+03 8.282376531193073876e-02
7.329500000000000000e+03 9.772392290661324296e+03 7.605624469517728581e-02
7.336500000000000000e+03 1.025935737803570555e+04 6.959813905784509314e-02
7.343500000000000000e+03 9.993952744734433509e+03 6.795083495468140500e-02
7.350500000000000000e+03 1.027336298714874101e+04 6.464953861516481437e-02
7.357500000000000000e+03 1.023481412136842300e+04 6.306843766697828313e-02
7.364500000000000000e+03 1.033295783251523244e+04 6.249882606882192770e-02
7.371500000000000000e+03 1.025874484645710800e+04 6.069311679985503472e-02
7.378500000000000000e+03 1.043282062824132481e+04 5.975406440537192609e-02
7.385500000000000000e+03 1.050731057965932268e+04 5.751323905790731855e-02
7.392500000000000000e+03 1.058510442808789230e+04 5.570813670082773450e-02
7.399500000000000000e+03 1.060146904806019847e+04 5.375910739067449318e-02
7.406500000000000000e+03 1.067228261771125835e+04 5.036839140145862176e-02
7.413500000000000000e+03 1.081422552412571167e+04 4.753915411676418179e-02
7.420500000000000000e+03 1.075252630533135925e+04 4.732604074455115661e-02
7.427500000000000000e+03 1.079839015417989140e+04 4.730978907405482964e-02
7.434500000000000000e+03 1.055552209046196367e+04 4.800635931312465660e-02
7.441500000000000000e+03 1.072327050715943915e+04 4.616365800742438380e-02
7.448500000000000000e+03 1.064513420345224222e+04 4.462751592489617308e-02
7.455500000000000000e+03 1.055855606314382567e+04 4.490404498763893304e-02
7.462500000000000000e+03 1.067777000513116946e+04 4.314822767313315072e-02
7.469500000000000000e+03 1.063608316066154111e+04 4.419663379903212425e-02
7.476500000000000000e+03 1.056727642908076814e+04 4.412477599022721075e-02
7.483500000000000000e+03 1.064898935611563138e+04 4.167907443958015351e-02
7.490500000000000000e+03 1.035489306899620169e+04 4.715022527756290022e-02
7.497500000000000000e+03 1.040402411532957740e+04 4.321896707294911599e-02
7.504500000000000000e+03 1.002569409423617799e+04 4.506045062729833323e-02
7.511500000000000000e+03 1.033937615134122643e+04 4.237949239427622750e-02
7.518500000000000000e+03 1.022813162196518715e+04 4.342149631969419166e-02
7.525500000000000000e+03 1.052584524527577014e+04 4.047690933983217471e-02
7.532500000000000000e+03 1.013983294367562303e+04 4.384947008005355557e-02
7.539500000000000000e+03 1.017986444213025788e+04 4.205328472855256183e-02
7.546500000000000000e+03 1.005552777696483645e+04 4.364661094999557067e-02
7.553500000000000000e+03 1.005696942362178379e+04 4.236028994375681811e-02
7.560500000000000000e+03 9.754035965533490526e+03 4.480375650618664829e-02
7.567500000000000000e+03 9.340566158081790491e+03 5.375177180926786480e-02
7.574500000000000000e+03 8.585581956889127468e+03 7.229779400749682117e-02
7.581500000000000000e+03 7.085212624194503405e+03 1.093911004590201602e-01
7.588500000000000000e+03 5.359030826419198092e+03 1.398662252847297505e-01
7.595500000000000000e+03 4.058443011545179161e+03 1.347644897100129802e-01
7.602500000000000000e+03 3.048416832676765353e+03 1.410244647059919476e-01
7.609500000000000000e+03 1.965841170965442188e+03 2.450153445266573526e-01
7.616500000000000000e+03 1.577599701735750386e+03 3.365848044808792405e-01
7.623500000000000000e+03 1.762371296843038863e+03 3.273073896815704154e-01
7.630500000000000000e+03 2.149270495241899425e+03 2.768020029427864515e-01
7.637500000000000000e+03 2.531965926018060145e+03 2.388697488819703230e-01
7.644500000000000000e+03 3.057068027833747237e+03 2.138496278928724015e-01
7.651500000000000000e+03 3.876684076303813072e+03 1.809544449024034773e-01
7.658500000000000000e+03 4.782806623154617228e+03 1.501082628273233688e-01
7.665500000000000000e+03 5.837275936154721421e+03 1.191002568279544011e-01
7.672500000000000000e+03 6.664253356345468092e+03 9.626609358747477418e-02
7.679500000000000000e+03 7.287323736560584621e+03 8.014667991414624326e-02
7.686500000000000000e+03 7.808301934658578830e+03 6.593932742512946532e-02
7.693500000000000000e+03 8.403012527016055174e+03 5.757450266405578221e-02
7.700500000000000000e+03 8.317869091864651637e+03 5.456092207182303144e-02
7.707500000000000000e+03 8.598582656954937192e+03 5.015114090837801547e-02
7.714500000000000000e+03 8.746301002931013500e+03 4.579354323135191585e-02
7.721500000000000000e+03 8.755267836236087533e+03 4.463102122632338353e-02
7.728500000000000000e+03 8.480780334575099914e+03 4.557375210646818359e-02
7.735500000000000000e+03 8.937900756135839401e+03 3.877954908914186399e-02
7.742500000000000000e+03 8.710776808735379745e+03 4.167655159560733347e-02
7.749500000000000000e+03 8.928470508325630362e+03 3.895312277275695539e-02
7.756500000000000000e+03 8.626556363981535469e+03 3.947990492512167687e-02
7.763500000000000000e+03 8.778247599035797975e+03 3.803423606013030256e-02
7.770500000000000000e+03 8.727421231716170951e+03 3.672619031771357651e-02
7.777500000000000000e+03 8.739653558251837239e+03 3.708926520611344202e-02
7.784500000000000000e+03 8.547183766818385266e+03 3.648134634042082824e-02
7.791500000000000000e+03 8.636374974129290422e+03 3.941689995212334374e-02
7.798500000000000000e+03 8.416316242869557755e+03 3.858546336305518354e-02
7.805500000000000000e+03 8.405839598839247628e+03 3.768327092622225649e-02
7.812500000000000000e+03 8.538201957804125414e+03 3.701552378786775177e-02
7.819500000000000000e+03 8.361966711161796411e+03 3.811144860783438615e-02
7.826500000000000000e+03 8.595972500005635084e+03 3.797556901434211152e-02
7.833500000000000000e+03 8.344670893651758888e+03 3.731077848151628101e-02
7.840500000000000000e+03 8.136788892426793609e+03 3.643747992850358830e-02
7.847500000000000000e+03 8.165351268256803451e+03 3.562093602042633311e-02
7.854500000000000000e+03 8.156154957428914713e+03 3.947932489456583427e-02
7.861500000000000000e+03 8.019772295886083157e+03 4.146383082231150374e-02
7.868500000000000000e+03 7.809612611167626710e+03 4.219543281901281390e-02
7.875500000000000000e+03 7.756691234299409189e+03 4.486294658465805885e-02
7.882500000000000000e+03 7.600793551893198128e+03 4.691172751172559968e-02
7.889500000000000000e+03 7.338430084344136958e+03 4.863107356838701489e-02
7.896500000000000000e+03 7.257248388940034602e+03 5.113637666234398943e-02
7.903500000000000000e+03 7.332829028179126908e+03 4.890353314171420190e-02
7.910500000000000000e+03 7.389860960161094226e+03 4.806111108280291394e-02
7.917500000000000000e+03 7.495933410871987689e+03 4.638698529660445491e-02
7.924500000000000000e+03 7.341606656538323477e+03 4.499270221015232857e-02
7.931500000000000000e+03 7.267154255917188493e+03 4.474022438975359950e-02
7.938500000000000000e+03 7.524442041840869024e+03 4.199621805697171389e-02
7.945500000000000000e+03 7.201830401393699503e+03 4.571527782209986596e-02
7.952500000000000000e+03 7.007350401287882960e+03 4.510873329178771707e-02
7.959500000000000000e+03 6.992536301736396126e+03 4.431287206362471975e-02
7.966500000000000000e+03 7.004296391731496442e+03 4.867036077319968068e-02
7.973500000000000000e+03 6.897033371848682691e+03 4.976982948779958005e-02
7.980500000000000000e+03 6.978218116226714301e+03 4.834374877994677966e-02
7.987500000000000000e+03 7.118693458290527815e+03 4.526753079067277752e-02
7.994500000000000000e+03 6.788175843704190811e+03 4.764406803167278714e-02
8.001500000000000000e+03 6.811946223456609005e+03 4.580196048364752748e-02
8.008500000000000000e+03 6.678520648882716159e+03 4.932352896968276307e-02
8.015500000000000000e+03 6.704749186788375482e+03 4.780563855056443878e-02
8.022500000000000000e+03 6.855256025651490745e+03 4.775536054875632874e-02
8.029500000000000000e+03 6.643570931169422693e+03 5.104095704346079537e-02
8.036500000000000000e+03 6.755385287655475622e+03 4.867456021955583745e-02
8.043500000000000000e+03 6.649946039581052901e+03 4.655782678532246338e-02
8.050500000000000000e+03 6.780414062079447831e+03 4.232186518780710338e-02
8.057500000000000000e+03 6.819012549065385429e+03 4.107389430374216305e-02
8.064500000000000000e+03 6.862859825374038337e+03 3.868315144121017846e-02
8.071500000000000000e+03 6.808992799531444689e+03 3.784025710137416121e-02
8.078500000000000000e+03 6.626677730496373442e+03 4.240442634920440351e-02
8.085500000000000000e+03 6.553494848076795279e+03 4.449821161298697647e-02
8.092500000000000000e+03 6.357385152091726013e+03 4.625512025829783824e-02
8.099500000000000000e+03 6.218212881823566022e+03 4.767848499639066456e-02
8.106500000000000000e+03 6.067831947061048595e+03 5.455037324288621037e-02
8.113500000000000000e+03 5.819909027998522106e+03 6.115169314500136510e-02
8.120500000000000000e+03 5.713932213320765186e+03 6.690134643700042238e-02
8.127500000000000000e+03 5.256329187455469764e+03 7.589788419199999803e-02
8.134500000000000000e+03 5.071987976149843234e+03 8.295376895206867107e-02
8.141500000000000000e+03 4.721011867508237628e+03 9.370230306826517197e-02
8.148500000000000000e+03 4.628521497222146536e+03 9.874534337128659800e-02
8.155500000000000000e+03 4.348345918801473999e+03 1.003716191816443476e-01
8.162500000000000000e+03 4.315551062479506072e+03 1.013776170095954110e-01
8.169500000000000000e+03 4.318100642319907820e+03 1.032826822011596174e-01
8.176500000000000000e+03 4.370376632583407627e+03 9.945664456704715606e-02
8.183500000000000000e+03 4.656393645432097401e+03 9.031760062024568603e-02
8.190500000000000000e+03 4.753739008940249732e+03 8.264765452731577533e-02
8.197500000000000000e+03 4.865007241140461701e+03 8.171015639709500178e-02
8.204500000000000000e+03 4.985251091490017643e+03 8.290735564892348641e-02
8.211500000000000000e+03 4.835570824034038196e+03 8.717771784411910974e-02
8.218500000000000000e+03 4.567594091024758200e+03 8.915220255289608986e-02
8.225500000000000000e+03 4.609827124454301156e+03 7.582081113190719535e-02
8.232500000000000000e+03 4.523857792731406334e+03 7.559886423015928225e-02
8.239500000000000000e+03 4.609253206901797057e+03 8.181822940292536595e-02
8.246500000000000000e+03 4.881708301104846214e+03 7.764727667066509409e-02
8.253500000000000000e+03 5.044785971494191472e+03 7.161696541653585213e-02
8.260500000000000000e+03 4.956543494783269125e+03 6.868707269577915830e-02
8.267500000000000000e+03 5.062946902760180819e+03 7.037834932304445901e-02
8.274500000000000000e+03 4.815041741375491256e+03 7.181987675666147430e-02
8.281500000000000000e+03 4.761620742232844350e+03 7.269776252122663041e-02
8.288500000000000000e+03 4.683688324396321150e+03 7.363585073376122114e-02
8.295500000000000000e+03 4.625491638765145581e+03 7.387405111340160369e-02
8.302500000000000000e+03 4.816938804480807448e+03 7.072514956016819065e-02
8.309500000000000000e+03 4.913687463748403388e+03 6.850406904838901578e-02
8.316500000000000000e+03 5.019181686000387344e+03 6.067224693330024177e-02
8.323500000000000000e+03 4.939262164288221356e+03 6.375905336450007899e-02
8.330500000000000000e+03 5.012730887804795202e+03 6.160446959113330401e-02
8.337500000000000000e+03 5.156565589151895438e+03 5.816059564650322145e-02
8.344500000000000000e+03 5.155542439409413419e+03 5.561292134184714353e-02
8.351500000000000000e+03 5.192066333548895273e+03 5.217055820742783068e-02
8.358500000000000000e+03 5.318104204607388056e+03 5.141218196070159591e-02
8.365500000000000000e+03 5.325599975326092135e+03 4.951054395574689543e-02
8.372500000000000000e+03 5.306956950819570011e+03 4.492641395476240640e-02
8.379500000000000000e+03 5.506660326929215444e+03 4.341647105082908215e-02
8.386500000000000000e+03 5.410416605398977481e+03 4.033597130251075080e-02
8.393500000000000000e+03 5.395905013612607036e+03 4.055239259353687897e-02
8.400500000000000000e+03 5.523441913127439875e+03 3.769874130761211722e-02
8.407500000000000000e+03 5.383967833681738739e+03 4.105164137593320106e-02
8.414500000000000000e+03 5.501437670029545188e+03 3.743335902339079563e-02
8.421500000000000000e+03 5.525133599337569649e+03 3.598772568319291015e-02
8.428500000000000000e+03 5.390841911010779768e+03 3.475908165107978454e-02
8.435500000000000000e+03 5.366020966897050130e+03 3.561396121900118478e-02
8.442500000000000000e+03 5.406367050274255234e+03 3.340201734373336728e-02
8.449500000000000000e+03 5.232824959485080399e+03 3.557176226850212314e-02
8.456500000000000000e+03 5.429344604138415889e+03 2.965821507342009458e-02
8.463500000000000000e+03 5.288577729761454066e+03 3.378992184642869157e-02
8.470500000000000000e+03 5.462600179534000745e+03 3.034080647654452401e-02
8.477500000000000000e+03 5.321616572148016530e+03 3.401898944241690814e-02
8.484500000000000000e+03 5.355082727940248333e+03 3.288147094092893491e-02
8.491500000000000000e+03 5.344801076149300570e+03 3.268296840689376148e-02
8.498500000000000000e+03 5.379773903150486149e+03 2.801114884985424561e-02
8.505500000000000000e+03 5.233529813540632858e+03 3.107113488863373976e-02
8.512500000000000000e+03 5.312061996069328416e+03 2.793122646312459420e-02
8.519500000000000000e+03 5.314421961796701908e+03 2.926014425848529055e-02
8.526500000000000000e+03 5.218036534827602736e+03 3.324983722484500803e-02
8.533500000000000000e+03 5.281935146584433824e+03 3.147203550518578447e-02
8.540500000000000000e+03 5.153345148809699822e+03 2.840092195045949494e-02
8.547500000000000000e+03 5.122859431734556892e+03 2.476956661644051302e-02
8.554500000000000000e+03 5.269433186541482428e+03 2.397443592207986612e-02
8.561500000000000000e+03 5.252890033280110401e+03 2.778988506378303469e-02
8.568500000000000000e+03 5.181601386803463356e+03 3.256052738008982650e-02
8.575500000000000000e+03 5.140505997545339596e+03 3.369911369404327700e-02
8.582500000000000000e+03 5.255737896721009747e+03 2.888477684416563065e-02
8.589500000000000000e+03 5.129072749638734422e+03 2.516484561564773237e-02
8.596500000000000000e+03 5.113168321643615855e+03 2.607683603757370364e-02
8.603500000000000000e+03 5.120805864761554403e+03 2.219314057883053221e-02
8.610500000000000000e+03 5.041620438173391449e+03 2.731237905108643491e-02
8.617500000000000000e+03 4.891834299295182063e+03 2.995899303199399052e-02
8.624500000000000000e+03 5.139551338548708372e+03 3.030694551451622656e-02
8.631500000000000000e+03 5.132532257806361486e+03 3.419357048081121675e-02
8.638500000000000000e+03 5.019008700836600838e+03 3.470765627244298129e-02
8.645500000000000000e+03 5.022826103842375232e+03 3.226637522349818515e-02
8.652500000000000000e+03 4.940711477515380466e+03 2.783734985001490303e-02
8.659500000000000000e+03 4.995534349566032688e+03 2.063355719456765741e-02
8.666500000000000000e+03 5.059991069522820908e+03 1.298971645529544729e-02
8.673500000000000000e+03 5.050746710250686192e+03 1.495887133209208159e-02
8.680500000000000000e+03 4.997741576352303127e+03 2.212547260365041457e-02
8.687500000000000000e+03 4.936257481619830287e+03 2.782672315796487147e-02
8.694500000000000000e+03 4.940364823533538583e+03 3.207566833784854937e-02
8.701500000000000000e+03 5.008363690027197663e+03 3.081663391730075224e-02
8.708500000000000000e+03 5.050774244389322121e+03 3.222205297919358141e-02
8.715500000000000000e+03 5.053582450589259679e+03 3.073942344728504070e-02
8.722500000000000000e+03 5.024130232429363787e+03 3.062654120563250079e-02
8.729500000000000000e+03 4.754716067587354701e+03 3.214483852028406086e-02
8.736500000000000000e+03 4.845655495479855745e+03 2.534723518831190694e-02
8.743500000000000000e+03 4.884732224441774633e+03 1.386557696364975473e-02
8.750500000000000000e+03 4.736421485924574881e+03 1.313501551986077584e-02
8.757500000000000000e+03 4.867776912958106550e+03 1.548466556785038986e-02
8.764500000000000000e+03 4.870583038691038382e+03 2.358207639846272852e-02
8.771500000000000000e+03 4.812998246940596800e+03 2.536314350884512694e-02
8.778500000000000000e+03 4.852768440177856974e+03 2.800861180374661016e-02
8.785500000000000000e+03 4.863271336720092222e+03 3.068108457678004122e-02
8.792500000000000000e+03 4.984695219151316451e+03 3.034406319638000352e-02
8.799500000000000000e+03 4.874570642736322952e+03 2.855728690388699073e-02
8.806500000000000000e+03 4.945283307811097984e+03 2.638393923217508333e-02
8.813500000000000000e+03 4.982752730752755269e+03 2.690126570081274177e-02
8.820500000000000000e+03 4.853823507388668077e+03 2.993509359902080808e-02
8.827500000000000000e+03 4.740629520744932961e+03 3.036693801982104021e-02
8.834500000000000000e+03 4.689876927868264829e+03 3.127327277459187455e-02
8.841500000000000000e+03 4.592147901385154000e+03 2.695102053275954743e-02
8.848500000000000000e+03 4.529078586074623672e+03 2.834328747088560307e-02
8.855500000000000000e+03 4.433373195289250361e+03 2.405193220458698433e-02
8.862500000000000000e+03 4.526518935973715088e+03 1.635937893857839984e-02
8.869500000000000000e+03 4.489198632666184494e+03 1.329438697291341655e-02
8.876500000000000000e+03 4.481677007610365763e+03 1.791613904503356128e-02
8.883500000000000000e+03 4.463486484022003424e+03 2.807414883291857802e-02
8.890500000000000000e+03 4.407771270481307511e+03 3.305076028785866593e-02
8.897500000000000000e+03 4.428961054695734674e+03 3.492294934850424803e-02
8.904500000000000000e+03 4.429391018095991058e+03 3.249735182632931124e-02
8.911500000000000000e+03 4.566839506711538888e+03 3.380299358432105328e-02
8.918500000000000000e+03 4.346042968264874617e+03 3.887442990724611358e-02
8.925500000000000000e+03 4.306699910639184054e+03 4.122397217212316750e-02
8.932500000000000000e+03 4.184059877869585762e+03 4.720393402008662281e-02
8.939500000000000000e+03 3.924117419453702496e+03 5.941294135299406837e-02
8.946500000000000000e+03 3.838239654284221160e+03 6.574164019372059908e-02
8.953500000000000000e+03 3.447738353299479513e+03 7.633440682305150937e-02
8.960500000000000000e+03 3.464052970330832522e+03 7.831330401095377980e-02
8.967500000000000000e+03 3.100645648939402236e+03 9.120070887684966765e-02
8.974500000000000000e+03 2.964307760163628700e+03 1.038295464618207986e-01
8.981500000000000000e+03 2.708432666722422255e+03 1.116948716090792881e-01
8.988500000000000000e+03 2.643134832273652592e+03 1.047941064815706702e-01
8.995500000000000000e+03 2.472112167176722778e+03 1.067601942858674990e-01
9.002500000000000000e+03 2.440775785053432173e+03 1.026864561747842242e-01
9.009500000000000000e+03 2.578977233850527227e+03 9.007356642087524512e-02
9.016500000000000000e+03 2.665685143369815705e+03 8.176830348827381079e-02
9.023500000000000000e+03 2.888601018610270330e+03 7.369794203627549889e-02
9.030500000000000000e+03 2.951918298282671913e+03 7.558424642634672952e-02
9.037500000000000000e+03 3.138737106217751261e+03 7.543377388529202976e-02
9.044500000000000000e+03 3.236037169581853050e+03 7.884226053837198323e-02
9.051500000000000000e+03 3.336955433796484158e+03 7.711277018811873996e-02
9.058500000000000000e+03 3.135358173519311549e+03 8.571296366725705829e-02
9.065500000000000000e+03 3.037636693135245423e+03 8.434237841078481845e-02
9.072500000000000000e+03 2.902572317774709063e+03 9.191542948151847081e-02
9.079500000000000000e+03 2.658611859646313405e+03 1.011457695134861945e-01
9.086500000000000000e+03 2.583856482685538140e+03 1.069300102282780829e-01
9.093500000000000000e+03 2.590333982715379534e+03 1.070541106115573543e-01
9.100500000000000000e+03 2.620562036590733442e+03 1.083251747102370321e-01
9.107500000000000000e+03 2.659497118858427712e+03 1.092071203058403855e-01
9.114500000000000000e+03 2.476518348183694798e+03 1.189402878291857674e-01
9.121500000000000000e+03 2.617471375116260788e+03 1.160159453785520600e-01
9.128500000000000000e+03 2.471805198831637426e+03 1.131844201479681317e-01
9.135500000000000000e+03 2.479992074561243498e+03 1.159845072496396290e-01
9.142500000000000000e+03 2.353701821433247915e+03 1.268017604670917398e-01
9.149500000000000000e+03 2.407751003246602522e+03 1.228940757587069221e-01
9.156500000000000000e+03 2.361213717798628750e+03 1.206794135690172631e-01
9.163500000000000000e+03 2.322352032378014428e+03 1.220461337380741029e-01
9.170500000000000000e+03 2.367032553668794662e+03 1.150059761510904138e-01
9.177500000000000000e+03 2.521003771896498620e+03 1.023709463209990095e-01
9.184500000000000000e+03 2.664043436919834221e+03 9.619396442902007627e-02
9.191500000000000000e+03 2.759538412115866777e+03 9.086263496992390276e-02
9.198500000000000000e+03 2.833275659809222816e+03 8.450535366657840886e-02
9.205500000000000000e+03 2.854164387308388541e+03 7.963040935092376149e-02
9.212500000000000000e+03 2.748154367449611073e+03 7.350348393646682910e-02
9.219500000000000000e+03 2.783592749006554186e+03 6.452248256061915432e-02
9.226500000000000000e+03 2.694142000425432343e+03 6.052438060285979943e-02
9.233500000000000000e+03 2.587565476817468607e+03 6.656361590167961251e-02
9.240500000000000000e+03 2.522353755632335833e+03 7.424113849804776788e-02
9.247500000000000000e+03 2.458697302099781609e+03 8.396679970235378099e-02
9.254500000000000000e+03 2.551986282678973112e+03 9.127293520622024869e-02
9.261500000000000000e+03 2.575202291350285122e+03 9.872141544982575290e-02
9.268500000000000000e+03 2.380189399967468944e+03 1.096136167247171583e-01
9.275500000000000000e+03 2.208372329869869645e+03 1.225784572689648244e-01
9.282500000000000000e+03 1.926564791300202387e+03 1.407744652895783211e-01
9.289500000000000000e+03 1.681047226519239985e+03 1.648894161405652647e-01
9.296500000000000000e+03 1.463246582982980044e+03 1.879401965787721174e-01
9.303500000000000000e+03 1.240775196559711731e+03 2.087418627305298036e-01
9.310500000000000000e+03 9.915899351305446316e+02 2.364384439163901841e-01
9.317500000000000000e+03 8.176617762134922032e+02 2.663373287889591601e-01
9.324500000000000000e+03 6.001708963672034542e+02 3.129171111754875945e-01
9.331500000000000000e+03 4.966966491590089845e+02 3.368702366674862225e-01
9.338500000000000000e+03 4.521049379827543362e+02 3.413649647974378309e-01
9.345500000000000000e+03 4.533679834998801539e+02 3.444212105389863887e-01
9.352500000000000000e+03 4.303350347554109590e+02 3.646290005268020273e-01
9.359500000000000000e+03 4.444815997123528746e+02 3.653580622859610161e-01
9.366500000000000000e+03 5.317999354513517574e+02 3.290096871348469620e-01
9.373500000000000000e+03 6.008226604425902906e+02 2.970164821636129271e-01
9.380500000000000000e+03 7.109108282192136130e+02 2.692460084084423166e-01
9.387500000000000000e+03 8.906514165883261285e+02 2.578239340637559218e-01
9.394500000000000000e+03 9.419827884526774824e+02 2.582766479896044798e-01
9.401500000000000000e+03 1.061507163355670400e+03 2.379495461994465821e-01
9.408500000000000000e+03 1.067904893781206965e+03 2.335341376674389402e-01
9.415500000000000000e+03 9.469056251214441318e+02 2.443201843127582318e-01
9.422500000000000000e+03 9.534390059201598433e+02 2.371579082844068598e-01
9.429500000000000000e+03 9.016577426798080523e+02 2.374115707023564670e-01
9.436500000000000000e+03 7.938509437944858291e+02 2.516617180155856781e-01
9.443500000000000000e+03 8.145167678543475631e+02 2.555730470482637795e-01
9.450500000000000000e+03 7.660439575294899441e+02 2.676644989541055453e-01
9.457500000000000000e+03 7.729639173681472357e+02 2.623378286205521603e-01
9.464500000000000000e+03 7.570903943345663265e+02 2.673880319850893694e-01
9.471500000000000000e+03 7.946215459691209162e+02 2.632552927755915650e-01
9.478500000000000000e+03 8.584717041352719207e+02 2.484655233369031102e-01
9.485500000000000000e+03 8.220596454181554691e+02 2.522491880482968241e-01
9.492500000000000000e+03 9.055452317654182934e+02 2.312445248414650434e-01
9.499500000000000000e+03 8.980693133984427732e+02 2.255850772368648560e-01
9.506500000000000000e+03 8.325864755993245581e+02 2.550463425759274538e-01
9.513500000000000000e+03 8.203050863449312828e+02 2.547364021856436955e-01
9.520500000000000000e+03 8.752976235866087791e+02 2.260095681355317743e-01
9.527500000000000000e+03 8.686306160853623624e+02 2.325136045548509001e-01
9.534500000000000000e+03 7.822768481892333057e+02 2.405457117359374175e-01
9.541500000000000000e+03 8.340690255345257356e+02 2.260260852225506323e-01
9.548500000000000000e+03 9.069318544924020671e+02 1.977518320364408388e-01
9.555500000000000000e+03 9.324863286056779543e+02 1.900198457647079564e-01
9.562500000000000000e+03 9.036205718078468863e+02 1.981837978665956235e-01
9.569500000000000000e+03 9.329607886787732696e+02 2.144793117115137981e-01
9.576500000000000000e+03 9.702730407313071055e+02 2.197102322085410508e-01
9.583500000000000000e+03 1.022906858084319424e+03 2.072275500726552533e-01
9.590500000000000000e+03 1.101073582738916002e+03 1.892066728288370470e-01
9.597500000000000000e+03 1.088185431610865180e+03 1.966771896177263168e-01
9.604500000000000000e+03 1.092237844045919701e+03 2.009533993132170404e-01
9.611500000000000000e+03 1.207688932635394849e+03 1.873405191145698367e-01
9.618500000000000000e+03 1.288231403802035402e+03 1.663642278454164070e-01
9.625500000000000000e+03 1.333252389351753209e+03 1.647273330553922499e-01
9.632500000000000000e+03 1.294791703432955273e+03 1.623550090856678840e-01
9.639500000000000000e+03 1.383304568465353896e+03 1.534676106786487526e-01
9.646500000000000000e+03 1.373594988038342763e+03 1.534700902611802198e-01
9.653500000000000000e+03 1.465567813816243415e+03 1.469376413647237589e-01
9.660500000000000000e+03 1.516770140602599895e+03 1.331239866817546802e-01
9.667500000000000000e+03 1.655024946609507424e+03 1.176496150865381785e-01
9.674500000000000000e+03 1.854725167436213269e+03 1.045165251056543454e-01
9.681500000000000000e+03 1.993952818276806966e+03 9.296861081181460873e-02
9.688500000000000000e+03 2.063565265400192402e+03 8.308301447350893709e-02
9.695500000000000000e+03 2.115494311428003584e+03 7.357610115634603820e-02
9.702500000000000000e+03 2.157721940505847670e+03 7.130850467983354535e-02
9.709500000000000000e+03 2.085043435876519652e+03 7.567555645000999254e-02
9.716500000000000000e+03 2.088140596392302541e+03 7.545566871021909539e-02
9.723500000000000000e+03 2.001927442751659100e+03 8.255940402299148662e-02
9.730500000000000000e+03 1.869397189713113448e+03 8.806913902749156919e-02
9.737500000000000000e+03 1.823523281638357048e+03 9.073460105719534374e-02
9.744500000000000000e+03 1.753852099420539162e+03 9.534352357110163767e-02
9.751500000000000000e+03 1.829755872814562281e+03 9.192295276071164867e-02
9.758500000000000000e+03 1.800542175341310895e+03 8.813756461524618890e-02
9.765500000000000000e+03 1.801468065945714216e+03 8.950031933191034128e-02
9.772500000000000000e+03 1.893791192666138613e+03 8.700383430187358380e-02
9.779500000000000000e+03 1.856414961616288338e+03 8.110740913880591652e-02
9.786500000000000000e+03 1.947182403884758742e+03 7.226620295363256341e-02
9.793500000000000000e+03 1.875276165160883238e+03 7.121793561618035284e-02
9.800500000000000000e+03 1.981698552358598363e+03 6.718756273484592645e-02
9.807500000000000000e+03 1.951296004749185158e+03 6.641965789837055156e-02
9.814500000000000000e+03 2.038560506434359695e+03 5.864205595135899701e-02
9.821500000000000000e+03 2.157703888844619996e+03 5.194514736692532747e-02
9.828500000000000000e+03 2.108252797985755024e+03 4.801377793622270407e-02
9.835500000000000000e+03 2.145111356565994356e+03 4.848803910812220230e-02
9.842500000000000000e+03 2.178571968938917507e+03 4.324175459091191692e-02
9.849500000000000000e+03 2.175522395554568902e+03 4.128506232273371906e-02
9.856500000000000000e+03 2.211496321533995797e+03 3.652694926405349735e-02
9.863500000000000000e+03 2.226950951762135446e+03 3.349743232934394160e-02
9.870500000000000000e+03 2.229269626551911188e+03 3.221433143134834476e-02
9.877500000000000000e+03 2.207883829753997816e+03 3.021834469909922757e-02
9.884500000000000000e+03 2.322912234152854580e+03 2.721584496467798278e-02
9.891500000000000000e+03 2.173010200099530266e+03 2.760595294237908059e-02
9.898500000000000000e+03 2.333524220531219271e+03 2.367706863140172160e-02
9.905500000000000000e+03 2.193207420689858736e+03 2.543254091630683597e-02
9.912500000000000000e+03 2.206443488368116050e+03 2.239086039934549965e-02
9.919500000000000000e+03 2.188201162793189724e+03 2.228864488676276026e-02
9.926500000000000000e+03 2.108353407247187533e+03 2.444717888415836801e-02
9.933500000000000000e+03 2.187391290124382067e+03 2.149280386920933775e-02
9.940500000000000000e+03 2.036687513082850273e+03 2.333913588664309618e-02
9.947500000000000000e+03 2.130237961695193462e+03 2.217550940872320756e-02
9.954500000000000000e+03 2.020760400850606175e+03 2.236713031520749448e-02
9.961500000000000000e+03 1.990301889805645487e+03 2.170993469267252021e-02
9.968500000000000000e+03 2.044104672605263659e+03 2.075691803670912799e-02
9.975500000000000000e+03 1.953522221864598805e+03 1.846681418248834194e-02
9.982500000000000000e+03 1.885109312882479344e+03 2.012234254058281949e-02
9.989500000000000000e+03 1.895140462487841432e+03 1.615598702291910771e-02
9.996500000000000000e+03 2.015553287154120198e+03 1.382110356954220805e-02
