# wavelength angstroms, flux, ext coeff
3.001800000000000182e+03 1.672175516575424500e-02 0.000000000000000000e+00
3.005300000000000182e+03 nan 0.000000000000000000e+00
3.008800000000000182e+03 1.052827522762382984e+01 8.420606055000562362e-01
3.012300000000000182e+03 3.131239056738430904e+01 5.940382994032277209e-01
3.015800000000000182e+03 nan 0.000000000000000000e+00
3.019300000000000182e+03 nan 0.000000000000000000e+00
3.022800000000000182e+03 8.579938218796888671e-01 1.716716430664203319e+00
3.026300000000000182e+03 2.011800253813962769e+01 8.358041368849340458e-01
3.029800000000000182e+03 2.119906995844539566e+01 8.599206971594031135e-01
3.033300000000000182e+03 7.061509577633079404e-02 0.000000000000000000e+00
3.036800000000000182e+03 6.511770110804019351e-01 1.926459716380426457e+00
3.040300000000000182e+03 9.167237548877606557e+00 1.181353974832185516e+00
3.043800000000000182e+03 1.930828556818154629e-01 0.000000000000000000e+00
3.047300000000000182e+03 6.156892520356983117e-02 0.000000000000000000e+00
3.050800000000000182e+03 4.107092429991955562e+00 1.473326461037501200e+00
3.054300000000000182e+03 3.660857304980471572e+00 1.519555107799178240e+00
3.057800000000000182e+03 2.746578786471789879e+00 1.609718040216199020e+00
3.061300000000000182e+03 1.295776902637456374e+01 1.206780528199633107e+00
3.064800000000000182e+03 nan 0.000000000000000000e+00
3.068300000000000182e+03 5.468872540847463881e+00 1.460728600662308807e+00
3.071800000000000182e+03 4.136774975755074024e+00 1.537955854637901520e+00
3.075300000000000182e+03 6.778770542256251121e-03 2.288616551519122577e+00
3.078800000000000182e+03 nan 0.000000000000000000e+00
3.082300000000000182e+03 8.922699302998068557e-03 2.123898669913452331e+00
3.085800000000000182e+03 2.206187572826127319e+00 1.664452697146240778e+00
3.089300000000000182e+03 1.333754057182237274e+00 1.739449020248136080e+00
3.092800000000000182e+03 1.105191986633943912e+01 1.325620931707531369e+00
3.096300000000000182e+03 5.589352667575359312e+00 1.465193285820956426e+00
3.099800000000000182e+03 5.980647392566087323e-02 1.861439689885425519e+00
3.103300000000000182e+03 3.533176534894015564e-02 1.850956020934670487e+00
3.106800000000000182e+03 5.009190937787044717e+00 1.460926237046148657e+00
3.110300000000000182e+03 7.523091016569335987e-02 1.769097517860420243e+00
3.113800000000000182e+03 9.787429261405140857e-02 1.749765657495711224e+00
3.117300000000000182e+03 6.179807807382966395e-02 1.708611234197146223e+00
3.120800000000000182e+03 1.418794052951593276e-01 1.678551917206266619e+00
3.124300000000000182e+03 1.356871376204125390e+01 1.256741457296008724e+00
3.127800000000000182e+03 1.370030734467145017e-01 1.635563676764508978e+00
3.131300000000000182e+03 1.313809993477098281e+01 1.252910904658456337e+00
3.134800000000000182e+03 7.482001449290357487e-01 1.519495215905189545e+00
3.138300000000000182e+03 1.255561472504547993e+01 1.243014357586529561e+00
3.141800000000000182e+03 1.153638466586541078e+01 1.242089118432649020e+00
3.145300000000000182e+03 2.968675867427268966e-01 1.473399346584816971e+00
3.148800000000000182e+03 2.025498287955385113e+00 1.368475371099356019e+00
3.152300000000000182e+03 1.578016300845845699e+01 1.168607399836872229e+00
3.155800000000000182e+03 1.331540244085134361e+01 1.184895054854826713e+00
3.159300000000000182e+03 1.407775254957716093e+01 1.161991397633295842e+00
3.162800000000000182e+03 2.791764208754730969e+00 1.277310435092086527e+00
3.166300000000000182e+03 1.850829824976233384e+00 1.281599806001027630e+00
3.169800000000000182e+03 4.006102278333785627e+00 1.228159965537631626e+00
3.173300000000000182e+03 7.093595439519207346e+00 1.178113399655371873e+00
3.176800000000000182e+03 8.640980164276097497e-01 1.252528772368691090e+00
3.180300000000000182e+03 7.586211496329885229e+00 1.144613402325762808e+00
3.183800000000000182e+03 8.772772371470720643e-01 1.207502182858204876e+00
3.187300000000000182e+03 9.522945675913762065e-01 1.184979860286233810e+00
3.190800000000000182e+03 1.313568510926219801e+01 1.059655500356450730e+00
3.194300000000000182e+03 1.396160250363437827e+00 1.146986508736428823e+00
3.197800000000000182e+03 1.393740485485821079e+00 1.129527825268048069e+00
3.201300000000000182e+03 1.263156489577996755e+00 1.121637679114571018e+00
3.204800000000000182e+03 2.012228597102657002e+00 1.098595291038251487e+00
3.208300000000000182e+03 1.712518735354357702e+01 9.941079436691923066e-01
3.211800000000000182e+03 2.904540586458657092e+00 1.057121541692191968e+00
3.215300000000000182e+03 2.498487430758463468e+00 1.051110533790788892e+00
3.218800000000000182e+03 7.326954707996373273e+00 1.004364365648980018e+00
3.222300000000000182e+03 2.368433391533795174e+00 1.034266790811767978e+00
3.225800000000000182e+03 3.893357812454075084e+00 1.007034322381656688e+00
3.229300000000000182e+03 2.614120268863935337e+00 1.005684750120116489e+00
3.232800000000000182e+03 2.864701971858814478e+00 9.888529347313554929e-01
3.236300000000000182e+03 3.297081035836846752e+00 9.789459859586620016e-01
3.239800000000000182e+03 2.222602928078408979e+01 8.975432552434565725e-01
3.243300000000000182e+03 4.485581333829268047e+00 9.520274739496493721e-01
3.246800000000000182e+03 4.484667043574183332e+00 9.490197932420411098e-01
3.250300000000000182e+03 2.415344266853827904e+01 8.795940422720507357e-01
3.253800000000000182e+03 2.122850004541236402e+01 8.832238702777763795e-01
3.257300000000000182e+03 6.286168834602682054e+00 9.240118527818640404e-01
3.260800000000000182e+03 1.417138552697121767e+01 8.834939141459792200e-01
3.264300000000000182e+03 7.547000106683612763e+00 8.963957416878033380e-01
3.267800000000000182e+03 3.319198779480725392e+01 8.301446172309286942e-01
3.271300000000000182e+03 2.794892835716667889e+01 8.362088748639590063e-01
3.274800000000000182e+03 9.630257163450945512e+00 8.796894052761312643e-01
3.278300000000000182e+03 1.029108216159639788e+01 8.782522389150932973e-01
3.281800000000000182e+03 1.039593152380307473e+01 8.702246038664680494e-01
3.285300000000000182e+03 2.310080227185484247e+01 8.359517523398282135e-01
3.288800000000000182e+03 2.042761626662450425e+01 8.374075985658637755e-01
3.292300000000000182e+03 1.330594192021072963e+01 8.420022119477424960e-01
3.295800000000000182e+03 1.397335291630019327e+01 8.294870250750826512e-01
3.299300000000000182e+03 2.116172705378408025e+01 8.054606957025078895e-01
3.302800000000000182e+03 1.276712196877805638e+01 8.162000597273636471e-01
3.306300000000000182e+03 1.367378795504792421e+01 8.142970819592707521e-01
3.309800000000000182e+03 1.373736963884927498e+01 8.136405645054799463e-01
3.313300000000000182e+03 2.941259409624953136e+01 7.813223801328191831e-01
3.316800000000000182e+03 3.975047613444911576e+01 7.634427778141926746e-01
3.320300000000000182e+03 1.583179072969669576e+01 7.919049794339323434e-01
3.323800000000000182e+03 4.532519924853534121e+01 7.477416310353598439e-01
3.327300000000000182e+03 3.424313943662250637e+01 7.558546562571533123e-01
3.330800000000000182e+03 4.634956287591577251e+01 7.372019712714069639e-01
3.334300000000000182e+03 1.973811223523926373e+01 7.675917432006905683e-01
3.337800000000000182e+03 2.030822329995235620e+01 7.681752376936432647e-01
3.341300000000000182e+03 1.946477796673507399e+01 7.632816033926044241e-01
3.344800000000000182e+03 3.743110469623148617e+01 7.372803953961595269e-01
3.348300000000000182e+03 1.966023245326715241e+01 7.510245157556242335e-01
3.351800000000000182e+03 2.237191734649302788e+01 7.437095669618235538e-01
3.355300000000000182e+03 2.511633851489543190e+01 7.360294041965358414e-01
3.358800000000000182e+03 1.860102439017593667e+01 7.351215877668463294e-01
3.362300000000000182e+03 2.909021293698050670e+01 7.158908094121585464e-01
3.365800000000000182e+03 1.974558654212954778e+01 7.262318663817599607e-01
3.369300000000000182e+03 1.633884953644591675e+01 7.244185193736860651e-01
3.372800000000000182e+03 1.803331101252587843e+01 7.240002063753802064e-01
3.376300000000000182e+03 1.821007039366686087e+01 7.173701792399875821e-01
3.379800000000000182e+03 2.883632166599518953e+01 7.007297696792145203e-01
3.383300000000000182e+03 5.466912814313298696e+01 6.781712603723206723e-01
3.386800000000000182e+03 2.958179703851122255e+01 6.977075319823382582e-01
3.390300000000000182e+03 2.577230690399906976e+01 6.983086907841874469e-01
3.393800000000000182e+03 3.162889721383415420e+01 6.882298164301517973e-01
3.397300000000000182e+03 5.125896001493485699e+01 6.688398240014172824e-01
3.400800000000000182e+03 3.021292934158653409e+01 6.864097032175301427e-01
3.404300000000000182e+03 2.984530107597417725e+01 6.850483443664415750e-01
3.407800000000000182e+03 6.136509633164298805e+01 6.556784707532640200e-01
3.411300000000000182e+03 3.286200091321821759e+01 6.730985730264362754e-01
3.414800000000000182e+03 5.727373842007409621e+01 6.505515181898926524e-01
3.418300000000000182e+03 3.415146839489992914e+01 6.676044175373926359e-01
3.421800000000000182e+03 3.786138568760890877e+01 6.596799472171377410e-01
3.425300000000000182e+03 4.962247429963449719e+01 6.482082793805100662e-01
3.428800000000000182e+03 3.826879371868682966e+01 6.549908854859515239e-01
3.432300000000000182e+03 3.423449261975783031e+01 6.561256962277345339e-01
3.435800000000000182e+03 4.679540262955205776e+01 6.458246546536097199e-01
3.439300000000000182e+03 5.972131794093695589e+01 6.329297436595732185e-01
3.442800000000000182e+03 3.267269812529662687e+01 6.500630420073020277e-01
3.446300000000000182e+03 3.837030123529095960e+01 6.387915002173005785e-01
3.449800000000000182e+03 6.543911800235949272e+01 6.184545611228295936e-01
3.453300000000000182e+03 3.876953896595303917e+01 6.360405975470557749e-01
3.456800000000000182e+03 6.839497628405250396e+01 6.105165059929654747e-01
3.460300000000000182e+03 3.210104139191656003e+01 6.319199410252894777e-01
3.463800000000000182e+03 3.337492896925919439e+01 6.283129415808491602e-01
3.467300000000000182e+03 3.393714801882804721e+01 6.268722159057569243e-01
3.470800000000000182e+03 3.628013371544492571e+01 6.263216327702669783e-01
3.474300000000000182e+03 6.125762865284242764e+01 6.027921122376942442e-01
3.477800000000000182e+03 3.634664211175877568e+01 6.193955953101961676e-01
3.481300000000000182e+03 4.277262509221689157e+01 6.137450086493732027e-01
3.484800000000000182e+03 4.405291831413542525e+01 6.106146597138915055e-01
3.488300000000000182e+03 7.679407929564538904e+01 5.949211921214905274e-01
3.491800000000000182e+03 5.438369120559016778e+01 6.049337627586482968e-01
3.495300000000000182e+03 8.229909808365962931e+01 5.902857025172342231e-01
3.498800000000000182e+03 6.048784211794985310e+01 6.019400822894129810e-01
3.502300000000000182e+03 1.051424524508744156e+02 5.823859506539170727e-01
3.505800000000000182e+03 9.043847067721017652e+01 5.823912449851446071e-01
3.509300000000000182e+03 6.690005445616282032e+01 5.957158288502497623e-01
3.512800000000000182e+03 7.132958234339338333e+01 5.947226263933277357e-01
3.516300000000000182e+03 1.010031684734298807e+02 5.759921801383062201e-01
3.519800000000000182e+03 8.055682113673972822e+01 5.828154543459137527e-01
3.523300000000000182e+03 1.000907579183377294e+02 5.748594543539410351e-01
3.526800000000000182e+03 9.367080528482672719e+01 5.723516330787743467e-01
3.530300000000000182e+03 1.110546887574191857e+02 5.675896867059208040e-01
3.533800000000000182e+03 8.933607399638377444e+01 5.774012172901832329e-01
3.537300000000000182e+03 9.387255251914169207e+01 5.743801331101602292e-01
3.540800000000000182e+03 9.798511498740271009e+01 5.725753348945764598e-01
3.544300000000000182e+03 1.341727246166692566e+02 5.624994058826884302e-01
3.547800000000000182e+03 1.297819432552691694e+02 5.628495322487820918e-01
3.551300000000000182e+03 1.449269824923024714e+02 5.535902167266116836e-01
3.554800000000000182e+03 1.073984587918328089e+02 5.644745887347600855e-01
3.558300000000000182e+03 9.764541990194454968e+01 5.613082871100343318e-01
3.561800000000000182e+03 8.798143857755522390e+01 5.572679667946051074e-01
3.565300000000000182e+03 7.849520857221500592e+01 5.540687516210128782e-01
3.568800000000000182e+03 1.027881856946923023e+02 5.428721565669456517e-01
3.572300000000000182e+03 5.856223781124586480e+01 5.533603098892120320e-01
3.575800000000000182e+03 5.731189062139539203e+01 5.506829802969795962e-01
3.579300000000000182e+03 5.493889041542004747e+01 5.480801906687768899e-01
3.582800000000000182e+03 5.559158199606537920e+01 5.470670865140340178e-01
3.586300000000000182e+03 1.004640911383359594e+02 5.267248837377961346e-01
3.589800000000000182e+03 5.819761220256424394e+01 5.406325774428331066e-01
3.593300000000000182e+03 7.612456834368458658e+01 5.331882150078190996e-01
3.596800000000000182e+03 7.313153519291654447e+01 5.339375555405944107e-01
3.600300000000000182e+03 7.255271945229127084e+01 5.344228870171937595e-01
3.603800000000000182e+03 8.121685249062396394e+01 5.316937098581488996e-01
3.607300000000000182e+03 8.908704594011848599e+01 5.299433803776807395e-01
3.610800000000000182e+03 9.359097501491778814e+01 5.316556686508175922e-01
3.614300000000000182e+03 1.001060482640480132e+02 5.285311198078522787e-01
3.617800000000000182e+03 1.270816237764156824e+02 5.199093115401527410e-01
3.621300000000000182e+03 1.172811232234195558e+02 5.213443206390071527e-01
3.624800000000000182e+03 1.608881111750348509e+02 5.091659008670760267e-01
3.628300000000000182e+03 1.271300322141522372e+02 5.178695879000435598e-01
3.631800000000000182e+03 1.463828045087469434e+02 5.139586574304232380e-01
3.635300000000000182e+03 1.566238256392057622e+02 5.103509419456208063e-01
3.638800000000000182e+03 1.518895553682139621e+02 5.105971382661199653e-01
3.642300000000000182e+03 1.906084889271798488e+02 5.013816776103134920e-01
3.645800000000000182e+03 2.029802327526760450e+02 5.002177259644272622e-01
3.649300000000000182e+03 2.110896720906926589e+02 5.000183418576531480e-01
3.652800000000000182e+03 2.344171084031227679e+02 4.943711238711446243e-01
3.656300000000000182e+03 1.998075096898726315e+02 5.045478460655122843e-01
3.659800000000000182e+03 2.115332279507084365e+02 5.024440931503481034e-01
3.663300000000000182e+03 2.198107303251867961e+02 5.013010839598520674e-01
3.666800000000000182e+03 2.591026803749230112e+02 4.942908336175644290e-01
3.670300000000000182e+03 2.437674013082078659e+02 4.978444187814844435e-01
3.673800000000000182e+03 2.448320606500385281e+02 4.963369102954450773e-01
3.677300000000000182e+03 2.422985483590557578e+02 4.910575574993584214e-01
3.680800000000000182e+03 2.212361753281209360e+02 4.919141294748778925e-01
3.684300000000000182e+03 2.231741173771191029e+02 4.851199806479175036e-01
3.687800000000000182e+03 2.071280883146588394e+02 4.856584940761761171e-01
3.691300000000000182e+03 2.046596632236877156e+02 4.805805935521966776e-01
3.694800000000000182e+03 2.054403126473861789e+02 4.765600098503853244e-01
3.698300000000000182e+03 2.110344411349475422e+02 4.727983333113806586e-01
3.701800000000000182e+03 1.976685419444532386e+02 4.737830917958342214e-01
3.705300000000000182e+03 2.039044452351914742e+02 4.709505328154704462e-01
3.708800000000000182e+03 1.921763870034807553e+02 4.691361983235389221e-01
3.712300000000000182e+03 1.535967142158803824e+02 4.753978323137851292e-01
3.715800000000000182e+03 1.471164665599656018e+02 4.700925128170007627e-01
3.719300000000000182e+03 1.240650735653732681e+02 4.676137823613988886e-01
3.722800000000000182e+03 1.597279889654805913e+02 4.556628729265340128e-01
3.726300000000000182e+03 1.526412897187424846e+02 4.523896024394283844e-01
3.729800000000000182e+03 1.408165541041476558e+02 4.510583053736740289e-01
3.733300000000000182e+03 9.205644368854099469e+01 4.606319203068291457e-01
3.736800000000000182e+03 9.524932110579499067e+01 4.572882347024278538e-01
3.740300000000000182e+03 9.254126001108468813e+01 4.606038141928865959e-01
3.743800000000000182e+03 1.198262538223773248e+02 4.512196831997727919e-01
3.747300000000000182e+03 1.241145086666903126e+02 4.537941089684190965e-01
3.750800000000000182e+03 1.688314112279069832e+02 4.496637602103249476e-01
3.754300000000000182e+03 1.550574355858534261e+02 4.546969191126580823e-01
3.757800000000000182e+03 1.967630733286383986e+02 4.476286037881661573e-01
3.761300000000000182e+03 2.282207598677047145e+02 4.464475118610960469e-01
3.764800000000000182e+03 2.438945719219132684e+02 4.447586012080437801e-01
3.768300000000000182e+03 3.148120292543358119e+02 4.349178270644452615e-01
3.771800000000000182e+03 2.869930465781782232e+02 4.417928817510770045e-01
3.775300000000000182e+03 3.061282270289315761e+02 4.408979683467790234e-01
3.778800000000000182e+03 3.111077856758454345e+02 4.387728297050291215e-01
3.782300000000000182e+03 3.216281953666433537e+02 4.385544234136224406e-01
3.785800000000000182e+03 3.252442604188065047e+02 4.379563175517128815e-01
3.789300000000000182e+03 3.714063141943981918e+02 4.317891004762429152e-01
3.792800000000000182e+03 3.411777235092537808e+02 4.334857108314481011e-01
3.796300000000000182e+03 3.747661115830109111e+02 4.307258826933808016e-01
3.799800000000000182e+03 3.412451840727378567e+02 4.326635618154239249e-01
3.803300000000000182e+03 3.313239344838828515e+02 4.352816522254872034e-01
3.806800000000000182e+03 3.642315703833759244e+02 4.319884052265585139e-01
3.810300000000000182e+03 3.224409072875798188e+02 4.324325128745792335e-01
3.813800000000000182e+03 3.240077464625476864e+02 4.290370006220957655e-01
3.817300000000000182e+03 3.121283308645266175e+02 4.219892440071956741e-01
3.820800000000000182e+03 2.545513670851874792e+02 4.147527669050194987e-01
3.824300000000000182e+03 2.428510532424281507e+02 4.097877684180460389e-01
3.827800000000000182e+03 1.871994469940672161e+02 4.076729290835468533e-01
3.831300000000000182e+03 2.058863871784176354e+02 3.998976682077144962e-01
3.834800000000000182e+03 1.923799191061833369e+02 4.047249137206734293e-01
3.838300000000000182e+03 2.074652211854611039e+02 4.102018053102657325e-01
3.841800000000000182e+03 2.750870359135903414e+02 4.089020141231123340e-01
3.845300000000000182e+03 2.484299505322979940e+02 4.138430974821937225e-01
3.848800000000000182e+03 2.713907556200050522e+02 4.125301184443651015e-01
3.852300000000000182e+03 2.980713490003599304e+02 4.092772945140302765e-01
3.855800000000000182e+03 2.777600166677278253e+02 4.116868736275459684e-01
3.859300000000000182e+03 2.839630609869387854e+02 4.108655225529446731e-01
3.862800000000000182e+03 2.745023530323045406e+02 4.112217159555830448e-01
3.866300000000000182e+03 2.744490885077182725e+02 4.126166376314777673e-01
3.869800000000000182e+03 2.630549590539128531e+02 4.119298807567391973e-01
3.873300000000000182e+03 3.038496610290238209e+02 4.072570231869689916e-01
3.876800000000000182e+03 2.936923072846680043e+02 4.027632134645491302e-01
3.880300000000000182e+03 2.841395782497203299e+02 3.956941513131127519e-01
3.883800000000000182e+03 2.896491723056333853e+02 3.824129661093229604e-01
3.887300000000000182e+03 3.047192069604680569e+02 3.723378929644419744e-01
3.890800000000000182e+03 3.226280800868762526e+02 3.671061862528026132e-01
3.894300000000000182e+03 3.740316732413277805e+02 3.677086608332687523e-01
3.897800000000000182e+03 3.729702014302523594e+02 3.816961508869608499e-01
3.901300000000000182e+03 4.097277072387253156e+02 3.896713796909727079e-01
3.904800000000000182e+03 4.245184690350610595e+02 3.956396928988631934e-01
3.908300000000000182e+03 4.902178676477342947e+02 3.965328248764575791e-01
3.911800000000000182e+03 4.316102082391007571e+02 3.969616369216064644e-01
3.915300000000000182e+03 4.432011690815788825e+02 3.907959423509101415e-01
3.918800000000000182e+03 3.821782969262594634e+02 3.853149111316633846e-01
3.922300000000000182e+03 3.207535253048393997e+02 3.797675638230299522e-01
3.925800000000000182e+03 3.144756402215998037e+02 3.710512051693503621e-01
3.929300000000000182e+03 2.701882959909226543e+02 3.675352195317255211e-01
3.932800000000000182e+03 2.828501234479756477e+02 3.657164259220525016e-01
3.936300000000000182e+03 2.971736949036691726e+02 3.707981490615977482e-01
3.939800000000000182e+03 3.982220354043827797e+02 3.743140960801321082e-01
3.943300000000000182e+03 4.086276060328198696e+02 3.794535774581390686e-01
3.946800000000000182e+03 4.593421359340705976e+02 3.815091647209680747e-01
3.950300000000000182e+03 4.321904572317936868e+02 3.853320946153896420e-01
3.953800000000000182e+03 4.374222234729917318e+02 3.812960958468873396e-01
3.957300000000000182e+03 4.290361488313767495e+02 3.728844238276500245e-01
3.960800000000000182e+03 3.946591583956382010e+02 3.637911295633193820e-01
3.964300000000000182e+03 4.078992050715556843e+02 3.485936441874372682e-01
3.967800000000000182e+03 4.211058163945914998e+02 3.351753727291514329e-01
3.971300000000000182e+03 4.897192613226849289e+02 3.350406603771559078e-01
3.974800000000000182e+03 5.657186944626595277e+02 3.369318645410870894e-01
3.978300000000000182e+03 5.951570692882290814e+02 3.524753568847575069e-01
3.981800000000000182e+03 7.120067556334487335e+02 3.562767185411387372e-01
3.985300000000000182e+03 8.230980473153299499e+02 3.626801118864229068e-01
3.988800000000000182e+03 8.960315914728812459e+02 3.621961805563504444e-01
3.992300000000000182e+03 9.709606599019305122e+02 3.642513451288819648e-01
3.995800000000000182e+03 1.023084674145092777e+03 3.586778162215613075e-01
3.999300000000000182e+03 1.098812335177984096e+03 3.580771926317589116e-01
4.002800000000000182e+03 1.154587660215856658e+03 3.536218338621658352e-01
4.006300000000000182e+03 1.196670812294623147e+03 3.545628900201577283e-01
4.009800000000000182e+03 1.214694908385203917e+03 3.537827608220318054e-01
4.013300000000000182e+03 1.181216750636070628e+03 3.493632510556726745e-01
4.016800000000000182e+03 1.151758749829468343e+03 3.500594147152595870e-01
4.020300000000000182e+03 1.092093503129201963e+03 3.482881871853683031e-01
4.023800000000000182e+03 1.060681577942601962e+03 3.444026321584451877e-01
4.027300000000000182e+03 1.072986937055922454e+03 3.417862462523991729e-01
4.030800000000000182e+03 1.034984789428461681e+03 3.432373278242715209e-01
4.034300000000000182e+03 1.002900398904760095e+03 3.426457981786970031e-01
4.037800000000000182e+03 1.039820381530569421e+03 3.389408880729292139e-01
4.041300000000000182e+03 1.080053813465948224e+03 3.404364075883535290e-01
4.044800000000000182e+03 1.132206594476769624e+03 3.395383344050136865e-01
4.048300000000000182e+03 1.128105994377256366e+03 3.401326910588627350e-01
4.051800000000000182e+03 1.137622072706883955e+03 3.369597702463491551e-01
4.055300000000000182e+03 1.222750608857899806e+03 3.352113777313754372e-01
4.058800000000000182e+03 1.157911551765209197e+03 3.327009140511307250e-01
4.062300000000000182e+03 1.117271222403534694e+03 3.348707035892258821e-01
4.065800000000000182e+03 1.141744473025670914e+03 3.336494538450367475e-01
4.069300000000000182e+03 1.166003288274467650e+03 3.322690922096814270e-01
4.072800000000000182e+03 1.263109645088793741e+03 3.285702472591962575e-01
4.076300000000000182e+03 1.303804601418515858e+03 3.311760150591668284e-01
4.079800000000000182e+03 1.368024205706981093e+03 3.295879485011858345e-01
4.083300000000000182e+03 1.489086380894346348e+03 3.274051661557953463e-01
4.086800000000000182e+03 1.543762331844392520e+03 3.263081789102864616e-01
4.090300000000000182e+03 1.598862679691521407e+03 3.270893377825621617e-01
4.093800000000000182e+03 1.608599938154954543e+03 3.210478260847183796e-01
4.097300000000000182e+03 1.558765604273319468e+03 3.207653721364375765e-01
4.100800000000000182e+03 1.563250811004701973e+03 3.114097884158986140e-01
4.104300000000000182e+03 1.493068339853772386e+03 3.107367520759921620e-01
4.107800000000000182e+03 1.424989225625729887e+03 3.050337648028267901e-01
4.111300000000000182e+03 1.396977893838216232e+03 3.016988723147714380e-01
4.114800000000000182e+03 1.404090171882356117e+03 3.062298279159146874e-01
4.118300000000000182e+03 1.410487562999536522e+03 3.089605765024948103e-01
4.121800000000000182e+03 1.461474035309176315e+03 3.158436310177176187e-01
4.125300000000000182e+03 1.457140330533694396e+03 3.193318378269073277e-01
4.128800000000000182e+03 1.504642653651242426e+03 3.184988605101596870e-01
4.132300000000000182e+03 1.578029827864608023e+03 3.149493191244606694e-01
4.135800000000000182e+03 1.580595545851224642e+03 3.142063438541234377e-01
4.139300000000000182e+03 1.525283445231286578e+03 3.117926385339029882e-01
4.142800000000000182e+03 1.530210506729200688e+03 3.081878324823913995e-01
4.146300000000000182e+03 1.517870078026273632e+03 3.075195445483811518e-01
4.149800000000000182e+03 1.518953886394221399e+03 3.062275257653080951e-01
4.153300000000000182e+03 1.548729323395509709e+03 3.057177158630696723e-01
4.156800000000000182e+03 1.566713296069566240e+03 3.043463772444111592e-01
4.160300000000000182e+03 1.618635506615992654e+03 3.025380554784599108e-01
4.163800000000000182e+03 1.620453600243947676e+03 3.031622512914459167e-01
4.167300000000000182e+03 1.658022206801930679e+03 3.018160504456200433e-01
4.170800000000000182e+03 1.653107562228714414e+03 3.018416706400559035e-01
4.174300000000000182e+03 1.665864471462542497e+03 3.023295881897169468e-01
4.177800000000000182e+03 1.695278554080698768e+03 2.981365016623284681e-01
4.181300000000000182e+03 1.662159282071800135e+03 2.967873605200428977e-01
4.184800000000000182e+03 1.707364896723024685e+03 2.950272417742146325e-01
4.188300000000000182e+03 1.600495108042358879e+03 2.959102800361059771e-01
4.191800000000000182e+03 1.549530115029058379e+03 2.953374665936014942e-01
4.195300000000000182e+03 1.467877445633115485e+03 2.933904959093481257e-01
4.198800000000000182e+03 1.370945066971012466e+03 2.954278977144780272e-01
4.202300000000000182e+03 1.304468124260029754e+03 2.932919134257285787e-01
4.205800000000000182e+03 1.196408308276522575e+03 2.899657290829917855e-01
4.209300000000000182e+03 1.116064992533034911e+03 2.908459861608891917e-01
4.212800000000000182e+03 1.003914202755947485e+03 2.892717275555272693e-01
4.216300000000000182e+03 8.303211989742804917e+02 2.898077998334825378e-01
4.219800000000000182e+03 7.197000216718392949e+02 2.868022058264703134e-01
4.223300000000000182e+03 6.416388853204290399e+02 2.874450665926800985e-01
4.226800000000000182e+03 6.201087193171779290e+02 2.821443197220516175e-01
4.230300000000000182e+03 5.692524836308818976e+02 2.832102278220018921e-01
4.233800000000000182e+03 6.199874256559901369e+02 2.821882222797030826e-01
4.237300000000000182e+03 7.199386561788181780e+02 2.806377584228297306e-01
4.240800000000000182e+03 7.711829164640832914e+02 2.842457376714231931e-01
4.244300000000000182e+03 9.046186964779229811e+02 2.832180813560464805e-01
4.247800000000000182e+03 1.020139048421774191e+03 2.820277639907555756e-01
4.251300000000000182e+03 1.202518554350064505e+03 2.784790148097619489e-01
4.254800000000000182e+03 1.227498225251575604e+03 2.779816202012700965e-01
4.258300000000000182e+03 1.319309366900146642e+03 2.756555824267277188e-01
4.261800000000000182e+03 1.457854716486673851e+03 2.738426609288731051e-01
4.265300000000000182e+03 1.421172559544730802e+03 2.760188046407161533e-01
4.268800000000000182e+03 1.552557471120230730e+03 2.744657780563621863e-01
4.272300000000000182e+03 1.602897398906282433e+03 2.737393789345787254e-01
4.275800000000000182e+03 1.557561577152983773e+03 2.727033757937212810e-01
4.279300000000000182e+03 1.575560358023182971e+03 2.732352492202670402e-01
4.282800000000000182e+03 1.585620621511470517e+03 2.728674010047021370e-01
4.286300000000000182e+03 1.600513373096830492e+03 2.715925121137562348e-01
4.289800000000000182e+03 1.614085825715431156e+03 2.725571114055012623e-01
4.293300000000000182e+03 1.636308017687991423e+03 2.702279211988218299e-01
4.296800000000000182e+03 1.643277429903639131e+03 2.704430662646642447e-01
4.300300000000000182e+03 1.762992327074724017e+03 2.670448932024446775e-01
4.303800000000000182e+03 1.751414384631572602e+03 2.678141006978398964e-01
4.307300000000000182e+03 1.813365754205844723e+03 2.687641541888630692e-01
4.310800000000000182e+03 1.885982864757545940e+03 2.672082728713104371e-01
4.314300000000000182e+03 2.043310332628577044e+03 2.659378381931409296e-01
4.317800000000000182e+03 2.233038124463620534e+03 2.625268033514221444e-01
4.321300000000000182e+03 2.335403718834136271e+03 2.628363865475761840e-01
4.324800000000000182e+03 2.481022630766519796e+03 2.629351992501111068e-01
4.328300000000000182e+03 2.646683646991040405e+03 2.595568418531172816e-01
4.331800000000000182e+03 2.759552717889948781e+03 2.579518414104915447e-01
4.335300000000000182e+03 2.806192163049366627e+03 2.598403940038058191e-01
4.338800000000000182e+03 2.910074788523158531e+03 2.541864560524059180e-01
4.342300000000000182e+03 3.025270204119533901e+03 2.506008029130301074e-01
4.345800000000000182e+03 3.136827710144602861e+03 2.462811621425208541e-01
4.349300000000000182e+03 3.248062314386595972e+03 2.412093168635361662e-01
4.352800000000000182e+03 3.262265285953334114e+03 2.442083826317224815e-01
4.356300000000000182e+03 3.345250750050039642e+03 2.467005934960482538e-01
4.359800000000000182e+03 3.322458903094102880e+03 2.511443745835657548e-01
4.363300000000000182e+03 3.302395971670376639e+03 2.575873627498299068e-01
4.366800000000000182e+03 3.279204910549110991e+03 2.592316491980093951e-01
4.370300000000000182e+03 3.363137851207752192e+03 2.583760238096867723e-01
4.373800000000000182e+03 3.268587507693216139e+03 2.576868861052611925e-01
4.377300000000000182e+03 3.228276411826343519e+03 2.523922123586908595e-01
4.380800000000000182e+03 3.207994018344314100e+03 2.499078413012917610e-01
4.384300000000000182e+03 3.075584005177013296e+03 2.470134907329624152e-01
4.387800000000000182e+03 2.971098876013882546e+03 2.479324775596760122e-01
4.391300000000000182e+03 2.990088745939486216e+03 2.465355783895583075e-01
4.394800000000000182e+03 2.997121053369742640e+03 2.448473631701911513e-01
4.398300000000000182e+03 2.932277688202470017e+03 2.455718177287991022e-01
4.401800000000000182e+03 2.952060329831290346e+03 2.454736074192187256e-01
4.405300000000000182e+03 2.994748865441395992e+03 2.447370286303351128e-01
4.408800000000000182e+03 3.019360770288425556e+03 2.464361470326739689e-01
4.412300000000000182e+03 2.984378852548624309e+03 2.445512670133629107e-01
4.415800000000000182e+03 3.024253163337847127e+03 2.431914042673139209e-01
4.419300000000000182e+03 2.960063188372068907e+03 2.427155910151871931e-01
4.422800000000000182e+03 2.915328605604691347e+03 2.423028903637437503e-01
4.426300000000000182e+03 3.076204242556504596e+03 2.400327589083417756e-01
4.429800000000000182e+03 2.971473064544358294e+03 2.415221882137137122e-01
4.433300000000000182e+03 2.963655351390451415e+03 2.397495454288602057e-01
4.436800000000000182e+03 3.136256001579580243e+03 2.386919706437470867e-01
4.440300000000000182e+03 3.125853473970595587e+03 2.377890060597403765e-01
4.443800000000000182e+03 3.145188007850674239e+03 2.394078318069029487e-01
4.447300000000000182e+03 3.260558069933395927e+03 2.384797544647337120e-01
4.450800000000000182e+03 3.415072473919102322e+03 2.394167201431341707e-01
4.454300000000000182e+03 3.506054717349742532e+03 2.349850658501284884e-01
4.457800000000000182e+03 3.493436534849165582e+03 2.378680208784699213e-01
4.461300000000000182e+03 3.605129894320904896e+03 2.354081775305653101e-01
4.464800000000000182e+03 3.765474879068398877e+03 2.334467187917096398e-01
4.468300000000000182e+03 3.808336616773953210e+03 2.332677137547395640e-01
4.471800000000000182e+03 3.876669327692510706e+03 2.310439133016614632e-01
4.475300000000000182e+03 4.003497100109963412e+03 2.288480589531395881e-01
4.478800000000000182e+03 3.977981229902422911e+03 2.311592492963098766e-01
4.482300000000000182e+03 4.137006806969356148e+03 2.295424995499995291e-01
4.485800000000000182e+03 4.225058615321540856e+03 2.275670967241097131e-01
4.489300000000000182e+03 4.228470277000133137e+03 2.274694610670822126e-01
4.492800000000000182e+03 4.340049218294509046e+03 2.277624395427008119e-01
4.496300000000000182e+03 4.410923100028704539e+03 2.292166842930723758e-01
4.499800000000000182e+03 4.517198633337480715e+03 2.284471224231855169e-01
4.503300000000000182e+03 4.603527015324812055e+03 2.264384980053796848e-01
4.506800000000000182e+03 4.715472423786410218e+03 2.244342181227065303e-01
4.510300000000000182e+03 4.694462098188583695e+03 2.237364285049197599e-01
4.513800000000000182e+03 4.617836937074111120e+03 2.261474754179381708e-01
4.517300000000000182e+03 4.573707240553854717e+03 2.249242949502202049e-01
4.520800000000000182e+03 4.405076583383292018e+03 2.231518421923270878e-01
4.524300000000000182e+03 4.195720344054539964e+03 2.238161501508924567e-01
4.527800000000000182e+03 4.231520096294579162e+03 2.203510451544137272e-01
4.531300000000000182e+03 4.102254565861740048e+03 2.232295239714923440e-01
4.534800000000000182e+03 4.010060541075699803e+03 2.251313909101370914e-01
4.538300000000000182e+03 4.166773251297332536e+03 2.200903411318722580e-01
4.541800000000000182e+03 4.276161979215816245e+03 2.208198629006119240e-01
4.545300000000000182e+03 4.353102308847468521e+03 2.196689025375299642e-01
4.548800000000000182e+03 4.438995749787107343e+03 2.179325510118276243e-01
4.552300000000000182e+03 4.650153538952593408e+03 2.186289760789861258e-01
4.555800000000000182e+03 4.805281685820804341e+03 2.177826786826421168e-01
4.559300000000000182e+03 4.890365811970124923e+03 2.161003543214022049e-01
4.562800000000000182e+03 5.073620602633271119e+03 2.179781852423204602e-01
4.566300000000000182e+03 5.200136542565785930e+03 2.168937024252616252e-01
4.569800000000000182e+03 5.117380826522548887e+03 2.161294764678148572e-01
4.573300000000000182e+03 5.059284785980983543e+03 2.164442275246168945e-01
4.576800000000000182e+03 5.003849062547467838e+03 2.147733040060254006e-01
4.580300000000000182e+03 4.863161909378492965e+03 2.143734935552464027e-01
4.583800000000000182e+03 4.754777530104779544e+03 2.129982014547885105e-01
4.587300000000000182e+03 4.691658399802462554e+03 2.113558878781149342e-01
4.590800000000000182e+03 4.610975996768609548e+03 2.117716680378499694e-01
4.594300000000000182e+03 4.598871169151385402e+03 2.122744613545360648e-01
4.597800000000000182e+03 4.746039343226277197e+03 2.097132720749429191e-01
4.601300000000000182e+03 4.830173890085410676e+03 2.108863065773421974e-01
4.604800000000000182e+03 4.922037983992492627e+03 2.095283212206346390e-01
4.608300000000000182e+03 4.960811899692136649e+03 2.096302957825940672e-01
4.611800000000000182e+03 4.954319846740766479e+03 2.085922791056104564e-01
4.615300000000000182e+03 5.013543386665618527e+03 2.075882661886126745e-01
4.618800000000000182e+03 4.899641724745064494e+03 2.094576580793618137e-01
4.622300000000000182e+03 4.878506680006984425e+03 2.088124090703774305e-01
4.625800000000000182e+03 4.733705717365117380e+03 2.065716277238011933e-01
4.629300000000000182e+03 4.817242789782281761e+03 2.059952238074448660e-01
4.632800000000000182e+03 4.775025006516546455e+03 2.035732499568430054e-01
4.636300000000000182e+03 4.688327530348929031e+03 2.044004858862956964e-01
4.639800000000000182e+03 4.631280608585291702e+03 2.042897870362286317e-01
4.643300000000000182e+03 4.650857292645613597e+03 2.060646343888737630e-01
4.646800000000000182e+03 4.766158641865068603e+03 2.005430222525030892e-01
4.650300000000000182e+03 4.793486980464565022e+03 2.021601717845689927e-01
4.653800000000000182e+03 4.768927426104037295e+03 2.038975620823510748e-01
4.657300000000000182e+03 4.880709965082123745e+03 2.003606609908788749e-01
4.660800000000000182e+03 4.884623214644559084e+03 2.011777421368589613e-01
4.664300000000000182e+03 5.025673614004195770e+03 2.005993156003396394e-01
4.667800000000000182e+03 5.008071187373421708e+03 2.009628000615554244e-01
4.671300000000000182e+03 4.990416151796634040e+03 2.004668917996406674e-01
4.674800000000000182e+03 5.118308895849332657e+03 1.994065446204053016e-01
4.678300000000000182e+03 5.071127638650879817e+03 1.988055064313703768e-01
4.681800000000000182e+03 5.137509400357213963e+03 1.975238704265501188e-01
4.685300000000000182e+03 5.077637946688763805e+03 1.992637729212255182e-01
4.688800000000000182e+03 5.062112937668519407e+03 1.986930209714351803e-01
4.692300000000000182e+03 5.039939474079951651e+03 1.969532784254378055e-01
4.695800000000000182e+03 5.111173061935563965e+03 1.982312681592468262e-01
4.699300000000000182e+03 5.107295687903467297e+03 1.957478380413547603e-01
4.702800000000000182e+03 5.023576826533521853e+03 1.964257128308232736e-01
4.706300000000000182e+03 5.069243078089680239e+03 1.909691244010122968e-01
4.709800000000000182e+03 5.064294495857907350e+03 1.930382238874044643e-01
4.713300000000000182e+03 5.017314091913634911e+03 1.933883426268299954e-01
4.716800000000000182e+03 4.947572901212371107e+03 1.937773385838494344e-01
4.720300000000000182e+03 4.935220821430105389e+03 1.924412467507551350e-01
4.723800000000000182e+03 4.898592522184940208e+03 1.922268537436442326e-01
4.727300000000000182e+03 4.842008657583784043e+03 1.931217276854901299e-01
4.730800000000000182e+03 4.819069777089104718e+03 1.920003252139981798e-01
4.734300000000000182e+03 4.968278801238781853e+03 1.917987665281254417e-01
4.737800000000000182e+03 4.911164844445910603e+03 1.908806318067031715e-01
4.741300000000000182e+03 4.925065440716483863e+03 1.893853012452631768e-01
4.744800000000000182e+03 4.838809119815950908e+03 1.881259971383642815e-01
4.748300000000000182e+03 4.816176846557023055e+03 1.900000273777414372e-01
4.751800000000000182e+03 4.724764196600135620e+03 1.872030208841351517e-01
4.755300000000000182e+03 4.402401105617667781e+03 1.898741487121465565e-01
4.758800000000000182e+03 4.212613307487492420e+03 1.855069160674046869e-01
4.762300000000000182e+03 4.016995596500749798e+03 1.870283847288918833e-01
4.765800000000000182e+03 3.740977622761024577e+03 1.862066112745888458e-01
4.769300000000000182e+03 3.616688431576937091e+03 1.860331791095874987e-01
4.772800000000000182e+03 3.558333170027989127e+03 1.871189077706382209e-01
4.776300000000000182e+03 3.659566161541361453e+03 1.863953315571306169e-01
4.779800000000000182e+03 3.738860168801965301e+03 1.846649020309983624e-01
4.783300000000000182e+03 3.771050796220210941e+03 1.885337188284455789e-01
4.786800000000000182e+03 3.847497525424913420e+03 1.867888210371862756e-01
4.790300000000000182e+03 3.946067478987768027e+03 1.856798391250080726e-01
4.793800000000000182e+03 4.118396145880497897e+03 1.844199444024365031e-01
4.797300000000000182e+03 4.041384487563937455e+03 1.842747958976292677e-01
4.800800000000000182e+03 4.180014520657660796e+03 1.832683714526206209e-01
4.804300000000000182e+03 4.134006966747809201e+03 1.844068931149286661e-01
4.807800000000000182e+03 4.315109972018931330e+03 1.831040208429215443e-01
4.811300000000000182e+03 4.288995516717091050e+03 1.818296615280694806e-01
4.814800000000000182e+03 4.415831073484463559e+03 1.830954002801427338e-01
4.818300000000000182e+03 4.467919260751589718e+03 1.823265496795649643e-01
4.821800000000000182e+03 4.534861680206708115e+03 1.833885327234690832e-01
4.825300000000000182e+03 4.617075279215801856e+03 1.843249455119441993e-01
4.828800000000000182e+03 4.720118383412478579e+03 1.840431720694302720e-01
4.832300000000000182e+03 4.850265765169400765e+03 1.829810155413548467e-01
4.835800000000000182e+03 4.874070261902935272e+03 1.826633826359503887e-01
4.839300000000000182e+03 4.967075507927295803e+03 1.797492133148398674e-01
4.842800000000000182e+03 5.021563074004465307e+03 1.803870203117572124e-01
4.846300000000000182e+03 5.198365783025825294e+03 1.794350945883696202e-01
4.849800000000000182e+03 5.212046227241798078e+03 1.798256982882723842e-01
4.853300000000000182e+03 5.357017045627610059e+03 1.776033879791145131e-01
4.856800000000000182e+03 5.481313325227822133e+03 1.744964522332149159e-01
4.860300000000000182e+03 5.506325415959767270e+03 1.718916486433531010e-01
4.863800000000000182e+03 5.606260370574987064e+03 1.674984569699770054e-01
4.867300000000000182e+03 5.796181082680786858e+03 1.632266910804704430e-01
4.870800000000000182e+03 5.844399055737595518e+03 1.628058325103852177e-01
4.874300000000000182e+03 5.920717286458443596e+03 1.648259116065240171e-01
4.877800000000000182e+03 6.042231921096430597e+03 1.699627656945630894e-01
4.881300000000000182e+03 6.038683139503192251e+03 1.755756452430630443e-01
4.884800000000000182e+03 6.075246927436844089e+03 1.773963292637062150e-01
4.888300000000000182e+03 6.081337068839811764e+03 1.814505844058182937e-01
4.891800000000000182e+03 6.261816188562391289e+03 1.769673251861740293e-01
4.895300000000000182e+03 6.214358937717775007e+03 1.789394602732382322e-01
4.898800000000000182e+03 6.371325393556247946e+03 1.742537179629855826e-01
4.902300000000000182e+03 6.414852067908862409e+03 1.746240808133632250e-01
4.905800000000000182e+03 6.448262050845132762e+03 1.741553211211607499e-01
4.909300000000000182e+03 6.565834884602322745e+03 1.709532734126877340e-01
4.912800000000000182e+03 6.560599554333532069e+03 1.718352346645455053e-01
4.916300000000000182e+03 6.524290171906532123e+03 1.708418417028463865e-01
4.919800000000000182e+03 6.595389961166204557e+03 1.706113112147756294e-01
4.923300000000000182e+03 6.447069930950479829e+03 1.703181961161741864e-01
4.926800000000000182e+03 6.585156618045096366e+03 1.698337384266636885e-01
4.930300000000000182e+03 6.399231125983662423e+03 1.702285313335560601e-01
4.933800000000000182e+03 6.258522467156640232e+03 1.712892474821642863e-01
4.937300000000000182e+03 6.219856320623414831e+03 1.669744197212393866e-01
4.940800000000000182e+03 5.971795007191734840e+03 1.691592924089571903e-01
4.944300000000000182e+03 5.674201719311728993e+03 1.683033896087334780e-01
4.947800000000000182e+03 5.494961715164491579e+03 1.681704254927894049e-01
4.951300000000000182e+03 5.262780063924144997e+03 1.673522876077679911e-01
4.954800000000000182e+03 5.053271959374403195e+03 1.684665060699623018e-01
4.958300000000000182e+03 4.775164339226049378e+03 1.682174884440282847e-01
4.961800000000000182e+03 4.564702529974309073e+03 1.664862193365369558e-01
4.965300000000000182e+03 4.546686896684195744e+03 1.668455674667085331e-01
4.968800000000000182e+03 4.277401007543223386e+03 1.685356261283416923e-01
4.972300000000000182e+03 4.286734579487226256e+03 1.659766883353771538e-01
4.975800000000000182e+03 4.282316094935019464e+03 1.669663927263750069e-01
4.979300000000000182e+03 4.239755876765597350e+03 1.666304048642916202e-01
4.982800000000000182e+03 4.278942410643183393e+03 1.652953967443178684e-01
4.986300000000000182e+03 4.416721213225911924e+03 1.641747644248449933e-01
4.989800000000000182e+03 4.383094298215168237e+03 1.685246888319992253e-01
4.993300000000000182e+03 4.324304581466814852e+03 1.660527948908933349e-01
4.996800000000000182e+03 4.216770260727666027e+03 1.667937500646258508e-01
5.000300000000000182e+03 4.230690682750041560e+03 1.656114552748460533e-01
5.003800000000000182e+03 4.062600346715161322e+03 1.639173772477711399e-01
5.007300000000000182e+03 3.996618616653519439e+03 1.652444659130302695e-01
5.010800000000000182e+03 3.979422437028726563e+03 1.637204360123570290e-01
5.014300000000000182e+03 4.075959147275811119e+03 1.641130406166918243e-01
5.017800000000000182e+03 4.079402188280335849e+03 1.649824136696660948e-01
5.021300000000000182e+03 4.332174632069879408e+03 1.645864891034077848e-01
5.024800000000000182e+03 4.403339775614013888e+03 1.669829306748338016e-01
5.028300000000000182e+03 4.393619083558543934e+03 1.654033132109114790e-01
5.031800000000000182e+03 4.481128635209499407e+03 1.685044144956130696e-01
5.035300000000000182e+03 4.509165077491733427e+03 1.682115250410274876e-01
5.038800000000000182e+03 4.520951308331200380e+03 1.675727552906411677e-01
5.042300000000000182e+03 4.468909708373578724e+03 1.659758514348624869e-01
5.045800000000000182e+03 4.505118461936113818e+03 1.645291400560166817e-01
5.049300000000000182e+03 4.462927077235512115e+03 1.634290678023828103e-01
5.052800000000000182e+03 4.530347912589341831e+03 1.618274177818158632e-01
5.056300000000000182e+03 4.423286233541096408e+03 1.640529638210910524e-01
5.059800000000000182e+03 4.424880322248489392e+03 1.639130654582125479e-01
5.063300000000000182e+03 4.414152260991406365e+03 1.628367138584053131e-01
5.066800000000000182e+03 4.541840989573473053e+03 1.631968058031597890e-01
5.070300000000000182e+03 4.498615784047946363e+03 1.621728434353924830e-01
5.073800000000000182e+03 4.484081118128757225e+03 1.620500658772015823e-01
5.077300000000000182e+03 4.568445793332690300e+03 1.611105881927803463e-01
5.080800000000000182e+03 4.527951610048690782e+03 1.634448698342923223e-01
5.084300000000000182e+03 4.507981247069657002e+03 1.590238381890752561e-01
5.087800000000000182e+03 4.603961343268711971e+03 1.605714618503563118e-01
5.091300000000000182e+03 4.519427899183017871e+03 1.607263330928438427e-01
5.094800000000000182e+03 4.749822208451603728e+03 1.587913014048366322e-01
5.098300000000000182e+03 4.686841784583737535e+03 1.581472322001139796e-01
5.101800000000000182e+03 4.707921518864292921e+03 1.551153805364705873e-01
5.105300000000000182e+03 4.817038130926179292e+03 1.578168270275793483e-01
5.108800000000000182e+03 4.767644506646219270e+03 1.558083873296003119e-01
5.112300000000000182e+03 4.763916528299874699e+03 1.553938629748784495e-01
5.115800000000000182e+03 4.789348107875698588e+03 1.560122183650427818e-01
5.119300000000000182e+03 4.805666371353183422e+03 1.541039443679020349e-01
5.122800000000000182e+03 4.758915493873063497e+03 1.561324737234406623e-01
5.126300000000000182e+03 4.701405289670061393e+03 1.558186739868191450e-01
5.129800000000000182e+03 4.654913114477356430e+03 1.565728111615716511e-01
5.133300000000000182e+03 4.690693354231204466e+03 1.535069850551402659e-01
5.136800000000000182e+03 4.677469550328304649e+03 1.535771981479882031e-01
5.140300000000000182e+03 4.669469290103692401e+03 1.531892464439622570e-01
5.143800000000000182e+03 4.618431403148219033e+03 1.535222412267207293e-01
5.147300000000000182e+03 4.475998570080662830e+03 1.537599926537513984e-01
5.150800000000000182e+03 4.372599761904986735e+03 1.540615356012348947e-01
5.154300000000000182e+03 4.231189561972608317e+03 1.526777684303437521e-01
5.157800000000000182e+03 4.161336944390332974e+03 1.529191295827103392e-01
5.161300000000000182e+03 3.973084317768648361e+03 1.540532370998462242e-01
5.164800000000000182e+03 3.867217665996316100e+03 1.535021588597340614e-01
5.168300000000000182e+03 3.845154888196895172e+03 1.508698092923157208e-01
5.171800000000000182e+03 3.799398791056766640e+03 1.524936645615075081e-01
5.175300000000000182e+03 3.928957248847507344e+03 1.498437917798723651e-01
5.178800000000000182e+03 3.931161846962892923e+03 1.509549109340228012e-01
5.182300000000000182e+03 4.060515139184667987e+03 1.504665365926700638e-01
5.185800000000000182e+03 4.196491166904103011e+03 1.486740444505235403e-01
5.189300000000000182e+03 4.285168909642044127e+03 1.529369783519134718e-01
5.192800000000000182e+03 4.383734264483461629e+03 1.509969110272681714e-01
5.196300000000000182e+03 4.501080695510418991e+03 1.524425735747641231e-01
5.199800000000000182e+03 4.579794887236593240e+03 1.511304570087128041e-01
5.203300000000000182e+03 4.710388861784490473e+03 1.522909372985580545e-01
5.206800000000000182e+03 4.939450165025950810e+03 1.521961059068213939e-01
5.210300000000000182e+03 5.275572666546691835e+03 1.509720246203599403e-01
5.213800000000000182e+03 5.551662799157015797e+03 1.520430882079560619e-01
5.217300000000000182e+03 6.005964112767703227e+03 1.521668770173482121e-01
5.220800000000000182e+03 6.479457855446949907e+03 1.499775980818993382e-01
5.224300000000000182e+03 7.016524354350819522e+03 1.505994509606045917e-01
5.227800000000000182e+03 7.442076565320185182e+03 1.510790042309960723e-01
5.231300000000000182e+03 7.943771450828779052e+03 1.491410883678292720e-01
5.234800000000000182e+03 8.019942090773422933e+03 1.525987160323714897e-01
5.238300000000000182e+03 8.212944369677963550e+03 1.508173710048603677e-01
5.241800000000000182e+03 8.420815724260415664e+03 1.513155868482987942e-01
5.245300000000000182e+03 8.411400792636026381e+03 1.514775882608828117e-01
5.248800000000000182e+03 8.455241463630964063e+03 1.521262909197229340e-01
5.252300000000000182e+03 8.281119933158775893e+03 1.510040338516654979e-01
5.255800000000000182e+03 8.145793666711325386e+03 1.507588114774646992e-01
5.259300000000000182e+03 7.918026940449465656e+03 1.497448875663363321e-01
5.262800000000000182e+03 7.587957901274720825e+03 1.499322848213164305e-01
5.266300000000000182e+03 7.633394443460774710e+03 1.471637817190851738e-01
5.269800000000000182e+03 7.626848992768872449e+03 1.481223662645549666e-01
5.273300000000000182e+03 7.608497588228749919e+03 1.492858562757585772e-01
5.276800000000000182e+03 7.933407269733485919e+03 1.498182655824213394e-01
5.280300000000000182e+03 8.376950630971912688e+03 1.487299824972726503e-01
5.283800000000000182e+03 8.701392974987109483e+03 1.509191599143234752e-01
5.287300000000000182e+03 9.129105851055075618e+03 1.497047343698598987e-01
5.290800000000000182e+03 9.539131353809816574e+03 1.494366257140622711e-01
5.294300000000000182e+03 9.633160963982012618e+03 1.498860985735078200e-01
5.297800000000000182e+03 9.962215427797107623e+03 1.489445773846629351e-01
5.301300000000000182e+03 9.981880659305936206e+03 1.489259868064019277e-01
5.304800000000000182e+03 9.998993372245235150e+03 1.489354690281576576e-01
5.308300000000000182e+03 9.982509140418083916e+03 1.495689152754177409e-01
5.311800000000000182e+03 9.935397886365823069e+03 1.494266819435212112e-01
5.315300000000000182e+03 9.778400262292549087e+03 1.480702812483273567e-01
5.318800000000000182e+03 9.700759336083068774e+03 1.463427959884462670e-01
5.322300000000000182e+03 9.402205476607250603e+03 1.513700684077930458e-01
5.325800000000000182e+03 9.313513408552616966e+03 1.469333410395425588e-01
5.329300000000000182e+03 9.114432491621260851e+03 1.472226401065105383e-01
5.332800000000000182e+03 9.128570306641749994e+03 1.473626549751717030e-01
5.336300000000000182e+03 9.336432809975161945e+03 1.462697056069152401e-01
5.339800000000000182e+03 9.522904945031898023e+03 1.461702524266026704e-01
5.343300000000000182e+03 9.607786327901227196e+03 1.467530859440089042e-01
5.346800000000000182e+03 9.570671426615374003e+03 1.475111670195704272e-01
5.350300000000000182e+03 9.922954997566343081e+03 1.450339327941094214e-01
5.353800000000000182e+03 9.738072351930344666e+03 1.456244678653089153e-01
5.357300000000000182e+03 9.921400451474688452e+03 1.470662348071408998e-01
5.360800000000000182e+03 9.752091814689230887e+03 1.475881700081587145e-01
5.364300000000000182e+03 9.850562252399720819e+03 1.457649164486788107e-01
5.367800000000000182e+03 9.782769366856447959e+03 1.463409961295058792e-01
5.371300000000000182e+03 9.764241508024666473e+03 1.471567740351547859e-01
5.374800000000000182e+03 9.740550196971718833e+03 1.460984467691101019e-01
5.378300000000000182e+03 9.776343466836433436e+03 1.450718152893942792e-01
5.381800000000000182e+03 9.928535712257209525e+03 1.456513613775697047e-01
5.385300000000000182e+03 1.001745957023669143e+04 1.446840092083456208e-01
5.388800000000000182e+03 1.010554371804088987e+04 1.455266308488255833e-01
5.392300000000000182e+03 1.014648751582591103e+04 1.438940203811989726e-01
5.395800000000000182e+03 9.980935180805770869e+03 1.454674073974309978e-01
5.399300000000000182e+03 1.014171556088291800e+04 1.434357092945661161e-01
5.402800000000000182e+03 1.023935908368984201e+04 1.434347421178283066e-01
5.406300000000000182e+03 9.895057500018681822e+03 1.473575001083168301e-01
5.409800000000000182e+03 1.011845914732199708e+04 1.455288168494361656e-01
5.413300000000000182e+03 1.030362762650915283e+04 1.441423532566201704e-01
5.416800000000000182e+03 1.027711018803654588e+04 1.448349289587348154e-01
5.420300000000000182e+03 1.023538395065467921e+04 1.459384096417192245e-01
5.423800000000000182e+03 1.013808405244865753e+04 1.453761544942377970e-01
5.427300000000000182e+03 9.918034444165567038e+03 1.470658494913838210e-01
5.430800000000000182e+03 9.705948587985472841e+03 1.466920436949769313e-01
5.434300000000000182e+03 9.591617863115106957e+03 1.438292836046889123e-01
5.437800000000000182e+03 8.996892127667300883e+03 1.459278084624040239e-01
5.441300000000000182e+03 8.583840225652458685e+03 1.444890171750277119e-01
5.444800000000000182e+03 8.172386764331455197e+03 1.429708004408016264e-01
5.448300000000000182e+03 7.888122830312407132e+03 1.461291288393356813e-01
5.451800000000000182e+03 7.737631243662324778e+03 1.434071400118647754e-01
5.455300000000000182e+03 7.617171319722770932e+03 1.447225516118685051e-01
5.458800000000000182e+03 7.672153739776017574e+03 1.427992132770966316e-01
5.462300000000000182e+03 7.873192837106353181e+03 1.436759403830580595e-01
5.465800000000000182e+03 7.973405289378028101e+03 1.430228397736243995e-01
5.469300000000000182e+03 8.162123930812456820e+03 1.420145881626784512e-01
5.472800000000000182e+03 8.308491522833914132e+03 1.415459231677668461e-01
5.476300000000000182e+03 8.400281454268040761e+03 1.428815981671807678e-01
5.479800000000000182e+03 8.516794479651776783e+03 1.428146183431201754e-01
5.483300000000000182e+03 8.554842438229674372e+03 1.438847187712382347e-01
5.486800000000000182e+03 8.720450700607527324e+03 1.415245078731735551e-01
5.490300000000000182e+03 8.718580850296872086e+03 1.418647657510598570e-01
5.493800000000000182e+03 8.702047731297010614e+03 1.409037046258226900e-01
5.497300000000000182e+03 8.647134591101401384e+03 1.413449126959632762e-01
5.500800000000000182e+03 8.397384211458373102e+03 1.430386232137378366e-01
5.504300000000000182e+03 8.508407276670721330e+03 1.407896565006701850e-01
5.507800000000000182e+03 8.451083511088028899e+03 1.417665357262156145e-01
5.511300000000000182e+03 8.595986109630148349e+03 1.399786805764066389e-01
5.514800000000000182e+03 8.696032423471120637e+03 1.412305499487649940e-01
5.518300000000000182e+03 8.975901066093339978e+03 1.379944082319791709e-01
5.521800000000000182e+03 9.200027424999845607e+03 1.406768774567485891e-01
5.525300000000000182e+03 9.447914318081055171e+03 1.401142305824029377e-01
5.528800000000000182e+03 9.730942731581850239e+03 1.406945775376111651e-01
5.532300000000000182e+03 9.944756648787139056e+03 1.413421472505724807e-01
5.535800000000000182e+03 1.004091675778896024e+04 1.405155345322010862e-01
5.539300000000000182e+03 1.025944318272171768e+04 1.381249742920337142e-01
5.542800000000000182e+03 1.030166240760513938e+04 1.397481808247991175e-01
5.546300000000000182e+03 1.036626219807151028e+04 1.401827324836637245e-01
5.549800000000000182e+03 1.043681879292178382e+04 1.391068220578496883e-01
5.553300000000000182e+03 1.047129942898745321e+04 1.389333399824677628e-01
5.556800000000000182e+03 1.061366604414307767e+04 1.408125635827296163e-01
5.560300000000000182e+03 1.083032760616568521e+04 1.385007940241800295e-01
5.563800000000000182e+03 1.086626245308208127e+04 1.387718178485770892e-01
5.567300000000000182e+03 1.092793064922347367e+04 1.393254133748911827e-01
5.570800000000000182e+03 1.094066051022646207e+04 1.385869934262676795e-01
5.574300000000000182e+03 1.105413235197241193e+04 1.383433766319564495e-01
5.577800000000000182e+03 1.088603284459936367e+04 1.388203772185923335e-01
5.581300000000000182e+03 1.077391572202762291e+04 1.384701878681834641e-01
5.584800000000000182e+03 1.064549854567832517e+04 1.398131271745761961e-01
5.588300000000000182e+03 1.047871210052823699e+04 1.400815032071933697e-01
5.591800000000000182e+03 1.040589998342619765e+04 1.398263151783244174e-01
5.595300000000000182e+03 9.966989791811805844e+03 1.417359851739835586e-01
5.598800000000000182e+03 9.687252483980199031e+03 1.412559709998323088e-01
5.602300000000000182e+03 9.514534831327036954e+03 1.411956059047919099e-01
5.605800000000000182e+03 9.071227400679248603e+03 1.427747933115085244e-01
5.609300000000000182e+03 9.019830062305034517e+03 1.382794433821600832e-01
5.612800000000000182e+03 9.006705996212949685e+03 1.385857828456312502e-01
5.616300000000000182e+03 8.958213217322438140e+03 1.396928845925079210e-01
5.619800000000000182e+03 9.295012648540820010e+03 1.411310758298007229e-01
5.623300000000000182e+03 9.609586838586872545e+03 1.389725597405396251e-01
5.626800000000000182e+03 9.740721323793624833e+03 1.389103327083853479e-01
5.630300000000000182e+03 1.004642983701395497e+04 1.420677167556234632e-01
5.633800000000000182e+03 1.018774590169748626e+04 1.389934329566735460e-01
5.637300000000000182e+03 1.043102860417950433e+04 1.405347810628854721e-01
5.640800000000000182e+03 1.078582627108911038e+04 1.383838016700550400e-01
5.644300000000000182e+03 1.088463624697961677e+04 1.400666167616809177e-01
5.647800000000000182e+03 1.118205993758528530e+04 1.380235497462563299e-01
5.651300000000000182e+03 1.111415090312588109e+04 1.395443027312738282e-01
5.654800000000000182e+03 1.111639411155036760e+04 1.391593501277906264e-01
5.658300000000000182e+03 1.109316924216385814e+04 1.395399722354557226e-01
5.661800000000000182e+03 1.120494520251672839e+04 1.422249152884473844e-01
5.665300000000000182e+03 1.122524374780353901e+04 1.411108755624515543e-01
5.668800000000000182e+03 1.120375646723598402e+04 1.399698447949134505e-01
5.672300000000000182e+03 1.126549013358093362e+04 1.440778828798798261e-01
5.675800000000000182e+03 1.144354275189775581e+04 1.430309231967776817e-01
5.679300000000000182e+03 1.175129505479715954e+04 1.416136717815799639e-01
5.682800000000000182e+03 1.188290376793784890e+04 1.404311779185672959e-01
5.686300000000000182e+03 1.189889195654476862e+04 1.430359827285257734e-01
5.689800000000000182e+03 1.205752866998218269e+04 1.430348870778971881e-01
5.693300000000000182e+03 1.220460103810863802e+04 1.412034052987347632e-01
5.696800000000000182e+03 1.202612568946971078e+04 1.443832270008980623e-01
5.700300000000000182e+03 1.224621886376641851e+04 1.403683296210021525e-01
5.703800000000000182e+03 1.225735475219499313e+04 1.408169711892860720e-01
5.707300000000000182e+03 1.217359870782975850e+04 1.402489144154411560e-01
5.710800000000000182e+03 1.241171759990938153e+04 1.405835232369449239e-01
5.714300000000000182e+03 1.250717506988301284e+04 1.404148757740816544e-01
5.717800000000000182e+03 1.285788831962791301e+04 1.396494181835767623e-01
5.721300000000000182e+03 1.280427838044067175e+04 1.433586710498669370e-01
5.724800000000000182e+03 1.319723148169067645e+04 1.401580952710931305e-01
5.728300000000000182e+03 1.351037958414334571e+04 1.407830914133729183e-01
5.731800000000000182e+03 1.346638208217816646e+04 1.391128333644230664e-01
5.735300000000000182e+03 1.363825823085331103e+04 1.387340159105641679e-01
5.738800000000000182e+03 1.374909451128739602e+04 1.399780537412488313e-01
5.742300000000000182e+03 1.376274247407294752e+04 1.385468628545109548e-01
5.745800000000000182e+03 1.348636891770682632e+04 1.402605303919515489e-01
5.749300000000000182e+03 1.360635692502782513e+04 1.369321517642218267e-01
5.752800000000000182e+03 1.345546070611731921e+04 1.381274871435954898e-01
5.756300000000000182e+03 1.318764520601187360e+04 1.372925463998901641e-01
5.759800000000000182e+03 1.295353405801129702e+04 1.387661730246433911e-01
5.763300000000000182e+03 1.279782816927248859e+04 1.364269031219924322e-01
5.766800000000000182e+03 1.264198062150123405e+04 1.346266960002772684e-01
5.770300000000000182e+03 1.273156731554375619e+04 1.379379423799995119e-01
5.773800000000000182e+03 1.270841592299410149e+04 1.364526714475186309e-01
5.777300000000000182e+03 1.278471465010591965e+04 1.359548949579570953e-01
5.780800000000000182e+03 1.289158199762910954e+04 1.352801681086353291e-01
5.784300000000000182e+03 1.303627501100514928e+04 1.333676966532968133e-01
5.787800000000000182e+03 1.308423053345129665e+04 1.348376860341689853e-01
5.791300000000000182e+03 1.324394553993628506e+04 1.326978744873011651e-01
5.794800000000000182e+03 1.308895872093248909e+04 1.342553776730510684e-01
5.798300000000000182e+03 1.291996805931850940e+04 1.320489894806853581e-01
5.801800000000000182e+03 1.278833127315605452e+04 1.348271306551544479e-01
5.805300000000000182e+03 1.277403560704929623e+04 1.329911606199861984e-01
5.808800000000000182e+03 1.281162962989502194e+04 1.323592914133804865e-01
5.812300000000000182e+03 1.278108469335854352e+04 1.329248808958356509e-01
5.815800000000000182e+03 1.282941983589411757e+04 1.304670911856264937e-01
5.819300000000000182e+03 1.287056823322212767e+04 1.315793278723458859e-01
5.822800000000000182e+03 1.299406471440572568e+04 1.313587678062164421e-01
5.826300000000000182e+03 1.302105532905245491e+04 1.332929995151568014e-01
5.829800000000000182e+03 1.315877838474834061e+04 1.320578129358817576e-01
5.833300000000000182e+03 1.316383861182017245e+04 1.318491478273932649e-01
5.836800000000000182e+03 1.319165038998792807e+04 1.319985970041357703e-01
5.840300000000000182e+03 1.321346362600237080e+04 1.286776439606197031e-01
5.843800000000000182e+03 1.307440604203844123e+04 1.321505854706597760e-01
5.847300000000000182e+03 1.304046450353341061e+04 1.278564453552390456e-01
5.850800000000000182e+03 1.279781967533392526e+04 1.317782093391053899e-01
5.854300000000000182e+03 1.277239107216544289e+04 1.314932360643330800e-01
5.857800000000000182e+03 1.259117127073437587e+04 1.294447815579384264e-01
5.861300000000000182e+03 1.250946597395229219e+04 1.309344741039887294e-01
5.864800000000000182e+03 1.236168237283653252e+04 1.313901512274613659e-01
5.868300000000000182e+03 1.191691867650483073e+04 1.302178011519850576e-01
5.871800000000000182e+03 1.189872099539167539e+04 1.319921425729523312e-01
5.875300000000000182e+03 1.150513531671048986e+04 1.345790987911084924e-01
5.878800000000000182e+03 1.126877660104584720e+04 1.363188305982654391e-01
5.882300000000000182e+03 1.080914161288089235e+04 1.418224483477243392e-01
5.885800000000000182e+03 1.038780539432754995e+04 1.422066700357547675e-01
5.889300000000000182e+03 1.042100431920570190e+04 1.453021251632510835e-01
5.892800000000000182e+03 1.043120975074409398e+04 1.454529153386949769e-01
5.896300000000000182e+03 1.044233851249998770e+04 1.462556705520688949e-01
5.899800000000000182e+03 1.059927574630819618e+04 1.443730095697698113e-01
5.903300000000000182e+03 1.078681787638978494e+04 1.439846010429794709e-01
5.906800000000000182e+03 1.105927736456857929e+04 1.443398703259698157e-01
5.910300000000000182e+03 1.103802311542191455e+04 1.431324495364582894e-01
5.913800000000000182e+03 1.101370777353802259e+04 1.448825680925183434e-01
5.917300000000000182e+03 1.100744379345672314e+04 1.447252133059420964e-01
5.920800000000000182e+03 1.103952436602813759e+04 1.426784108347129154e-01
5.924300000000000182e+03 1.109935615356721792e+04 1.444070197825909063e-01
5.927800000000000182e+03 1.123939134321261918e+04 1.409840314962554630e-01
5.931300000000000182e+03 1.119561887544589990e+04 1.406868076469782181e-01
5.934800000000000182e+03 1.124701702367723010e+04 1.417181847589464860e-01
5.938300000000000182e+03 1.099453601970791533e+04 1.407378213769019948e-01
5.941800000000000182e+03 1.106330791425118332e+04 1.409376040941587305e-01
5.945300000000000182e+03 1.104001616296378052e+04 1.436788993401245940e-01
5.948800000000000182e+03 1.091794381512751715e+04 1.428079904721924753e-01
5.952300000000000182e+03 1.114648747326647936e+04 1.419998903008536373e-01
5.955800000000000182e+03 1.113360510328332202e+04 1.394449170430885621e-01
5.959300000000000182e+03 1.134289322035832993e+04 1.385297523027273492e-01
5.962800000000000182e+03 1.149140814706022502e+04 1.361071927231410073e-01
5.966300000000000182e+03 1.141602636244606038e+04 1.382598813523587822e-01
5.969800000000000182e+03 1.155778202294430776e+04 1.375892321116915507e-01
5.973300000000000182e+03 1.162776115973356536e+04 1.343741581886905290e-01
5.976800000000000182e+03 1.166937912399915695e+04 1.341145047362373444e-01
5.980300000000000182e+03 1.178297515969381675e+04 1.349397177024917460e-01
5.983800000000000182e+03 1.193529853628913224e+04 1.345718959655318181e-01
5.987300000000000182e+03 1.201828858436516748e+04 1.334549127232451948e-01
5.990800000000000182e+03 1.182029679918457623e+04 1.349704031692178230e-01
5.994300000000000182e+03 1.200878604762790201e+04 1.324026689468042473e-01
5.997800000000000182e+03 1.206015329042179837e+04 1.309446033654260155e-01
