# wavelength angstroms, flux, ext coeff
3.001800000000000182e+03 4.615667786455285437e+01 0.000000000000000000e+00
3.005300000000000182e+03 5.268564193856896338e+01 0.000000000000000000e+00
3.008800000000000182e+03 4.360907842961991321e+01 8.420606055000562362e-01
3.012300000000000182e+03 8.240960505617536569e+01 5.940382994032277209e-01
3.015800000000000182e+03 7.104524793102365265e+01 0.000000000000000000e+00
3.019300000000000182e+03 8.034899865280441134e+01 0.000000000000000000e+00
3.022800000000000182e+03 2.122752621035251863e+01 1.716716430664203319e+00
3.026300000000000182e+03 8.163029164166374585e+01 8.358041368849340458e-01
3.029800000000000182e+03 9.120181459064767182e+01 8.599206971594031135e-01
3.033300000000000182e+03 1.365035804569545519e+02 0.000000000000000000e+00
3.036800000000000182e+03 2.821152792770506679e+01 1.926459716380426457e+00
3.040300000000000182e+03 7.924614949909371830e+01 1.181353974832185516e+00
3.043800000000000182e+03 2.074256634206432750e+02 0.000000000000000000e+00
3.047300000000000182e+03 2.131129535388967895e+02 0.000000000000000000e+00
3.050800000000000182e+03 7.008509097186681913e+01 1.473326461037501200e+00
3.054300000000000182e+03 7.187860186153447728e+01 1.519555107799178240e+00
3.057800000000000182e+03 6.839432353112323426e+01 1.609718040216199020e+00
3.061300000000000182e+03 1.277119931228508278e+02 1.206780528199633107e+00
3.064800000000000182e+03 3.489839717169140272e+02 0.000000000000000000e+00
3.068300000000000182e+03 1.105231554955752102e+02 1.460728600662308807e+00
3.071800000000000182e+03 1.092022838472233417e+02 1.537955854637901520e+00
3.075300000000000182e+03 5.293594796136599001e+01 2.288616551519122577e+00
3.078800000000000182e+03 4.859685046389593026e+02 0.000000000000000000e+00
3.082300000000000182e+03 7.171488817774688584e+01 2.123898669913452331e+00
3.085800000000000182e+03 1.263004463789286973e+02 1.664452697146240778e+00
3.089300000000000182e+03 1.265226234966463892e+02 1.739449020248136080e+00
3.092800000000000182e+03 2.240377362702561754e+02 1.325620931707531369e+00
3.096300000000000182e+03 1.959713400354667669e+02 1.465193285820956426e+00
3.099800000000000182e+03 1.307897883395405643e+02 1.861439689885425519e+00
3.103300000000000182e+03 1.371586574541004779e+02 1.850956020934670487e+00
3.106800000000000182e+03 2.216688524560576923e+02 1.460926237046148657e+00
3.110300000000000182e+03 1.585349138761597487e+02 1.769097517860420243e+00
3.113800000000000182e+03 1.684858998982070091e+02 1.749765657495711224e+00
3.117300000000000182e+03 1.830014560551325360e+02 1.708611234197146223e+00
3.120800000000000182e+03 1.976812645983623327e+02 1.678551917206266619e+00
3.124300000000000182e+03 3.332938664848463191e+02 1.256741457296008724e+00
3.127800000000000182e+03 2.278653519789764630e+02 1.635563676764508978e+00
3.131300000000000182e+03 3.618921717548304287e+02 1.252910904658456337e+00
3.134800000000000182e+03 2.646890573987873267e+02 1.519495215905189545e+00
3.138300000000000182e+03 3.798461242565322777e+02 1.243014357586529561e+00
3.141800000000000182e+03 3.983383933591138657e+02 1.242089118432649020e+00
3.145300000000000182e+03 3.107842118429343827e+02 1.473399346584816971e+00
3.148800000000000182e+03 3.685009983307477910e+02 1.368475371099356019e+00
3.152300000000000182e+03 4.924123729158626475e+02 1.168607399836872229e+00
3.155800000000000182e+03 4.795974917054564912e+02 1.184895054854826713e+00
3.159300000000000182e+03 5.240839634552803545e+02 1.161991397633295842e+00
3.162800000000000182e+03 4.682205393502648576e+02 1.277310435092086527e+00
3.166300000000000182e+03 4.727660279894500945e+02 1.281599806001027630e+00
3.169800000000000182e+03 5.198346239903779633e+02 1.228159965537631626e+00
3.173300000000000182e+03 5.631579216422419449e+02 1.178113399655371873e+00
3.176800000000000182e+03 5.038227673845401569e+02 1.252528772368691090e+00
3.180300000000000182e+03 5.808380116303877685e+02 1.144613402325762808e+00
3.183800000000000182e+03 5.515027002393211433e+02 1.207502182858204876e+00
3.187300000000000182e+03 5.733852369261143167e+02 1.184979860286233810e+00
3.190800000000000182e+03 6.842364229089774881e+02 1.059655500356450730e+00
3.194300000000000182e+03 6.379790262366582283e+02 1.146986508736428823e+00
3.197800000000000182e+03 6.608752113656975098e+02 1.129527825268048069e+00
3.201300000000000182e+03 6.962776358860214714e+02 1.121637679114571018e+00
3.204800000000000182e+03 7.341174988014713563e+02 1.098595291038251487e+00
3.208300000000000182e+03 8.730191549789361716e+02 9.941079436691923066e-01
3.211800000000000182e+03 8.272234591638466554e+02 1.057121541692191968e+00
3.215300000000000182e+03 8.278542402548349628e+02 1.051110533790788892e+00
3.218800000000000182e+03 8.690307025246223702e+02 1.004364365648980018e+00
3.222300000000000182e+03 8.243894079838961488e+02 1.034266790811767978e+00
3.225800000000000182e+03 8.402080882061795819e+02 1.007034322381656688e+00
3.229300000000000182e+03 8.569726650292629984e+02 1.005684750120116489e+00
3.232800000000000182e+03 9.046610655751279637e+02 9.888529347313554929e-01
3.236300000000000182e+03 9.439065748823189779e+02 9.789459859586620016e-01
3.239800000000000182e+03 1.107045442166186149e+03 8.975432552434565725e-01
3.243300000000000182e+03 1.062256236020452207e+03 9.520274739496493721e-01
3.246800000000000182e+03 1.082621260856212302e+03 9.490197932420411098e-01
3.250300000000000182e+03 1.231697063107895929e+03 8.795940422720507357e-01
3.253800000000000182e+03 1.275441814117022886e+03 8.832238702777763795e-01
3.257300000000000182e+03 1.229750194994449885e+03 9.240118527818640404e-01
3.260800000000000182e+03 1.326635123822234164e+03 8.834939141459792200e-01
3.264300000000000182e+03 1.373562085269672025e+03 8.963957416878033380e-01
3.267800000000000182e+03 1.534467080826053916e+03 8.301446172309286942e-01
3.271300000000000182e+03 1.551423712605037508e+03 8.362088748639590063e-01
3.274800000000000182e+03 1.458594219833346187e+03 8.796894052761312643e-01
3.278300000000000182e+03 1.470817831726636996e+03 8.782522389150932973e-01
3.281800000000000182e+03 1.480165312277004887e+03 8.702246038664680494e-01
3.285300000000000182e+03 1.565140732129655362e+03 8.359517523398282135e-01
3.288800000000000182e+03 1.595983969145576566e+03 8.374075985658637755e-01
3.292300000000000182e+03 1.613699180268471309e+03 8.420022119477424960e-01
3.295800000000000182e+03 1.686708783564490886e+03 8.294870250750826512e-01
3.299300000000000182e+03 1.777079280306810233e+03 8.054606957025078895e-01
3.302800000000000182e+03 1.763764284419584556e+03 8.162000597273636471e-01
3.306300000000000182e+03 1.783731637096086615e+03 8.142970819592707521e-01
3.309800000000000182e+03 1.817799948651003888e+03 8.136405645054799463e-01
3.313300000000000182e+03 1.925065012031177730e+03 7.813223801328191831e-01
3.316800000000000182e+03 1.975625998544102913e+03 7.634427778141926746e-01
3.320300000000000182e+03 1.911289548752672317e+03 7.919049794339323434e-01
3.323800000000000182e+03 2.060761002855082552e+03 7.477416310353598439e-01
3.327300000000000182e+03 2.083374677327078643e+03 7.558546562571533123e-01
3.330800000000000182e+03 2.146693195872014257e+03 7.372019712714069639e-01
3.334300000000000182e+03 2.060010984224523327e+03 7.675917432006905683e-01
3.337800000000000182e+03 2.089109960492802202e+03 7.681752376936432647e-01
3.341300000000000182e+03 2.076293020362445077e+03 7.632816033926044241e-01
3.344800000000000182e+03 2.187869864785495793e+03 7.372803953961595269e-01
3.348300000000000182e+03 2.154320558640794843e+03 7.510245157556242335e-01
3.351800000000000182e+03 2.189645783216516975e+03 7.437095669618235538e-01
3.355300000000000182e+03 2.250380050573610788e+03 7.360294041965358414e-01
3.358800000000000182e+03 2.215429762967206898e+03 7.351215877668463294e-01
3.362300000000000182e+03 2.268209335689369709e+03 7.158908094121585464e-01
3.365800000000000182e+03 2.206459045191360474e+03 7.262318663817599607e-01
3.369300000000000182e+03 2.231594788382657043e+03 7.244185193736860651e-01
3.372800000000000182e+03 2.247373973815861973e+03 7.240002063753802064e-01
3.376300000000000182e+03 2.253466677389417782e+03 7.173701792399875821e-01
3.379800000000000182e+03 2.368579156197427437e+03 7.007297696792145203e-01
3.383300000000000182e+03 2.518899849284794982e+03 6.781712603723206723e-01
3.386800000000000182e+03 2.495670888634934272e+03 6.977075319823382582e-01
3.390300000000000182e+03 2.499649365863263938e+03 6.983086907841874469e-01
3.393800000000000182e+03 2.556486553522312533e+03 6.882298164301517973e-01
3.397300000000000182e+03 2.652349212206153879e+03 6.688398240014172824e-01
3.400800000000000182e+03 2.587554975391353310e+03 6.864097032175301427e-01
3.404300000000000182e+03 2.609229663393210558e+03 6.850483443664415750e-01
3.407800000000000182e+03 2.747682193491378257e+03 6.556784707532640200e-01
3.411300000000000182e+03 2.661379492156476317e+03 6.730985730264362754e-01
3.414800000000000182e+03 2.804582267923505697e+03 6.505515181898926524e-01
3.418300000000000182e+03 2.766035655754171330e+03 6.676044175373926359e-01
3.421800000000000182e+03 2.771412836040195089e+03 6.596799472171377410e-01
3.425300000000000182e+03 2.860465906997973889e+03 6.482082793805100662e-01
3.428800000000000182e+03 2.856295413075142278e+03 6.549908854859515239e-01
3.432300000000000182e+03 2.875354689866555418e+03 6.561256962277345339e-01
3.435800000000000182e+03 2.947589311676480975e+03 6.458246546536097199e-01
3.439300000000000182e+03 3.058971355952905469e+03 6.329297436595732185e-01
3.442800000000000182e+03 3.012762157754650616e+03 6.500630420073020277e-01
3.446300000000000182e+03 3.096378159013632740e+03 6.387915002173005785e-01
3.449800000000000182e+03 3.234525979126713082e+03 6.184545611228295936e-01
3.453300000000000182e+03 3.172481586290717132e+03 6.360405975470557749e-01
3.456800000000000182e+03 3.312380784564264559e+03 6.105165059929654747e-01
3.460300000000000182e+03 3.195198195422708068e+03 6.319199410252894777e-01
3.463800000000000182e+03 3.261437396457494287e+03 6.283129415808491602e-01
3.467300000000000182e+03 3.276848501532464979e+03 6.268722159057569243e-01
3.470800000000000182e+03 3.311817435039698012e+03 6.263216327702669783e-01
3.474300000000000182e+03 3.440464082835787394e+03 6.027921122376942442e-01
3.477800000000000182e+03 3.390915254406772874e+03 6.193955953101961676e-01
3.481300000000000182e+03 3.464232888319836093e+03 6.137450086493732027e-01
3.484800000000000182e+03 3.535563371242789344e+03 6.106146597138915055e-01
3.488300000000000182e+03 3.688557986011045159e+03 5.949211921214905274e-01
3.491800000000000182e+03 3.663274874470668692e+03 6.049337627586482968e-01
3.495300000000000182e+03 3.760998219485236859e+03 5.902857025172342231e-01
3.498800000000000182e+03 3.726176992854239415e+03 6.019400822894129810e-01
3.502300000000000182e+03 3.910709722837033951e+03 5.823859506539170727e-01
3.505800000000000182e+03 3.931209927764877193e+03 5.823912449851446071e-01
3.509300000000000182e+03 3.891682801018192094e+03 5.957158288502497623e-01
3.512800000000000182e+03 3.867139395446257367e+03 5.947226263933277357e-01
3.516300000000000182e+03 3.967050304551796216e+03 5.759921801383062201e-01
3.519800000000000182e+03 3.941780473386210360e+03 5.828154543459137527e-01
3.523300000000000182e+03 3.971904696878813411e+03 5.748594543539410351e-01
3.526800000000000182e+03 4.040556075812660765e+03 5.723516330787743467e-01
3.530300000000000182e+03 4.073408447015680395e+03 5.675896867059208040e-01
3.533800000000000182e+03 4.090412901347865045e+03 5.774012172901832329e-01
3.537300000000000182e+03 4.149966434121179191e+03 5.743801331101602292e-01
3.540800000000000182e+03 4.256563825264713159e+03 5.725753348945764598e-01
3.544300000000000182e+03 4.459303374150908894e+03 5.624994058826884302e-01
3.547800000000000182e+03 4.521561042637876199e+03 5.628495322487820918e-01
3.551300000000000182e+03 4.560384948261870704e+03 5.535902167266116836e-01
3.554800000000000182e+03 4.466646871589735383e+03 5.644745887347600855e-01
3.558300000000000182e+03 4.475207676037266538e+03 5.613082871100343318e-01
3.561800000000000182e+03 4.386231905500694666e+03 5.572679667946051074e-01
3.565300000000000182e+03 4.350581305200493262e+03 5.540687516210128782e-01
3.568800000000000182e+03 4.428758997598808492e+03 5.428721565669456517e-01
3.572300000000000182e+03 4.271833974956473867e+03 5.533603098892120320e-01
3.575800000000000182e+03 4.272383186200690943e+03 5.506829802969795962e-01
3.579300000000000182e+03 4.271795207921847577e+03 5.480801906687768899e-01
3.582800000000000182e+03 4.297188050032302272e+03 5.470670865140340178e-01
3.586300000000000182e+03 4.467581865175749044e+03 5.267248837377961346e-01
3.589800000000000182e+03 4.411796288562542941e+03 5.406325774428331066e-01
3.593300000000000182e+03 4.454175507521213149e+03 5.331882150078190996e-01
3.596800000000000182e+03 4.480573341433690075e+03 5.339375555405944107e-01
3.600300000000000182e+03 4.587666148944622364e+03 5.344228870171937595e-01
3.603800000000000182e+03 4.635029080300350870e+03 5.316937098581488996e-01
3.607300000000000182e+03 4.718633358361179489e+03 5.299433803776807395e-01
3.610800000000000182e+03 4.716275972526072110e+03 5.316556686508175922e-01
3.614300000000000182e+03 4.758087928670680412e+03 5.285311198078522787e-01
3.617800000000000182e+03 4.858836316428575628e+03 5.199093115401527410e-01
3.621300000000000182e+03 4.843709702522995030e+03 5.213443206390071527e-01
3.624800000000000182e+03 5.017897125148062514e+03 5.091659008670760267e-01
3.628300000000000182e+03 4.948089306138044776e+03 5.178695879000435598e-01
3.631800000000000182e+03 4.998300676773119449e+03 5.139586574304232380e-01
3.635300000000000182e+03 5.064551717377671594e+03 5.103509419456208063e-01
3.638800000000000182e+03 5.113371966080232596e+03 5.105971382661199653e-01
3.642300000000000182e+03 5.395200927462656182e+03 5.013816776103134920e-01
3.645800000000000182e+03 5.563852611775401783e+03 5.002177259644272622e-01
3.649300000000000182e+03 5.727207623093199800e+03 5.000183418576531480e-01
3.652800000000000182e+03 5.833825090544377417e+03 4.943711238711446243e-01
3.656300000000000182e+03 5.779036313680974672e+03 5.045478460655122843e-01
3.659800000000000182e+03 5.757645015381192025e+03 5.024440931503481034e-01
3.663300000000000182e+03 5.752216938204706821e+03 5.013010839598520674e-01
3.666800000000000182e+03 5.819710314221999397e+03 4.942908336175644290e-01
3.670300000000000182e+03 5.723785267640577331e+03 4.978444187814844435e-01
3.673800000000000182e+03 5.696188957661580389e+03 4.963369102954450773e-01
3.677300000000000182e+03 5.663082641079876339e+03 4.910575574993584214e-01
3.680800000000000182e+03 5.609139593604014408e+03 4.919141294748778925e-01
3.684300000000000182e+03 5.574249604438005917e+03 4.851199806479175036e-01
3.687800000000000182e+03 5.544009043872648363e+03 4.856584940761761171e-01
3.691300000000000182e+03 5.626960944826530067e+03 4.805805935521966776e-01
3.694800000000000182e+03 5.713129316348411521e+03 4.765600098503853244e-01
3.698300000000000182e+03 5.811017541887707921e+03 4.727983333113806586e-01
3.701800000000000182e+03 5.937423939463447823e+03 4.737830917958342214e-01
3.705300000000000182e+03 6.038177401341180484e+03 4.709505328154704462e-01
3.708800000000000182e+03 6.138861723688602979e+03 4.691361983235389221e-01
3.712300000000000182e+03 6.112117913600247448e+03 4.753978323137851292e-01
3.715800000000000182e+03 6.082097177010182349e+03 4.700925128170007627e-01
3.719300000000000182e+03 6.106382213038785267e+03 4.676137823613988886e-01
3.722800000000000182e+03 6.252168981503440591e+03 4.556628729265340128e-01
3.726300000000000182e+03 6.213426795758661683e+03 4.523896024394283844e-01
3.729800000000000182e+03 6.257307104979721771e+03 4.510583053736740289e-01
3.733300000000000182e+03 6.220115286160395044e+03 4.606319203068291457e-01
3.736800000000000182e+03 6.443475508990665730e+03 4.572882347024278538e-01
3.740300000000000182e+03 6.648301616821981952e+03 4.606038141928865959e-01
3.743800000000000182e+03 6.882895226799318152e+03 4.512196831997727919e-01
3.747300000000000182e+03 7.035831728777735407e+03 4.537941089684190965e-01
3.750800000000000182e+03 7.305342148592842932e+03 4.496637602103249476e-01
3.754300000000000182e+03 7.383290402048321994e+03 4.546969191126580823e-01
3.757800000000000182e+03 7.500280885860868693e+03 4.476286037881661573e-01
3.761300000000000182e+03 7.755670892349004134e+03 4.464475118610960469e-01
3.764800000000000182e+03 7.851419260601534916e+03 4.447586012080437801e-01
3.768300000000000182e+03 8.182883422156276538e+03 4.349178270644452615e-01
3.771800000000000182e+03 8.156123900455443618e+03 4.417928817510770045e-01
3.775300000000000182e+03 8.400048048367312731e+03 4.408979683467790234e-01
3.778800000000000182e+03 8.536595364436658201e+03 4.387728297050291215e-01
3.782300000000000182e+03 8.876786193274861944e+03 4.385544234136224406e-01
3.785800000000000182e+03 9.083209252901429863e+03 4.379563175517128815e-01
3.789300000000000182e+03 9.401362884778875014e+03 4.317891004762429152e-01
3.792800000000000182e+03 9.535348389211583708e+03 4.334857108314481011e-01
3.796300000000000182e+03 9.999814637688896255e+03 4.307258826933808016e-01
3.799800000000000182e+03 1.012936049787099000e+04 4.326635618154239249e-01
3.803300000000000182e+03 1.032693603859170071e+04 4.352816522254872034e-01
3.806800000000000182e+03 1.056997059207209350e+04 4.319884052265585139e-01
3.810300000000000182e+03 1.054838821298985204e+04 4.324325128745792335e-01
3.813800000000000182e+03 1.029907699791047708e+04 4.290370006220957655e-01
3.817300000000000182e+03 1.002432753714762657e+04 4.219892440071956741e-01
3.820800000000000182e+03 9.573118313478096752e+03 4.147527669050194987e-01
3.824300000000000182e+03 9.235870136543882836e+03 4.097877684180460389e-01
3.827800000000000182e+03 9.000676043574558207e+03 4.076729290835468533e-01
3.831300000000000182e+03 9.081676984774085213e+03 3.998976682077144962e-01
3.834800000000000182e+03 9.388638669176169060e+03 4.047249137206734293e-01
3.838300000000000182e+03 9.852237676491044112e+03 4.102018053102657325e-01
3.841800000000000182e+03 1.071818013753147716e+04 4.089020141231123340e-01
3.845300000000000182e+03 1.137762968545397052e+04 4.138430974821937225e-01
3.848800000000000182e+03 1.183164945497847111e+04 4.125301184443651015e-01
3.852300000000000182e+03 1.240984128003151454e+04 4.092772945140302765e-01
3.855800000000000182e+03 1.272842083546020876e+04 4.116868736275459684e-01
3.859300000000000182e+03 1.310287151428395555e+04 4.108655225529446731e-01
3.862800000000000182e+03 1.311082961193151277e+04 4.112217159555830448e-01
3.866300000000000182e+03 1.319919738852615046e+04 4.126166376314777673e-01
3.869800000000000182e+03 1.294500692150603390e+04 4.119298807567391973e-01
3.873300000000000182e+03 1.286693104600805054e+04 4.072570231869689916e-01
3.876800000000000182e+03 1.232099899966098565e+04 4.027632134645491302e-01
3.880300000000000182e+03 1.173773144352345662e+04 3.956941513131127519e-01
3.883800000000000182e+03 1.122705269148696425e+04 3.824129661093229604e-01
3.887300000000000182e+03 1.097077303823253533e+04 3.723378929644419744e-01
3.890800000000000182e+03 1.100534798629474790e+04 3.671061862528026132e-01
3.894300000000000182e+03 1.130188522246704269e+04 3.677086608332687523e-01
3.897800000000000182e+03 1.172337989211623426e+04 3.816961508869608499e-01
3.901300000000000182e+03 1.242846712028199727e+04 3.896713796909727079e-01
3.904800000000000182e+03 1.292363740605468229e+04 3.956396928988631934e-01
3.908300000000000182e+03 1.338773752356645309e+04 3.965328248764575791e-01
3.911800000000000182e+03 1.314974363736168743e+04 3.969616369216064644e-01
3.915300000000000182e+03 1.253735976717861740e+04 3.907959423509101415e-01
3.918800000000000182e+03 1.147058618469729845e+04 3.853149111316633846e-01
3.922300000000000182e+03 1.042486136548569812e+04 3.797675638230299522e-01
3.925800000000000182e+03 9.633779641059856658e+03 3.710512051693503621e-01
3.929300000000000182e+03 9.098484195285451278e+03 3.675352195317255211e-01
3.932800000000000182e+03 9.144801232437981525e+03 3.657164259220525016e-01
3.936300000000000182e+03 9.707300417334547092e+03 3.707981490615977482e-01
3.939800000000000182e+03 1.056203286173160086e+04 3.743140960801321082e-01
3.943300000000000182e+03 1.135826583381259115e+04 3.794535774581390686e-01
3.946800000000000182e+03 1.201319633938787410e+04 3.815091647209680747e-01
3.950300000000000182e+03 1.221695140653595627e+04 3.853320946153896420e-01
3.953800000000000182e+03 1.191595410509821704e+04 3.812960958468873396e-01
3.957300000000000182e+03 1.133128808862437108e+04 3.728844238276500245e-01
3.960800000000000182e+03 1.047983994152984087e+04 3.637911295633193820e-01
3.964300000000000182e+03 9.852667287741282053e+03 3.485936441874372682e-01
3.967800000000000182e+03 9.580961473162145921e+03 3.351753727291514329e-01
3.971300000000000182e+03 9.735286559791735272e+03 3.350406603771559078e-01
3.974800000000000182e+03 1.042259149229811737e+04 3.369318645410870894e-01
3.978300000000000182e+03 1.143013431093894724e+04 3.524753568847575069e-01
3.981800000000000182e+03 1.280997839716164890e+04 3.562767185411387372e-01
3.985300000000000182e+03 1.418148984976435531e+04 3.626801118864229068e-01
3.988800000000000182e+03 1.535453114702988387e+04 3.621961805563504444e-01
3.992300000000000182e+03 1.615724532933598312e+04 3.642513451288819648e-01
3.995800000000000182e+03 1.679971220343543246e+04 3.586778162215613075e-01
3.999300000000000182e+03 1.711060609791889146e+04 3.580771926317589116e-01
4.002800000000000182e+03 1.748739329379416085e+04 3.536218338621658352e-01
4.006300000000000182e+03 1.765036846883344697e+04 3.545628900201577283e-01
4.009800000000000182e+03 1.784249242325768864e+04 3.537827608220318054e-01
4.013300000000000182e+03 1.809848355968017859e+04 3.493632510556726745e-01
4.016800000000000182e+03 1.812947292526283127e+04 3.500594147152595870e-01
4.020300000000000182e+03 1.840924094448067626e+04 3.482881871853683031e-01
4.023800000000000182e+03 1.840487079326060120e+04 3.444026321584451877e-01
4.027300000000000182e+03 1.867573294278445974e+04 3.417862462523991729e-01
4.030800000000000182e+03 1.868717176952807858e+04 3.432373278242715209e-01
4.034300000000000182e+03 1.866624438891911268e+04 3.426457981786970031e-01
4.037800000000000182e+03 1.867192030833342506e+04 3.389408880729292139e-01
4.041300000000000182e+03 1.870470097879172317e+04 3.404364075883535290e-01
4.044800000000000182e+03 1.867533849066772746e+04 3.395383344050136865e-01
4.048300000000000182e+03 1.887191006093432588e+04 3.401326910588627350e-01
4.051800000000000182e+03 1.867300301573196339e+04 3.369597702463491551e-01
4.055300000000000182e+03 1.893630561358209525e+04 3.352113777313754372e-01
4.058800000000000182e+03 1.879534240223623055e+04 3.327009140511307250e-01
4.062300000000000182e+03 1.884455288723179547e+04 3.348707035892258821e-01
4.065800000000000182e+03 1.891987018816526324e+04 3.336494538450367475e-01
4.069300000000000182e+03 1.900267679238001801e+04 3.322690922096814270e-01
4.072800000000000182e+03 1.890394958507210322e+04 3.285702472591962575e-01
4.076300000000000182e+03 1.862428436045306808e+04 3.311760150591668284e-01
4.079800000000000182e+03 1.859399874772557814e+04 3.295879485011858345e-01
4.083300000000000182e+03 1.837700744289072099e+04 3.274051661557953463e-01
4.086800000000000182e+03 1.820406649041511628e+04 3.263081789102864616e-01
4.090300000000000182e+03 1.796390735965353451e+04 3.270893377825621617e-01
4.093800000000000182e+03 1.766883303579038329e+04 3.210478260847183796e-01
4.097300000000000182e+03 1.721681494760739224e+04 3.207653721364375765e-01
4.100800000000000182e+03 1.675557007291197078e+04 3.114097884158986140e-01
4.104300000000000182e+03 1.629063353904136238e+04 3.107367520759921620e-01
4.107800000000000182e+03 1.634322032372840295e+04 3.050337648028267901e-01
4.111300000000000182e+03 1.653765842866027015e+04 3.016988723147714380e-01
4.114800000000000182e+03 1.693100926178402369e+04 3.062298279159146874e-01
4.118300000000000182e+03 1.777891068449885279e+04 3.089605765024948103e-01
4.121800000000000182e+03 1.857682691098106443e+04 3.158436310177176187e-01
4.125300000000000182e+03 1.935818496228120785e+04 3.193318378269073277e-01
4.128800000000000182e+03 2.007465513654133247e+04 3.184988605101596870e-01
4.132300000000000182e+03 2.078694515797817439e+04 3.149493191244606694e-01
4.135800000000000182e+03 2.124338062675788751e+04 3.142063438541234377e-01
4.139300000000000182e+03 2.149600468783693941e+04 3.117926385339029882e-01
4.142800000000000182e+03 2.184192681363936936e+04 3.081878324823913995e-01
4.146300000000000182e+03 2.186044325513160220e+04 3.075195445483811518e-01
4.149800000000000182e+03 2.194016324908550087e+04 3.062275257653080951e-01
4.153300000000000182e+03 2.223569224722250510e+04 3.057177158630696723e-01
4.156800000000000182e+03 2.233090117464889408e+04 3.043463772444111592e-01
4.160300000000000182e+03 2.245102508754172231e+04 3.025380554784599108e-01
4.163800000000000182e+03 2.233941143204468972e+04 3.031622512914459167e-01
4.167300000000000182e+03 2.252639780677556701e+04 3.018160504456200433e-01
4.170800000000000182e+03 2.253512193505310643e+04 3.018416706400559035e-01
4.174300000000000182e+03 2.258985075133999271e+04 3.023295881897169468e-01
4.177800000000000182e+03 2.266374152338888962e+04 2.981365016623284681e-01
4.181300000000000182e+03 2.258865309595054350e+04 2.967873605200428977e-01
4.184800000000000182e+03 2.276608383360467633e+04 2.950272417742146325e-01
4.188300000000000182e+03 2.288597066661768622e+04 2.959102800361059771e-01
4.191800000000000182e+03 2.283666232872400360e+04 2.953374665936014942e-01
4.195300000000000182e+03 2.274541237328115312e+04 2.933904959093481257e-01
4.198800000000000182e+03 2.297954807742415142e+04 2.954278977144780272e-01
4.202300000000000182e+03 2.301043596229457762e+04 2.932919134257285787e-01
4.205800000000000182e+03 2.321579698857177209e+04 2.899657290829917855e-01
4.209300000000000182e+03 2.327362857508718298e+04 2.908459861608891917e-01
4.212800000000000182e+03 2.328382217658822265e+04 2.892717275555272693e-01
4.216300000000000182e+03 2.321813172268951530e+04 2.898077998334825378e-01
4.219800000000000182e+03 2.325604435599605131e+04 2.868022058264703134e-01
4.223300000000000182e+03 2.315244843632123957e+04 2.874450665926800985e-01
4.226800000000000182e+03 2.326274094988991055e+04 2.821443197220516175e-01
4.230300000000000182e+03 2.307163346595554322e+04 2.832102278220018921e-01
4.233800000000000182e+03 2.330389793912806999e+04 2.821882222797030826e-01
4.237300000000000182e+03 2.346860671187304251e+04 2.806377584228297306e-01
4.240800000000000182e+03 2.352717547857351019e+04 2.842457376714231931e-01
4.244300000000000182e+03 2.360365536241152586e+04 2.832180813560464805e-01
4.247800000000000182e+03 2.382196511411330357e+04 2.820277639907555756e-01
4.251300000000000182e+03 2.408342810899419783e+04 2.784790148097619489e-01
4.254800000000000182e+03 2.394250101528974847e+04 2.779816202012700965e-01
4.258300000000000182e+03 2.402573198801811668e+04 2.756555824267277188e-01
4.261800000000000182e+03 2.408251728842666853e+04 2.738426609288731051e-01
4.265300000000000182e+03 2.400260948879239731e+04 2.760188046407161533e-01
4.268800000000000182e+03 2.391882459651218596e+04 2.744657780563621863e-01
4.272300000000000182e+03 2.394197481493720989e+04 2.737393789345787254e-01
4.275800000000000182e+03 2.372440016733772063e+04 2.727033757937212810e-01
4.279300000000000182e+03 2.386109724202813231e+04 2.732352492202670402e-01
4.282800000000000182e+03 2.385671956491893070e+04 2.728674010047021370e-01
4.286300000000000182e+03 2.396303058748281910e+04 2.715925121137562348e-01
4.289800000000000182e+03 2.376601228302423988e+04 2.725571114055012623e-01
4.293300000000000182e+03 2.367446627543640352e+04 2.702279211988218299e-01
4.296800000000000182e+03 2.341156839990070876e+04 2.704430662646642447e-01
4.300300000000000182e+03 2.325802611559630168e+04 2.670448932024446775e-01
4.303800000000000182e+03 2.279121509894735573e+04 2.678141006978398964e-01
4.307300000000000182e+03 2.243556725772739810e+04 2.687641541888630692e-01
4.310800000000000182e+03 2.238843993240620330e+04 2.672082728713104371e-01
4.314300000000000182e+03 2.219080297904802137e+04 2.659378381931409296e-01
4.317800000000000182e+03 2.246843896840618254e+04 2.625268033514221444e-01
4.321300000000000182e+03 2.232800123846195129e+04 2.628363865475761840e-01
4.324800000000000182e+03 2.223898706820532607e+04 2.629351992501111068e-01
4.328300000000000182e+03 2.215164315451055154e+04 2.595568418531172816e-01
4.331800000000000182e+03 2.195717297298414996e+04 2.579518414104915447e-01
4.335300000000000182e+03 2.168697121328839785e+04 2.598403940038058191e-01
4.338800000000000182e+03 2.116439762398841049e+04 2.541864560524059180e-01
4.342300000000000182e+03 2.071334483139026634e+04 2.506008029130301074e-01
4.345800000000000182e+03 2.074803437629499240e+04 2.462811621425208541e-01
4.349300000000000182e+03 2.105447280462287017e+04 2.412093168635361662e-01
4.352800000000000182e+03 2.145800003610736167e+04 2.442083826317224815e-01
4.356300000000000182e+03 2.235387132074763576e+04 2.467005934960482538e-01
4.359800000000000182e+03 2.344837867878516772e+04 2.511443745835657548e-01
4.363300000000000182e+03 2.447803999639272661e+04 2.575873627498299068e-01
4.366800000000000182e+03 2.558168623351867063e+04 2.592316491980093951e-01
4.370300000000000182e+03 2.633523991591014419e+04 2.583760238096867723e-01
4.373800000000000182e+03 2.684114253276696763e+04 2.576868861052611925e-01
4.377300000000000182e+03 2.717609229833757490e+04 2.523922123586908595e-01
4.380800000000000182e+03 2.725025708802501686e+04 2.499078413012917610e-01
4.384300000000000182e+03 2.710000982212875169e+04 2.470134907329624152e-01
4.387800000000000182e+03 2.676079075628250212e+04 2.479324775596760122e-01
4.391300000000000182e+03 2.698212507896617171e+04 2.465355783895583075e-01
4.394800000000000182e+03 2.703570236148388722e+04 2.448473631701911513e-01
4.398300000000000182e+03 2.694686060968058882e+04 2.455718177287991022e-01
4.401800000000000182e+03 2.698668160547208026e+04 2.454736074192187256e-01
4.405300000000000182e+03 2.730787724377579434e+04 2.447370286303351128e-01
4.408800000000000182e+03 2.717106853581402174e+04 2.464361470326739689e-01
4.412300000000000182e+03 2.736072230095501800e+04 2.445512670133629107e-01
4.415800000000000182e+03 2.749738002278031126e+04 2.431914042673139209e-01
4.419300000000000182e+03 2.743187394152854176e+04 2.427155910151871931e-01
4.422800000000000182e+03 2.733817558865477258e+04 2.423028903637437503e-01
4.426300000000000182e+03 2.775666252751073989e+04 2.400327589083417756e-01
4.429800000000000182e+03 2.733877471039383818e+04 2.415221882137137122e-01
4.433300000000000182e+03 2.765667211093340302e+04 2.397495454288602057e-01
4.436800000000000182e+03 2.766589463159525258e+04 2.386919706437470867e-01
4.440300000000000182e+03 2.765237724831793821e+04 2.377890060597403765e-01
4.443800000000000182e+03 2.779823187253959622e+04 2.394078318069029487e-01
4.447300000000000182e+03 2.793695415766274891e+04 2.384797544647337120e-01
4.450800000000000182e+03 2.792717294903753282e+04 2.394167201431341707e-01
4.454300000000000182e+03 2.823747167810231622e+04 2.349850658501284884e-01
4.457800000000000182e+03 2.826224993947348776e+04 2.378680208784699213e-01
4.461300000000000182e+03 2.840629346589620764e+04 2.354081775305653101e-01
4.464800000000000182e+03 2.855338980698358500e+04 2.334467187917096398e-01
4.468300000000000182e+03 2.852022373674914343e+04 2.332677137547395640e-01
4.471800000000000182e+03 2.888265303649227644e+04 2.310439133016614632e-01
4.475300000000000182e+03 2.870273032201074966e+04 2.288480589531395881e-01
4.478800000000000182e+03 2.888038721702704424e+04 2.311592492963098766e-01
4.482300000000000182e+03 2.888786132342877681e+04 2.295424995499995291e-01
4.485800000000000182e+03 2.879670812264945562e+04 2.275670967241097131e-01
4.489300000000000182e+03 2.917026385667722207e+04 2.274694610670822126e-01
4.492800000000000182e+03 2.925674600587775421e+04 2.277624395427008119e-01
4.496300000000000182e+03 2.952138658171052521e+04 2.292166842930723758e-01
4.499800000000000182e+03 2.995951742907381413e+04 2.284471224231855169e-01
4.503300000000000182e+03 3.038714500631629198e+04 2.264384980053796848e-01
4.506800000000000182e+03 3.065018495309201899e+04 2.244342181227065303e-01
4.510300000000000182e+03 3.076508844444507486e+04 2.237364285049197599e-01
4.513800000000000182e+03 3.047836847566104552e+04 2.261474754179381708e-01
4.517300000000000182e+03 3.049548559067094175e+04 2.249242949502202049e-01
4.520800000000000182e+03 3.017559918167766955e+04 2.231518421923270878e-01
4.524300000000000182e+03 2.976871530655608876e+04 2.238161501508924567e-01
4.527800000000000182e+03 2.983847596765281196e+04 2.203510451544137272e-01
4.531300000000000182e+03 2.934850978346095144e+04 2.232295239714923440e-01
4.534800000000000182e+03 2.926495200400416797e+04 2.251313909101370914e-01
4.538300000000000182e+03 2.949222033545618979e+04 2.200903411318722580e-01
4.541800000000000182e+03 2.957591683324171026e+04 2.208198629006119240e-01
4.545300000000000182e+03 2.961809999917382083e+04 2.196689025375299642e-01
4.548800000000000182e+03 2.980127854722504708e+04 2.179325510118276243e-01
4.552300000000000182e+03 2.996447391726631759e+04 2.186289760789861258e-01
4.555800000000000182e+03 3.031899024018265482e+04 2.177826786826421168e-01
4.559300000000000182e+03 3.075377338898903690e+04 2.161003543214022049e-01
4.562800000000000182e+03 3.088147265805015923e+04 2.179781852423204602e-01
4.566300000000000182e+03 3.118787365011870861e+04 2.168937024252616252e-01
4.569800000000000182e+03 3.123682404899529865e+04 2.161294764678148572e-01
4.573300000000000182e+03 3.113654261534205216e+04 2.164442275246168945e-01
4.576800000000000182e+03 3.113047293797385646e+04 2.147733040060254006e-01
4.580300000000000182e+03 3.087796949588653297e+04 2.143734935552464027e-01
4.583800000000000182e+03 3.053705535247733496e+04 2.129982014547885105e-01
4.587300000000000182e+03 3.056071425060859110e+04 2.113558878781149342e-01
4.590800000000000182e+03 3.027776107087865603e+04 2.117716680378499694e-01
4.594300000000000182e+03 3.029515327109924328e+04 2.122744613545360648e-01
4.597800000000000182e+03 3.057298488712468679e+04 2.097132720749429191e-01
4.601300000000000182e+03 3.060482309198315488e+04 2.108863065773421974e-01
4.604800000000000182e+03 3.081766531255382506e+04 2.095283212206346390e-01
4.608300000000000182e+03 3.105540213343035794e+04 2.096302957825940672e-01
4.611800000000000182e+03 3.101535210721925978e+04 2.085922791056104564e-01
4.615300000000000182e+03 3.091101830102504027e+04 2.075882661886126745e-01
4.618800000000000182e+03 3.086726726770280584e+04 2.094576580793618137e-01
4.622300000000000182e+03 3.077371568269730415e+04 2.088124090703774305e-01
4.625800000000000182e+03 3.056801119071204084e+04 2.065716277238011933e-01
4.629300000000000182e+03 3.067455668413440071e+04 2.059952238074448660e-01
4.632800000000000182e+03 3.055179377928932809e+04 2.035732499568430054e-01
4.636300000000000182e+03 3.061176858420649296e+04 2.044004858862956964e-01
4.639800000000000182e+03 3.068923493558325572e+04 2.042897870362286317e-01
4.643300000000000182e+03 3.085123062448825658e+04 2.060646343888737630e-01
4.646800000000000182e+03 3.109225555780228751e+04 2.005430222525030892e-01
4.650300000000000182e+03 3.122916219374325738e+04 2.021601717845689927e-01
4.653800000000000182e+03 3.107741442147360067e+04 2.038975620823510748e-01
4.657300000000000182e+03 3.127713175176340519e+04 2.003606609908788749e-01
4.660800000000000182e+03 3.130955185973404150e+04 2.011777421368589613e-01
4.664300000000000182e+03 3.156032919603087794e+04 2.005993156003396394e-01
4.667800000000000182e+03 3.176057117488399672e+04 2.009628000615554244e-01
4.671300000000000182e+03 3.156657930230476268e+04 2.004668917996406674e-01
4.674800000000000182e+03 3.159239036317754289e+04 1.994065446204053016e-01
4.678300000000000182e+03 3.148569056756168720e+04 1.988055064313703768e-01
4.681800000000000182e+03 3.130974440759815116e+04 1.975238704265501188e-01
4.685300000000000182e+03 3.096254763946005187e+04 1.992637729212255182e-01
4.688800000000000182e+03 3.079136648637818871e+04 1.986930209714351803e-01
4.692300000000000182e+03 3.071818651246225272e+04 1.969532784254378055e-01
4.695800000000000182e+03 3.060022421334012324e+04 1.982312681592468262e-01
4.699300000000000182e+03 3.037911303947250781e+04 1.957478380413547603e-01
4.702800000000000182e+03 3.018348752089749541e+04 1.964257128308232736e-01
4.706300000000000182e+03 3.011362456325063249e+04 1.909691244010122968e-01
4.709800000000000182e+03 2.999189815513131907e+04 1.930382238874044643e-01
4.713300000000000182e+03 3.021426233828637123e+04 1.933883426268299954e-01
4.716800000000000182e+03 3.036430043464040864e+04 1.937773385838494344e-01
4.720300000000000182e+03 3.059727929159988707e+04 1.924412467507551350e-01
4.723800000000000182e+03 3.089587365214339661e+04 1.922268537436442326e-01
4.727300000000000182e+03 3.118717886918468866e+04 1.931217276854901299e-01
4.730800000000000182e+03 3.120307867669497864e+04 1.920003252139981798e-01
4.734300000000000182e+03 3.151360180340032457e+04 1.917987665281254417e-01
4.737800000000000182e+03 3.149864956993552914e+04 1.908806318067031715e-01
4.741300000000000182e+03 3.161339614494849957e+04 1.893853012452631768e-01
4.744800000000000182e+03 3.169451406382582354e+04 1.881259971383642815e-01
4.748300000000000182e+03 3.173146607700498862e+04 1.900000273777414372e-01
4.751800000000000182e+03 3.169573440271050640e+04 1.872030208841351517e-01
4.755300000000000182e+03 3.164905854686992825e+04 1.898741487121465565e-01
4.758800000000000182e+03 3.159257972973985306e+04 1.855069160674046869e-01
4.762300000000000182e+03 3.166346160471072290e+04 1.870283847288918833e-01
4.765800000000000182e+03 3.158333925955378800e+04 1.862066112745888458e-01
4.769300000000000182e+03 3.149975122173191630e+04 1.860331791095874987e-01
4.772800000000000182e+03 3.145050040680671736e+04 1.871189077706382209e-01
4.776300000000000182e+03 3.147712473381323798e+04 1.863953315571306169e-01
4.779800000000000182e+03 3.150838725350466120e+04 1.846649020309983624e-01
4.783300000000000182e+03 3.148293694924827651e+04 1.885337188284455789e-01
4.786800000000000182e+03 3.134603229550028846e+04 1.867888210371862756e-01
4.790300000000000182e+03 3.123639678305807684e+04 1.856798391250080726e-01
4.793800000000000182e+03 3.116199797149310325e+04 1.844199444024365031e-01
4.797300000000000182e+03 3.116686866703630949e+04 1.842747958976292677e-01
4.800800000000000182e+03 3.110654491496726405e+04 1.832683714526206209e-01
4.804300000000000182e+03 3.091143352977950053e+04 1.844068931149286661e-01
4.807800000000000182e+03 3.092207120353657228e+04 1.831040208429215443e-01
4.811300000000000182e+03 3.097800483434647322e+04 1.818296615280694806e-01
4.814800000000000182e+03 3.114970243848590326e+04 1.830954002801427338e-01
4.818300000000000182e+03 3.100514623207944533e+04 1.823265496795649643e-01
4.821800000000000182e+03 3.094944167215579728e+04 1.833885327234690832e-01
4.825300000000000182e+03 3.091868132321523808e+04 1.843249455119441993e-01
4.828800000000000182e+03 3.054398624455205209e+04 1.840431720694302720e-01
4.832300000000000182e+03 3.014171633086436123e+04 1.829810155413548467e-01
4.835800000000000182e+03 2.955785905917022683e+04 1.826633826359503887e-01
4.839300000000000182e+03 2.891605914006086095e+04 1.797492133148398674e-01
4.842800000000000182e+03 2.801006423832437940e+04 1.803870203117572124e-01
4.846300000000000182e+03 2.730108900103356063e+04 1.794350945883696202e-01
4.849800000000000182e+03 2.633184284835631115e+04 1.798256982882723842e-01
4.853300000000000182e+03 2.543688113770806376e+04 1.776033879791145131e-01
4.856800000000000182e+03 2.455894100895071097e+04 1.744964522332149159e-01
4.860300000000000182e+03 2.375035398079440347e+04 1.718916486433531010e-01
4.863800000000000182e+03 2.336614038055247875e+04 1.674984569699770054e-01
4.867300000000000182e+03 2.290842594699647452e+04 1.632266910804704430e-01
4.870800000000000182e+03 2.306221570336056539e+04 1.628058325103852177e-01
4.874300000000000182e+03 2.373309422954650654e+04 1.648259116065240171e-01
4.877800000000000182e+03 2.478538313977465441e+04 1.699627656945630894e-01
4.881300000000000182e+03 2.601167053373889939e+04 1.755756452430630443e-01
4.884800000000000182e+03 2.723230778449550417e+04 1.773963292637062150e-01
4.888300000000000182e+03 2.840726826978221652e+04 1.814505844058182937e-01
4.891800000000000182e+03 2.924246641451463438e+04 1.769673251861740293e-01
4.895300000000000182e+03 2.954891087259576670e+04 1.789394602732382322e-01
4.898800000000000182e+03 2.989543298742455227e+04 1.742537179629855826e-01
4.902300000000000182e+03 2.983151373367589986e+04 1.746240808133632250e-01
4.905800000000000182e+03 2.972495683642291260e+04 1.741553211211607499e-01
4.909300000000000182e+03 3.006959493293258129e+04 1.709532734126877340e-01
4.912800000000000182e+03 2.986666282782609778e+04 1.718352346645455053e-01
4.916300000000000182e+03 2.993961669981812520e+04 1.708418417028463865e-01
4.919800000000000182e+03 2.985291929328861079e+04 1.706113112147756294e-01
4.923300000000000182e+03 2.965843529514848706e+04 1.703181961161741864e-01
4.926800000000000182e+03 2.981808118137549172e+04 1.698337384266636885e-01
4.930300000000000182e+03 2.968202318020346138e+04 1.702285313335560601e-01
4.933800000000000182e+03 2.973784530995675595e+04 1.712892474821642863e-01
4.937300000000000182e+03 3.007523844082557480e+04 1.669744197212393866e-01
4.940800000000000182e+03 3.014116574858744571e+04 1.691592924089571903e-01
4.944300000000000182e+03 3.015508690256714544e+04 1.683033896087334780e-01
4.947800000000000182e+03 3.049089405113534667e+04 1.681704254927894049e-01
4.951300000000000182e+03 3.058420238928302570e+04 1.673522876077679911e-01
4.954800000000000182e+03 3.078811576591683115e+04 1.684665060699623018e-01
4.958300000000000182e+03 3.062537083097577852e+04 1.682174884440282847e-01
4.961800000000000182e+03 3.090191077166455216e+04 1.664862193365369558e-01
4.965300000000000182e+03 3.093365487444396422e+04 1.668455674667085331e-01
4.968800000000000182e+03 3.070951222153228082e+04 1.685356261283416923e-01
4.972300000000000182e+03 3.068152044226533326e+04 1.659766883353771538e-01
4.975800000000000182e+03 3.045309837829423850e+04 1.669663927263750069e-01
4.979300000000000182e+03 3.021283745345221541e+04 1.666304048642916202e-01
4.982800000000000182e+03 2.985846912406184492e+04 1.652953967443178684e-01
4.986300000000000182e+03 2.970944074626941801e+04 1.641747644248449933e-01
4.989800000000000182e+03 2.949342153446857992e+04 1.685246888319992253e-01
4.993300000000000182e+03 2.925356649452311467e+04 1.660527948908933349e-01
4.996800000000000182e+03 2.902761029715967015e+04 1.667937500646258508e-01
5.000300000000000182e+03 2.877711574349868897e+04 1.656114552748460533e-01
5.003800000000000182e+03 2.880052157444559271e+04 1.639173772477711399e-01
5.007300000000000182e+03 2.858954854258295745e+04 1.652444659130302695e-01
5.010800000000000182e+03 2.865021492664865582e+04 1.637204360123570290e-01
5.014300000000000182e+03 2.867482806453216108e+04 1.641130406166918243e-01
5.017800000000000182e+03 2.890959522689257574e+04 1.649824136696660948e-01
5.021300000000000182e+03 2.923846269805559859e+04 1.645864891034077848e-01
5.024800000000000182e+03 2.956347846880819998e+04 1.669829306748338016e-01
5.028300000000000182e+03 2.958164095378787169e+04 1.654033132109114790e-01
5.031800000000000182e+03 2.955689478912052436e+04 1.685044144956130696e-01
5.035300000000000182e+03 2.964770853928631186e+04 1.682115250410274876e-01
5.038800000000000182e+03 2.938005610097823956e+04 1.675727552906411677e-01
5.042300000000000182e+03 2.946437164337091235e+04 1.659758514348624869e-01
5.045800000000000182e+03 2.942984826065808738e+04 1.645291400560166817e-01
5.049300000000000182e+03 2.959018362883376903e+04 1.634290678023828103e-01
5.052800000000000182e+03 2.962403239299336201e+04 1.618274177818158632e-01
5.056300000000000182e+03 2.966756495288330188e+04 1.640529638210910524e-01
5.059800000000000182e+03 2.969067172575315635e+04 1.639130654582125479e-01
5.063300000000000182e+03 3.004461331542308471e+04 1.628367138584053131e-01
5.066800000000000182e+03 3.015086594549491565e+04 1.631968058031597890e-01
5.070300000000000182e+03 3.025491157961466524e+04 1.621728434353924830e-01
5.073800000000000182e+03 3.018828756877926935e+04 1.620500658772015823e-01
5.077300000000000182e+03 3.010834950178786676e+04 1.611105881927803463e-01
5.080800000000000182e+03 3.002891628464076712e+04 1.634448698342923223e-01
5.084300000000000182e+03 3.006508925798790006e+04 1.590238381890752561e-01
5.087800000000000182e+03 2.992746782252758931e+04 1.605714618503563118e-01
5.091300000000000182e+03 2.993193058125801326e+04 1.607263330928438427e-01
5.094800000000000182e+03 2.989630456446344760e+04 1.587913014048366322e-01
5.098300000000000182e+03 2.996860787049249848e+04 1.581472322001139796e-01
5.101800000000000182e+03 3.017427340228704270e+04 1.551153805364705873e-01
5.105300000000000182e+03 3.016653689938378739e+04 1.578168270275793483e-01
5.108800000000000182e+03 3.009521090579277734e+04 1.558083873296003119e-01
5.112300000000000182e+03 3.015383678207903722e+04 1.553938629748784495e-01
5.115800000000000182e+03 3.018256729979119336e+04 1.560122183650427818e-01
5.119300000000000182e+03 3.019682745055871783e+04 1.541039443679020349e-01
5.122800000000000182e+03 2.994665402753599483e+04 1.561324737234406623e-01
5.126300000000000182e+03 2.978418929277720599e+04 1.558186739868191450e-01
5.129800000000000182e+03 2.956992256781581091e+04 1.565728111615716511e-01
5.133300000000000182e+03 2.954451524795422301e+04 1.535069850551402659e-01
5.136800000000000182e+03 2.960482273639545383e+04 1.535771981479882031e-01
5.140300000000000182e+03 2.942561367856671131e+04 1.531892464439622570e-01
5.143800000000000182e+03 2.926466626236180673e+04 1.535222412267207293e-01
5.147300000000000182e+03 2.931246173275649562e+04 1.537599926537513984e-01
5.150800000000000182e+03 2.908993434410809277e+04 1.540615356012348947e-01
5.154300000000000182e+03 2.895171040059171719e+04 1.526777684303437521e-01
5.157800000000000182e+03 2.882169959123416265e+04 1.529191295827103392e-01
5.161300000000000182e+03 2.855500297222967129e+04 1.540532370998462242e-01
5.164800000000000182e+03 2.854435597296335982e+04 1.535021588597340614e-01
5.168300000000000182e+03 2.848388673683576781e+04 1.508698092923157208e-01
5.171800000000000182e+03 2.827114229701285512e+04 1.524936645615075081e-01
5.175300000000000182e+03 2.833683174986359882e+04 1.498437917798723651e-01
5.178800000000000182e+03 2.817990348665216516e+04 1.509549109340228012e-01
5.182300000000000182e+03 2.818594196804137027e+04 1.504665365926700638e-01
5.185800000000000182e+03 2.827652600171879021e+04 1.486740444505235403e-01
5.189300000000000182e+03 2.810739796378500250e+04 1.529369783519134718e-01
5.192800000000000182e+03 2.834026915514585562e+04 1.509969110272681714e-01
5.196300000000000182e+03 2.822948392268496536e+04 1.524425735747641231e-01
5.199800000000000182e+03 2.854065140283712026e+04 1.511304570087128041e-01
5.203300000000000182e+03 2.858634609645283854e+04 1.522909372985580545e-01
5.206800000000000182e+03 2.874806801307681235e+04 1.521961059068213939e-01
5.210300000000000182e+03 2.895740667239419054e+04 1.509720246203599403e-01
5.213800000000000182e+03 2.885650628474890982e+04 1.520430882079560619e-01
5.217300000000000182e+03 2.885186112528483864e+04 1.521668770173482121e-01
5.220800000000000182e+03 2.913284399953619140e+04 1.499775980818993382e-01
5.224300000000000182e+03 2.894995820383076716e+04 1.505994509606045917e-01
5.227800000000000182e+03 2.919693726637327927e+04 1.510790042309960723e-01
5.231300000000000182e+03 2.913338482653267783e+04 1.491410883678292720e-01
5.234800000000000182e+03 2.897053071700389046e+04 1.525987160323714897e-01
5.238300000000000182e+03 2.935295655150854873e+04 1.508173710048603677e-01
5.241800000000000182e+03 2.947753465110951947e+04 1.513155868482987942e-01
5.245300000000000182e+03 2.956240640631843780e+04 1.514775882608828117e-01
5.248800000000000182e+03 2.950600981576416234e+04 1.521262909197229340e-01
5.252300000000000182e+03 2.930148902645069757e+04 1.510040338516654979e-01
5.255800000000000182e+03 2.894393211083112328e+04 1.507588114774646992e-01
5.259300000000000182e+03 2.843399201034660291e+04 1.497448875663363321e-01
5.262800000000000182e+03 2.813406281886820943e+04 1.499322848213164305e-01
5.266300000000000182e+03 2.791530329822963540e+04 1.471637817190851738e-01
5.269800000000000182e+03 2.775872869498624641e+04 1.481223662645549666e-01
5.273300000000000182e+03 2.761022675607175552e+04 1.492858562757585772e-01
5.276800000000000182e+03 2.790517521086075067e+04 1.498182655824213394e-01
5.280300000000000182e+03 2.833091390012578631e+04 1.487299824972726503e-01
5.283800000000000182e+03 2.844375063850546940e+04 1.509191599143234752e-01
5.287300000000000182e+03 2.892491834215570998e+04 1.497047343698598987e-01
5.290800000000000182e+03 2.901755517776101624e+04 1.494366257140622711e-01
5.294300000000000182e+03 2.919781178071963222e+04 1.498860985735078200e-01
5.297800000000000182e+03 2.945415047012310242e+04 1.489445773846629351e-01
5.301300000000000182e+03 2.934769347939423096e+04 1.489259868064019277e-01
5.304800000000000182e+03 2.938633293842827698e+04 1.489354690281576576e-01
5.308300000000000182e+03 2.938280253862384779e+04 1.495689152754177409e-01
5.311800000000000182e+03 2.893180132125654563e+04 1.494266819435212112e-01
5.315300000000000182e+03 2.904055539123760900e+04 1.480702812483273567e-01
5.318800000000000182e+03 2.873497938637811239e+04 1.463427959884462670e-01
5.322300000000000182e+03 2.840489711067903772e+04 1.513700684077930458e-01
5.325800000000000182e+03 2.814947344196301856e+04 1.469333410395425588e-01
5.329300000000000182e+03 2.814626406896623303e+04 1.472226401065105383e-01
5.332800000000000182e+03 2.814083823664847660e+04 1.473626549751717030e-01
5.336300000000000182e+03 2.824906566993380329e+04 1.462697056069152401e-01
5.339800000000000182e+03 2.832060453542225878e+04 1.461702524266026704e-01
5.343300000000000182e+03 2.855552846629377382e+04 1.467530859440089042e-01
5.346800000000000182e+03 2.863178072679035176e+04 1.475111670195704272e-01
5.350300000000000182e+03 2.897247996442638396e+04 1.450339327941094214e-01
5.353800000000000182e+03 2.884059480571075619e+04 1.456244678653089153e-01
5.357300000000000182e+03 2.892128997910385078e+04 1.470662348071408998e-01
5.360800000000000182e+03 2.870226842473928627e+04 1.475881700081587145e-01
5.364300000000000182e+03 2.880791024381724128e+04 1.457649164486788107e-01
5.367800000000000182e+03 2.875881337532345424e+04 1.463409961295058792e-01
5.371300000000000182e+03 2.875019699732230220e+04 1.471567740351547859e-01
5.374800000000000182e+03 2.866248465760759791e+04 1.460984467691101019e-01
5.378300000000000182e+03 2.856395783630044389e+04 1.450718152893942792e-01
5.381800000000000182e+03 2.875798915195870723e+04 1.456513613775697047e-01
5.385300000000000182e+03 2.860999109061970375e+04 1.446840092083456208e-01
5.388800000000000182e+03 2.848342497850018481e+04 1.455266308488255833e-01
5.392300000000000182e+03 2.853878081820364241e+04 1.438940203811989726e-01
5.395800000000000182e+03 2.801444203245665994e+04 1.454674073974309978e-01
5.399300000000000182e+03 2.829231082614071420e+04 1.434357092945661161e-01
5.402800000000000182e+03 2.806741373845389535e+04 1.434347421178283066e-01
5.406300000000000182e+03 2.789041589345736429e+04 1.473575001083168301e-01
5.409800000000000182e+03 2.781517037749623341e+04 1.455288168494361656e-01
5.413300000000000182e+03 2.786393939140875591e+04 1.441423532566201704e-01
5.416800000000000182e+03 2.798548861297079566e+04 1.448349289587348154e-01
5.420300000000000182e+03 2.806198587161236355e+04 1.459384096417192245e-01
5.423800000000000182e+03 2.819159836579253533e+04 1.453761544942377970e-01
5.427300000000000182e+03 2.806643108338909587e+04 1.470658494913838210e-01
5.430800000000000182e+03 2.827163226455941185e+04 1.466920436949769313e-01
5.434300000000000182e+03 2.819428489439436089e+04 1.438292836046889123e-01
5.437800000000000182e+03 2.839451040653378004e+04 1.459278084624040239e-01
5.441300000000000182e+03 2.851798222842532778e+04 1.444890171750277119e-01
5.444800000000000182e+03 2.852870777754193841e+04 1.429708004408016264e-01
5.448300000000000182e+03 2.846354288841991001e+04 1.461291288393356813e-01
5.451800000000000182e+03 2.845991095429763664e+04 1.434071400118647754e-01
5.455300000000000182e+03 2.836943599417814403e+04 1.447225516118685051e-01
5.458800000000000182e+03 2.845970392027468915e+04 1.427992132770966316e-01
5.462300000000000182e+03 2.832603461301653806e+04 1.436759403830580595e-01
5.465800000000000182e+03 2.821822413240263631e+04 1.430228397736243995e-01
5.469300000000000182e+03 2.809037799547977920e+04 1.420145881626784512e-01
5.472800000000000182e+03 2.825459113861704463e+04 1.415459231677668461e-01
5.476300000000000182e+03 2.826319161939760306e+04 1.428815981671807678e-01
5.479800000000000182e+03 2.820032996662929872e+04 1.428146183431201754e-01
5.483300000000000182e+03 2.807630990236590515e+04 1.438847187712382347e-01
5.486800000000000182e+03 2.822102532759868700e+04 1.415245078731735551e-01
5.490300000000000182e+03 2.815924969043107922e+04 1.418647657510598570e-01
5.493800000000000182e+03 2.806381983837953521e+04 1.409037046258226900e-01
5.497300000000000182e+03 2.818538883977895603e+04 1.413449126959632762e-01
5.500800000000000182e+03 2.806095753195734869e+04 1.430386232137378366e-01
5.504300000000000182e+03 2.815418395301652345e+04 1.407896565006701850e-01
5.507800000000000182e+03 2.808019121550155978e+04 1.417665357262156145e-01
5.511300000000000182e+03 2.797772549622729639e+04 1.399786805764066389e-01
5.514800000000000182e+03 2.780614168365575824e+04 1.412305499487649940e-01
5.518300000000000182e+03 2.788306107854896618e+04 1.379944082319791709e-01
5.521800000000000182e+03 2.789597575897207935e+04 1.406768774567485891e-01
5.525300000000000182e+03 2.790797735306256436e+04 1.401142305824029377e-01
5.528800000000000182e+03 2.772864046205490740e+04 1.406945775376111651e-01
5.532300000000000182e+03 2.782279525044857655e+04 1.413421472505724807e-01
5.535800000000000182e+03 2.799445741310971425e+04 1.405155345322010862e-01
5.539300000000000182e+03 2.803198715661053211e+04 1.381249742920337142e-01
5.542800000000000182e+03 2.790168308274960509e+04 1.397481808247991175e-01
5.546300000000000182e+03 2.781836199269468489e+04 1.401827324836637245e-01
5.549800000000000182e+03 2.796923924272113072e+04 1.391068220578496883e-01
5.553300000000000182e+03 2.774895650051578559e+04 1.389333399824677628e-01
5.556800000000000182e+03 2.756254243341940673e+04 1.408125635827296163e-01
5.560300000000000182e+03 2.763941153978251168e+04 1.385007940241800295e-01
5.563800000000000182e+03 2.761724470349638068e+04 1.387718178485770892e-01
5.567300000000000182e+03 2.719384634848030692e+04 1.393254133748911827e-01
5.570800000000000182e+03 2.725142770139212007e+04 1.385869934262676795e-01
5.574300000000000182e+03 2.730493953952833544e+04 1.383433766319564495e-01
5.577800000000000182e+03 2.711284028774440958e+04 1.388203772185923335e-01
5.581300000000000182e+03 2.707508129342479515e+04 1.384701878681834641e-01
5.584800000000000182e+03 2.706197560382642405e+04 1.398131271745761961e-01
5.588300000000000182e+03 2.700798487755316819e+04 1.400815032071933697e-01
5.591800000000000182e+03 2.720342122551582361e+04 1.398263151783244174e-01
5.595300000000000182e+03 2.706926865937016555e+04 1.417359851739835586e-01
5.598800000000000182e+03 2.693845855938870955e+04 1.412559709998323088e-01
5.602300000000000182e+03 2.702370522850763882e+04 1.411956059047919099e-01
5.605800000000000182e+03 2.707567306190785166e+04 1.427747933115085244e-01
5.609300000000000182e+03 2.723814994142026990e+04 1.382794433821600832e-01
5.612800000000000182e+03 2.706669733449136766e+04 1.385857828456312502e-01
5.616300000000000182e+03 2.720204745860810726e+04 1.396928845925079210e-01
5.619800000000000182e+03 2.732249147595454633e+04 1.411310758298007229e-01
5.623300000000000182e+03 2.729862628934764507e+04 1.389725597405396251e-01
5.626800000000000182e+03 2.737786896843858631e+04 1.389103327083853479e-01
5.630300000000000182e+03 2.723842419710383547e+04 1.420677167556234632e-01
5.633800000000000182e+03 2.714862142671610127e+04 1.389934329566735460e-01
5.637300000000000182e+03 2.707361777710927345e+04 1.405347810628854721e-01
5.640800000000000182e+03 2.709588922468739111e+04 1.383838016700550400e-01
5.644300000000000182e+03 2.708283424716102672e+04 1.400666167616809177e-01
5.647800000000000182e+03 2.733251515581124477e+04 1.380235497462563299e-01
5.651300000000000182e+03 2.714287008355915168e+04 1.395443027312738282e-01
5.654800000000000182e+03 2.693818661190106286e+04 1.391593501277906264e-01
5.658300000000000182e+03 2.679779895166994538e+04 1.395399722354557226e-01
5.661800000000000182e+03 2.667810572355473778e+04 1.422249152884473844e-01
5.665300000000000182e+03 2.669189877631958007e+04 1.411108755624515543e-01
5.668800000000000182e+03 2.647535251857964249e+04 1.399698447949134505e-01
5.672300000000000182e+03 2.643769092984478266e+04 1.440778828798798261e-01
5.675800000000000182e+03 2.663778931860758530e+04 1.430309231967776817e-01
5.679300000000000182e+03 2.657735194909208803e+04 1.416136717815799639e-01
5.682800000000000182e+03 2.673394184861991744e+04 1.404311779185672959e-01
5.686300000000000182e+03 2.668335168861710190e+04 1.430359827285257734e-01
5.689800000000000182e+03 2.657309828106189889e+04 1.430348870778971881e-01
5.693300000000000182e+03 2.679245387261953874e+04 1.412034052987347632e-01
5.696800000000000182e+03 2.654836980862786731e+04 1.443832270008980623e-01
5.700300000000000182e+03 2.664662885667465525e+04 1.403683296210021525e-01
5.703800000000000182e+03 2.641687504209534382e+04 1.408169711892860720e-01
5.707300000000000182e+03 2.645696511204697890e+04 1.402489144154411560e-01
5.710800000000000182e+03 2.648963921712562296e+04 1.405835232369449239e-01
5.714300000000000182e+03 2.675889836565586666e+04 1.404148757740816544e-01
5.717800000000000182e+03 2.658744176223323302e+04 1.396494181835767623e-01
5.721300000000000182e+03 2.672376042908827003e+04 1.433586710498669370e-01
5.724800000000000182e+03 2.681935618234736467e+04 1.401580952710931305e-01
5.728300000000000182e+03 2.714888451862827424e+04 1.407830914133729183e-01
5.731800000000000182e+03 2.709364848430001075e+04 1.391128333644230664e-01
5.735300000000000182e+03 2.698626429162654676e+04 1.387340159105641679e-01
5.738800000000000182e+03 2.693501020638873524e+04 1.399780537412488313e-01
5.742300000000000182e+03 2.659263331674058645e+04 1.385468628545109548e-01
5.745800000000000182e+03 2.666698357565907281e+04 1.402605303919515489e-01
5.749300000000000182e+03 2.659028435095862733e+04 1.369321517642218267e-01
5.752800000000000182e+03 2.654320120875654902e+04 1.381274871435954898e-01
5.756300000000000182e+03 2.649103867036148949e+04 1.372925463998901641e-01
5.759800000000000182e+03 2.640520409549210672e+04 1.387661730246433911e-01
5.763300000000000182e+03 2.647284941437358793e+04 1.364269031219924322e-01
5.766800000000000182e+03 2.646652897927987578e+04 1.346266960002772684e-01
5.770300000000000182e+03 2.655262237266727971e+04 1.379379423799995119e-01
5.773800000000000182e+03 2.654103709831802553e+04 1.364526714475186309e-01
5.777300000000000182e+03 2.646484172909496556e+04 1.359548949579570953e-01
5.780800000000000182e+03 2.646531968704792234e+04 1.352801681086353291e-01
5.784300000000000182e+03 2.647109033419488696e+04 1.333676966532968133e-01
5.787800000000000182e+03 2.631012567609431790e+04 1.348376860341689853e-01
5.791300000000000182e+03 2.645961502526282129e+04 1.326978744873011651e-01
5.794800000000000182e+03 2.613251675886816884e+04 1.342553776730510684e-01
5.798300000000000182e+03 2.626700247974130616e+04 1.320489894806853581e-01
5.801800000000000182e+03 2.620873476512561683e+04 1.348271306551544479e-01
5.805300000000000182e+03 2.627188981116909054e+04 1.329911606199861984e-01
5.808800000000000182e+03 2.638333295867974448e+04 1.323592914133804865e-01
5.812300000000000182e+03 2.645692511232295874e+04 1.329248808958356509e-01
5.815800000000000182e+03 2.646542106125867576e+04 1.304670911856264937e-01
5.819300000000000182e+03 2.632125665654526529e+04 1.315793278723458859e-01
5.822800000000000182e+03 2.642779712326884328e+04 1.313587678062164421e-01
5.826300000000000182e+03 2.634130024550880262e+04 1.332929995151568014e-01
5.829800000000000182e+03 2.617962757304489423e+04 1.320578129358817576e-01
5.833300000000000182e+03 2.624672849311253231e+04 1.318491478273932649e-01
5.836800000000000182e+03 2.602726424299132850e+04 1.319985970041357703e-01
5.840300000000000182e+03 2.620536585835452206e+04 1.286776439606197031e-01
5.843800000000000182e+03 2.593640738736397543e+04 1.321505854706597760e-01
5.847300000000000182e+03 2.593504094193638957e+04 1.278564453552390456e-01
5.850800000000000182e+03 2.565585115909893648e+04 1.317782093391053899e-01
5.854300000000000182e+03 2.572054607495959863e+04 1.314932360643330800e-01
5.857800000000000182e+03 2.577130229907567264e+04 1.294447815579384264e-01
5.861300000000000182e+03 2.567721889643584291e+04 1.309344741039887294e-01
5.864800000000000182e+03 2.564930647816196506e+04 1.313901512274613659e-01
5.868300000000000182e+03 2.567104086714122604e+04 1.302178011519850576e-01
5.871800000000000182e+03 2.537927061776998744e+04 1.319921425729523312e-01
5.875300000000000182e+03 2.495775149661212708e+04 1.345790987911084924e-01
5.878800000000000182e+03 2.477678613520669387e+04 1.363188305982654391e-01
5.882300000000000182e+03 2.444149299287377653e+04 1.418224483477243392e-01
5.885800000000000182e+03 2.404351067503003287e+04 1.422066700357547675e-01
5.889300000000000182e+03 2.379081180762838267e+04 1.453021251632510835e-01
5.892800000000000182e+03 2.404630476189533874e+04 1.454529153386949769e-01
5.896300000000000182e+03 2.389566845370487863e+04 1.462556705520688949e-01
5.899800000000000182e+03 2.398517808115823937e+04 1.443730095697698113e-01
5.903300000000000182e+03 2.406452207444437227e+04 1.439846010429794709e-01
5.906800000000000182e+03 2.408106212088738539e+04 1.443398703259698157e-01
5.910300000000000182e+03 2.402485278506175746e+04 1.431324495364582894e-01
5.913800000000000182e+03 2.407064613834108241e+04 1.448825680925183434e-01
5.917300000000000182e+03 2.391668950527868219e+04 1.447252133059420964e-01
5.920800000000000182e+03 2.380378195507162673e+04 1.426784108347129154e-01
5.924300000000000182e+03 2.378202155128904997e+04 1.444070197825909063e-01
5.927800000000000182e+03 2.387617066345246349e+04 1.409840314962554630e-01
5.931300000000000182e+03 2.387244237164087463e+04 1.406868076469782181e-01
5.934800000000000182e+03 2.381658843963964682e+04 1.417181847589464860e-01
5.938300000000000182e+03 2.369792924408346516e+04 1.407378213769019948e-01
5.941800000000000182e+03 2.346060379360175284e+04 1.409376040941587305e-01
5.945300000000000182e+03 2.327290354345368905e+04 1.436788993401245940e-01
5.948800000000000182e+03 2.327602354281711814e+04 1.428079904721924753e-01
5.952300000000000182e+03 2.329539301733122920e+04 1.419998903008536373e-01
5.955800000000000182e+03 2.344649272034389287e+04 1.394449170430885621e-01
5.959300000000000182e+03 2.325154660600736315e+04 1.385297523027273492e-01
5.962800000000000182e+03 2.337685722476759111e+04 1.361071927231410073e-01
5.966300000000000182e+03 2.304446628600241820e+04 1.382598813523587822e-01
5.969800000000000182e+03 2.298505804941348470e+04 1.375892321116915507e-01
5.973300000000000182e+03 2.319347567188975881e+04 1.343741581886905290e-01
5.976800000000000182e+03 2.300782297274302255e+04 1.341145047362373444e-01
5.980300000000000182e+03 2.288855164148924814e+04 1.349397177024917460e-01
5.983800000000000182e+03 2.283006363018866978e+04 1.345718959655318181e-01
5.987300000000000182e+03 2.270127750020893654e+04 1.334549127232451948e-01
5.990800000000000182e+03 2.258843490831688177e+04 1.349704031692178230e-01
5.994300000000000182e+03 2.256799078434891999e+04 1.324026689468042473e-01
5.997800000000000182e+03 2.238516096679741531e+04 1.309446033654260155e-01
