# wavelength angstroms, flux, ext coeff
3.001800000000000182e+03 1.244255783149740680e+01 0.000000000000000000e+00
3.005300000000000182e+03 1.380670925416688632e+01 0.000000000000000000e+00
3.008800000000000182e+03 1.719648237451522022e+01 8.420606055000562362e-01
3.012300000000000182e+03 4.180702582229859132e+01 5.940382994032277209e-01
3.015800000000000182e+03 2.002798548906841702e+01 0.000000000000000000e+00
3.019300000000000182e+03 2.737265316299792417e+01 0.000000000000000000e+00
3.022800000000000182e+03 3.996270470564994959e+00 1.716716430664203319e+00
3.026300000000000182e+03 3.492149031823608141e+01 8.358041368849340458e-01
3.029800000000000182e+03 3.749514537478884790e+01 8.599206971594031135e-01
3.033300000000000182e+03 5.701809796538667285e+01 0.000000000000000000e+00
3.036800000000000182e+03 5.467843283518114994e+00 1.926459716380426457e+00
3.040300000000000182e+03 2.566889153259423750e+01 1.181353974832185516e+00
3.043800000000000182e+03 8.917333011219123762e+01 0.000000000000000000e+00
3.047300000000000182e+03 1.035346218944856247e+02 0.000000000000000000e+00
3.050800000000000182e+03 1.950324334986112973e+01 1.473326461037501200e+00
3.054300000000000182e+03 1.998039248883709362e+01 1.519555107799178240e+00
3.057800000000000182e+03 1.810450060504507874e+01 1.609718040216199020e+00
3.061300000000000182e+03 4.587265117455255847e+01 1.206780528199633107e+00
3.064800000000000182e+03 1.837251237536212045e+02 0.000000000000000000e+00
3.068300000000000182e+03 3.466028655605739317e+01 1.460728600662308807e+00
3.071800000000000182e+03 3.221699826225044205e+01 1.537955854637901520e+00
3.075300000000000182e+03 1.003549660783204978e+01 2.288616551519122577e+00
3.078800000000000182e+03 3.050576121315735918e+02 0.000000000000000000e+00
3.082300000000000182e+03 1.667935367615117315e+01 2.123898669913452331e+00
3.085800000000000182e+03 3.986548828484360740e+01 1.664452697146240778e+00
3.089300000000000182e+03 3.681155342561475408e+01 1.739449020248136080e+00
3.092800000000000182e+03 8.550859257759825027e+01 1.325620931707531369e+00
3.096300000000000182e+03 7.105931860379027398e+01 1.465193285820956426e+00
3.099800000000000182e+03 3.838137508612263815e+01 1.861439689885425519e+00
3.103300000000000182e+03 4.185605248123279409e+01 1.850956020934670487e+00
3.106800000000000182e+03 8.469059281414077134e+01 1.460926237046148657e+00
3.110300000000000182e+03 5.261327398679658529e+01 1.769097517860420243e+00
3.113800000000000182e+03 5.547266908152792553e+01 1.749765657495711224e+00
3.117300000000000182e+03 6.244574573970844966e+01 1.708611234197146223e+00
3.120800000000000182e+03 6.893808461781854646e+01 1.678551917206266619e+00
3.124300000000000182e+03 1.503973268162918657e+02 1.256741457296008724e+00
3.127800000000000182e+03 8.280360743474571450e+01 1.635563676764508978e+00
3.131300000000000182e+03 1.660071544001699806e+02 1.252910904658456337e+00
3.134800000000000182e+03 1.076067672687472907e+02 1.519495215905189545e+00
3.138300000000000182e+03 1.794854629342536043e+02 1.243014357586529561e+00
3.141800000000000182e+03 1.865320912006220908e+02 1.242089118432649020e+00
3.145300000000000182e+03 1.338226871974435710e+02 1.473399346584816971e+00
3.148800000000000182e+03 1.709520415729913623e+02 1.368475371099356019e+00
3.152300000000000182e+03 2.500174675465935650e+02 1.168607399836872229e+00
3.155800000000000182e+03 2.470936615312067772e+02 1.184895054854826713e+00
3.159300000000000182e+03 2.664529038506756251e+02 1.161991397633295842e+00
3.162800000000000182e+03 2.304359852758193199e+02 1.277310435092086527e+00
3.166300000000000182e+03 2.355321434931703664e+02 1.281599806001027630e+00
3.169800000000000182e+03 2.683019939853215305e+02 1.228159965537631626e+00
3.173300000000000182e+03 3.037324503307025907e+02 1.178113399655371873e+00
3.176800000000000182e+03 2.709011849888721599e+02 1.252528772368691090e+00
3.180300000000000182e+03 3.300582348854892416e+02 1.144613402325762808e+00
3.183800000000000182e+03 3.046288973873985810e+02 1.207502182858204876e+00
3.187300000000000182e+03 3.344773711804508025e+02 1.184979860286233810e+00
3.190800000000000182e+03 4.287727278361377898e+02 1.059655500356450730e+00
3.194300000000000182e+03 3.759742566723503501e+02 1.146986508736428823e+00
3.197800000000000182e+03 3.890875270195009534e+02 1.129527825268048069e+00
3.201300000000000182e+03 4.026957957427106294e+02 1.121637679114571018e+00
3.204800000000000182e+03 4.404670032196025886e+02 1.098595291038251487e+00
3.208300000000000182e+03 5.516080083952543873e+02 9.941079436691923066e-01
3.211800000000000182e+03 5.044348845813526623e+02 1.057121541692191968e+00
3.215300000000000182e+03 5.242567773231459114e+02 1.051110533790788892e+00
3.218800000000000182e+03 5.777135990865991744e+02 1.004364365648980018e+00
3.222300000000000182e+03 5.477802445123689949e+02 1.034266790811767978e+00
3.225800000000000182e+03 5.863316089135761331e+02 1.007034322381656688e+00
3.229300000000000182e+03 5.949628434969984028e+02 1.005684750120116489e+00
3.232800000000000182e+03 6.311852839180523915e+02 9.888529347313554929e-01
3.236300000000000182e+03 6.576961354685024617e+02 9.789459859586620016e-01
3.239800000000000182e+03 7.931123633209903119e+02 8.975432552434565725e-01
3.243300000000000182e+03 7.255879812013943138e+02 9.520274739496493721e-01
3.246800000000000182e+03 7.317801620411975136e+02 9.490197932420411098e-01
3.250300000000000182e+03 8.340089982071548320e+02 8.795940422720507357e-01
3.253800000000000182e+03 8.421864833892639126e+02 8.832238702777763795e-01
3.257300000000000182e+03 8.060519199249233679e+02 9.240118527818640404e-01
3.260800000000000182e+03 8.699574186678465821e+02 8.834939141459792200e-01
3.264300000000000182e+03 8.814907312661102878e+02 8.963957416878033380e-01
3.267800000000000182e+03 1.006145269799922971e+03 8.301446172309286942e-01
3.271300000000000182e+03 1.013728444602632408e+03 8.362088748639590063e-01
3.274800000000000182e+03 9.418111087280429956e+02 8.796894052761312643e-01
3.278300000000000182e+03 9.456762771402850376e+02 8.782522389150932973e-01
3.281800000000000182e+03 9.652996275733308948e+02 8.702246038664680494e-01
3.285300000000000182e+03 1.039155537450325028e+03 8.359517523398282135e-01
3.288800000000000182e+03 1.077349916722578428e+03 8.374075985658637755e-01
3.292300000000000182e+03 1.089288181283841141e+03 8.420022119477424960e-01
3.295800000000000182e+03 1.125371109813778958e+03 8.294870250750826512e-01
3.299300000000000182e+03 1.199754396959619498e+03 8.054606957025078895e-01
3.302800000000000182e+03 1.186240286113383718e+03 8.162000597273636471e-01
3.306300000000000182e+03 1.180315672927562218e+03 8.142970819592707521e-01
3.309800000000000182e+03 1.208356089918948555e+03 8.136405645054799463e-01
3.313300000000000182e+03 1.287662815726437202e+03 7.813223801328191831e-01
3.316800000000000182e+03 1.361765004380438995e+03 7.634427778141926746e-01
3.320300000000000182e+03 1.290007415860196261e+03 7.919049794339323434e-01
3.323800000000000182e+03 1.427188782257465846e+03 7.477416310353598439e-01
3.327300000000000182e+03 1.428438629015009383e+03 7.558546562571533123e-01
3.330800000000000182e+03 1.485103262432275415e+03 7.372019712714069639e-01
3.334300000000000182e+03 1.434304112776774218e+03 7.675917432006905683e-01
3.337800000000000182e+03 1.419054779856359119e+03 7.681752376936432647e-01
3.341300000000000182e+03 1.426123389018872103e+03 7.632816033926044241e-01
3.344800000000000182e+03 1.532752530500494686e+03 7.372803953961595269e-01
3.348300000000000182e+03 1.482302036341916391e+03 7.510245157556242335e-01
3.351800000000000182e+03 1.529257988482755763e+03 7.437095669618235538e-01
3.355300000000000182e+03 1.562137756287892671e+03 7.360294041965358414e-01
3.358800000000000182e+03 1.583379734211325285e+03 7.351215877668463294e-01
3.362300000000000182e+03 1.672698467412635182e+03 7.158908094121585464e-01
3.365800000000000182e+03 1.643776577170862993e+03 7.262318663817599607e-01
3.369300000000000182e+03 1.665626857185826339e+03 7.244185193736860651e-01
3.372800000000000182e+03 1.671290644347809575e+03 7.240002063753802064e-01
3.376300000000000182e+03 1.717567550810554621e+03 7.173701792399875821e-01
3.379800000000000182e+03 1.753616082946753295e+03 7.007297696792145203e-01
3.383300000000000182e+03 1.887594076973343363e+03 6.781712603723206723e-01
3.386800000000000182e+03 1.826239084844217132e+03 6.977075319823382582e-01
3.390300000000000182e+03 1.833070398875819592e+03 6.983086907841874469e-01
3.393800000000000182e+03 1.884017108669707568e+03 6.882298164301517973e-01
3.397300000000000182e+03 1.962742668025254943e+03 6.688398240014172824e-01
3.400800000000000182e+03 1.924431852307167901e+03 6.864097032175301427e-01
3.404300000000000182e+03 1.933073691476270824e+03 6.850483443664415750e-01
3.407800000000000182e+03 2.068546249862523837e+03 6.556784707532640200e-01
3.411300000000000182e+03 2.019636282719668088e+03 6.730985730264362754e-01
3.414800000000000182e+03 2.125381242383027256e+03 6.505515181898926524e-01
3.418300000000000182e+03 2.103871502033352044e+03 6.676044175373926359e-01
3.421800000000000182e+03 2.109748211575366440e+03 6.596799472171377410e-01
3.425300000000000182e+03 2.167955140043623942e+03 6.482082793805100662e-01
3.428800000000000182e+03 2.138727213064416901e+03 6.549908854859515239e-01
3.432300000000000182e+03 2.154056271267747434e+03 6.561256962277345339e-01
3.435800000000000182e+03 2.234827408337389897e+03 6.458246546536097199e-01
3.439300000000000182e+03 2.281942097539759743e+03 6.329297436595732185e-01
3.442800000000000182e+03 2.214089447222525905e+03 6.500630420073020277e-01
3.446300000000000182e+03 2.300328871027758851e+03 6.387915002173005785e-01
3.449800000000000182e+03 2.404233626221949180e+03 6.184545611228295936e-01
3.453300000000000182e+03 2.340492556599188447e+03 6.360405975470557749e-01
3.456800000000000182e+03 2.478448475313961808e+03 6.105165059929654747e-01
3.460300000000000182e+03 2.383518103999782852e+03 6.319199410252894777e-01
3.463800000000000182e+03 2.424948253430692148e+03 6.283129415808491602e-01
3.467300000000000182e+03 2.410895885866877506e+03 6.268722159057569243e-01
3.470800000000000182e+03 2.433227855604481647e+03 6.263216327702669783e-01
3.474300000000000182e+03 2.575125435075947735e+03 6.027921122376942442e-01
3.477800000000000182e+03 2.473771225653204510e+03 6.193955953101961676e-01
3.481300000000000182e+03 2.522618509507862200e+03 6.137450086493732027e-01
3.484800000000000182e+03 2.557942799534790538e+03 6.106146597138915055e-01
3.488300000000000182e+03 2.679421728294682453e+03 5.949211921214905274e-01
3.491800000000000182e+03 2.587507505258978654e+03 6.049337627586482968e-01
3.495300000000000182e+03 2.706375637440300579e+03 5.902857025172342231e-01
3.498800000000000182e+03 2.664756012785653638e+03 6.019400822894129810e-01
3.502300000000000182e+03 2.765194456781498047e+03 5.823859506539170727e-01
3.505800000000000182e+03 2.776454410861269480e+03 5.823912449851446071e-01
3.509300000000000182e+03 2.736003371064777184e+03 5.957158288502497623e-01
3.512800000000000182e+03 2.767754391256996769e+03 5.947226263933277357e-01
3.516300000000000182e+03 2.899700710000974595e+03 5.759921801383062201e-01
3.519800000000000182e+03 2.899903410761268788e+03 5.828154543459137527e-01
3.523300000000000182e+03 2.930045083843447173e+03 5.748594543539410351e-01
3.526800000000000182e+03 2.952469550159050414e+03 5.723516330787743467e-01
3.530300000000000182e+03 3.029537954718488891e+03 5.675896867059208040e-01
3.533800000000000182e+03 2.952349402789920532e+03 5.774012172901832329e-01
3.537300000000000182e+03 2.998308470733696595e+03 5.743801331101602292e-01
3.540800000000000182e+03 3.056287987994538980e+03 5.725753348945764598e-01
3.544300000000000182e+03 3.127936719714850824e+03 5.624994058826884302e-01
3.547800000000000182e+03 3.113851418748296055e+03 5.628495322487820918e-01
3.551300000000000182e+03 3.200819511027894350e+03 5.535902167266116836e-01
3.554800000000000182e+03 3.131627010979685565e+03 5.644745887347600855e-01
3.558300000000000182e+03 3.150369213857673913e+03 5.613082871100343318e-01
3.561800000000000182e+03 3.177433563758028413e+03 5.572679667946051074e-01
3.565300000000000182e+03 3.206392789655475099e+03 5.540687516210128782e-01
3.568800000000000182e+03 3.308940212713349410e+03 5.428721565669456517e-01
3.572300000000000182e+03 3.249781725860436836e+03 5.533603098892120320e-01
3.575800000000000182e+03 3.245440367979098937e+03 5.506829802969795962e-01
3.579300000000000182e+03 3.340817515798521981e+03 5.480801906687768899e-01
3.582800000000000182e+03 3.354298517750434257e+03 5.470670865140340178e-01
3.586300000000000182e+03 3.515049966005095484e+03 5.267248837377961346e-01
3.589800000000000182e+03 3.401718886866785397e+03 5.406325774428331066e-01
3.593300000000000182e+03 3.475875093436538918e+03 5.331882150078190996e-01
3.596800000000000182e+03 3.450168187666124595e+03 5.339375555405944107e-01
3.600300000000000182e+03 3.475546703613179943e+03 5.344228870171937595e-01
3.603800000000000182e+03 3.524266943448515576e+03 5.316937098581488996e-01
3.607300000000000182e+03 3.491040327945943773e+03 5.299433803776807395e-01
3.610800000000000182e+03 3.569330706144509350e+03 5.316556686508175922e-01
3.614300000000000182e+03 3.564559706195457238e+03 5.285311198078522787e-01
3.617800000000000182e+03 3.647025123243092366e+03 5.199093115401527410e-01
3.621300000000000182e+03 3.671790401422540526e+03 5.213443206390071527e-01
3.624800000000000182e+03 3.766639086784688061e+03 5.091659008670760267e-01
3.628300000000000182e+03 3.690964059814775283e+03 5.178695879000435598e-01
3.631800000000000182e+03 3.737761594929967487e+03 5.139586574304232380e-01
3.635300000000000182e+03 3.778071118407143331e+03 5.103509419456208063e-01
3.638800000000000182e+03 3.814941779912896891e+03 5.105971382661199653e-01
3.642300000000000182e+03 3.890320680608013845e+03 5.013816776103134920e-01
3.645800000000000182e+03 3.968225287735518123e+03 5.002177259644272622e-01
3.649300000000000182e+03 3.999224842192227243e+03 5.000183418576531480e-01
3.652800000000000182e+03 4.058705643437197523e+03 4.943711238711446243e-01
3.656300000000000182e+03 3.961531505100712820e+03 5.045478460655122843e-01
3.659800000000000182e+03 3.916804429229004199e+03 5.024440931503481034e-01
3.663300000000000182e+03 4.006081512071893485e+03 5.013010839598520674e-01
3.666800000000000182e+03 4.093290094262662933e+03 4.942908336175644290e-01
3.670300000000000182e+03 4.090238222313239476e+03 4.978444187814844435e-01
3.673800000000000182e+03 4.029154309505733181e+03 4.963369102954450773e-01
3.677300000000000182e+03 4.026268446523032253e+03 4.910575574993584214e-01
3.680800000000000182e+03 4.008098395055673336e+03 4.919141294748778925e-01
3.684300000000000182e+03 4.038949954846472792e+03 4.851199806479175036e-01
3.687800000000000182e+03 4.021088994604236177e+03 4.856584940761761171e-01
3.691300000000000182e+03 4.038035058911961642e+03 4.805805935521966776e-01
3.694800000000000182e+03 4.087771737409537764e+03 4.765600098503853244e-01
3.698300000000000182e+03 4.148749179749130235e+03 4.727983333113806586e-01
3.701800000000000182e+03 4.120033963270974709e+03 4.737830917958342214e-01
3.705300000000000182e+03 4.129908579788209863e+03 4.709505328154704462e-01
3.708800000000000182e+03 4.194089128846158019e+03 4.691361983235389221e-01
3.712300000000000182e+03 4.130078295530323885e+03 4.753978323137851292e-01
3.715800000000000182e+03 4.150797134754491708e+03 4.700925128170007627e-01
3.719300000000000182e+03 4.198396427340947412e+03 4.676137823613988886e-01
3.722800000000000182e+03 4.314139239485898543e+03 4.556628729265340128e-01
3.726300000000000182e+03 4.375974082945877853e+03 4.523896024394283844e-01
3.729800000000000182e+03 4.477570558061257543e+03 4.510583053736740289e-01
3.733300000000000182e+03 4.408272082346379648e+03 4.606319203068291457e-01
3.736800000000000182e+03 4.567810035432505174e+03 4.572882347024278538e-01
3.740300000000000182e+03 4.689166802944063420e+03 4.606038141928865959e-01
3.743800000000000182e+03 4.877237321517898636e+03 4.512196831997727919e-01
3.747300000000000182e+03 5.006885711334022744e+03 4.537941089684190965e-01
3.750800000000000182e+03 5.240391976534636342e+03 4.496637602103249476e-01
3.754300000000000182e+03 5.198941400495196831e+03 4.546969191126580823e-01
3.757800000000000182e+03 5.242946962751648243e+03 4.476286037881661573e-01
3.761300000000000182e+03 5.322012746768444231e+03 4.464475118610960469e-01
3.764800000000000182e+03 5.359715845021743007e+03 4.447586012080437801e-01
3.768300000000000182e+03 5.534474310319743381e+03 4.349178270644452615e-01
3.771800000000000182e+03 5.533130010240723095e+03 4.417928817510770045e-01
3.775300000000000182e+03 5.693705006442883132e+03 4.408979683467790234e-01
3.778800000000000182e+03 5.870532798245346385e+03 4.387728297050291215e-01
3.782300000000000182e+03 6.073965597744223487e+03 4.385544234136224406e-01
3.785800000000000182e+03 6.205087617307017354e+03 4.379563175517128815e-01
3.789300000000000182e+03 6.385039645400450354e+03 4.317891004762429152e-01
3.792800000000000182e+03 6.568593107922169111e+03 4.334857108314481011e-01
3.796300000000000182e+03 6.812693191831002878e+03 4.307258826933808016e-01
3.799800000000000182e+03 7.023638617155967040e+03 4.326635618154239249e-01
3.803300000000000182e+03 7.110792429078167515e+03 4.352816522254872034e-01
3.806800000000000182e+03 7.241125466602128654e+03 4.319884052265585139e-01
3.810300000000000182e+03 7.288920847479856093e+03 4.324325128745792335e-01
3.813800000000000182e+03 7.305639334057989799e+03 4.290370006220957655e-01
3.817300000000000182e+03 7.236357237211998836e+03 4.219892440071956741e-01
3.820800000000000182e+03 6.981156781056935870e+03 4.147527669050194987e-01
3.824300000000000182e+03 6.880082746253360710e+03 4.097877684180460389e-01
3.827800000000000182e+03 6.757933667087835602e+03 4.076729290835468533e-01
3.831300000000000182e+03 6.868754674478300331e+03 3.998976682077144962e-01
3.834800000000000182e+03 6.970734907182861207e+03 4.047249137206734293e-01
3.838300000000000182e+03 7.290315302900821735e+03 4.102018053102657325e-01
3.841800000000000182e+03 7.639480386794997685e+03 4.089020141231123340e-01
3.845300000000000182e+03 7.968878679185736473e+03 4.138430974821937225e-01
3.848800000000000182e+03 8.303609164097360917e+03 4.125301184443651015e-01
3.852300000000000182e+03 8.761102330943416746e+03 4.092772945140302765e-01
3.855800000000000182e+03 8.831782720559855079e+03 4.116868736275459684e-01
3.859300000000000182e+03 9.041665757904062048e+03 4.108655225529446731e-01
3.862800000000000182e+03 9.254611164418827684e+03 4.112217159555830448e-01
3.866300000000000182e+03 9.313162336605608289e+03 4.126166376314777673e-01
3.869800000000000182e+03 9.169189553481173789e+03 4.119298807567391973e-01
3.873300000000000182e+03 8.944147343760727381e+03 4.072570231869689916e-01
3.876800000000000182e+03 8.518051324572963495e+03 4.027632134645491302e-01
3.880300000000000182e+03 7.936205422502422152e+03 3.956941513131127519e-01
3.883800000000000182e+03 7.565056567126176560e+03 3.824129661093229604e-01
3.887300000000000182e+03 7.342934649671090483e+03 3.723378929644419744e-01
3.890800000000000182e+03 7.288685455829478087e+03 3.671061862528026132e-01
3.894300000000000182e+03 7.490099385130351948e+03 3.677086608332687523e-01
3.897800000000000182e+03 7.918603788027367955e+03 3.816961508869608499e-01
3.901300000000000182e+03 8.463065803623225293e+03 3.896713796909727079e-01
3.904800000000000182e+03 9.056392131163018348e+03 3.956396928988631934e-01
3.908300000000000182e+03 9.612736585513071986e+03 3.965328248764575791e-01
3.911800000000000182e+03 1.005753969733348458e+04 3.969616369216064644e-01
3.915300000000000182e+03 1.034642120187280671e+04 3.907959423509101415e-01
3.918800000000000182e+03 1.045219782134937850e+04 3.853149111316633846e-01
3.922300000000000182e+03 1.068398211032070685e+04 3.797675638230299522e-01
3.925800000000000182e+03 1.073491264474693526e+04 3.710512051693503621e-01
3.929300000000000182e+03 1.093075642675849667e+04 3.675352195317255211e-01
3.932800000000000182e+03 1.096209654387661249e+04 3.657164259220525016e-01
3.936300000000000182e+03 1.090207284281890861e+04 3.707981490615977482e-01
3.939800000000000182e+03 1.095402446308318758e+04 3.743140960801321082e-01
3.943300000000000182e+03 1.086684813562843374e+04 3.794535774581390686e-01
3.946800000000000182e+03 1.068410822041951360e+04 3.815091647209680747e-01
3.950300000000000182e+03 1.032653346196608436e+04 3.853320946153896420e-01
3.953800000000000182e+03 9.766890517200576141e+03 3.812960958468873396e-01
3.957300000000000182e+03 9.339127689389348234e+03 3.728844238276500245e-01
3.960800000000000182e+03 8.697661299651517766e+03 3.637911295633193820e-01
3.964300000000000182e+03 8.245149666307048392e+03 3.485936441874372682e-01
3.967800000000000182e+03 8.066734559699826605e+03 3.351753727291514329e-01
3.971300000000000182e+03 8.092910664282435391e+03 3.350406603771559078e-01
3.974800000000000182e+03 8.306055065234881113e+03 3.369318645410870894e-01
3.978300000000000182e+03 8.617224070474087057e+03 3.524753568847575069e-01
3.981800000000000182e+03 9.414238566765616270e+03 3.562767185411387372e-01
3.985300000000000182e+03 9.949859627959664067e+03 3.626801118864229068e-01
3.988800000000000182e+03 1.055207055140518241e+04 3.621961805563504444e-01
3.992300000000000182e+03 1.088940614632580764e+04 3.642513451288819648e-01
3.995800000000000182e+03 1.122381123881031635e+04 3.586778162215613075e-01
3.999300000000000182e+03 1.155075542963736916e+04 3.580771926317589116e-01
4.002800000000000182e+03 1.173960606414385438e+04 3.536218338621658352e-01
4.006300000000000182e+03 1.177003297398415270e+04 3.545628900201577283e-01
4.009800000000000182e+03 1.180282739293556369e+04 3.537827608220318054e-01
4.013300000000000182e+03 1.200779012964580215e+04 3.493632510556726745e-01
4.016800000000000182e+03 1.198969564841778265e+04 3.500594147152595870e-01
4.020300000000000182e+03 1.191204920556847173e+04 3.482881871853683031e-01
4.023800000000000182e+03 1.205859233815330663e+04 3.444026321584451877e-01
4.027300000000000182e+03 1.225026864399655096e+04 3.417862462523991729e-01
4.030800000000000182e+03 1.216481914205151952e+04 3.432373278242715209e-01
4.034300000000000182e+03 1.218597110943329062e+04 3.426457981786970031e-01
4.037800000000000182e+03 1.226419933767739167e+04 3.389408880729292139e-01
4.041300000000000182e+03 1.230952271025839946e+04 3.404364075883535290e-01
4.044800000000000182e+03 1.235953427919085880e+04 3.395383344050136865e-01
4.048300000000000182e+03 1.245956005578214535e+04 3.401326910588627350e-01
4.051800000000000182e+03 1.251524594318656818e+04 3.369597702463491551e-01
4.055300000000000182e+03 1.265937912105350915e+04 3.352113777313754372e-01
4.058800000000000182e+03 1.272862210902890729e+04 3.327009140511307250e-01
4.062300000000000182e+03 1.258842494089206411e+04 3.348707035892258821e-01
4.065800000000000182e+03 1.265924620883149692e+04 3.336494538450367475e-01
4.069300000000000182e+03 1.236489328231859508e+04 3.322690922096814270e-01
4.072800000000000182e+03 1.242229994837645063e+04 3.285702472591962575e-01
4.076300000000000182e+03 1.191668250917268415e+04 3.311760150591668284e-01
4.079800000000000182e+03 1.176870265237287822e+04 3.295879485011858345e-01
4.083300000000000182e+03 1.145076121980625794e+04 3.274051661557953463e-01
4.086800000000000182e+03 1.117660213896871028e+04 3.263081789102864616e-01
4.090300000000000182e+03 1.080938143339019007e+04 3.270893377825621617e-01
4.093800000000000182e+03 1.053527669523512850e+04 3.210478260847183796e-01
4.097300000000000182e+03 1.016652654338523280e+04 3.207653721364375765e-01
4.100800000000000182e+03 9.946870399614137568e+03 3.114097884158986140e-01
4.104300000000000182e+03 9.670692599439318656e+03 3.107367520759921620e-01
4.107800000000000182e+03 9.619475960345700514e+03 3.050337648028267901e-01
4.111300000000000182e+03 9.796993992543471904e+03 3.016988723147714380e-01
4.114800000000000182e+03 1.017345259652621826e+04 3.062298279159146874e-01
4.118300000000000182e+03 1.059226738819028469e+04 3.089605765024948103e-01
4.121800000000000182e+03 1.131821443106303377e+04 3.158436310177176187e-01
4.125300000000000182e+03 1.179737858327377398e+04 3.193318378269073277e-01
4.128800000000000182e+03 1.230385884703722513e+04 3.184988605101596870e-01
4.132300000000000182e+03 1.289045528388632010e+04 3.149493191244606694e-01
4.135800000000000182e+03 1.308102763144848905e+04 3.142063438541234377e-01
4.139300000000000182e+03 1.328898570158231814e+04 3.117926385339029882e-01
4.142800000000000182e+03 1.342888221231401258e+04 3.081878324823913995e-01
4.146300000000000182e+03 1.346165575446549883e+04 3.075195445483811518e-01
4.149800000000000182e+03 1.353487669319229826e+04 3.062275257653080951e-01
4.153300000000000182e+03 1.351326415643772089e+04 3.057177158630696723e-01
4.156800000000000182e+03 1.366182782337897152e+04 3.043463772444111592e-01
4.160300000000000182e+03 1.371490745763310588e+04 3.025380554784599108e-01
4.163800000000000182e+03 1.372022955432395975e+04 3.031622512914459167e-01
4.167300000000000182e+03 1.386518057166009021e+04 3.018160504456200433e-01
4.170800000000000182e+03 1.384801752368272901e+04 3.018416706400559035e-01
4.174300000000000182e+03 1.396390257147941702e+04 3.023295881897169468e-01
4.177800000000000182e+03 1.401035542673689451e+04 2.981365016623284681e-01
4.181300000000000182e+03 1.396617662278342686e+04 2.967873605200428977e-01
4.184800000000000182e+03 1.414866240917589494e+04 2.950272417742146325e-01
4.188300000000000182e+03 1.420476101733671385e+04 2.959102800361059771e-01
4.191800000000000182e+03 1.411884076630102027e+04 2.953374665936014942e-01
4.195300000000000182e+03 1.427290008705947548e+04 2.933904959093481257e-01
4.198800000000000182e+03 1.419849373287372327e+04 2.954278977144780272e-01
4.202300000000000182e+03 1.417332168364979589e+04 2.932919134257285787e-01
4.205800000000000182e+03 1.428368950744795075e+04 2.899657290829917855e-01
4.209300000000000182e+03 1.438132505651532119e+04 2.908459861608891917e-01
4.212800000000000182e+03 1.447788972930206910e+04 2.892717275555272693e-01
4.216300000000000182e+03 1.442843200328069724e+04 2.898077998334825378e-01
4.219800000000000182e+03 1.433005802915516142e+04 2.868022058264703134e-01
4.223300000000000182e+03 1.458836293656495764e+04 2.874450665926800985e-01
4.226800000000000182e+03 1.459035733564523798e+04 2.821443197220516175e-01
4.230300000000000182e+03 1.457266226888159690e+04 2.832102278220018921e-01
4.233800000000000182e+03 1.461768675697458457e+04 2.821882222797030826e-01
4.237300000000000182e+03 1.475675134599805278e+04 2.806377584228297306e-01
4.240800000000000182e+03 1.454409784085464889e+04 2.842457376714231931e-01
4.244300000000000182e+03 1.456763766335910805e+04 2.832180813560464805e-01
4.247800000000000182e+03 1.457391330514629772e+04 2.820277639907555756e-01
4.251300000000000182e+03 1.480735518565523307e+04 2.784790148097619489e-01
4.254800000000000182e+03 1.470641678935291384e+04 2.779816202012700965e-01
4.258300000000000182e+03 1.460186059247645971e+04 2.756555824267277188e-01
4.261800000000000182e+03 1.484810507086582948e+04 2.738426609288731051e-01
4.265300000000000182e+03 1.480098949727281251e+04 2.760188046407161533e-01
4.268800000000000182e+03 1.461007806263044222e+04 2.744657780563621863e-01
4.272300000000000182e+03 1.486481934208866369e+04 2.737393789345787254e-01
4.275800000000000182e+03 1.486896614474086709e+04 2.727033757937212810e-01
4.279300000000000182e+03 1.487556243708226248e+04 2.732352492202670402e-01
4.282800000000000182e+03 1.489157281651981612e+04 2.728674010047021370e-01
4.286300000000000182e+03 1.484444276820954656e+04 2.715925121137562348e-01
4.289800000000000182e+03 1.504207425927722761e+04 2.725571114055012623e-01
4.293300000000000182e+03 1.491990965915338711e+04 2.702279211988218299e-01
4.296800000000000182e+03 1.493146674776991858e+04 2.704430662646642447e-01
4.300300000000000182e+03 1.502307619854180484e+04 2.670448932024446775e-01
4.303800000000000182e+03 1.500740584154619319e+04 2.678141006978398964e-01
4.307300000000000182e+03 1.492374252040356259e+04 2.687641541888630692e-01
4.310800000000000182e+03 1.462753728492462687e+04 2.672082728713104371e-01
4.314300000000000182e+03 1.445348382285613479e+04 2.659378381931409296e-01
4.317800000000000182e+03 1.393570842146991163e+04 2.625268033514221444e-01
4.321300000000000182e+03 1.371977087111043511e+04 2.628363865475761840e-01
4.324800000000000182e+03 1.315741932048208764e+04 2.629351992501111068e-01
4.328300000000000182e+03 1.277908414371914478e+04 2.595568418531172816e-01
4.331800000000000182e+03 1.240589956589346366e+04 2.579518414104915447e-01
4.335300000000000182e+03 1.197283082446456683e+04 2.598403940038058191e-01
4.338800000000000182e+03 1.170326810318425669e+04 2.541864560524059180e-01
4.342300000000000182e+03 1.166710474111697295e+04 2.506008029130301074e-01
4.345800000000000182e+03 1.157579794055347520e+04 2.462811621425208541e-01
4.349300000000000182e+03 1.184029076470255495e+04 2.412093168635361662e-01
4.352800000000000182e+03 1.213243226908820179e+04 2.442083826317224815e-01
4.356300000000000182e+03 1.262606977345184896e+04 2.467005934960482538e-01
4.359800000000000182e+03 1.307435665576935389e+04 2.511443745835657548e-01
4.363300000000000182e+03 1.379397082947499257e+04 2.575873627498299068e-01
4.366800000000000182e+03 1.434320749303927369e+04 2.592316491980093951e-01
4.370300000000000182e+03 1.484953233896566053e+04 2.583760238096867723e-01
4.373800000000000182e+03 1.521100886168909710e+04 2.576868861052611925e-01
4.377300000000000182e+03 1.527382568136654299e+04 2.523922123586908595e-01
4.380800000000000182e+03 1.554684157313601463e+04 2.499078413012917610e-01
4.384300000000000182e+03 1.549168246018079481e+04 2.470134907329624152e-01
4.387800000000000182e+03 1.542631951978664802e+04 2.479324775596760122e-01
4.391300000000000182e+03 1.552294839144695834e+04 2.465355783895583075e-01
4.394800000000000182e+03 1.568835279643212743e+04 2.448473631701911513e-01
4.398300000000000182e+03 1.558952720883639449e+04 2.455718177287991022e-01
4.401800000000000182e+03 1.577444401714295418e+04 2.454736074192187256e-01
4.405300000000000182e+03 1.580257899419796740e+04 2.447370286303351128e-01
4.408800000000000182e+03 1.581476592953461477e+04 2.464361470326739689e-01
4.412300000000000182e+03 1.588177441460148475e+04 2.445512670133629107e-01
4.415800000000000182e+03 1.593524521205984638e+04 2.431914042673139209e-01
4.419300000000000182e+03 1.588702917091694508e+04 2.427155910151871931e-01
4.422800000000000182e+03 1.581066779370879158e+04 2.423028903637437503e-01
4.426300000000000182e+03 1.588948448962453949e+04 2.400327589083417756e-01
4.429800000000000182e+03 1.580841270227051427e+04 2.415221882137137122e-01
4.433300000000000182e+03 1.590365370563878241e+04 2.397495454288602057e-01
4.436800000000000182e+03 1.597350185214724843e+04 2.386919706437470867e-01
4.440300000000000182e+03 1.595922409063687519e+04 2.377890060597403765e-01
4.443800000000000182e+03 1.595690544048569427e+04 2.394078318069029487e-01
4.447300000000000182e+03 1.590394645897204646e+04 2.384797544647337120e-01
4.450800000000000182e+03 1.596011161150679982e+04 2.394167201431341707e-01
4.454300000000000182e+03 1.604706942977538165e+04 2.349850658501284884e-01
4.457800000000000182e+03 1.582660842077434063e+04 2.378680208784699213e-01
4.461300000000000182e+03 1.582827494477935215e+04 2.354081775305653101e-01
4.464800000000000182e+03 1.586115629819754395e+04 2.334467187917096398e-01
4.468300000000000182e+03 1.593448782024726279e+04 2.332677137547395640e-01
4.471800000000000182e+03 1.575107793504153051e+04 2.310439133016614632e-01
4.475300000000000182e+03 1.584502107500342208e+04 2.288480589531395881e-01
4.478800000000000182e+03 1.577641397623477678e+04 2.311592492963098766e-01
4.482300000000000182e+03 1.596983595273933315e+04 2.295424995499995291e-01
4.485800000000000182e+03 1.599413562133430423e+04 2.275670967241097131e-01
4.489300000000000182e+03 1.594856731526352814e+04 2.274694610670822126e-01
4.492800000000000182e+03 1.606391746300090017e+04 2.277624395427008119e-01
4.496300000000000182e+03 1.607061910997530504e+04 2.292166842930723758e-01
4.499800000000000182e+03 1.589522936519269570e+04 2.284471224231855169e-01
4.503300000000000182e+03 1.604486486234255426e+04 2.264384980053796848e-01
4.506800000000000182e+03 1.622663804791846815e+04 2.244342181227065303e-01
4.510300000000000182e+03 1.611576684294968436e+04 2.237364285049197599e-01
4.513800000000000182e+03 1.616786516370267236e+04 2.261474754179381708e-01
4.517300000000000182e+03 1.614961418231679090e+04 2.249242949502202049e-01
4.520800000000000182e+03 1.615445353489095214e+04 2.231518421923270878e-01
4.524300000000000182e+03 1.616352734641382449e+04 2.238161501508924567e-01
4.527800000000000182e+03 1.618594746042670158e+04 2.203510451544137272e-01
4.531300000000000182e+03 1.619541753574447284e+04 2.232295239714923440e-01
4.534800000000000182e+03 1.610290529285080447e+04 2.251313909101370914e-01
4.538300000000000182e+03 1.619520014358849221e+04 2.200903411318722580e-01
4.541800000000000182e+03 1.608067460047009808e+04 2.208198629006119240e-01
4.545300000000000182e+03 1.615664884473191341e+04 2.196689025375299642e-01
4.548800000000000182e+03 1.622998784204157164e+04 2.179325510118276243e-01
4.552300000000000182e+03 1.611452476094842859e+04 2.186289760789861258e-01
4.555800000000000182e+03 1.612556810615259747e+04 2.177826786826421168e-01
4.559300000000000182e+03 1.623892924357249831e+04 2.161003543214022049e-01
4.562800000000000182e+03 1.616063509202856403e+04 2.179781852423204602e-01
4.566300000000000182e+03 1.623195702482723391e+04 2.168937024252616252e-01
4.569800000000000182e+03 1.614344774622001569e+04 2.161294764678148572e-01
4.573300000000000182e+03 1.615386750747558290e+04 2.164442275246168945e-01
4.576800000000000182e+03 1.620080290696841439e+04 2.147733040060254006e-01
4.580300000000000182e+03 1.616866014946198993e+04 2.143734935552464027e-01
4.583800000000000182e+03 1.610387806663934316e+04 2.129982014547885105e-01
4.587300000000000182e+03 1.641096164244335159e+04 2.113558878781149342e-01
4.590800000000000182e+03 1.607545025305352647e+04 2.117716680378499694e-01
4.594300000000000182e+03 1.606792095143994266e+04 2.122744613545360648e-01
4.597800000000000182e+03 1.626219587581153792e+04 2.097132720749429191e-01
4.601300000000000182e+03 1.619480618917917127e+04 2.108863065773421974e-01
4.604800000000000182e+03 1.620481760884428513e+04 2.095283212206346390e-01
4.608300000000000182e+03 1.637491886057008924e+04 2.096302957825940672e-01
4.611800000000000182e+03 1.622490025823592259e+04 2.085922791056104564e-01
4.615300000000000182e+03 1.622463213173928125e+04 2.075882661886126745e-01
4.618800000000000182e+03 1.612164279003569573e+04 2.094576580793618137e-01
4.622300000000000182e+03 1.588500262104278590e+04 2.088124090703774305e-01
4.625800000000000182e+03 1.609544158928218349e+04 2.065716277238011933e-01
4.629300000000000182e+03 1.608766146037618637e+04 2.059952238074448660e-01
4.632800000000000182e+03 1.607288828874376304e+04 2.035732499568430054e-01
4.636300000000000182e+03 1.610620813033023114e+04 2.044004858862956964e-01
4.639800000000000182e+03 1.606250689588171736e+04 2.042897870362286317e-01
4.643300000000000182e+03 1.611737136667066625e+04 2.060646343888737630e-01
4.646800000000000182e+03 1.602056471639883057e+04 2.005430222525030892e-01
4.650300000000000182e+03 1.613457501781023893e+04 2.021601717845689927e-01
4.653800000000000182e+03 1.599686366830854604e+04 2.038975620823510748e-01
4.657300000000000182e+03 1.614738527808614526e+04 2.003606609908788749e-01
4.660800000000000182e+03 1.602536119724418131e+04 2.011777421368589613e-01
4.664300000000000182e+03 1.605799195379503362e+04 2.005993156003396394e-01
4.667800000000000182e+03 1.614195567987797040e+04 2.009628000615554244e-01
4.671300000000000182e+03 1.595053092588719119e+04 2.004668917996406674e-01
4.674800000000000182e+03 1.616360587662325270e+04 1.994065446204053016e-01
4.678300000000000182e+03 1.601547152086277310e+04 1.988055064313703768e-01
4.681800000000000182e+03 1.593810479681546894e+04 1.975238704265501188e-01
4.685300000000000182e+03 1.602799845174064285e+04 1.992637729212255182e-01
4.688800000000000182e+03 1.591088009396631423e+04 1.986930209714351803e-01
4.692300000000000182e+03 1.586046046461526385e+04 1.969532784254378055e-01
4.695800000000000182e+03 1.587760351973587603e+04 1.982312681592468262e-01
4.699300000000000182e+03 1.577448227800643872e+04 1.957478380413547603e-01
4.702800000000000182e+03 1.575632099889098208e+04 1.964257128308232736e-01
4.706300000000000182e+03 1.583297011631972237e+04 1.909691244010122968e-01
4.709800000000000182e+03 1.568813391634946129e+04 1.930382238874044643e-01
4.713300000000000182e+03 1.565539668287538370e+04 1.933883426268299954e-01
4.716800000000000182e+03 1.573012471951673615e+04 1.937773385838494344e-01
4.720300000000000182e+03 1.572416277364363305e+04 1.924412467507551350e-01
4.723800000000000182e+03 1.565501236420894929e+04 1.922268537436442326e-01
4.727300000000000182e+03 1.564616019745446283e+04 1.931217276854901299e-01
4.730800000000000182e+03 1.577196819689057520e+04 1.920003252139981798e-01
4.734300000000000182e+03 1.566518300445453679e+04 1.917987665281254417e-01
4.737800000000000182e+03 1.565455426503697345e+04 1.908806318067031715e-01
4.741300000000000182e+03 1.570554282186499768e+04 1.893853012452631768e-01
4.744800000000000182e+03 1.563386299644174505e+04 1.881259971383642815e-01
4.748300000000000182e+03 1.575713748190410479e+04 1.900000273777414372e-01
4.751800000000000182e+03 1.580122957232446424e+04 1.872030208841351517e-01
4.755300000000000182e+03 1.554463805658217643e+04 1.898741487121465565e-01
4.758800000000000182e+03 1.581284394463839271e+04 1.855069160674046869e-01
4.762300000000000182e+03 1.576552281369455523e+04 1.870283847288918833e-01
4.765800000000000182e+03 1.565113451390752925e+04 1.862066112745888458e-01
4.769300000000000182e+03 1.554082371801858972e+04 1.860331791095874987e-01
4.772800000000000182e+03 1.562164778562413085e+04 1.871189077706382209e-01
4.776300000000000182e+03 1.552965444759881211e+04 1.863953315571306169e-01
4.779800000000000182e+03 1.564455895129216333e+04 1.846649020309983624e-01
4.783300000000000182e+03 1.536149875709356274e+04 1.885337188284455789e-01
4.786800000000000182e+03 1.549137340736488841e+04 1.867888210371862756e-01
4.790300000000000182e+03 1.538096255345316786e+04 1.856798391250080726e-01
4.793800000000000182e+03 1.556358816368124462e+04 1.844199444024365031e-01
4.797300000000000182e+03 1.535074496310954601e+04 1.842747958976292677e-01
4.800800000000000182e+03 1.520820256955203331e+04 1.832683714526206209e-01
4.804300000000000182e+03 1.521942544424881271e+04 1.844068931149286661e-01
4.807800000000000182e+03 1.523119506578555411e+04 1.831040208429215443e-01
4.811300000000000182e+03 1.523423621703753270e+04 1.818296615280694806e-01
4.814800000000000182e+03 1.514680812784498266e+04 1.830954002801427338e-01
4.818300000000000182e+03 1.497323697096843534e+04 1.823265496795649643e-01
4.821800000000000182e+03 1.491034154094695259e+04 1.833885327234690832e-01
4.825300000000000182e+03 1.481874205089632414e+04 1.843249455119441993e-01
4.828800000000000182e+03 1.479528518315929978e+04 1.840431720694302720e-01
4.832300000000000182e+03 1.461404316087767256e+04 1.829810155413548467e-01
4.835800000000000182e+03 1.412664993103744382e+04 1.826633826359503887e-01
4.839300000000000182e+03 1.390182422093084642e+04 1.797492133148398674e-01
4.842800000000000182e+03 1.342084180809986901e+04 1.803870203117572124e-01
4.846300000000000182e+03 1.292769101304518153e+04 1.794350945883696202e-01
4.849800000000000182e+03 1.261221265390663393e+04 1.798256982882723842e-01
4.853300000000000182e+03 1.206058979759770955e+04 1.776033879791145131e-01
4.856800000000000182e+03 1.184414625080492624e+04 1.744964522332149159e-01
4.860300000000000182e+03 1.150556303798120280e+04 1.718916486433531010e-01
4.863800000000000182e+03 1.134964434141311540e+04 1.674984569699770054e-01
4.867300000000000182e+03 1.131314980989304422e+04 1.632266910804704430e-01
4.870800000000000182e+03 1.133932244322140832e+04 1.628058325103852177e-01
4.874300000000000182e+03 1.169782097922870707e+04 1.648259116065240171e-01
4.877800000000000182e+03 1.216390302319694638e+04 1.699627656945630894e-01
4.881300000000000182e+03 1.255218489356146347e+04 1.755756452430630443e-01
4.884800000000000182e+03 1.328484038017906278e+04 1.773963292637062150e-01
4.888300000000000182e+03 1.384524492665876278e+04 1.814505844058182937e-01
4.891800000000000182e+03 1.414067089522416245e+04 1.769673251861740293e-01
4.895300000000000182e+03 1.432717276029446475e+04 1.789394602732382322e-01
4.898800000000000182e+03 1.461912458592946859e+04 1.742537179629855826e-01
4.902300000000000182e+03 1.461254242068699205e+04 1.746240808133632250e-01
4.905800000000000182e+03 1.457371262149662107e+04 1.741553211211607499e-01
4.909300000000000182e+03 1.477114593991857873e+04 1.709532734126877340e-01
4.912800000000000182e+03 1.467513417144388586e+04 1.718352346645455053e-01
4.916300000000000182e+03 1.464084953594743820e+04 1.708418417028463865e-01
4.919800000000000182e+03 1.461630968250830119e+04 1.706113112147756294e-01
4.923300000000000182e+03 1.449920229868270144e+04 1.703181961161741864e-01
4.926800000000000182e+03 1.451796015131632157e+04 1.698337384266636885e-01
4.930300000000000182e+03 1.452765579712469480e+04 1.702285313335560601e-01
4.933800000000000182e+03 1.443457016377679247e+04 1.712892474821642863e-01
4.937300000000000182e+03 1.453737323599933188e+04 1.669744197212393866e-01
4.940800000000000182e+03 1.452815247337908113e+04 1.691592924089571903e-01
4.944300000000000182e+03 1.448141214035067787e+04 1.683033896087334780e-01
4.947800000000000182e+03 1.461867771268339675e+04 1.681704254927894049e-01
4.951300000000000182e+03 1.455465045958003429e+04 1.673522876077679911e-01
4.954800000000000182e+03 1.454309613965187782e+04 1.684665060699623018e-01
4.958300000000000182e+03 1.451982565506318315e+04 1.682174884440282847e-01
4.961800000000000182e+03 1.447690877980176811e+04 1.664862193365369558e-01
4.965300000000000182e+03 1.445194306938328373e+04 1.668455674667085331e-01
4.968800000000000182e+03 1.438265015177470013e+04 1.685356261283416923e-01
4.972300000000000182e+03 1.450583068575354446e+04 1.659766883353771538e-01
4.975800000000000182e+03 1.449198468152905843e+04 1.669663927263750069e-01
4.979300000000000182e+03 1.433093814342942278e+04 1.666304048642916202e-01
4.982800000000000182e+03 1.441017867818662489e+04 1.652953967443178684e-01
4.986300000000000182e+03 1.435074143680087036e+04 1.641747644248449933e-01
4.989800000000000182e+03 1.427633914687426295e+04 1.685246888319992253e-01
4.993300000000000182e+03 1.419073920539651044e+04 1.660527948908933349e-01
4.996800000000000182e+03 1.417366313096438535e+04 1.667937500646258508e-01
5.000300000000000182e+03 1.407826583278158432e+04 1.656114552748460533e-01
5.003800000000000182e+03 1.402364382007511995e+04 1.639173772477711399e-01
5.007300000000000182e+03 1.393234686689279079e+04 1.652444659130302695e-01
5.010800000000000182e+03 1.396469434132986316e+04 1.637204360123570290e-01
5.014300000000000182e+03 1.384002418383416079e+04 1.641130406166918243e-01
5.017800000000000182e+03 1.388999289278210199e+04 1.649824136696660948e-01
5.021300000000000182e+03 1.396682073804929860e+04 1.645864891034077848e-01
5.024800000000000182e+03 1.392046268724830770e+04 1.669829306748338016e-01
5.028300000000000182e+03 1.389804931678184585e+04 1.654033132109114790e-01
5.031800000000000182e+03 1.389336765717618800e+04 1.685044144956130696e-01
5.035300000000000182e+03 1.377270574897874212e+04 1.682115250410274876e-01
5.038800000000000182e+03 1.365661073585038685e+04 1.675727552906411677e-01
5.042300000000000182e+03 1.362888389989572352e+04 1.659758514348624869e-01
5.045800000000000182e+03 1.374242232137129758e+04 1.645291400560166817e-01
5.049300000000000182e+03 1.346025045201390640e+04 1.634290678023828103e-01
5.052800000000000182e+03 1.368962058771854936e+04 1.618274177818158632e-01
5.056300000000000182e+03 1.360373970380491664e+04 1.640529638210910524e-01
5.059800000000000182e+03 1.358853275105883040e+04 1.639130654582125479e-01
5.063300000000000182e+03 1.362464252570290046e+04 1.628367138584053131e-01
5.066800000000000182e+03 1.366559408321592855e+04 1.631968058031597890e-01
5.070300000000000182e+03 1.375651148798305258e+04 1.621728434353924830e-01
5.073800000000000182e+03 1.363573071545186031e+04 1.620500658772015823e-01
5.077300000000000182e+03 1.357473081152312625e+04 1.611105881927803463e-01
5.080800000000000182e+03 1.362790354198390014e+04 1.634448698342923223e-01
5.084300000000000182e+03 1.382292974492724716e+04 1.590238381890752561e-01
5.087800000000000182e+03 1.366146104118578478e+04 1.605714618503563118e-01
5.091300000000000182e+03 1.370419070835366074e+04 1.607263330928438427e-01
5.094800000000000182e+03 1.359585408525352977e+04 1.587913014048366322e-01
5.098300000000000182e+03 1.362532586067006923e+04 1.581472322001139796e-01
5.101800000000000182e+03 1.373260097819385737e+04 1.551153805364705873e-01
5.105300000000000182e+03 1.365640087292130556e+04 1.578168270275793483e-01
5.108800000000000182e+03 1.354739334717180827e+04 1.558083873296003119e-01
5.112300000000000182e+03 1.383371330900577232e+04 1.553938629748784495e-01
5.115800000000000182e+03 1.360986334860265015e+04 1.560122183650427818e-01
5.119300000000000182e+03 1.361753065060659355e+04 1.541039443679020349e-01
5.122800000000000182e+03 1.355131602532054421e+04 1.561324737234406623e-01
5.126300000000000182e+03 1.346610802624962889e+04 1.558186739868191450e-01
5.129800000000000182e+03 1.355906629440995312e+04 1.565728111615716511e-01
5.133300000000000182e+03 1.366131377849986529e+04 1.535069850551402659e-01
5.136800000000000182e+03 1.365614598162704351e+04 1.535771981479882031e-01
5.140300000000000182e+03 1.342298287979929228e+04 1.531892464439622570e-01
5.143800000000000182e+03 1.342078176742791220e+04 1.535222412267207293e-01
5.147300000000000182e+03 1.345613715029668674e+04 1.537599926537513984e-01
5.150800000000000182e+03 1.341032994043494364e+04 1.540615356012348947e-01
5.154300000000000182e+03 1.356736324335141398e+04 1.526777684303437521e-01
5.157800000000000182e+03 1.336864248328596841e+04 1.529191295827103392e-01
5.161300000000000182e+03 1.319880472848352292e+04 1.540532370998462242e-01
5.164800000000000182e+03 1.325555881908282208e+04 1.535021588597340614e-01
5.168300000000000182e+03 1.340478414347200487e+04 1.508698092923157208e-01
5.171800000000000182e+03 1.318765974236041257e+04 1.524936645615075081e-01
5.175300000000000182e+03 1.336431251841087396e+04 1.498437917798723651e-01
5.178800000000000182e+03 1.330747523391760842e+04 1.509549109340228012e-01
5.182300000000000182e+03 1.327807762822532095e+04 1.504665365926700638e-01
5.185800000000000182e+03 1.333073860872917430e+04 1.486740444505235403e-01
5.189300000000000182e+03 1.326526740977361806e+04 1.529369783519134718e-01
5.192800000000000182e+03 1.317500957559402195e+04 1.509969110272681714e-01
5.196300000000000182e+03 1.318248334112773955e+04 1.524425735747641231e-01
5.199800000000000182e+03 1.321947139410751697e+04 1.511304570087128041e-01
5.203300000000000182e+03 1.308926144017613296e+04 1.522909372985580545e-01
5.206800000000000182e+03 1.306015169337385669e+04 1.521961059068213939e-01
5.210300000000000182e+03 1.308109908338634341e+04 1.509720246203599403e-01
5.213800000000000182e+03 1.301001069480778278e+04 1.520430882079560619e-01
5.217300000000000182e+03 1.308506804621064475e+04 1.521668770173482121e-01
5.220800000000000182e+03 1.296630124818637341e+04 1.499775980818993382e-01
5.224300000000000182e+03 1.308552643752822223e+04 1.505994509606045917e-01
5.227800000000000182e+03 1.296061276323788843e+04 1.510790042309960723e-01
5.231300000000000182e+03 1.301062623554969832e+04 1.491410883678292720e-01
5.234800000000000182e+03 1.286030693851241085e+04 1.525987160323714897e-01
5.238300000000000182e+03 1.280812790601237975e+04 1.508173710048603677e-01
5.241800000000000182e+03 1.294791549992877117e+04 1.513155868482987942e-01
5.245300000000000182e+03 1.282798713308410333e+04 1.514775882608828117e-01
5.248800000000000182e+03 1.286910498088126769e+04 1.521262909197229340e-01
5.252300000000000182e+03 1.277577119243564994e+04 1.510040338516654979e-01
5.255800000000000182e+03 1.279566906839215699e+04 1.507588114774646992e-01
5.259300000000000182e+03 1.259810725855005512e+04 1.497448875663363321e-01
5.262800000000000182e+03 1.278026017209401834e+04 1.499322848213164305e-01
5.266300000000000182e+03 1.278453230708692899e+04 1.471637817190851738e-01
5.269800000000000182e+03 1.273149070703611324e+04 1.481223662645549666e-01
5.273300000000000182e+03 1.262291990384462770e+04 1.492858562757585772e-01
5.276800000000000182e+03 1.252887357130209784e+04 1.498182655824213394e-01
5.280300000000000182e+03 1.260873127334967648e+04 1.487299824972726503e-01
5.283800000000000182e+03 1.272694086433181837e+04 1.509191599143234752e-01
5.287300000000000182e+03 1.264770703006956865e+04 1.497047343698598987e-01
5.290800000000000182e+03 1.259429003000099692e+04 1.494366257140622711e-01
5.294300000000000182e+03 1.256443775778495365e+04 1.498860985735078200e-01
5.297800000000000182e+03 1.264564770796986340e+04 1.489445773846629351e-01
5.301300000000000182e+03 1.249208061695859215e+04 1.489259868064019277e-01
5.304800000000000182e+03 1.260704843341630476e+04 1.489354690281576576e-01
5.308300000000000182e+03 1.250819467484038978e+04 1.495689152754177409e-01
5.311800000000000182e+03 1.246162501701576548e+04 1.494266819435212112e-01
5.315300000000000182e+03 1.233904732105086441e+04 1.480702812483273567e-01
5.318800000000000182e+03 1.251308821559031639e+04 1.463427959884462670e-01
5.322300000000000182e+03 1.241169634183362723e+04 1.513700684077930458e-01
5.325800000000000182e+03 1.236359458551697935e+04 1.469333410395425588e-01
5.329300000000000182e+03 1.236563052847323524e+04 1.472226401065105383e-01
5.332800000000000182e+03 1.243016579677211666e+04 1.473626549751717030e-01
5.336300000000000182e+03 1.242853902865901910e+04 1.462697056069152401e-01
5.339800000000000182e+03 1.244823431335217720e+04 1.461702524266026704e-01
5.343300000000000182e+03 1.229191632336686962e+04 1.467530859440089042e-01
5.346800000000000182e+03 1.234236201645849906e+04 1.475111670195704272e-01
5.350300000000000182e+03 1.235398698957855413e+04 1.450339327941094214e-01
5.353800000000000182e+03 1.223240062508079791e+04 1.456244678653089153e-01
5.357300000000000182e+03 1.236800016665141629e+04 1.470662348071408998e-01
5.360800000000000182e+03 1.213101653334215007e+04 1.475881700081587145e-01
5.364300000000000182e+03 1.225560366922154572e+04 1.457649164486788107e-01
5.367800000000000182e+03 1.229334925083219241e+04 1.463409961295058792e-01
5.371300000000000182e+03 1.218916077566843705e+04 1.471567740351547859e-01
5.374800000000000182e+03 1.205800322441551725e+04 1.460984467691101019e-01
5.378300000000000182e+03 1.220182148309597142e+04 1.450718152893942792e-01
5.381800000000000182e+03 1.214054643403470800e+04 1.456513613775697047e-01
5.385300000000000182e+03 1.203760273656526260e+04 1.446840092083456208e-01
5.388800000000000182e+03 1.217745974116492107e+04 1.455266308488255833e-01
5.392300000000000182e+03 1.214242167196781520e+04 1.438940203811989726e-01
5.395800000000000182e+03 1.195184267381022983e+04 1.454674073974309978e-01
5.399300000000000182e+03 1.204541319249030312e+04 1.434357092945661161e-01
5.402800000000000182e+03 1.194082408322328411e+04 1.434347421178283066e-01
5.406300000000000182e+03 1.180832050997690021e+04 1.473575001083168301e-01
5.409800000000000182e+03 1.179887944735065321e+04 1.455288168494361656e-01
5.413300000000000182e+03 1.181294419552540239e+04 1.441423532566201704e-01
5.416800000000000182e+03 1.185281300544948135e+04 1.448349289587348154e-01
5.420300000000000182e+03 1.190338423749894537e+04 1.459384096417192245e-01
5.423800000000000182e+03 1.181285945851061842e+04 1.453761544942377970e-01
5.427300000000000182e+03 1.176880001554630689e+04 1.470658494913838210e-01
5.430800000000000182e+03 1.173434700778846491e+04 1.466920436949769313e-01
5.434300000000000182e+03 1.172883252754189562e+04 1.438292836046889123e-01
5.437800000000000182e+03 1.175384522523044325e+04 1.459278084624040239e-01
5.441300000000000182e+03 1.171245971718650253e+04 1.444890171750277119e-01
5.444800000000000182e+03 1.165704581863691237e+04 1.429708004408016264e-01
5.448300000000000182e+03 1.157686902805698082e+04 1.461291288393356813e-01
5.451800000000000182e+03 1.162097135803582023e+04 1.434071400118647754e-01
5.455300000000000182e+03 1.160569865541957734e+04 1.447225516118685051e-01
5.458800000000000182e+03 1.164034262377223604e+04 1.427992132770966316e-01
5.462300000000000182e+03 1.161449525574272957e+04 1.436759403830580595e-01
5.465800000000000182e+03 1.148334968946789377e+04 1.430228397736243995e-01
5.469300000000000182e+03 1.147031505218711391e+04 1.420145881626784512e-01
5.472800000000000182e+03 1.168521686233480068e+04 1.415459231677668461e-01
5.476300000000000182e+03 1.150557980792274248e+04 1.428815981671807678e-01
5.479800000000000182e+03 1.143181577456521336e+04 1.428146183431201754e-01
5.483300000000000182e+03 1.148805145251670729e+04 1.438847187712382347e-01
5.486800000000000182e+03 1.155005298534434405e+04 1.415245078731735551e-01
5.490300000000000182e+03 1.165389265052684823e+04 1.418647657510598570e-01
5.493800000000000182e+03 1.154194830894987354e+04 1.409037046258226900e-01
5.497300000000000182e+03 1.135705231041264960e+04 1.413449126959632762e-01
5.500800000000000182e+03 1.141948471470923323e+04 1.430386232137378366e-01
5.504300000000000182e+03 1.138695470841971473e+04 1.407896565006701850e-01
5.507800000000000182e+03 1.137275468177503353e+04 1.417665357262156145e-01
5.511300000000000182e+03 1.138757702670037179e+04 1.399786805764066389e-01
5.514800000000000182e+03 1.132746956771076111e+04 1.412305499487649940e-01
5.518300000000000182e+03 1.139843717484636909e+04 1.379944082319791709e-01
5.521800000000000182e+03 1.130809479911605922e+04 1.406768774567485891e-01
5.525300000000000182e+03 1.130522925227514315e+04 1.401142305824029377e-01
5.528800000000000182e+03 1.119809853494724484e+04 1.406945775376111651e-01
5.532300000000000182e+03 1.121474530325363048e+04 1.413421472505724807e-01
5.535800000000000182e+03 1.115895572355420882e+04 1.405155345322010862e-01
5.539300000000000182e+03 1.112190461936701286e+04 1.381249742920337142e-01
5.542800000000000182e+03 1.113216250435097209e+04 1.397481808247991175e-01
5.546300000000000182e+03 1.101303449368395195e+04 1.401827324836637245e-01
5.549800000000000182e+03 1.106605276223222791e+04 1.391068220578496883e-01
5.553300000000000182e+03 1.101259147787542679e+04 1.389333399824677628e-01
5.556800000000000182e+03 1.095838625919471815e+04 1.408125635827296163e-01
5.560300000000000182e+03 1.098188898851809427e+04 1.385007940241800295e-01
5.563800000000000182e+03 1.101061218228310099e+04 1.387718178485770892e-01
5.567300000000000182e+03 1.102674679880449730e+04 1.393254133748911827e-01
5.570800000000000182e+03 1.095382176526780677e+04 1.385869934262676795e-01
5.574300000000000182e+03 1.091028655051184796e+04 1.383433766319564495e-01
5.577800000000000182e+03 1.090575519957463803e+04 1.388203772185923335e-01
5.581300000000000182e+03 1.099674581739290807e+04 1.384701878681834641e-01
5.584800000000000182e+03 1.092722328113997355e+04 1.398131271745761961e-01
5.588300000000000182e+03 1.091094797619326164e+04 1.400815032071933697e-01
5.591800000000000182e+03 1.093964859617326692e+04 1.398263151783244174e-01
5.595300000000000182e+03 1.090376563248657658e+04 1.417359851739835586e-01
5.598800000000000182e+03 1.070687751217134974e+04 1.412559709998323088e-01
5.602300000000000182e+03 1.074525024335339731e+04 1.411956059047919099e-01
5.605800000000000182e+03 1.075175737192451743e+04 1.427747933115085244e-01
5.609300000000000182e+03 1.080694156301811017e+04 1.382794433821600832e-01
5.612800000000000182e+03 1.069677833149690377e+04 1.385857828456312502e-01
5.616300000000000182e+03 1.070353860110069400e+04 1.396928845925079210e-01
5.619800000000000182e+03 1.067953157415696114e+04 1.411310758298007229e-01
5.623300000000000182e+03 1.064615178325762463e+04 1.389725597405396251e-01
5.626800000000000182e+03 1.064113061808576458e+04 1.389103327083853479e-01
5.630300000000000182e+03 1.055613599681853702e+04 1.420677167556234632e-01
5.633800000000000182e+03 1.056700398280798981e+04 1.389934329566735460e-01
5.637300000000000182e+03 1.059128485469749467e+04 1.405347810628854721e-01
5.640800000000000182e+03 1.051392491230518135e+04 1.383838016700550400e-01
5.644300000000000182e+03 1.045992647554645191e+04 1.400666167616809177e-01
5.647800000000000182e+03 1.049483001442820932e+04 1.380235497462563299e-01
5.651300000000000182e+03 1.038944493239726944e+04 1.395443027312738282e-01
5.654800000000000182e+03 1.040670813666511094e+04 1.391593501277906264e-01
5.658300000000000182e+03 1.036344136836182952e+04 1.395399722354557226e-01
5.661800000000000182e+03 1.029530062574005024e+04 1.422249152884473844e-01
5.665300000000000182e+03 1.040004064450856822e+04 1.411108755624515543e-01
5.668800000000000182e+03 1.034082476376997511e+04 1.399698447949134505e-01
5.672300000000000182e+03 1.023530919222502052e+04 1.440778828798798261e-01
5.675800000000000182e+03 1.026176730083772054e+04 1.430309231967776817e-01
5.679300000000000182e+03 1.034444442127143520e+04 1.416136717815799639e-01
5.682800000000000182e+03 1.028424040970654096e+04 1.404311779185672959e-01
5.686300000000000182e+03 1.012266438645780909e+04 1.430359827285257734e-01
5.689800000000000182e+03 1.022337500920669845e+04 1.430348870778971881e-01
5.693300000000000182e+03 1.018553120257685259e+04 1.412034052987347632e-01
5.696800000000000182e+03 1.013575809596767613e+04 1.443832270008980623e-01
5.700300000000000182e+03 1.027811689486314026e+04 1.403683296210021525e-01
5.703800000000000182e+03 1.016823876456075050e+04 1.408169711892860720e-01
5.707300000000000182e+03 1.017660339494391155e+04 1.402489144154411560e-01
5.710800000000000182e+03 1.023038402741176833e+04 1.405835232369449239e-01
5.714300000000000182e+03 1.013281298385490481e+04 1.404148757740816544e-01
5.717800000000000182e+03 1.016585246564765475e+04 1.396494181835767623e-01
5.721300000000000182e+03 1.001597219081567891e+04 1.433586710498669370e-01
5.724800000000000182e+03 1.000797211840097771e+04 1.401580952710931305e-01
5.728300000000000182e+03 1.012607537161808978e+04 1.407830914133729183e-01
5.731800000000000182e+03 1.003224106815823689e+04 1.391128333644230664e-01
5.735300000000000182e+03 1.005965096341852222e+04 1.387340159105641679e-01
5.738800000000000182e+03 1.004981590272995527e+04 1.399780537412488313e-01
5.742300000000000182e+03 1.005252737674115997e+04 1.385468628545109548e-01
5.745800000000000182e+03 1.001247848700564100e+04 1.402605303919515489e-01
5.749300000000000182e+03 9.976323412037652815e+03 1.369321517642218267e-01
5.752800000000000182e+03 9.911867818817212537e+03 1.381274871435954898e-01
5.756300000000000182e+03 9.996685402452632843e+03 1.372925463998901641e-01
5.759800000000000182e+03 9.861425774068016835e+03 1.387661730246433911e-01
5.763300000000000182e+03 9.879669651886460997e+03 1.364269031219924322e-01
5.766800000000000182e+03 9.910965611095940403e+03 1.346266960002772684e-01
5.770300000000000182e+03 1.003146187152144012e+04 1.379379423799995119e-01
5.773800000000000182e+03 9.790394033389997276e+03 1.364526714475186309e-01
5.777300000000000182e+03 9.800101725783360962e+03 1.359548949579570953e-01
5.780800000000000182e+03 9.927272955415719480e+03 1.352801681086353291e-01
5.784300000000000182e+03 9.860010174036300668e+03 1.333676966532968133e-01
5.787800000000000182e+03 9.843703238924352263e+03 1.348376860341689853e-01
5.791300000000000182e+03 9.818755391271924964e+03 1.326978744873011651e-01
5.794800000000000182e+03 9.747809796512647154e+03 1.342553776730510684e-01
5.798300000000000182e+03 9.739926307965548403e+03 1.320489894806853581e-01
5.801800000000000182e+03 9.772525001219955811e+03 1.348271306551544479e-01
5.805300000000000182e+03 9.708059999710119882e+03 1.329911606199861984e-01
5.808800000000000182e+03 9.667288624235394309e+03 1.323592914133804865e-01
5.812300000000000182e+03 9.729456445012847325e+03 1.329248808958356509e-01
5.815800000000000182e+03 9.689148022314426271e+03 1.304670911856264937e-01
5.819300000000000182e+03 9.701189815561918294e+03 1.315793278723458859e-01
5.822800000000000182e+03 9.694836466947686858e+03 1.313587678062164421e-01
5.826300000000000182e+03 9.603480799146542267e+03 1.332929995151568014e-01
5.829800000000000182e+03 9.690558429803915715e+03 1.320578129358817576e-01
5.833300000000000182e+03 9.563432841569552693e+03 1.318491478273932649e-01
5.836800000000000182e+03 9.482497135437255565e+03 1.319985970041357703e-01
5.840300000000000182e+03 9.721733621076671625e+03 1.286776439606197031e-01
5.843800000000000182e+03 9.553693312063192934e+03 1.321505854706597760e-01
5.847300000000000182e+03 9.552210468950985160e+03 1.278564453552390456e-01
5.850800000000000182e+03 9.436572772363528202e+03 1.317782093391053899e-01
5.854300000000000182e+03 9.343624053975334391e+03 1.314932360643330800e-01
5.857800000000000182e+03 9.384109364860827554e+03 1.294447815579384264e-01
5.861300000000000182e+03 9.328610748091357891e+03 1.309344741039887294e-01
5.864800000000000182e+03 9.265203740339406068e+03 1.313901512274613659e-01
5.868300000000000182e+03 9.242375583101307711e+03 1.302178011519850576e-01
5.871800000000000182e+03 9.130394123577772916e+03 1.319921425729523312e-01
5.875300000000000182e+03 9.009192160075454012e+03 1.345790987911084924e-01
5.878800000000000182e+03 9.057326284407978164e+03 1.363188305982654391e-01
5.882300000000000182e+03 8.880639917703972969e+03 1.418224483477243392e-01
5.885800000000000182e+03 8.758767420722677343e+03 1.422066700357547675e-01
5.889300000000000182e+03 8.664986512695246347e+03 1.453021251632510835e-01
5.892800000000000182e+03 8.719338225674722707e+03 1.454529153386949769e-01
5.896300000000000182e+03 8.681318815940201603e+03 1.462556705520688949e-01
5.899800000000000182e+03 8.674063006895410581e+03 1.443730095697698113e-01
5.903300000000000182e+03 8.674685379560543879e+03 1.439846010429794709e-01
5.906800000000000182e+03 8.673081834015030836e+03 1.443398703259698157e-01
5.910300000000000182e+03 8.532024491593339917e+03 1.431324495364582894e-01
5.913800000000000182e+03 8.611976365388261911e+03 1.448825680925183434e-01
5.917300000000000182e+03 8.547096965261449441e+03 1.447252133059420964e-01
5.920800000000000182e+03 8.412556708565565714e+03 1.426784108347129154e-01
5.924300000000000182e+03 8.407092611484327790e+03 1.444070197825909063e-01
5.927800000000000182e+03 8.603463316214521910e+03 1.409840314962554630e-01
5.931300000000000182e+03 8.456727327019953009e+03 1.406868076469782181e-01
5.934800000000000182e+03 8.503817503068303267e+03 1.417181847589464860e-01
5.938300000000000182e+03 8.280937592255033451e+03 1.407378213769019948e-01
5.941800000000000182e+03 8.285377196060930146e+03 1.409376040941587305e-01
5.945300000000000182e+03 8.134550041302049067e+03 1.436788993401245940e-01
5.948800000000000182e+03 8.110944419695500983e+03 1.428079904721924753e-01
5.952300000000000182e+03 8.249114225208504649e+03 1.419998903008536373e-01
5.955800000000000182e+03 8.238315198705435250e+03 1.394449170430885621e-01
5.959300000000000182e+03 8.236582430906062655e+03 1.385297523027273492e-01
5.962800000000000182e+03 8.185541037877201234e+03 1.361071927231410073e-01
5.966300000000000182e+03 8.206701898584795345e+03 1.382598813523587822e-01
5.969800000000000182e+03 8.136339625658255500e+03 1.375892321116915507e-01
5.973300000000000182e+03 8.187776012270161118e+03 1.343741581886905290e-01
5.976800000000000182e+03 8.023338642456184061e+03 1.341145047362373444e-01
5.980300000000000182e+03 8.021830075694286279e+03 1.349397177024917460e-01
5.983800000000000182e+03 8.044929595041613538e+03 1.345718959655318181e-01
5.987300000000000182e+03 7.997706826817722686e+03 1.334549127232451948e-01
5.990800000000000182e+03 7.930561693641269812e+03 1.349704031692178230e-01
5.994300000000000182e+03 8.057483783062802104e+03 1.324026689468042473e-01
5.997800000000000182e+03 7.959581798410052215e+03 1.309446033654260155e-01
