# wavelength angstroms, flux, ext coeff
5.551500000000000000e+03 8.767838483374682255e+03 1.532198033607451160e-01
5.558500000000000000e+03 9.135674470359448605e+03 1.480420836144223096e-01
5.565500000000000000e+03 9.613924781763382271e+03 1.416963448291848893e-01
5.572500000000000000e+03 9.845062035090468271e+03 1.386019876166378062e-01
5.579500000000000000e+03 9.715617494562633510e+03 1.400217396915829082e-01
5.586500000000000000e+03 9.605115904160682476e+03 1.400350916958855441e-01
5.593500000000000000e+03 9.464554197834362640e+03 1.381027109547866005e-01
5.600500000000000000e+03 9.195130289497968988e+03 1.401330214695896415e-01
5.607500000000000000e+03 8.993624356528904173e+03 1.391464409868031493e-01
5.614500000000000000e+03 9.002599307088112255e+03 1.374957590497689619e-01
5.621500000000000000e+03 9.212981898088246453e+03 1.414627977689497107e-01
5.628500000000000000e+03 9.808309691335247408e+03 1.375387705339375377e-01
5.635500000000000000e+03 1.025809262104682603e+04 1.415244550950354452e-01
5.642500000000000000e+03 1.062362494926941872e+04 1.417114325269351049e-01
5.649500000000000000e+03 1.112254587610415911e+04 1.392683344130036249e-01
5.656500000000000000e+03 1.134411148896928171e+04 1.387176536519611481e-01
5.663500000000000000e+03 1.171556320265284194e+04 1.380968068160398354e-01
5.670500000000000000e+03 1.185827190606939075e+04 1.402770183298816531e-01
5.677500000000000000e+03 1.184989263602263418e+04 1.429208478764502632e-01
5.684500000000000000e+03 1.235297290015584804e+04 1.427616855539599050e-01
5.691500000000000000e+03 1.261903549170322367e+04 1.413714575962615738e-01
5.698500000000000000e+03 1.291591635079563821e+04 1.417570589473068909e-01
5.705500000000000000e+03 1.311203337070566886e+04 1.392529466344176459e-01
5.712500000000000000e+03 1.357964591331730662e+04 1.388223207008557059e-01
5.719500000000000000e+03 1.413647407604626278e+04 1.409217279111441290e-01
5.726500000000000000e+03 1.457359571178629631e+04 1.413370386675714130e-01
5.733500000000000000e+03 1.494250349960400126e+04 1.404904898971604255e-01
5.740500000000000000e+03 1.525399939524807814e+04 1.397960735202485316e-01
5.747500000000000000e+03 1.511047576425512307e+04 1.384278047088028096e-01
5.754500000000000000e+03 1.477021134030764370e+04 1.395582488123712217e-01
5.761500000000000000e+03 1.487787272558060249e+04 1.370151208234717810e-01
5.768500000000000000e+03 1.462564188743803061e+04 1.363968258332286243e-01
5.775500000000000000e+03 1.472894907044923639e+04 1.368384507751864154e-01
5.782500000000000000e+03 1.480054018772255586e+04 1.349695726508504667e-01
5.789500000000000000e+03 1.519224529800619894e+04 1.342630226715234854e-01
5.796500000000000000e+03 1.519396902586053875e+04 1.339014190596701515e-01
5.803500000000000000e+03 1.516822735772350279e+04 1.335502634617544426e-01
5.810500000000000000e+03 1.523943526436868160e+04 1.318223524004117353e-01
5.817500000000000000e+03 1.543283494555712241e+04 1.333945860772893510e-01
5.824500000000000000e+03 1.566054138052864437e+04 1.317070847479144546e-01
5.831500000000000000e+03 1.589612053990123059e+04 1.306217652503754156e-01
5.838500000000000000e+03 1.596575375721067030e+04 1.307945350443927568e-01
5.845500000000000000e+03 1.587922587899005703e+04 1.301365525176956806e-01
5.852500000000000000e+03 1.581135368256220863e+04 1.288182700139592629e-01
5.859500000000000000e+03 1.563353138862884407e+04 1.317380966502592343e-01
5.866500000000000000e+03 1.523714687680603129e+04 1.310134266868735187e-01
5.873500000000000000e+03 1.446253830449074667e+04 1.364347148467901782e-01
5.880500000000000000e+03 1.413574206724016767e+04 1.379212750112898400e-01
5.887500000000000000e+03 1.360648612951883661e+04 1.407601178200493797e-01
5.894500000000000000e+03 1.354413354904465268e+04 1.428383178190530123e-01
5.901500000000000000e+03 1.380434168291828973e+04 1.447369116190896643e-01
5.908500000000000000e+03 1.421098839983861035e+04 1.451749638323065195e-01
5.915500000000000000e+03 1.437560679618815993e+04 1.436406864985156906e-01
5.922500000000000000e+03 1.455531294123766565e+04 1.441146823843335867e-01
5.929500000000000000e+03 1.472673023517044021e+04 1.423815321371706411e-01
5.936500000000000000e+03 1.492266438745378400e+04 1.442019008247067968e-01
5.943500000000000000e+03 1.506675139843086254e+04 1.400653386852399318e-01
5.950500000000000000e+03 1.510400201506391022e+04 1.410565377957750388e-01
5.957500000000000000e+03 1.563789536054881319e+04 1.408456119708204335e-01
5.964500000000000000e+03 1.579568730329033679e+04 1.384839655418179383e-01
5.971500000000000000e+03 1.619396692318389796e+04 1.376109844455778164e-01
5.978500000000000000e+03 1.671055812445819902e+04 1.334965925866659908e-01
5.985500000000000000e+03 1.683974251153517980e+04 1.333436897187716963e-01
5.992500000000000000e+03 1.718528278163234427e+04 1.325362738131327656e-01
5.999500000000000000e+03 1.744330496678760392e+04 1.306415992982771224e-01
6.006500000000000000e+03 1.779090043786653769e+04 1.289123390480226006e-01
6.013500000000000000e+03 1.811961601207231433e+04 1.280404310035372362e-01
6.020500000000000000e+03 1.851672147546913038e+04 1.279191056818684002e-01
6.027500000000000000e+03 1.907744452733430080e+04 1.273433533436637566e-01
6.034500000000000000e+03 1.939078296917507760e+04 1.269638394044362295e-01
6.041500000000000000e+03 1.964714246626326712e+04 1.259153338433396108e-01
6.048500000000000000e+03 1.997880481509372476e+04 1.263789229022375116e-01
6.055500000000000000e+03 2.053143516210967573e+04 1.247697791187789423e-01
6.062500000000000000e+03 2.059869712407280895e+04 1.263737816533483660e-01
6.069500000000000000e+03 2.086591727888886089e+04 1.242012863727610938e-01
6.076500000000000000e+03 2.109876976511576868e+04 1.224844315771583952e-01
6.083500000000000000e+03 2.128413607550811503e+04 1.212306111972037831e-01
6.090500000000000000e+03 2.142503362736196505e+04 1.193929139707153725e-01
6.097500000000000000e+03 2.148762066954100010e+04 1.201474367983325908e-01
6.104500000000000000e+03 2.151129185394422166e+04 1.199254342805782525e-01
6.111500000000000000e+03 2.140585692897234549e+04 1.179078356382379372e-01
6.118500000000000000e+03 2.131147325594606446e+04 1.187621705301225433e-01
6.125500000000000000e+03 2.156030590052137632e+04 1.182924055446098466e-01
6.132500000000000000e+03 2.151468148906548595e+04 1.154439467239980338e-01
6.139500000000000000e+03 2.151792399205772017e+04 1.146981521588812114e-01
6.146500000000000000e+03 2.108281267145596576e+04 1.135226481992888253e-01
6.153500000000000000e+03 2.002244805237814944e+04 1.137607025391054183e-01
6.160500000000000000e+03 1.889979720985841413e+04 1.125169530773647703e-01
6.167500000000000000e+03 1.767303805839477354e+04 1.128988470781887438e-01
6.174500000000000000e+03 1.704342168889549794e+04 1.100866276620843381e-01
6.181500000000000000e+03 1.719412593510111765e+04 1.090882136447393902e-01
6.188500000000000000e+03 1.704383167977594348e+04 1.100617112119885721e-01
6.195500000000000000e+03 1.720894468208767648e+04 1.087116737859238486e-01
6.202500000000000000e+03 1.684970616675107522e+04 1.107883333611521387e-01
6.209500000000000000e+03 1.676451474874926862e+04 1.066571709431761578e-01
6.216500000000000000e+03 1.619556416098557384e+04 1.067830525327523594e-01
6.223500000000000000e+03 1.590128325955236323e+04 1.083766773224707491e-01
6.230500000000000000e+03 1.577588223387155995e+04 1.063821201942410921e-01
6.237500000000000000e+03 1.613411424830217948e+04 1.043309960692297145e-01
6.244500000000000000e+03 1.621493531855696347e+04 1.018112169401550471e-01
6.251500000000000000e+03 1.661754882718035878e+04 1.035913177420673265e-01
6.258500000000000000e+03 1.686486795538420120e+04 1.083256989011136123e-01
6.265500000000000000e+03 1.708281902725512919e+04 1.098836143758729345e-01
6.272500000000000000e+03 1.736634755907042199e+04 1.121023364154342672e-01
6.279500000000000000e+03 1.811622668435913147e+04 1.110915137689450355e-01
6.286500000000000000e+03 1.821719463598435323e+04 1.135157091071188618e-01
6.293500000000000000e+03 1.903550702815928889e+04 1.108499545687931243e-01
6.300500000000000000e+03 1.954831789844084778e+04 1.079284663523333576e-01
6.307500000000000000e+03 2.013305652680829007e+04 1.050699096524398413e-01
6.314500000000000000e+03 2.061900793903500380e+04 1.033269033841050233e-01
6.321500000000000000e+03 2.104964460515251631e+04 1.020545024004465423e-01
6.328500000000000000e+03 2.095690036453203356e+04 1.016639055542091913e-01
6.335500000000000000e+03 2.124148752147478808e+04 1.003020227879189846e-01
6.342500000000000000e+03 2.149173980250872046e+04 9.715882126324237866e-02
6.349500000000000000e+03 2.178962992581380604e+04 9.604638812077759269e-02
6.356500000000000000e+03 2.188985989351837634e+04 9.599762660412705650e-02
6.363500000000000000e+03 2.218579994333458671e+04 9.483252459218668995e-02
6.370500000000000000e+03 2.243327555120419129e+04 9.324050476411688271e-02
6.377500000000000000e+03 2.234104787234032119e+04 9.470235195528298178e-02
6.384500000000000000e+03 2.241382061572985549e+04 9.532635219152889305e-02
6.391500000000000000e+03 2.263340005872739130e+04 9.176404781077089623e-02
6.398500000000000000e+03 2.237789402911728394e+04 9.213467377141008885e-02
6.405500000000000000e+03 2.222320285257578871e+04 9.137474427722394599e-02
6.412500000000000000e+03 2.222093747975839142e+04 9.021390137777637874e-02
6.419500000000000000e+03 2.248817213142948822e+04 9.227746635438321965e-02
6.426500000000000000e+03 2.233495452620723518e+04 9.098875702491567019e-02
6.433500000000000000e+03 2.231220774122630610e+04 9.127395752781053417e-02
6.440500000000000000e+03 2.218519604934961899e+04 8.960969897172323118e-02
6.447500000000000000e+03 2.227880061825869052e+04 8.907057798361052436e-02
6.454500000000000000e+03 2.228321055523263931e+04 9.410684280055824080e-02
6.461500000000000000e+03 2.186840670696219968e+04 9.322640704932613764e-02
6.468500000000000000e+03 2.163493875773833133e+04 9.695983030740784603e-02
6.475500000000000000e+03 2.164461791281435217e+04 9.665881983742181938e-02
6.482500000000000000e+03 2.162749059705997570e+04 9.830146497631570002e-02
6.489500000000000000e+03 2.201862795795908823e+04 9.744618474179221612e-02
6.496500000000000000e+03 2.255833562006644570e+04 9.304116448738780631e-02
6.503500000000000000e+03 2.267335289874171940e+04 9.606743684765632618e-02
6.510500000000000000e+03 2.326481260100886357e+04 9.427352991278512007e-02
6.517500000000000000e+03 2.365753530912879796e+04 9.448813080986223634e-02
6.524500000000000000e+03 2.380319774208663875e+04 9.676763877491355303e-02
6.531500000000000000e+03 2.398233130448698284e+04 9.555755763565988714e-02
6.538500000000000000e+03 2.426713660237317526e+04 9.331749286767307416e-02
6.545500000000000000e+03 2.408621377922932516e+04 9.196220663366161396e-02
6.552500000000000000e+03 2.473275138737674570e+04 8.609732838193108473e-02
6.559500000000000000e+03 2.479939864033943377e+04 7.275751272340383324e-02
6.566500000000000000e+03 2.518139027764796992e+04 6.409496777772284715e-02
6.573500000000000000e+03 2.540322025347702220e+04 6.723671644463630193e-02
6.580500000000000000e+03 2.536853986848506975e+04 7.520191319476622616e-02
6.587500000000000000e+03 2.463526781431749623e+04 8.789654448791604791e-02
6.594500000000000000e+03 2.529739866621745750e+04 8.842519304060507401e-02
6.601500000000000000e+03 2.503805261103773955e+04 8.686731511284428997e-02
6.608500000000000000e+03 2.546813369192339087e+04 8.257933002600684191e-02
6.615500000000000000e+03 2.566284578690158378e+04 7.988095585348206629e-02
6.622500000000000000e+03 2.558325467971692342e+04 7.719172848345073890e-02
6.629500000000000000e+03 2.552464801559620537e+04 7.515291962471155884e-02
6.636500000000000000e+03 2.586926934786587299e+04 7.699509910809476665e-02
6.643500000000000000e+03 2.572346463234173643e+04 7.694505444401428251e-02
6.650500000000000000e+03 2.576818264506157357e+04 7.428905909871479085e-02
6.657500000000000000e+03 2.537664129329486241e+04 7.486256814799738257e-02
6.664500000000000000e+03 2.460232841196509617e+04 7.371581242007071988e-02
6.671500000000000000e+03 2.368851893634535008e+04 7.360299482888559008e-02
6.678500000000000000e+03 2.270477925443301865e+04 7.279608604984939835e-02
6.685500000000000000e+03 2.178802931541730140e+04 7.248398961678458041e-02
6.692500000000000000e+03 2.044858841391491296e+04 7.281113217173307284e-02
6.699500000000000000e+03 1.980121902150424285e+04 7.155494001278010774e-02
6.706500000000000000e+03 1.911665363302087644e+04 7.096650286548983333e-02
6.713500000000000000e+03 1.862059952231273928e+04 7.329900881342046870e-02
6.720500000000000000e+03 1.840472204776790022e+04 6.976249749438881431e-02
6.727500000000000000e+03 1.809063844137853084e+04 7.184748910924053378e-02
6.734500000000000000e+03 1.803124448435857266e+04 6.982545370924020389e-02
6.741500000000000000e+03 1.787541527805207443e+04 6.987804144899648073e-02
6.748500000000000000e+03 1.788224497791860267e+04 6.900744199323839700e-02
6.755500000000000000e+03 1.793322422910768000e+04 6.779717403325358216e-02
6.762500000000000000e+03 1.784753897379853515e+04 6.958715706795889910e-02
6.769500000000000000e+03 1.768323234641573072e+04 6.989618168230392337e-02
6.776500000000000000e+03 1.764291768927486919e+04 6.847342931413352707e-02
6.783500000000000000e+03 1.778634031490649068e+04 6.859328910152771852e-02
6.790500000000000000e+03 1.793382656467214838e+04 6.567625217065514720e-02
6.797500000000000000e+03 1.807229879660640654e+04 6.710952752016037526e-02
6.804500000000000000e+03 1.833431024242291096e+04 6.686921996531894341e-02
6.811500000000000000e+03 1.913553086757481287e+04 6.605037004858523020e-02
6.818500000000000000e+03 1.920842497018604990e+04 6.617070840895400430e-02
6.825500000000000000e+03 1.955099395732868288e+04 6.584286748287701552e-02
6.832500000000000000e+03 2.011425824946280773e+04 6.536407061585965128e-02
6.839500000000000000e+03 2.010576078995101125e+04 6.816693637596035749e-02
6.846500000000000000e+03 1.970141966411994872e+04 7.672078376915378306e-02
6.853500000000000000e+03 1.911624036267019619e+04 8.828287423581626658e-02
6.860500000000000000e+03 1.794659616109743365e+04 9.804754493777013968e-02
6.867500000000000000e+03 1.708225369003279411e+04 9.474376755250116244e-02
6.874500000000000000e+03 1.658916730312530490e+04 1.020813341731056090e-01
6.881500000000000000e+03 1.704421272506496462e+04 1.187955343049573176e-01
6.888500000000000000e+03 1.777471537795040058e+04 1.211371564603092449e-01
6.895500000000000000e+03 1.895098309540223636e+04 1.107996967079178940e-01
6.902500000000000000e+03 1.998480141208557325e+04 1.029712931550445243e-01
6.909500000000000000e+03 2.066333343968638292e+04 1.018046275822831054e-01
6.916500000000000000e+03 2.184064664764504414e+04 9.527260077751124878e-02
6.923500000000000000e+03 2.213844838114147569e+04 9.635180663919377941e-02
6.930500000000000000e+03 2.291002488602702579e+04 9.077938516591216311e-02
6.937500000000000000e+03 2.339355279418857754e+04 8.992214858297382929e-02
6.944500000000000000e+03 2.384906985484877441e+04 8.978391706061904232e-02
6.951500000000000000e+03 2.503846781841426491e+04 8.545782780748657770e-02
6.958500000000000000e+03 2.615812813435414137e+04 8.037281364697464181e-02
6.965500000000000000e+03 2.715414849142980529e+04 7.742923598360054727e-02
6.972500000000000000e+03 2.800370690190126697e+04 7.539594930299879649e-02
6.979500000000000000e+03 2.835426747460227489e+04 7.431063111314806235e-02
6.986500000000000000e+03 2.859856514472755953e+04 7.563935526894566275e-02
6.993500000000000000e+03 2.938106935542306383e+04 7.418765966060840433e-02
7.000500000000000000e+03 2.995575850632723086e+04 7.823419584490505507e-02
7.007500000000000000e+03 3.027632814136502930e+04 7.837138477092198130e-02
7.014500000000000000e+03 3.090377825366415345e+04 7.909228912264917866e-02
7.021500000000000000e+03 3.143650715839429176e+04 7.503024292121293626e-02
7.028500000000000000e+03 3.192893868464434490e+04 7.478592303651278306e-02
7.035500000000000000e+03 3.278086868285859236e+04 6.968058145293662409e-02
7.042500000000000000e+03 3.290214504337402468e+04 6.883510316757933400e-02
7.049500000000000000e+03 3.331162048786491505e+04 6.818214434468392038e-02
7.056500000000000000e+03 3.327231156496595941e+04 6.870658047272833191e-02
7.063500000000000000e+03 3.275031945777573492e+04 6.573959052418330840e-02
7.070500000000000000e+03 3.125252830211502805e+04 6.383597848662186935e-02
7.077500000000000000e+03 2.902101629302293441e+04 6.271685776346118402e-02
7.084500000000000000e+03 2.638130603866622187e+04 6.040768601346679922e-02
7.091500000000000000e+03 2.373837569142283246e+04 6.095089818887063776e-02
7.098500000000000000e+03 2.137410750592723707e+04 6.067510331537466495e-02
7.105500000000000000e+03 1.986583415314716694e+04 5.912715631572101199e-02
7.112500000000000000e+03 1.885475288422054655e+04 5.842820834320096302e-02
7.119500000000000000e+03 1.814486118041776353e+04 5.983723087481302577e-02
7.126500000000000000e+03 1.792402977054157600e+04 5.880142428594847814e-02
7.133500000000000000e+03 1.759313179742166176e+04 6.190907177934141387e-02
7.140500000000000000e+03 1.717625543655841466e+04 6.491085842825132513e-02
7.147500000000000000e+03 1.689436568952560992e+04 6.921600200314377560e-02
7.154500000000000000e+03 1.628859712025404770e+04 7.983192381829679052e-02
7.161500000000000000e+03 1.578427012429456590e+04 9.211246225870052540e-02
7.168500000000000000e+03 1.484040772231547999e+04 1.015648911088892770e-01
7.175500000000000000e+03 1.426162884919294265e+04 1.121114841448069277e-01
7.182500000000000000e+03 1.391647376524128958e+04 1.184799810698531908e-01
7.189500000000000000e+03 1.365152627719283737e+04 1.186409601371661432e-01
7.196500000000000000e+03 1.394671882564161933e+04 1.182708219475864797e-01
7.203500000000000000e+03 1.459842549163776494e+04 1.110874416999664965e-01
7.210500000000000000e+03 1.560125325479565981e+04 1.066153527314139260e-01
7.217500000000000000e+03 1.665959484415065526e+04 1.021913301263870505e-01
7.224500000000000000e+03 1.713832320293109296e+04 1.027600256249225075e-01
7.231500000000000000e+03 1.746424298227395047e+04 9.789807400769279244e-02
7.238500000000000000e+03 1.759623687759964014e+04 1.013603816526185558e-01
7.245500000000000000e+03 1.807288712273607598e+04 1.053981958791787577e-01
7.252500000000000000e+03 1.834117711243313533e+04 1.125586082115536957e-01
7.259500000000000000e+03 1.901004509386935752e+04 1.155152666876223810e-01
7.266500000000000000e+03 1.996817407698060561e+04 1.110354559634667004e-01
7.273500000000000000e+03 2.060333511994321452e+04 1.068031898561893206e-01
7.280500000000000000e+03 2.143569269002030342e+04 1.051434083413020498e-01
7.287500000000000000e+03 2.197592386799618907e+04 1.051109793869161035e-01
7.294500000000000000e+03 2.305410768579519208e+04 1.021503896295484354e-01
7.301500000000000000e+03 2.399365283169913891e+04 9.946382550926145816e-02
7.308500000000000000e+03 2.513040780234400518e+04 9.582444407788187624e-02
7.315500000000000000e+03 2.644888279238975156e+04 8.946522061990991315e-02
7.322500000000000000e+03 2.775939380154824539e+04 8.282376531193073876e-02
7.329500000000000000e+03 2.897234470845374017e+04 7.605624469517728581e-02
7.336500000000000000e+03 3.021211336464287160e+04 6.959813905784509314e-02
7.343500000000000000e+03 3.108772860153673537e+04 6.795083495468140500e-02
7.350500000000000000e+03 3.206367387746385430e+04 6.464953861516481437e-02
7.357500000000000000e+03 3.286877693400377029e+04 6.306843766697828313e-02
7.364500000000000000e+03 3.377401367585684784e+04 6.249882606882192770e-02
7.371500000000000000e+03 3.414951238379829738e+04 6.069311679985503472e-02
7.378500000000000000e+03 3.521653050401439396e+04 5.975406440537192609e-02
7.385500000000000000e+03 3.592862371530247765e+04 5.751323905790731855e-02
7.392500000000000000e+03 3.650300688239236479e+04 5.570813670082773450e-02
7.399500000000000000e+03 3.746504493699262821e+04 5.375910739067449318e-02
7.406500000000000000e+03 3.805742574560729554e+04 5.036839140145862176e-02
7.413500000000000000e+03 3.921237324085049477e+04 4.753915411676418179e-02
7.420500000000000000e+03 3.921887117795120139e+04 4.732604074455115661e-02
7.427500000000000000e+03 3.982746057930253301e+04 4.730978907405482964e-02
7.434500000000000000e+03 3.972624755990282574e+04 4.800635931312465660e-02
7.441500000000000000e+03 4.051482117264441331e+04 4.616365800742438380e-02
7.448500000000000000e+03 4.036731603195289790e+04 4.462751592489617308e-02
7.455500000000000000e+03 4.081019213806420157e+04 4.490404498763893304e-02
7.462500000000000000e+03 4.128168712969805347e+04 4.314822767313315072e-02
7.469500000000000000e+03 4.127597126493824908e+04 4.419663379903212425e-02
7.476500000000000000e+03 4.220639347398884274e+04 4.412477599022721075e-02
7.483500000000000000e+03 4.247508804402794340e+04 4.167907443958015351e-02
7.490500000000000000e+03 4.194692277111986186e+04 4.715022527756290022e-02
7.497500000000000000e+03 4.290996117644078186e+04 4.321896707294911599e-02
7.504500000000000000e+03 4.263422239023730071e+04 4.506045062729833323e-02
7.511500000000000000e+03 4.314577589545526280e+04 4.237949239427622750e-02
7.518500000000000000e+03 4.338693776672217064e+04 4.342149631969419166e-02
7.525500000000000000e+03 4.317012401247651724e+04 4.047690933983217471e-02
7.532500000000000000e+03 4.350354204288360779e+04 4.384947008005355557e-02
7.539500000000000000e+03 4.318911903490584518e+04 4.205328472855256183e-02
7.546500000000000000e+03 4.338057308000755438e+04 4.364661094999557067e-02
7.553500000000000000e+03 4.349960046187062107e+04 4.236028994375681811e-02
7.560500000000000000e+03 4.355508322439503536e+04 4.480375650618664829e-02
7.567500000000000000e+03 4.292514275404574437e+04 5.375177180926786480e-02
7.574500000000000000e+03 4.043821487608027383e+04 7.229779400749682117e-02
7.581500000000000000e+03 3.554463819982653513e+04 1.093911004590201602e-01
7.588500000000000000e+03 2.812851653553670985e+04 1.398662252847297505e-01
7.595500000000000000e+03 2.095526549930482724e+04 1.347644897100129802e-01
7.602500000000000000e+03 1.517456201792519460e+04 1.410244647059919476e-01
7.609500000000000000e+03 1.158104027598721223e+04 2.450153445266573526e-01
7.616500000000000000e+03 1.085984408351253660e+04 3.365848044808792405e-01
7.623500000000000000e+03 1.162371936281847047e+04 3.273073896815704154e-01
7.630500000000000000e+03 1.243945721763080837e+04 2.768020029427864515e-01
7.637500000000000000e+03 1.322672848148630510e+04 2.388697488819703230e-01
7.644500000000000000e+03 1.430949084761193080e+04 2.138496278928724015e-01
7.651500000000000000e+03 1.635921360255915170e+04 1.809544449024034773e-01
7.658500000000000000e+03 1.900865222587687094e+04 1.501082628273233688e-01
7.665500000000000000e+03 2.117914228592965446e+04 1.191002568279544011e-01
7.672500000000000000e+03 2.268046604867811766e+04 9.626609358747477418e-02
7.679500000000000000e+03 2.405917686054586738e+04 8.014667991414624326e-02
7.686500000000000000e+03 2.487348413037304272e+04 6.593932742512946532e-02
7.693500000000000000e+03 2.522257852848751645e+04 5.757450266405578221e-02
7.700500000000000000e+03 2.562046789338911185e+04 5.456092207182303144e-02
7.707500000000000000e+03 2.552898661349056783e+04 5.015114090837801547e-02
7.714500000000000000e+03 2.590341824890940552e+04 4.579354323135191585e-02
7.721500000000000000e+03 2.569983348485132228e+04 4.463102122632338353e-02
7.728500000000000000e+03 2.579553498501686045e+04 4.557375210646818359e-02
7.735500000000000000e+03 2.607650081611960559e+04 3.877954908914186399e-02
7.742500000000000000e+03 2.589281909954937146e+04 4.167655159560733347e-02
7.749500000000000000e+03 2.601033969705787604e+04 3.895312277275695539e-02
7.756500000000000000e+03 2.611882588266958919e+04 3.947990492512167687e-02
7.763500000000000000e+03 2.576365218135627947e+04 3.803423606013030256e-02
7.770500000000000000e+03 2.576229826669115573e+04 3.672619031771357651e-02
7.777500000000000000e+03 2.616717974159239748e+04 3.708926520611344202e-02
7.784500000000000000e+03 2.648810791772777884e+04 3.648134634042082824e-02
7.791500000000000000e+03 2.699411883420367303e+04 3.941689995212334374e-02
7.798500000000000000e+03 2.685584070997273739e+04 3.858546336305518354e-02
7.805500000000000000e+03 2.700171467713373931e+04 3.768327092622225649e-02
7.812500000000000000e+03 2.694214387516809438e+04 3.701552378786775177e-02
7.819500000000000000e+03 2.656514065242955621e+04 3.811144860783438615e-02
7.826500000000000000e+03 2.607781147355232679e+04 3.797556901434211152e-02
7.833500000000000000e+03 2.562806717221970393e+04 3.731077848151628101e-02
7.840500000000000000e+03 2.533902049131476087e+04 3.643747992850358830e-02
7.847500000000000000e+03 2.518364680885832422e+04 3.562093602042633311e-02
7.854500000000000000e+03 2.532135946900172348e+04 3.947932489456583427e-02
7.861500000000000000e+03 2.543068402453157978e+04 4.146383082231150374e-02
7.868500000000000000e+03 2.595410894128284781e+04 4.219543281901281390e-02
7.875500000000000000e+03 2.584396047129894214e+04 4.486294658465805885e-02
7.882500000000000000e+03 2.565849156704764755e+04 4.691172751172559968e-02
7.889500000000000000e+03 2.527092069887398247e+04 4.863107356838701489e-02
7.896500000000000000e+03 2.504391574722118094e+04 5.113637666234398943e-02
7.903500000000000000e+03 2.498934647732380472e+04 4.890353314171420190e-02
7.910500000000000000e+03 2.518295905161328483e+04 4.806111108280291394e-02
7.917500000000000000e+03 2.569531690523221550e+04 4.638698529660445491e-02
7.924500000000000000e+03 2.584972366465080995e+04 4.499270221015232857e-02
7.931500000000000000e+03 2.630174134741652233e+04 4.474022438975359950e-02
7.938500000000000000e+03 2.668981663009998374e+04 4.199621805697171389e-02
7.945500000000000000e+03 2.675280877562938258e+04 4.571527782209986596e-02
7.952500000000000000e+03 2.715575062041767160e+04 4.510873329178771707e-02
7.959500000000000000e+03 2.716955906440410035e+04 4.431287206362471975e-02
7.966500000000000000e+03 2.709319203101867242e+04 4.867036077319968068e-02
7.973500000000000000e+03 2.753773369835542326e+04 4.976982948779958005e-02
7.980500000000000000e+03 2.785480087699195792e+04 4.834374877994677966e-02
7.987500000000000000e+03 2.843304706197460473e+04 4.526753079067277752e-02
7.994500000000000000e+03 2.903636257739110806e+04 4.764406803167278714e-02
8.001500000000000000e+03 2.910015711338662732e+04 4.580196048364752748e-02
8.008500000000000000e+03 2.958875656510057161e+04 4.932352896968276307e-02
8.015500000000000000e+03 2.971763355711683835e+04 4.780563855056443878e-02
8.022500000000000000e+03 2.972049369045246203e+04 4.775536054875632874e-02
8.029500000000000000e+03 2.937802014838862306e+04 5.104095704346079537e-02
8.036500000000000000e+03 2.985517659777740846e+04 4.867456021955583745e-02
8.043500000000000000e+03 3.027694223921057346e+04 4.655782678532246338e-02
8.050500000000000000e+03 3.134865956533485223e+04 4.232186518780710338e-02
8.057500000000000000e+03 3.117931069672115700e+04 4.107389430374216305e-02
8.064500000000000000e+03 3.209071856973747708e+04 3.868315144121017846e-02
8.071500000000000000e+03 3.253305554769283845e+04 3.784025710137416121e-02
8.078500000000000000e+03 3.201970499185392327e+04 4.240442634920440351e-02
8.085500000000000000e+03 3.253978393722079636e+04 4.449821161298697647e-02
8.092500000000000000e+03 3.261519064811823773e+04 4.625512025829783824e-02
8.099500000000000000e+03 3.239151480593230735e+04 4.767848499639066456e-02
8.106500000000000000e+03 3.224096766696190389e+04 5.455037324288621037e-02
8.113500000000000000e+03 3.173802388748659359e+04 6.115169314500136510e-02
8.120500000000000000e+03 3.147828329167735865e+04 6.690134643700042238e-02
8.127500000000000000e+03 3.065477077668233323e+04 7.589788419199999803e-02
8.134500000000000000e+03 2.977897761712339343e+04 8.295376895206867107e-02
8.141500000000000000e+03 2.863366493457336765e+04 9.370230306826517197e-02
8.148500000000000000e+03 2.836133356588735842e+04 9.874534337128659800e-02
8.155500000000000000e+03 2.771558843884860835e+04 1.003716191816443476e-01
8.162500000000000000e+03 2.739484386551970601e+04 1.013776170095954110e-01
8.169500000000000000e+03 2.712862363176157305e+04 1.032826822011596174e-01
8.176500000000000000e+03 2.760969688361260341e+04 9.945664456704715606e-02
8.183500000000000000e+03 2.812974137455719028e+04 9.031760062024568603e-02
8.190500000000000000e+03 2.897626339712419212e+04 8.264765452731577533e-02
8.197500000000000000e+03 2.992025497134740726e+04 8.171015639709500178e-02
8.204500000000000000e+03 3.070225768105125826e+04 8.290735564892348641e-02
8.211500000000000000e+03 3.102487761185703857e+04 8.717771784411910974e-02
8.218500000000000000e+03 2.997648697865288341e+04 8.915220255289608986e-02
8.225500000000000000e+03 2.962879208019059297e+04 7.582081113190719535e-02
8.232500000000000000e+03 2.977424685149927245e+04 7.559886423015928225e-02
8.239500000000000000e+03 3.032015290611574892e+04 8.181822940292536595e-02
8.246500000000000000e+03 3.172148422781403860e+04 7.764727667066509409e-02
8.253500000000000000e+03 3.233306184095148274e+04 7.161696541653585213e-02
8.260500000000000000e+03 3.278086435223874287e+04 6.868707269577915830e-02
8.267500000000000000e+03 3.208975335254651145e+04 7.037834932304445901e-02
8.274500000000000000e+03 3.150293041734879444e+04 7.181987675666147430e-02
8.281500000000000000e+03 3.094099706403839082e+04 7.269776252122663041e-02
8.288500000000000000e+03 3.109274350069188949e+04 7.363585073376122114e-02
8.295500000000000000e+03 3.102022692238351738e+04 7.387405111340160369e-02
8.302500000000000000e+03 3.086350345902332992e+04 7.072514956016819065e-02
8.309500000000000000e+03 3.115266166835102194e+04 6.850406904838901578e-02
8.316500000000000000e+03 3.093516564082473633e+04 6.067224693330024177e-02
8.323500000000000000e+03 3.056234573360890499e+04 6.375905336450007899e-02
8.330500000000000000e+03 3.101007070004786510e+04 6.160446959113330401e-02
8.337500000000000000e+03 3.158937781682806963e+04 5.816059564650322145e-02
8.344500000000000000e+03 3.183269336962740272e+04 5.561292134184714353e-02
8.351500000000000000e+03 3.226681759161323498e+04 5.217055820742783068e-02
8.358500000000000000e+03 3.236764538246415759e+04 5.141218196070159591e-02
8.365500000000000000e+03 3.258168230991188102e+04 4.951054395574689543e-02
8.372500000000000000e+03 3.248110675580147654e+04 4.492641395476240640e-02
8.379500000000000000e+03 3.235947728590144470e+04 4.341647105082908215e-02
8.386500000000000000e+03 3.229651361304593956e+04 4.033597130251075080e-02
8.393500000000000000e+03 3.191615433464168382e+04 4.055239259353687897e-02
8.400500000000000000e+03 3.253260113904496029e+04 3.769874130761211722e-02
8.407500000000000000e+03 3.150710737679468730e+04 4.105164137593320106e-02
8.414500000000000000e+03 3.045007052909641789e+04 3.743335902339079563e-02
8.421500000000000000e+03 2.952218276968751525e+04 3.598772568319291015e-02
8.428500000000000000e+03 2.760501897282561913e+04 3.475908165107978454e-02
8.435500000000000000e+03 2.561887838043018201e+04 3.561396121900118478e-02
8.442500000000000000e+03 2.435623242124351236e+04 3.340201734373336728e-02
8.449500000000000000e+03 2.356109292732952235e+04 3.557176226850212314e-02
8.456500000000000000e+03 2.327449210805975963e+04 2.965821507342009458e-02
8.463500000000000000e+03 2.292449377511886269e+04 3.378992184642869157e-02
8.470500000000000000e+03 2.334617554852648027e+04 3.034080647654452401e-02
8.477500000000000000e+03 2.352829575955295149e+04 3.401898944241690814e-02
8.484500000000000000e+03 2.362609357768307382e+04 3.288147094092893491e-02
8.491500000000000000e+03 2.352170419348130235e+04 3.268296840689376148e-02
8.498500000000000000e+03 2.377043077482218359e+04 2.801114884985424561e-02
8.505500000000000000e+03 2.336073936160206722e+04 3.107113488863373976e-02
8.512500000000000000e+03 2.388895084251854496e+04 2.793122646312459420e-02
8.519500000000000000e+03 2.405556227537212908e+04 2.926014425848529055e-02
8.526500000000000000e+03 2.408018468989018220e+04 3.324983722484500803e-02
8.533500000000000000e+03 2.457607825708075688e+04 3.147203550518578447e-02
8.540500000000000000e+03 2.498876748926748405e+04 2.840092195045949494e-02
8.547500000000000000e+03 2.539040537951155784e+04 2.476956661644051302e-02
8.554500000000000000e+03 2.563141107010147243e+04 2.397443592207986612e-02
8.561500000000000000e+03 2.579520452577212200e+04 2.778988506378303469e-02
8.568500000000000000e+03 2.598065271482265234e+04 3.256052738008982650e-02
8.575500000000000000e+03 2.630388489462889993e+04 3.369911369404327700e-02
8.582500000000000000e+03 2.715655136513538673e+04 2.888477684416563065e-02
8.589500000000000000e+03 2.756647565250403568e+04 2.516484561564773237e-02
8.596500000000000000e+03 2.769402050382648667e+04 2.607683603757370364e-02
8.603500000000000000e+03 2.862421894755764515e+04 2.219314057883053221e-02
8.610500000000000000e+03 2.875539872067823308e+04 2.731237905108643491e-02
8.617500000000000000e+03 2.859687209320638794e+04 2.995899303199399052e-02
8.624500000000000000e+03 2.921158470147393382e+04 3.030694551451622656e-02
8.631500000000000000e+03 2.948328895228919646e+04 3.419357048081121675e-02
8.638500000000000000e+03 2.957939934383530999e+04 3.470765627244298129e-02
8.645500000000000000e+03 2.963944981206847297e+04 3.226637522349818515e-02
8.652500000000000000e+03 3.024700937556411372e+04 2.783734985001490303e-02
8.659500000000000000e+03 3.052562587588192036e+04 2.063355719456765741e-02
8.666500000000000000e+03 3.039049066997653426e+04 1.298971645529544729e-02
8.673500000000000000e+03 3.083561454833743119e+04 1.495887133209208159e-02
8.680500000000000000e+03 3.110293939301741557e+04 2.212547260365041457e-02
8.687500000000000000e+03 3.102413214716836228e+04 2.782672315796487147e-02
8.694500000000000000e+03 3.133177680133548347e+04 3.207566833784854937e-02
8.701500000000000000e+03 3.203432339625717941e+04 3.081663391730075224e-02
8.708500000000000000e+03 3.237906369051087677e+04 3.222205297919358141e-02
8.715500000000000000e+03 3.290079098650942615e+04 3.073942344728504070e-02
8.722500000000000000e+03 3.317575377862487949e+04 3.062654120563250079e-02
8.729500000000000000e+03 3.322148583774883446e+04 3.214483852028406086e-02
8.736500000000000000e+03 3.347510493869746279e+04 2.534723518831190694e-02
8.743500000000000000e+03 3.438543648706027307e+04 1.386557696364975473e-02
8.750500000000000000e+03 3.452099534454649256e+04 1.313501551986077584e-02
8.757500000000000000e+03 3.458480043253885378e+04 1.548466556785038986e-02
8.764500000000000000e+03 3.411758470254464191e+04 2.358207639846272852e-02
8.771500000000000000e+03 3.412307474244837067e+04 2.536314350884512694e-02
8.778500000000000000e+03 3.449335205411331117e+04 2.800861180374661016e-02
8.785500000000000000e+03 3.443807931346188707e+04 3.068108457678004122e-02
8.792500000000000000e+03 3.465733653185096045e+04 3.034406319638000352e-02
8.799500000000000000e+03 3.431772749654205109e+04 2.855728690388699073e-02
8.806500000000000000e+03 3.509036413297054969e+04 2.638393923217508333e-02
8.813500000000000000e+03 3.478747697641591367e+04 2.690126570081274177e-02
8.820500000000000000e+03 3.446615958883587882e+04 2.993509359902080808e-02
8.827500000000000000e+03 3.436506327778717241e+04 3.036693801982104021e-02
8.834500000000000000e+03 3.462942328699782956e+04 3.127327277459187455e-02
8.841500000000000000e+03 3.532666227539000829e+04 2.695102053275954743e-02
8.848500000000000000e+03 3.516693565802539524e+04 2.834328747088560307e-02
8.855500000000000000e+03 3.534172963311865897e+04 2.405193220458698433e-02
8.862500000000000000e+03 3.576593133017769287e+04 1.635937893857839984e-02
8.869500000000000000e+03 3.573308624429922929e+04 1.329438697291341655e-02
8.876500000000000000e+03 3.569681373935271404e+04 1.791613904503356128e-02
8.883500000000000000e+03 3.497143948951877974e+04 2.807414883291857802e-02
8.890500000000000000e+03 3.464894333530829317e+04 3.305076028785866593e-02
8.897500000000000000e+03 3.510129214420625794e+04 3.492294934850424803e-02
8.904500000000000000e+03 3.497685998968009517e+04 3.249735182632931124e-02
8.911500000000000000e+03 3.508822509948107472e+04 3.380299358432105328e-02
8.918500000000000000e+03 3.438763834720168961e+04 3.887442990724611358e-02
8.925500000000000000e+03 3.383272330642730230e+04 4.122397217212316750e-02
8.932500000000000000e+03 3.293129073005342070e+04 4.720393402008662281e-02
8.939500000000000000e+03 3.200381286723923404e+04 5.941294135299406837e-02
8.946500000000000000e+03 3.082702726399565290e+04 6.574164019372059908e-02
8.953500000000000000e+03 2.922010644783378666e+04 7.633440682305150937e-02
8.960500000000000000e+03 2.824007214812832171e+04 7.831330401095377980e-02
8.967500000000000000e+03 2.728484072309072144e+04 9.120070887684966765e-02
8.974500000000000000e+03 2.605845990236492071e+04 1.038295464618207986e-01
8.981500000000000000e+03 2.508117017092579772e+04 1.116948716090792881e-01
8.988500000000000000e+03 2.480137202695559608e+04 1.047941064815706702e-01
8.995500000000000000e+03 2.453554323996768653e+04 1.067601942858674990e-01
9.002500000000000000e+03 2.476912108160169737e+04 1.026864561747842242e-01
9.009500000000000000e+03 2.542108019760796742e+04 9.007356642087524512e-02
9.016500000000000000e+03 2.677666277928660202e+04 8.176830348827381079e-02
9.023500000000000000e+03 2.786328492579975136e+04 7.369794203627549889e-02
9.030500000000000000e+03 2.905952990821129788e+04 7.558424642634672952e-02
9.037500000000000000e+03 2.981368753322425982e+04 7.543377388529202976e-02
9.044500000000000000e+03 3.037659721772854391e+04 7.884226053837198323e-02
9.051500000000000000e+03 3.018114261746076590e+04 7.711277018811873996e-02
9.058500000000000000e+03 2.860682432304877875e+04 8.571296366725705829e-02
9.065500000000000000e+03 2.757835159704264515e+04 8.434237841078481845e-02
9.072500000000000000e+03 2.645490436517458875e+04 9.191542948151847081e-02
9.079500000000000000e+03 2.538042549283803601e+04 1.011457695134861945e-01
9.086500000000000000e+03 2.498036773910393094e+04 1.069300102282780829e-01
9.093500000000000000e+03 2.497073546951429671e+04 1.070541106115573543e-01
9.100500000000000000e+03 2.517846475227905103e+04 1.083251747102370321e-01
9.107500000000000000e+03 2.545368438052343481e+04 1.092071203058403855e-01
9.114500000000000000e+03 2.511988374356837448e+04 1.189402878291857674e-01
9.121500000000000000e+03 2.470377889622437579e+04 1.160159453785520600e-01
9.128500000000000000e+03 2.439842683339922951e+04 1.131844201479681317e-01
9.135500000000000000e+03 2.426201465373962128e+04 1.159845072496396290e-01
9.142500000000000000e+03 2.357727553317424099e+04 1.268017604670917398e-01
9.149500000000000000e+03 2.405392013897630750e+04 1.228940757587069221e-01
9.156500000000000000e+03 2.382102317997451973e+04 1.206794135690172631e-01
9.163500000000000000e+03 2.438864836383665170e+04 1.220461337380741029e-01
9.170500000000000000e+03 2.443937368001779032e+04 1.150059761510904138e-01
9.177500000000000000e+03 2.548184937852855728e+04 1.023709463209990095e-01
9.184500000000000000e+03 2.623067305640525956e+04 9.619396442902007627e-02
9.191500000000000000e+03 2.703844420744221134e+04 9.086263496992390276e-02
9.198500000000000000e+03 2.746769350509836295e+04 8.450535366657840886e-02
9.205500000000000000e+03 2.734132689110925639e+04 7.963040935092376149e-02
9.212500000000000000e+03 2.727343692125834059e+04 7.350348393646682910e-02
9.219500000000000000e+03 2.680843165588383272e+04 6.452248256061915432e-02
9.226500000000000000e+03 2.641910694833571688e+04 6.052438060285979943e-02
9.233500000000000000e+03 2.561583792258066023e+04 6.656361590167961251e-02
9.240500000000000000e+03 2.528630560978379435e+04 7.424113849804776788e-02
9.247500000000000000e+03 2.459884420065247468e+04 8.396679970235378099e-02
9.254500000000000000e+03 2.448258898843027782e+04 9.127293520622024869e-02
9.261500000000000000e+03 2.399819579520784828e+04 9.872141544982575290e-02
9.268500000000000000e+03 2.260154508956858626e+04 1.096136167247171583e-01
9.275500000000000000e+03 2.081892120654779865e+04 1.225784572689648244e-01
9.282500000000000000e+03 1.899368714596144491e+04 1.407744652895783211e-01
9.289500000000000000e+03 1.690365949958448255e+04 1.648894161405652647e-01
9.296500000000000000e+03 1.511690067048524179e+04 1.879401965787721174e-01
9.303500000000000000e+03 1.351003958326964494e+04 2.087418627305298036e-01
9.310500000000000000e+03 1.162874512130830226e+04 2.364384439163901841e-01
9.317500000000000000e+03 9.833779783662768750e+03 2.663373287889591601e-01
9.324500000000000000e+03 8.068162706666391387e+03 3.129171111754875945e-01
9.331500000000000000e+03 7.026779605329445076e+03 3.368702366674862225e-01
9.338500000000000000e+03 6.419172949623359273e+03 3.413649647974378309e-01
9.345500000000000000e+03 6.451446535526499247e+03 3.444212105389863887e-01
9.352500000000000000e+03 6.490281350017442492e+03 3.646290005268020273e-01
9.359500000000000000e+03 6.597710940578734153e+03 3.653580622859610161e-01
9.366500000000000000e+03 7.055829083721811912e+03 3.290096871348469620e-01
9.373500000000000000e+03 7.770925836385473303e+03 2.970164821636129271e-01
9.380500000000000000e+03 9.189481754717489821e+03 2.692460084084423166e-01
9.387500000000000000e+03 1.107931618445492495e+04 2.578239340637559218e-01
9.394500000000000000e+03 1.214200850638364136e+04 2.582766479896044798e-01
9.401500000000000000e+03 1.309811162798100668e+04 2.379495461994465821e-01
9.408500000000000000e+03 1.271075801972398222e+04 2.335341376674389402e-01
9.415500000000000000e+03 1.193402959185801046e+04 2.443201843127582318e-01
9.422500000000000000e+03 1.146084408771042581e+04 2.371579082844068598e-01
9.429500000000000000e+03 1.072440838827227890e+04 2.374115707023564670e-01
9.436500000000000000e+03 1.000621635459888239e+04 2.516617180155856781e-01
9.443500000000000000e+03 9.924455695986946012e+03 2.555730470482637795e-01
9.450500000000000000e+03 9.853257643009064850e+03 2.676644989541055453e-01
9.457500000000000000e+03 1.011327792718810815e+04 2.623378286205521603e-01
9.464500000000000000e+03 1.017880276326564308e+04 2.673880319850893694e-01
9.471500000000000000e+03 1.050012058641517615e+04 2.632552927755915650e-01
9.478500000000000000e+03 1.124052724338714506e+04 2.484655233369031102e-01
9.485500000000000000e+03 1.110212081233354002e+04 2.522491880482968241e-01
9.492500000000000000e+03 1.156769689737661429e+04 2.312445248414650434e-01
9.499500000000000000e+03 1.188393421880682763e+04 2.255850772368648560e-01
9.506500000000000000e+03 1.158803741627852833e+04 2.550463425759274538e-01
9.513500000000000000e+03 1.155593945374741088e+04 2.547364021856436955e-01
9.520500000000000000e+03 1.195388699669764537e+04 2.260095681355317743e-01
9.527500000000000000e+03 1.194836137966085516e+04 2.325136045548509001e-01
9.534500000000000000e+03 1.218550530799253829e+04 2.405457117359374175e-01
9.541500000000000000e+03 1.251467037782987791e+04 2.260260852225506323e-01
9.548500000000000000e+03 1.308177029212045090e+04 1.977518320364408388e-01
9.555500000000000000e+03 1.297423605745771965e+04 1.900198457647079564e-01
9.562500000000000000e+03 1.311343629131320449e+04 1.981837978665956235e-01
9.569500000000000000e+03 1.327136351585011471e+04 2.144793117115137981e-01
9.576500000000000000e+03 1.358995801930016023e+04 2.197102322085410508e-01
9.583500000000000000e+03 1.346191813421310326e+04 2.072275500726552533e-01
9.590500000000000000e+03 1.391573472232908716e+04 1.892066728288370470e-01
9.597500000000000000e+03 1.401868914528216010e+04 1.966771896177263168e-01
9.604500000000000000e+03 1.439295897265697386e+04 2.009533993132170404e-01
9.611500000000000000e+03 1.526423531123109933e+04 1.873405191145698367e-01
9.618500000000000000e+03 1.597027959734199612e+04 1.663642278454164070e-01
9.625500000000000000e+03 1.628993060297802549e+04 1.647273330553922499e-01
9.632500000000000000e+03 1.640787274322064331e+04 1.623550090856678840e-01
9.639500000000000000e+03 1.674560720517942536e+04 1.534676106786487526e-01
9.646500000000000000e+03 1.669947914843971012e+04 1.534700902611802198e-01
9.653500000000000000e+03 1.714804182848353594e+04 1.469376413647237589e-01
9.660500000000000000e+03 1.769036553900643048e+04 1.331239866817546802e-01
9.667500000000000000e+03 1.892642076138567427e+04 1.176496150865381785e-01
9.674500000000000000e+03 2.038346737336843944e+04 1.045165251056543454e-01
9.681500000000000000e+03 2.210178226130112307e+04 9.296861081181460873e-02
9.688500000000000000e+03 2.287948619128440987e+04 8.308301447350893709e-02
9.695500000000000000e+03 2.327600699751098364e+04 7.357610115634603820e-02
9.702500000000000000e+03 2.358233783717091501e+04 7.130850467983354535e-02
9.709500000000000000e+03 2.305555796960784573e+04 7.567555645000999254e-02
9.716500000000000000e+03 2.246538043933066729e+04 7.545566871021909539e-02
9.723500000000000000e+03 2.193187391716303682e+04 8.255940402299148662e-02
9.730500000000000000e+03 2.075485862523170363e+04 8.806913902749156919e-02
9.737500000000000000e+03 2.071393011424373981e+04 9.073460105719534374e-02
9.744500000000000000e+03 2.012163068928606663e+04 9.534352357110163767e-02
9.751500000000000000e+03 2.010107641706876893e+04 9.192295276071164867e-02
9.758500000000000000e+03 2.061820180191686450e+04 8.813756461524618890e-02
9.765500000000000000e+03 2.074338535030295316e+04 8.950031933191034128e-02
9.772500000000000000e+03 2.100021534674238865e+04 8.700383430187358380e-02
9.779500000000000000e+03 2.124603188991960269e+04 8.110740913880591652e-02
9.786500000000000000e+03 2.139853672520112377e+04 7.226620295363256341e-02
9.793500000000000000e+03 2.150387088445674817e+04 7.121793561618035284e-02
9.800500000000000000e+03 2.189187169416226970e+04 6.718756273484592645e-02
9.807500000000000000e+03 2.235716790331372249e+04 6.641965789837055156e-02
9.814500000000000000e+03 2.306063555956104028e+04 5.864205595135899701e-02
9.821500000000000000e+03 2.322871841371978735e+04 5.194514736692532747e-02
9.828500000000000000e+03 2.363676496308715650e+04 4.801377793622270407e-02
9.835500000000000000e+03 2.358090195405192208e+04 4.848803910812220230e-02
9.842500000000000000e+03 2.370566847808487000e+04 4.324175459091191692e-02
9.849500000000000000e+03 2.385117522783866661e+04 4.128506232273371906e-02
9.856500000000000000e+03 2.401738643196654812e+04 3.652694926405349735e-02
9.863500000000000000e+03 2.442429569317172354e+04 3.349743232934394160e-02
9.870500000000000000e+03 2.422169157595661090e+04 3.221433143134834476e-02
9.877500000000000000e+03 2.423370835578275000e+04 3.021834469909922757e-02
9.884500000000000000e+03 2.422484842433220547e+04 2.721584496467798278e-02
9.891500000000000000e+03 2.416547095825658835e+04 2.760595294237908059e-02
9.898500000000000000e+03 2.422774293085933823e+04 2.367706863140172160e-02
9.905500000000000000e+03 2.382966691462303424e+04 2.543254091630683597e-02
9.912500000000000000e+03 2.375079277891740276e+04 2.239086039934549965e-02
9.919500000000000000e+03 2.368227883570089034e+04 2.228864488676276026e-02
9.926500000000000000e+03 2.332301441213569342e+04 2.444717888415836801e-02
9.933500000000000000e+03 2.313869440448802561e+04 2.149280386920933775e-02
9.940500000000000000e+03 2.307960444927043136e+04 2.333913588664309618e-02
9.947500000000000000e+03 2.279286217704925002e+04 2.217550940872320756e-02
9.954500000000000000e+03 2.264997812204584625e+04 2.236713031520749448e-02
9.961500000000000000e+03 2.255505444404919035e+04 2.170993469267252021e-02
9.968500000000000000e+03 2.243180202732636462e+04 2.075691803670912799e-02
9.975500000000000000e+03 2.210911172379901109e+04 1.846681418248834194e-02
9.982500000000000000e+03 2.186455659708614621e+04 2.012234254058281949e-02
9.989500000000000000e+03 2.172751240797667197e+04 1.615598702291910771e-02
9.996500000000000000e+03 2.179878436573813451e+04 1.382110356954220805e-02
